4.316538,3.584142,2.264432,3.311243,0.000011,2.670121,2.324799,8.293373,8.161645,1.462518
15.074166,2.283564,0.109380,0.065545,1.765321,0.484180,0.840236,0.345587,0.420945,0.313161
0.060867,1.885697,1.554177,0.056818,6.665186,2.269402,0.013989,0.232199,0.302566,1.865301
4.378641,0.000202,0.887063,0.676650,4.020261,0.143628,0.814418,2.027584,0.001141,0.048989
12.557517,3.224554,0.002649,0.033087,2.850971,0.674014,0.073167,0.653856,0.840400,0.177807
3.806950,1.702929,14.266287,0.907577,0.566360,1.047830,0.722893,1.475566,1.424788,13.058757
11.580441,6.708486,5.217556,0.381011,14.816047,10.318682,0.003156,0.058632,0.685296,0.579945
1.640605,0.785745,8.012424,0.115085,1.318183,1.158847,7.942118,3.507225,1.014692,1.194605
0.456731,0.502679,4.783990,4.999400,0.007315,8.513142,0.419736,0.372917,0.064252,0.174116
3.356255,2.824600,7.070008,0.340978,0.000099,0.145009,1.083036,0.005810,0.360090,1.525626
0.027896,10.259230,0.053084,3.012160,2.663520,1.598883,0.266937,2.052532,8.476147,0.143555
1.634309,7.993190,0.121392,2.992865,0.286851,4.157891,3.447002,2.352321,2.647166,1.188350
51.816395,5.619777,0.287048,2.358284,5.158725,1.075640,2.780511,3.279904,4.191320,0.001708
2.067824,0.325243,3.405388,3.343068,0.145737,1.869351,0.324726,0.045871,0.002975,0.000003
1.317677,2.454906,3.596793,1.511364,3.501585,0.145664,0.602972,0.512157,0.097307,0.722502
13.533742,1.132350,0.130361,0.225204,4.620552,0.666571,0.561076,0.405924,0.128545,0.044470
4.562336,10.061418,3.310278,3.394285,1.015724,0.656713,0.457935,6.993403,0.069936,0.904335
0.076486,18.034107,0.049007,4.246781,1.421798,3.496287,2.820154,1.525877,1.817481,0.645663
2.416275,0.337581,4.992995,0.375772,0.797413,6.682144,0.010224,2.712100,0.184983,0.456310
2.238218,9.595033,1.083572,3.914788,0.261701,0.015063,12.004995,4.752646,0.020685,0.145398
1.110137,7.210750,1.230846,3.842997,0.612327,0.049555,2.450579,0.046436,1.350396,0.006463
0.761557,5.867962,17.118198,2.037664,5.027343,1.942390,1.178205,0.746666,0.223608,1.562778
3.322528,5.927990,0.842562,0.459321,3.965148,0.504937,1.856839,0.104827,0.132134,0.001165
0.007596,2.881538,2.709772,4.864044,1.956408,3.640010,6.008954,0.379975,3.797088,2.662413
9.483946,0.630684,2.736081,1.631445,14.138044,1.709780,2.925689,1.287441,0.192966,0.229053
0.016902,0.110913,0.026494,7.670350,6.430035,0.001281,11.367300,0.319172,0.006666,0.010056
14.144815,3.670762,0.000096,0.330254,0.621072,0.075151,3.205906,0.796772,0.617456,0.015776
6.417007,0.299090,0.577016,3.938889,0.478820,0.080938,1.657318,1.615734,1.504629,0.194413
0.032319,4.127861,0.130168,9.107311,10.340744,0.965599,0.134492,3.261743,0.159651,4.134578
8.337245,0.597317,5.917674,1.780311,6.055008,3.634815,0.058821,2.047250,0.226032,1.040218
0.336781,1.541795,0.316296,1.101636,0.945575,7.529016,1.225387,0.132229,2.640895,3.482406
1.516933,0.003399,1.675214,2.919055,0.369803,3.320321,0.348027,0.124147,0.157498,0.646045
29.280090,3.405627,2.123599,2.466710,6.783966,2.239361,0.955859,1.718046,0.736283,0.148678
1.214195,3.802066,0.065023,3.952430,0.022850,0.000290,2.765600,7.247535,4.807310,0.062782
10.642542,0.178635,0.035421,0.086435,3.668796,2.296655,0.605132,1.451636,0.817753,0.024057
0.326661,0.315985,2.655584,0.785245,0.002160,0.024335,3.414527,3.774747,2.882297,0.053837
5.512145,1.192414,0.837889,1.382477,0.727995,0.092107,0.668617,0.000397,0.164645,0.757661
17.417904,2.330260,11.304544,8.222233,6.277845,2.967706,1.206185,1.963708,2.708304,0.369543
2.915565,1.939967,3.435374,8.600492,3.981551,1.967963,0.981283,0.336895,0.156060,0.581447
0.063164,10.402722,0.307783,9.425104,8.616546,1.184997,12.111831,0.002237,1.023793,1.489455
9.133261,1.316995,0.612247,3.051755,14.723849,0.373229,1.638204,0.035716,3.050715,0.100588
0.526980,5.634741,2.302940,13.908824,0.278069,1.684294,1.120806,2.104834,0.218227,0.741430
3.258640,0.031211,2.844180,0.793527,0.435700,4.907928,0.029294,0.973005,3.703316,0.048825
0.269053,6.017572,0.299424,1.544074,0.369585,1.126023,0.342287,10.865769,0.970391,0.401068
5.179504,0.352161,3.602616,0.478275,1.692479,0.637644,0.004954,0.070753,0.000315,1.679233
0.479274,2.955658,2.106902,2.689672,0.140208,0.000108,2.495248,1.512146,1.121330,4.467702
0.101003,17.019430,2.390763,5.168629,2.154859,2.890793,3.493832,0.305458,0.231594,3.938011
8.977077,0.792251,0.013401,6.272005,14.501010,5.726268,8.521148,8.530371,0.004155,1.208305
0.112023,4.882428,0.465148,12.109647,2.378670,0.016421,0.156953,0.280887,0.364428,2.438172
0.037169,14.466835,0.567074,3.458508,2.734263,1.400228,0.172737,2.314910,0.395716,2.086996
13.958507,4.011086,0.640168,0.200375,0.088910,4.033276,0.000245,0.145587,4.774505,0.083374
0.170399,6.568680,2.056527,5.838424,0.575165,2.197235,1.514073,0.661691,2.085204,0.039205
10.519389,0.203145,3.342210,3.176626,2.315906,1.695582,0.513506,2.621125,2.089165,0.039456
9.603959,0.098398,0.433328,0.165155,5.758592,2.196184,0.074937,0.571337,1.733695,0.634507
1.776755,10.144347,0.032180,0.598270,0.525713,0.177705,1.455020,0.694494,0.439285,0.543427
1.037386,11.511083,0.168044,3.557172,0.375562,0.918944,8.380307,0.709960,0.307430,1.863945
0.254401,2.454015,11.562793,0.034301,4.060177,2.914144,1.475065,4.387276,0.345194,3.464805
3.475023,3.832938,0.003339,14.164766,4.308016,2.979414,2.464393,1.900368,0.049322,0.762616
0.106720,9.335021,1.203538,4.461893,0.004854,3.005670,1.786171,1.219116,1.650606,7.861034
0.412961,7.539196,6.520173,0.000621,1.203030,2.527447,0.241102,0.988889,0.075962,4.551942
36.740562,0.486478,0.034256,4.622133,16.036573,1.466567,4.083437,0.860626,2.162265,0.818754
0.028219,0.140234,6.067746,0.123565,0.971704,1.091499,4.146080,0.183200,1.956453,2.130342
0.337153,0.089999,4.263666,2.844812,0.653519,1.133892,0.187452,4.984665,0.774085,0.309089
0.036409,7.373619,5.334725,0.050359,0.891732,0.261023,5.460207,0.244725,0.686073,0.154681
8.490651,0.331703,0.028769,0.368740,1.764592,0.579584,0.002312,1.325759,0.007961,0.002400
0.004493,0.429176,4.481337,3.489132,7.425133,1.590148,1.148867,5.364719,0.243989,0.344652
11.025029,0.218958,3.985611,0.029846,8.703815,8.349839,1.946411,4.022183,0.162791,1.246789
1.519890,13.842382,0.139539,1.267000,1.460528,7.291965,0.372074,0.601857,0.819723,3.133374
0.124240,9.674201,1.298105,2.836291,0.803328,1.483694,1.349811,0.346455,1.183560,0.486962
0.454658,3.940712,3.952260,1.048890,0.845079,1.310965,2.096671,0.850847,1.565969,1.351983
8.087683,1.029525,0.342003,0.556409,0.039874,5.114955,6.642254,0.656590,0.237831,1.849448
0.011188,0.438147,19.566040,7.647070,0.679700,4.809662,0.089198,0.864850,5.029677,1.021979
14.676796,0.656903,0.276725,12.843742,2.695064,0.090314,1.647950,1.840374,0.700680,0.681061
0.094525,10.927236,1.667786,0.026957,0.751840,1.500823,0.014245,1.886864,1.686609,1.904245
0.002001,14.004947,5.562547,2.827758,3.971115,1.759290,1.835053,0.073120,0.099312,5.516981
5.361754,1.494254,10.205846,8.475391,0.008364,4.983035,2.465460,1.411788,5.667686,0.051156
0.873088,0.748116,0.802628,3.456049,0.960972,3.251157,1.392850,1.241379,1.487591,0.043406
1.214312,0.245901,7.100166,3.911032,0.283951,2.469812,0.259607,0.736308,0.007795,1.460892
21.497419,2.445937,4.490078,0.000259,5.649277,5.872472,1.592001,2.700204,0.836864,0.291796
40.163715,10.523257,3.951706,3.613633,2.118501,0.315573,0.005106,0.391648,3.736542,0.417851
0.980069,0.011817,4.997522,3.598809,0.019689,14.177163,1.547038,0.068520,0.097607,0.170426
2.018082,1.073464,0.225708,5.711022,3.056211,0.837587,0.000340,2.168555,0.217994,0.841748
4.553694,0.005704,1.195313,1.764268,4.398945,0.061638,1.369176,0.193280,0.012975,0.509141
2.834524,6.248939,2.641173,5.356738,0.136217,1.290386,7.733686,2.326767,3.134186,0.981471
0.559810,0.463832,0.003962,0.328667,9.859247,16.945576,0.415556,0.027442,0.128246,0.280449
10.484134,0.132422,1.887952,0.000110,3.847889,0.003929,0.994162,11.791033,2.804143,1.662145
0.017242,2.949101,7.009966,2.331285,11.128527,2.006771,1.153248,0.070048,0.543248,3.597108
0.985396,5.839874,6.135574,0.207501,2.434034,0.620129,9.768255,0.843813,1.129826,0.501097
34.583961,0.036021,2.425557,0.964330,16.326597,0.150161,2.080155,0.597245,4.346080,1.932576
9.091309,2.936053,7.453487,0.852466,14.036780,3.213300,0.227342,2.734643,1.956216,0.642188
3.238339,0.001950,5.110402,0.935465,0.063198,1.352030,8.309964,3.526766,0.024411,0.331991
0.111152,1.095371,4.810965,7.642787,3.631979,1.754209,1.612221,1.898230,1.887747,0.729733
0.000149,1.017031,1.405246,4.049944,9.544998,1.805638,0.545244,0.846033,1.710525,0.171237
12.932534,2.446184,0.014397,0.928336,3.199428,1.077788,0.494602,0.511434,0.135876,0.375121
0.520039,8.445247,0.029451,4.705176,2.146256,0.201681,0.484653,0.896976,1.489550,0.001928
3.032955,8.738418,0.370145,0.559397,0.003456,0.107241,0.140881,0.111248,0.042468,0.146382
0.947595,4.084184,0.033288,0.912489,2.986267,2.618305,0.162327,0.599683,2.214241,3.753412
1.110048,1.648887,7.832706,0.335808,1.428108,0.776993,0.148955,0.038772,0.388756,0.434753
4.563652,0.794726,2.672322,1.820536,1.023492,0.021104,0.039389,0.897594,1.103387,2.263119
7.893310,0.000455,0.393062,0.055750,0.578990,4.213953,0.088753,1.104866,2.606612,0.045644
0.830790,4.658391,0.464984,0.101669,1.998858,3.463449,0.004689,3.688540,0.035728,0.030977
1.121748,4.138718,0.227158,0.482825,0.296835,3.857417,4.234131,0.000025,3.952588,0.064958
0.327525,0.377572,2.365181,2.997905,0.671419,0.325479,0.457376,1.665394,7.135103,0.282476
0.159822,0.109198,0.035594,4.382275,2.421780,4.732027,2.686569,0.995709,1.464981,0.000295
0.545461,8.027476,1.122037,3.160152,0.607954,1.517977,7.104383,0.156117,0.380708,0.482415
1.323089,7.482234,3.410580,5.275577,2.414757,0.775318,0.296788,0.970421,1.956344,0.169191
0.968589,3.385030,5.651096,0.069840,0.951581,1.941703,0.021885,6.559115,1.386480,0.694606
5.990457,0.712191,0.771788,0.052251,6.002557,1.342121,0.296623,0.000224,1.030143,1.164470
0.114426,0.492197,1.533666,1.296852,3.047211,1.425145,0.000964,1.179038,0.973443,8.913731
3.272334,0.249630,5.398305,0.056524,2.723113,0.815128,0.152461,0.591708,0.770073,0.465123
0.823643,0.224120,5.577134,6.737643,0.124411,0.999920,1.960420,2.001351,4.484909,0.397883
13.218616,2.115286,0.018804,1.814474,3.128696,0.554942,0.160711,0.071910,0.174506,0.067655
14.152761,4.935527,2.003463,0.137036,0.019820,0.000239,1.733431,0.007974,4.468407,0.083842
1.522417,1.359155,0.604652,0.006101,0.369007,0.014244,1.888395,2.268307,3.521147,0.198068
1.742179,0.608634,6.655378,1.312002,0.023748,1.976052,0.044876,0.194455,1.016201,6.060528
4.629878,1.236773,0.130991,0.771176,0.232337,0.353316,0.022085,2.345135,0.703410,0.784631
7.953136,0.003028,1.555515,0.270602,0.278781,0.098252,0.376191,0.137573,0.000182,4.723283
0.030820,7.448274,0.004153,8.436443,1.372585,0.252503,5.301335,1.163643,0.204963,6.548862
13.377284,23.065859,3.217094,0.500845,0.378226,1.743978,0.114065,2.502703,0.235826,1.752508
0.014011,0.109962,3.048528,7.844798,0.139713,4.380138,1.862780,2.078769,0.607996,0.133866
1.183302,0.427133,1.497316,3.921565,2.583948,0.149974,0.097112,8.054243,0.424321,0.000768
4.946879,2.931498,4.962862,0.382570,1.152601,0.141081,2.281366,0.503967,0.459981,3.714451
5.108730,0.142373,4.726617,2.105861,0.263371,1.549057,0.002348,3.107234,0.580955,0.044713
6.116513,1.085617,2.116554,9.492887,1.127980,6.467065,1.069406,2.380244,0.033985,1.637503
9.764640,6.746301,2.748330,0.283554,0.578804,9.336526,0.456218,0.044234,4.267687,0.000662
1.220424,0.017232,6.098030,0.369003,0.030178,0.189716,0.015148,0.000014,0.054657,0.419640
6.618048,8.358445,1.443825,0.000739,4.336065,0.489302,0.112140,1.367541,10.690274,0.058052
1.569424,0.749914,3.039620,1.286569,2.366173,0.133728,0.003656,0.301877,0.218839,1.054693
1.508698,4.959318,6.425816,0.118189,0.206806,0.362482,0.412950,0.000026,0.011531,2.009791
13.303796,5.326809,0.953858,0.009664,0.150097,5.418104,0.169692,0.026532,2.372165,0.142196
10.979584,0.253264,0.302436,2.470414,0.004808,0.160487,10.114396,1.170939,2.253926,1.567873
1.019273,1.286823,14.687310,1.051783,0.000050,0.025385,0.310710,7.230909,0.557813,0.232646
1.363391,6.684323,5.789103,0.237098,0.066294,0.149956,0.425030,4.690283,0.981351,4.517579
6.003441,3.266016,1.505301,3.102896,0.124276,0.906987,0.002198,2.057117,0.049810,1.245773
10.952829,1.244177,0.012096,0.394592,0.722751,2.810601,6.934393,0.066287,0.062746,2.219562
0.682128,1.773910,0.203615,0.172719,2.605105,5.076209,0.170150,0.003847,0.011050,0.012470
2.547618,2.103856,1.169913,0.045012,0.061040,0.291298,0.138825,3.960084,0.341763,0.253987
10.513776,1.813591,0.218139,0.380734,4.495138,0.792832,0.019879,0.600820,0.070271,0.165019
0.000401,1.754961,0.249272,0.630513,1.270800,0.235614,1.099225,9.448138,0.797728,0.092375
1.884798,9.161449,0.513528,7.575521,0.141411,6.427146,8.977318,0.002054,0.186659,1.444622
4.659919,2.177228,3.608754,0.000047,0.865876,2.122362,0.701224,0.032627,1.162334,1.543009
40.257740,0.872756,15.811771,0.845608,7.790380,0.097854,0.392233,0.369556,0.475657,1.384515
1.131978,2.986444,6.309880,0.911285,0.118739,2.384224,0.000382,0.544034,0.079420,3.993502
6.385176,5.083525,1.820040,0.408355,0.523993,9.207276,7.113128,0.138609,0.714336,0.868067
0.547486,13.866514,5.875103,0.868740,0.311976,0.818361,0.262232,3.763474,0.234003,2.861683
0.126081,4.978831,1.079349,4.685592,3.871929,0.057122,0.053565,4.111511,7.240393,0.001206
7.106534,0.238799,1.911356,6.888575,1.840576,1.912537,0.030634,2.519905,0.002634,0.014366
12.671746,3.541866,0.776952,0.335027,0.165328,1.438649,6.999394,1.512144,0.552565,0.005130
1.624936,4.952626,1.848508,5.354593,1.213610,8.226992,0.122043,0.042572,0.174688,0.569842
39.861359,0.140190,0.035845,4.925260,3.875019,0.215345,3.243955,0.039927,4.986557,0.006294
7.233122,3.861067,8.530375,1.301815,0.465251,1.936973,3.389645,0.624947,0.908821,0.000014
0.459355,0.767849,9.212199,8.895365,4.172245,0.014033,0.000179,2.057410,1.370672,0.479002
12.610790,7.379134,0.403996,0.139644,0.126716,2.134845,0.537452,0.103028,4.548102,0.075514
0.754675,0.607905,7.395044,0.498659,2.120759,1.096497,1.286840,0.468067,0.910169,1.389324
2.914960,8.016600,0.005011,2.088092,1.587446,0.399109,3.400282,0.034117,1.874724,0.639174
2.615536,10.127844,0.005501,0.429295,0.582321,2.021560,0.046078,1.578765,0.023566,0.728501
3.121245,3.351753,0.012217,0.200264,0.787218,0.848831,2.544838,0.000641,0.032315,0.711235
2.982397,3.346727,0.127997,7.102085,0.515811,0.008919,2.977881,0.572116,0.001285,0.332441
0.100616,9.270268,1.182881,0.539031,9.191330,4.829024,0.111085,0.193930,0.595708,0.005976
0.010953,2.069294,2.914007,5.559180,9.313921,0.174794,2.243680,0.596996,0.328135,2.045060
1.365685,1.376069,2.138132,12.557076,14.784985,2.787624,0.847553,4.142044,0.186899,0.289524
10.352523,2.509056,1.938162,0.292622,0.008548,5.232662,1.007849,0.328942,2.225026,2.862577
1.533489,10.233220,0.012930,1.869416,4.477706,0.541253,1.000911,3.209155,0.701189,0.573842
10.648869,0.859840,0.108658,0.000010,1.631290,3.514774,2.429743,0.567402,0.537190,1.893554
0.305129,8.051599,0.735042,0.928653,0.170917,0.104501,1.739498,1.616851,1.340226,0.657416
11.575364,0.026564,4.686844,5.731049,28.174101,0.010803,3.333590,0.040415,2.158350,0.141479
0.015403,0.029585,0.664501,0.978651,0.950346,0.583885,0.209249,3.104342,0.386156,0.136756
0.267690,2.170440,2.353971,1.061439,0.389101,3.701110,0.427759,0.320107,3.201506,0.441202
10.186127,2.438309,0.004129,0.002988,0.671798,4.228677,2.042105,1.315499,0.032777,1.178603
0.977523,3.472445,0.123949,8.127204,0.437980,0.158034,0.450829,0.482470,1.921764,2.746209
0.000009,0.338793,2.318170,3.487128,7.572036,6.572275,0.178110,1.152887,0.938960,1.879972
3.686760,1.029888,5.614903,0.000816,0.880284,0.643765,0.098388,1.459026,4.572797,0.023662
10.708125,1.968642,0.360341,0.107406,1.792051,2.531994,2.099383,2.630774,0.144299,0.500360
3.409432,10.768639,8.396449,2.140967,3.117553,0.480216,0.243132,4.174793,2.082543,0.000105
0.394904,0.599088,0.075271,0.304060,7.590713,0.969230,3.640833,0.532686,3.356214,0.266273
0.237919,0.812614,0.617104,23.130205,0.008371,0.273199,0.135313,3.520847,0.195236,0.793764
5.245017,0.950895,2.250789,8.242930,3.058954,0.011718,5.584722,1.673975,0.192348,0.158953
5.378428,3.802743,4.407362,0.463640,0.006519,3.390537,0.020022,0.944250,0.101826,0.000199
0.076327,13.978940,1.190133,0.036417,3.292436,7.532027,0.001109,1.578337,0.697520,0.322388
2.766145,2.262004,0.912906,0.733424,1.163011,0.018084,0.001350,2.325696,0.126622,1.433026
1.302678,5.792846,9.607150,0.285926,0.047594,2.163329,0.229273,0.002820,0.998774,9.038478
0.095771,0.679940,0.508929,0.015054,0.951252,15.721120,0.347357,0.331501,0.093540,0.051651
3.639112,2.084070,0.607203,0.831711,0.009044,2.848327,5.308708,0.539816,0.388043,1.883235
0.423500,0.269488,10.761562,2.168466,0.783196,4.312776,0.081305,2.905381,0.771582,0.018319
0.227219,0.161678,7.135439,4.617863,0.318763,4.400938,0.117102,0.009472,0.025756,0.100371
23.876400,1.666261,5.943950,3.004524,7.364648,8.611752,5.550861,0.560696,0.167465,0.035548
0.033904,0.692982,0.457474,7.130342,5.540561,2.512863,2.169057,4.220260,0.061181,0.039882
25.201607,12.113111,1.502999,14.180765,0.867556,2.515768,0.092441,0.015596,0.493210,0.665854
4.841793,20.601288,0.267839,6.547050,0.283457,0.000380,6.123798,2.095108,0.037417,0.112727
3.190305,0.077582,0.303098,0.020669,8.204001,18.316189,5.018426,0.168584,1.017901,0.121463
10.189354,0.273706,1.048165,0.280896,1.798857,0.851602,2.714433,0.674447,0.186081,0.407121
6.674601,7.906978,2.292099,1.561145,0.691155,1.943900,0.742243,0.010771,4.130764,0.924967
0.052990,1.314419,1.571661,4.947890,8.052670,1.052341,0.022199,0.303339,0.049611,4.004876
38.513931,0.426647,0.210693,1.151978,3.178430,1.087801,0.606939,0.564862,0.244906,0.792200
1.395787,0.335634,0.042323,21.548140,0.046937,0.503047,2.117175,1.947296,0.314641,0.452810
6.770447,2.905207,14.902728,7.999465,1.054461,0.284389,0.014668,0.191646,6.556291,3.024472
12.815075,9.945627,2.104099,0.008177,0.015157,2.416356,0.024094,0.033140,4.624748,0.000533
3.661415,0.019219,0.015093,4.178304,0.003795,1.001896,0.112704,0.013238,0.339186,0.865833
2.445592,2.811338,8.211001,0.103635,0.032456,0.253702,0.009337,0.000001,0.007268,2.761221
0.001935,0.633986,0.003191,4.397409,3.404989,2.013012,5.324243,2.418283,3.081101,0.058074
3.462192,4.830208,0.418238,0.507735,0.879730,5.860045,2.433657,0.506022,2.321863,3.955838
1.321471,0.054905,1.014768,0.005427,1.675110,1.364332,1.582427,5.468365,2.894076,0.455304
6.527811,11.547020,6.006035,1.434473,0.135001,1.541829,0.180709,2.639592,1.485256,5.972448
0.000250,0.411510,0.524177,0.365275,0.015383,0.421720,0.037929,3.659839,7.255807,0.019888
28.995173,4.114829,0.056974,0.094431,2.192523,0.052443,0.092764,4.541674,2.850622,0.930655
0.019731,0.030937,0.833356,4.712162,1.466107,0.000152,0.459290,0.154119,0.124803,0.164569
8.948025,0.952079,0.711244,2.217496,10.706626,6.677086,1.171746,0.011704,5.419475,2.092398
0.796457,3.026272,3.618855,3.049644,0.308047,0.539708,3.703067,2.810203,1.246133,0.728597
5.976733,3.070810,1.327775,0.203285,0.262982,1.187762,0.203187,0.133955,0.255355,1.328748
0.251076,0.000818,0.000416,5.444351,4.850509,0.001335,0.564077,1.537992,0.096500,0.312703
0.073329,4.095747,0.182493,8.528738,1.353510,0.205567,2.451429,0.007326,0.151947,4.009202
5.027975,0.013449,2.256370,7.750737,0.542719,1.550620,0.099238,2.410653,0.014195,0.166738
2.904469,0.089116,6.303318,3.333778,3.886939,8.995029,2.735341,4.586668,0.121914,0.609792
0.709877,1.953140,5.274576,2.790257,10.353817,3.563509,0.250073,0.236882,1.046818,0.002779
0.913659,0.322146,9.009996,0.014264,0.907382,1.172598,3.003848,1.662218,1.719566,0.078665
0.004030,2.782564,0.306742,1.848101,1.650656,1.496721,0.051738,6.043187,0.081480,2.547706
1.719597,9.327801,2.859071,1.457377,1.174641,0.393246,4.821986,3.362124,1.040515,1.833658
0.273018,4.256081,0.109986,0.197576,6.013661,1.525669,7.225328,2.911005,0.093795,0.639980
1.651912,15.445948,1.542938,4.334731,1.809310,0.025537,0.068193,2.865014,0.346674,0.016918
7.976154,0.638654,3.776310,2.030429,8.573584,6.903219,0.257042,2.307047,0.893613,3.647054
0.330371,6.658325,6.021045,1.168755,0.235412,0.022493,1.976614,0.095892,2.411883,3.064310
0.017694,9.803012,0.322541,0.041662,0.486059,1.238416,0.525401,0.023076,0.016737,5.736611
0.281020,1.667243,1.145349,0.000000,0.183199,3.404259,1.447084,0.000034,3.230970,0.324297
0.733165,0.000060,1.115500,5.289742,1.515142,2.057865,1.528387,0.414281,2.185637,1.069526
0.072659,1.737008,1.154542,3.570810,2.509436,0.064624,0.007262,0.156126,1.575659,1.734807
27.443913,0.118690,10.226164,3.012695,4.010566,0.949288,0.451663,0.228730,3.160898,0.039525
19.825918,0.688645,5.095563,0.007941,8.302825,0.209198,0.586613,4.785690,0.190056,0.722961
1.972845,4.073532,4.979702,2.589859,10.111428,1.739117,0.199443,0.018460,1.568438,2.312780
0.101765,0.560974,5.907048,1.336203,0.224336,4.060034,0.125517,0.374647,0.120241,0.129773
2.308447,0.108627,6.610512,3.061490,0.771946,0.175058,0.439170,1.125424,2.675759,0.103910
1.698478,0.386572,5.796962,5.095463,4.093997,0.414422,4.690376,0.274389,0.668514,2.988799
12.997807,7.271024,0.272317,0.061876,0.871743,1.609033,0.048564,0.218011,2.612657,0.002267
1.100001,1.573997,1.819022,2.265949,0.681139,1.316527,1.843174,0.453965,1.340247,0.454012
0.313838,2.179354,0.022777,9.519445,10.960568,3.445313,3.028448,0.473776,0.783684,1.400615
3.868087,11.150252,1.328286,2.166843,0.338959,0.909214,4.988765,3.455531,0.247100,1.416142
0.804197,0.717157,0.450592,0.112863,1.029607,4.450911,0.002306,1.534244,0.301403,0.174661
0.000160,5.285180,0.284280,7.326858,0.382117,0.061375,1.531705,8.851901,5.391954,0.029141
2.151948,1.224634,1.331506,4.323577,1.964451,0.476645,0.172204,1.049274,0.106739,2.474188
3.199692,4.559187,0.028742,4.442201,0.229892,0.472848,4.050041,0.250776,0.815418,0.925373
0.822374,11.586260,0.583366,3.193729,0.589861,1.553844,5.445496,4.334474,2.859686,0.061671
12.945291,8.055348,0.383953,0.598369,0.766858,0.400571,0.137060,0.106587,3.374371,0.031438
1.732535,0.947199,1.888970,0.057736,0.115186,1.512363,0.431876,1.636959,0.383212,0.312310
14.490188,1.131388,0.049325,0.408223,4.890007,0.000013,0.114217,0.253241,0.013722,0.035115
0.502225,2.678225,2.208346,8.746144,0.228077,5.514813,0.705988,0.258781,1.950525,1.549224
0.646229,2.073365,6.130506,5.847749,6.018722,3.599269,0.360313,1.256100,0.035909,2.075412
0.535432,0.703109,3.277211,0.601743,0.026752,3.083292,0.826350,2.310991,0.778232,0.246285
12.950029,1.595949,0.063643,0.010885,2.671101,0.530253,2.812109,1.527461,0.155511,0.483257
0.000110,0.010209,0.083288,4.170617,2.020230,6.096866,0.045711,1.022590,0.191142,1.830660
3.715974,9.598816,5.096053,6.627211,6.346552,0.801655,0.155334,7.113476,0.755203,0.322344
1.089850,6.012382,2.627602,2.452023,1.023040,8.328430,1.409809,0.305726,0.070902,1.994187
6.126586,1.823745,4.804308,0.186727,12.571140,7.328356,0.248992,2.071560,0.361591,1.769140
2.403105,6.777485,0.038145,1.237367,0.317949,0.037931,2.796886,0.740637,1.291038,7.154775
7.055135,1.442934,0.372206,1.305856,0.165945,0.345289,0.205440,0.325216,0.036856,2.477103
1.092351,15.276335,5.883753,7.134784,2.216210,1.113710,10.838860,2.220298,4.950776,0.000780
12.041509,1.379516,0.010379,0.326575,0.453803,2.067174,5.935124,0.424571,0.045984,1.264067
1.637748,1.693099,0.003943,2.315549,1.165509,1.977292,1.914850,0.426209,0.028393,2.078930
0.915579,1.438785,0.599806,13.288403,1.878788,0.008749,6.268091,1.714420,0.335131,0.291906
12.383396,0.775063,0.060170,0.519267,6.349973,0.722969,0.174845,0.347098,0.552317,0.011028
0.097125,1.883021,0.094826,2.764772,16.543886,0.019545,0.361464,2.220093,1.187819,1.421746
11.220910,2.404052,0.010013,0.810815,1.666099,3.168304,3.713595,0.000370,0.231544,0.004487
10.650812,11.063498,0.187264,8.825485,0.005039,0.217771,2.146628,0.774217,0.706652,0.452453
2.902029,10.628076,3.041038,1.886317,0.044496,0.323466,7.733119,2.968541,1.451424,0.949191
0.010128,2.049739,11.170014,2.736730,2.325210,2.746518,0.134058,4.059911,2.756405,2.180131
8.096865,9.474706,1.408697,0.271041,0.014512,4.204819,4.316165,0.053165,3.053021,0.478374
5.330440,2.632126,2.158136,3.119065,0.369488,0.006745,0.031576,0.064773,0.002118,1.726238
1.403393,4.606133,0.898190,0.105290,2.249647,4.288289,3.884226,2.423670,0.536562,3.037330
0.063485,0.530266,4.617706,0.011200,4.686861,1.031665,0.008797,0.000578,0.212795,0.970786
2.516061,1.804031,3.873494,1.663563,0.441784,0.359289,2.002172,0.142212,1.287275,0.879569
2.234997,12.294391,0.061357,1.230019,3.560418,1.270325,2.124610,0.472693,0.609989,0.036795
14.616242,3.886976,0.071429,0.372002,0.872053,2.243990,0.095840,0.231090,1.567814,0.066499
3.246459,0.477321,8.257730,0.051876,1.751801,0.008723,1.164503,0.351594,0.291070,2.159769
4.926672,0.010989,14.114913,0.427817,0.415706,0.000285,0.004153,0.000305,0.026317,3.710627
5.460701,6.076243,0.005034,3.933635,0.220267,3.881212,7.312808,0.067585,0.155461,0.343863
0.002266,0.731009,6.178914,1.106400,0.324108,0.134593,0.019676,10.313006,1.576755,0.026713
5.145674,2.154819,1.946758,0.007576,5.628937,0.067150,0.369907,0.809605,0.180697,0.000175
1.146488,17.905619,0.203753,10.928996,0.085531,1.915652,7.638593,4.601928,0.357531,0.082227
4.004187,3.162230,0.014358,0.122264,0.594372,6.100381,2.154911,0.028960,0.641758,0.872876
1.657596,0.038625,0.897521,2.992911,4.169808,0.019512,3.048994,0.148730,0.246720,1.267886
0.252878,2.679310,0.523266,0.215404,0.845077,4.257600,11.740199,0.012833,0.111532,0.005207
1.992465,3.645669,0.877458,0.098511,0.232022,0.202765,2.432873,2.369227,0.000002,5.232015
0.082286,13.924689,0.299439,0.000320,0.284625,0.215276,2.462202,0.028796,1.905260,0.043253
1.176654,1.570953,6.412280,11.908934,0.311813,0.064793,0.116514,1.239376,0.282029,0.000839
0.095508,1.529797,2.423795,0.231412,1.464818,3.765376,1.272103,1.322937,3.221863,0.494755
0.080681,0.000094,4.798175,12.158288,3.149824,0.008334,0.619319,0.008564,1.495026,0.107671
2.911377,0.002683,14.568583,0.008863,0.000171,0.003333,0.000002,0.000924,1.038356,1.984426
11.284710,8.249397,0.339203,0.409276,0.728097,2.045619,0.478149,0.019133,1.969382,0.002693
20.170424,1.056158,0.157211,5.368594,16.882797,3.474826,2.097226,6.774486,2.288806,0.225050
3.096864,0.049881,8.460061,9.145174,0.383038,0.056821,1.227194,1.950593,0.025753,0.140674
0.078916,9.668365,2.917924,4.790085,0.538350,1.580264,0.959178,0.598216,1.176172,1.456465
0.395358,21.061947,2.131375,1.007673,3.468755,3.351988,1.870236,0.031842,0.977710,0.054488
2.780478,1.556308,0.004340,4.886488,0.000565,2.896581,0.047604,0.907360,0.002529,0.002549
3.294590,1.223090,0.446738,5.139065,0.234019,2.304869,0.046743,1.041241,0.000201,1.935616
54.306671,0.014047,3.786072,5.611089,0.083018,0.167574,0.636790,0.128707,3.138006,0.512691
0.262443,3.108995,9.969591,1.401957,0.007383,2.659375,1.460181,1.633505,0.265284,1.077346
1.573601,5.203049,2.697591,0.020722,0.231101,0.168080,3.996633,0.379756,0.038226,8.680448
1.369867,11.910941,0.909567,0.331830,0.241066,0.065425,1.791145,0.077196,1.371728,5.024582
14.594413,1.519523,0.025932,0.401143,4.744264,0.068872,0.587853,0.436458,0.004721,0.014774
5.930857,6.052104,1.093034,6.006554,2.697055,4.780387,11.893807,4.806554,6.515763,0.037034
2.220223,5.193748,4.182862,1.019595,0.721196,0.709455,1.542007,2.062328,0.763712,0.015906
3.352242,1.735824,4.645520,4.343708,5.836342,0.314260,1.303521,0.011251,0.344579,0.201640
6.108084,3.188350,0.207499,0.600517,0.130721,2.368645,0.522595,0.191830,0.031448,0.054052
1.160940,3.567571,2.222589,3.142991,0.800717,0.077395,1.150162,0.008805,1.502313,4.083538
11.203063,9.077106,0.704272,0.223900,0.271919,0.272634,4.230665,1.643448,2.460893,0.112791
0.630109,0.228452,0.486530,6.936394,0.534584,2.425821,0.610807,2.092354,1.847460,0.321901
1.024010,1.189153,1.373175,0.658525,0.035215,7.605201,0.925947,0.023978,4.046411,0.665611
8.875859,2.693228,0.091267,0.261710,0.709042,2.059774,0.795013,4.307635,0.009362,1.252862
0.013000,4.874242,15.329562,1.157133,0.588429,0.015956,3.296120,1.570523,0.223235,1.043793
17.350767,3.005484,4.201821,2.326266,11.172430,5.210878,1.698669,0.292936,0.322492,0.011397
5.692715,0.335475,4.296151,6.054821,1.921612,8.213900,0.045664,3.551845,0.476819,0.644013
9.722666,1.811165,0.017019,1.095406,1.527414,3.134747,5.116391,0.000387,0.014091,0.013173
20.456625,1.059959,2.007222,5.969672,8.248308,0.150514,1.965796,1.183400,1.873815,0.149311
0.071809,0.002441,0.702748,1.977158,0.315562,0.002957,2.126148,1.405433,0.449008,1.071635
3.017706,1.305688,1.270017,0.730166,1.682984,1.977491,0.040814,0.550928,0.082192,5.833307
3.931123,0.005630,7.275678,6.037277,1.071825,0.457813,1.004669,1.049864,0.002377,0.002947
1.377396,0.464548,0.144673,1.132904,3.559709,7.254737,2.204859,0.002902,0.295505,0.414092
3.143240,6.091063,2.122734,0.020310,0.582544,0.599057,1.700184,0.038069,1.597991,0.883203
2.517935,8.826918,0.265952,3.587045,7.041003,1.465320,4.877781,0.020196,0.056284,0.026047
14.922769,3.058502,0.211363,0.086534,0.447188,2.561856,0.255597,0.224041,1.421305,0.200691
0.878933,9.087079,4.367318,0.025108,0.340385,0.584312,0.642943,0.123997,0.088299,1.137935
4.234660,0.669931,6.591368,0.946497,1.051686,0.343543,0.325016,1.238611,1.555269,0.300629
0.092457,0.241332,5.269379,0.596814,7.072199,6.792405,1.128152,0.623707,0.797826,0.058783
0.028904,0.345638,0.913162,19.210867,2.955261,0.007096,0.124884,0.049713,0.104718,0.750145
0.268774,0.585424,0.129339,2.973981,0.000024,1.056068,0.201890,0.104335,1.236680,0.039163
1.917067,0.241228,6.702466,0.114769,19.137020,1.487271,4.522577,0.212982,0.506032,0.027388
1.559197,5.354886,6.135815,0.002743,0.407949,4.543383,0.457674,0.341094,3.606210,5.013747
11.862272,6.025622,2.770895,0.505972,0.858595,2.028744,0.055722,0.060650,7.162208,0.003186
0.920713,0.181243,1.291745,0.878541,0.002489,10.980869,0.797556,2.961317,0.612512,0.177823
1.881873,2.318324,0.048882,0.002482,0.000293,5.698925,1.654365,0.010376,0.043981,0.229148
4.548914,1.841574,2.198218,0.426601,0.056282,10.311460,8.274963,0.018160,0.046404,0.011152
0.041332,0.491647,0.119954,6.472483,0.162852,1.261826,0.027857,0.943930,2.393007,5.247183
0.299517,14.014840,0.145207,7.255690,0.331978,5.620543,11.427971,2.568795,0.468972,0.607741
13.170968,6.984786,1.666561,0.904800,0.854536,0.020246,0.735871,0.435428,1.869988,0.018417
6.424788,1.311502,0.301701,3.067096,11.888262,0.019356,0.693216,4.933655,0.460853,1.177837
0.531834,10.593208,0.423543,0.061035,0.140390,2.885456,0.569682,1.701173,3.946314,0.014694
7.032125,6.776777,1.143820,11.461132,0.019335,4.761510,7.768519,1.429161,1.573037,0.187551
0.031752,11.599157,4.011100,0.090210,0.360080,0.928356,3.296872,0.002841,1.108573,0.000052
0.949923,7.733404,2.806110,0.851944,0.465385,1.770784,0.082819,0.027003,0.040090,0.635597
3.151954,1.568097,1.166506,0.066607,0.067729,6.827325,1.204146,1.029092,0.192625,2.571907
14.671887,5.762755,0.335069,0.158806,1.542122,0.061219,0.708970,0.713839,1.423277,0.018312
13.919621,3.038239,0.072668,0.017937,3.111829,0.218764,2.344933,0.865477,0.023451,0.155987
4.509548,0.176866,0.582702,4.389061,0.000032,2.788795,0.012612,5.148744,0.576699,0.091898
7.809527,3.623517,1.370397,1.157850,0.003285,7.878980,5.331497,0.000654,0.098797,0.178345
7.738805,0.930403,0.019548,0.085937,2.272620,2.601418,0.470188,2.558546,0.839825,0.053543
1.639768,2.334101,1.609527,0.531187,1.676860,0.090004,2.146292,0.319571,0.414828,4.100136
0.147371,1.938587,0.482836,0.930743,0.894775,5.363445,0.129576,0.876372,2.644674,0.570903
0.884277,3.857972,5.902065,1.679910,1.299774,1.537290,1.415142,3.157431,0.272452,0.062388
2.309947,1.392465,3.278280,2.800262,0.608687,5.017357,0.039047,1.102764,6.389635,0.679522
2.920180,2.536530,0.386696,11.925439,7.558801,4.977021,0.503754,3.464096,0.097196,0.471219
1.240599,1.329801,3.772891,2.588501,1.221529,0.007814,0.294286,0.465148,1.767694,1.059620
0.165380,0.022037,11.471277,2.320228,0.046770,6.004913,0.124189,1.212407,0.341271,0.728636
2.875360,0.116825,0.290740,0.303163,0.194734,0.013074,0.032556,1.285512,0.605604,0.157944
0.007661,0.038743,0.108304,5.152381,0.148223,2.481419,2.810821,5.713860,2.831251,0.313907
0.012192,5.821762,9.787087,0.005626,2.120024,0.062565,1.224532,0.003773,0.102215,1.857116
0.386503,1.176014,7.363364,0.548115,0.258497,2.480894,0.063053,0.696266,4.847359,5.985379
3.907429,5.001081,0.623271,5.452704,0.217582,3.526394,11.005658,0.372660,0.188496,0.217330
0.200993,0.065278,2.322850,6.607467,2.019169,9.599015,0.000038,1.177142,0.636838,0.314473
1.463070,5.925040,5.648932,0.701577,3.338847,0.950040,2.204373,2.806194,0.054429,7.184494
11.363622,11.318778,1.602032,1.368114,0.004450,0.066217,0.529183,0.388543,2.511042,0.040700
0.675509,7.604612,9.395430,1.403083,1.454003,0.256788,0.163854,1.272381,0.001894,1.793646
0.407250,1.549364,1.004257,3.817304,0.136308,8.650474,0.807688,0.266924,0.004030,0.140975
2.475520,13.379109,0.812492,0.022807,16.491623,0.195727,1.874604,0.002981,1.055313,1.403305
12.566880,8.474450,1.766558,0.034710,0.342055,1.140067,0.336562,0.178305,2.477514,0.023005
3.751944,4.684248,0.195089,0.254869,2.401987,1.920038,1.010392,0.083762,3.644773,0.415533
5.958454,0.186944,13.524829,3.935397,8.968134,12.685852,0.348618,0.492959,1.238624,1.762467
5.721453,1.392801,0.112218,3.241400,0.361965,5.830043,2.534704,0.007027,0.061366,0.331066
15.609890,3.239677,0.888256,0.006512,1.084914,0.153705,2.589654,0.101520,0.998140,0.029326
5.021797,6.744889,0.687325,5.457778,0.159007,1.099034,0.825799,0.003729,0.512104,0.280290
1.627303,1.499675,4.165306,0.003871,1.935341,0.002829,0.128147,4.119465,1.657170,0.080807
21.605906,0.767938,15.927873,1.304788,13.660213,0.794297,0.000064,1.106786,3.068632,0.758169
1.334415,0.042068,16.223223,0.011346,0.058500,0.736164,1.083684,1.451664,0.422790,1.177623
0.140036,0.599078,8.942003,1.739764,0.521071,8.101872,0.707361,0.951744,0.402892,0.418060
0.006585,0.907076,5.046674,0.099932,0.625235,4.256239,0.001731,0.561207,1.811218,1.741716
0.068483,1.113891,5.523302,6.845422,0.231433,5.933077,0.042468,0.608898,0.626527,0.064958
2.197626,0.026912,15.880087,5.515333,2.794047,3.514435,0.138460,2.974868,0.001085,0.115777
1.139429,0.399588,10.433011,1.591890,1.093995,0.006032,0.538155,9.806513,0.330335,2.918265
2.167568,3.186457,0.806460,10.468154,0.822273,4.602957,4.207984,0.122554,0.011229,0.006704
1.487791,0.023552,1.172247,10.385993,1.462066,0.734489,16.574917,0.199081,0.143056,1.542209
3.564232,0.297853,4.232502,0.005235,1.446793,0.220459,0.096646,2.703239,1.341001,0.063797
0.001071,3.961032,0.699009,10.295142,2.052402,2.169708,0.018589,1.758204,0.488065,1.739936
9.167510,1.827274,1.962833,8.087663,5.941945,0.723878,0.000137,0.002250,3.764672,0.173148
7.424610,2.700678,0.218438,0.305002,3.580420,1.743430,1.274498,0.014476,2.258735,0.087368
18.498470,0.000095,6.156892,1.369352,2.630479,3.967988,0.690271,7.610806,0.365639,0.316158
2.511392,11.541681,0.218612,6.329204,0.110458,0.128046,4.207186,0.000050,0.643188,1.267714
1.490196,0.288348,0.940845,2.594666,1.436311,3.902228,2.092844,1.575158,0.908318,0.978776
0.851131,0.611025,14.370523,1.778558,0.323526,1.456203,2.959365,0.237566,0.846771,1.626135
2.052957,0.193481,10.149164,0.673483,2.127337,2.740024,0.845670,1.215678,0.935645,0.353099
0.150443,0.397598,0.487206,13.776591,0.148862,0.051086,0.047155,4.727822,0.473506,0.529942
8.352839,16.788189,0.055010,3.073424,0.256710,3.154786,0.595249,0.009527,0.464598,0.006710
0.763172,3.929646,5.883126,2.980214,0.317983,0.762672,1.239919,2.987639,1.007928,0.054298
1.273031,2.301139,3.924942,3.005845,0.706941,0.245417,0.848561,0.195707,2.109972,0.015468
52.705784,1.354115,8.282588,2.137711,0.251004,2.711127,11.685676,1.007567,3.290618,0.553142
3.801540,0.717823,21.434353,0.516958,0.014720,0.193489,0.053967,0.068583,0.014583,2.248281
0.173311,0.096702,4.864220,0.223724,0.607529,0.457494,3.218511,1.520885,0.192375,0.517171
0.719013,5.727455,4.261297,0.122390,0.266015,0.426682,0.001654,1.885154,0.075083,0.032376
0.000265,0.837013,2.338124,9.866548,0.504623,2.354425,0.226995,2.266569,0.669628,0.000001
3.440002,4.890636,3.500523,0.521304,0.088644,0.003393,0.005876,0.036085,0.369312,0.241879
5.532827,2.671056,0.596692,0.031948,0.058689,0.093131,1.017049,0.051999,0.810655,0.170334
12.079605,0.908800,12.133409,0.805001,12.639887,8.319740,2.568984,0.025332,11.513623,0.204150
0.318627,13.895220,3.552119,5.177583,4.217899,0.324505,2.218761,0.317905,0.182186,4.270348
9.816731,0.002977,0.013818,6.868238,2.012145,6.992988,0.710826,3.221864,0.977700,0.009053
14.234514,0.832948,2.451757,0.041445,16.586851,8.823632,0.164877,2.404684,0.000134,1.741599
5.846338,0.428480,1.790089,0.460890,4.638224,0.042121,0.641740,0.518493,0.707332,0.760663
3.094684,0.467467,10.226912,0.022001,0.004220,0.013245,0.140248,0.987637,0.355171,2.625457
0.409988,1.208959,6.596645,0.121569,1.904521,0.193663,1.202897,0.123820,0.001158,1.125893
14.365560,0.002645,0.534490,6.203261,13.614264,0.805193,0.169915,0.052926,1.499786,1.373788
11.976007,5.378089,0.001983,0.185147,0.803499,0.858167,0.168789,0.249344,1.246505,0.053054
4.691121,9.052425,0.040497,2.005028,1.598636,1.596019,2.172439,0.509744,0.251526,0.050743
0.483783,12.533077,0.000835,5.713033,0.000180,1.666698,1.890543,1.548018,0.395434,0.031186
5.064488,0.030423,5.763459,0.067411,8.181548,1.574156,0.609965,0.025756,6.273632,0.442321
0.013858,5.197707,3.415984,1.181757,5.527330,1.281325,0.787059,0.232996,2.244503,2.305805
0.439773,5.393458,14.563723,0.989590,0.997707,1.328038,2.913520,0.095759,0.399428,1.101331
4.651252,8.679288,1.430338,2.531416,0.133332,0.174251,12.307753,0.164541,0.010737,0.514588
4.203591,0.233134,5.216166,0.885651,0.504756,0.128170,0.408410,0.017304,1.781026,0.308931
0.003511,3.989045,7.105692,0.416199,4.547934,0.006385,0.410507,0.021797,0.006333,0.028663
4.157064,0.729549,0.930593,0.396469,0.043505,10.100833,0.837738,0.036991,0.060210,0.415358
25.292278,0.036774,12.868007,6.856179,3.573217,1.174038,0.042018,2.886985,0.173801,0.074553
0.650378,1.889078,3.452443,5.812950,0.867938,1.667004,1.533230,4.594725,0.020654,0.029733
16.761522,1.794577,0.878165,2.099546,1.762323,4.770098,0.053144,0.778284,0.377785,0.559449
3.311267,14.788296,1.286341,0.148046,4.842382,2.766718,1.412633,0.359315,0.002862,0.003774
0.081093,3.244195,17.244627,1.049793,0.878042,4.381358,0.039615,1.387900,0.826636,0.029886
2.070713,0.232112,3.846068,1.871088,0.153249,0.792259,0.193349,0.021021,1.045148,0.013591
2.178785,2.575049,0.000056,0.860079,0.079731,2.761476,1.102105,0.005359,0.831109,0.007696
7.497909,2.712334,0.114456,5.289852,0.019458,2.846470,9.279147,0.382591,0.087288,0.014239
14.195565,6.795786,0.589131,0.074107,0.477123,0.915196,0.212045,0.298383,2.151392,0.042600
0.124530,0.804113,1.118769,5.124010,0.524443,0.022311,5.529459,0.037947,0.105617,0.100499
3.315562,2.560611,3.958449,0.047110,1.129999,12.661823,0.834165,3.022281,2.099228,0.230141
5.090178,0.627091,0.340974,6.563193,0.404392,0.453341,14.234563,1.123886,0.730479,1.288076
0.180183,2.162375,0.202444,4.079442,3.114867,0.232633,0.818438,0.032154,2.339182,3.351071
0.021169,18.764805,0.010056,3.096807,3.944665,1.046197,3.987495,1.985033,0.717826,0.518180
0.524151,5.315377,4.625135,0.000188,1.347586,4.766459,0.107533,4.010744,5.606794,0.049096
0.555815,3.611690,0.457090,17.030420,0.035372,0.005004,0.327916,0.000001,0.951040,2.390784
0.745252,0.012215,0.919373,7.467101,1.272868,0.066122,2.212544,1.156904,2.333812,1.008004
14.115991,3.503586,0.107609,0.461275,3.845074,0.016808,0.515722,0.370519,0.159774,0.116848
2.309730,7.423725,3.870724,0.110783,1.209465,0.000000,0.750258,3.479939,2.850561,1.963668
6.240711,0.000028,1.522137,1.001619,2.668453,1.581070,0.157691,0.203877,1.681205,0.345091
23.345129,0.053662,26.374672,6.570888,3.908596,0.010712,0.084538,5.862195,4.569661,0.066317
0.029865,8.487356,5.978137,5.974492,0.788119,0.006227,0.030662,0.922090,0.151414,4.699467
6.920552,0.000000,0.728670,0.525363,1.117720,0.041069,0.786529,0.502950,2.038056,1.217837
14.363546,0.008946,0.055561,2.388620,10.007626,11.990038,0.110049,1.664387,0.953994,1.481683
0.807267,11.605274,2.147594,2.224217,0.628788,0.000816,0.056032,0.181529,0.060360,2.575006
0.313760,4.938687,1.716288,1.843342,2.025028,2.085475,0.164983,0.073387,0.923593,0.131605
26.230734,0.109625,0.101288,0.010638,0.138197,1.350044,0.111199,0.079486,0.619025,0.000054
19.047316,7.829585,3.235145,0.429419,8.705946,2.365566,0.006569,3.531090,3.211084,1.491208
4.059958,5.099625,4.299476,0.000034,6.195473,0.098199,1.779269,0.588053,0.724985,0.590809
0.557453,18.755924,0.100155,0.584452,4.826980,2.479109,2.497467,0.410950,0.720745,5.914287
1.276911,0.830814,4.375979,2.160773,2.388149,2.962134,3.683343,4.596889,0.257864,1.943313
1.385530,0.141553,4.619586,0.885221,4.918644,5.231586,1.924634,3.952675,0.000507,0.319274
21.395454,0.079351,17.347681,5.260112,2.893008,3.409317,0.152515,4.098279,2.485824,0.009073
1.190710,2.220794,0.117351,7.997719,0.579748,2.005790,2.611245,0.549819,0.014537,0.556663
0.565586,2.464954,4.494161,0.263853,2.586524,5.205007,0.413743,1.663144,2.360546,2.807948
0.644773,10.976800,3.398305,0.153242,0.705002,0.121600,0.598620,0.092189,0.000084,0.650700
7.498202,0.361838,2.546266,5.548492,0.078064,3.705259,0.196727,7.238600,0.034157,0.004136
0.067757,4.526698,9.523582,0.827395,1.405715,0.650852,5.629191,4.455140,6.226764,0.107385
1.445966,0.787485,13.544859,5.931388,1.131580,2.151265,0.658811,0.000422,4.131716,4.792481
0.018969,6.036159,0.111279,0.575957,0.455965,0.213981,0.601748,1.629066,0.477789,3.660892
0.120843,8.014084,2.365995,2.825002,0.510890,3.255991,0.347699,1.716890,0.000115,0.828207
6.415259,2.890638,0.159955,1.979751,0.079471,0.926543,0.795457,0.032897,0.131006,1.418538
6.147951,2.511661,0.159256,2.996188,16.978411,6.187696,13.728880,1.704782,3.919206,0.262079
4.039780,1.217929,2.403852,1.472715,0.062882,7.800074,8.734076,0.004660,0.052468,0.322420
0.192689,12.462265,3.035040,0.617091,3.149075,0.244588,2.818430,0.052546,0.266234,3.232377
0.744279,15.167582,4.712675,2.702114,1.268587,0.535255,3.759755,11.406224,0.491397,0.880278
0.739283,6.164147,8.359544,5.855074,0.240201,2.513800,1.095482,0.280994,1.243895,7.663740
26.250071,0.052265,8.120255,0.157151,18.467941,0.109484,0.447190,0.215334,8.962350,0.794616
0.083334,2.036816,5.988986,1.024470,1.887045,0.757087,1.884893,0.709766,0.198069,0.000289
0.093972,0.881607,2.249474,0.078478,2.485784,0.556047,0.282462,1.009956,0.893281,0.413925
11.886262,1.794750,0.002410,0.092737,0.597600,2.468373,3.962741,0.388568,0.109272,2.157883
0.187551,0.898494,0.001782,4.699277,0.493845,2.397434,4.031460,1.860727,1.009856,0.244804
0.136744,0.054038,0.011554,6.028667,3.634629,9.750340,1.741010,0.771200,2.674581,1.437867
6.537121,0.006823,0.959070,0.388583,1.589540,2.926260,0.050428,0.419296,1.927338,1.242496
0.448727,0.055996,12.596171,1.652099,3.479957,2.840703,0.117248,0.366765,0.818680,0.325637
15.317530,3.786161,5.804756,1.713117,9.636266,10.421914,0.094985,0.121983,0.534116,0.001913
2.105447,3.233656,3.529048,2.364828,7.399564,0.651161,0.413277,0.126500,1.256256,2.101527
6.218009,1.393198,0.043929,0.124636,0.063312,0.216585,0.001154,3.565846,0.702015,0.369450
9.883819,13.743451,3.024963,0.001570,0.417671,3.672757,0.743282,0.000035,5.995285,0.183432
0.426284,3.400830,11.696821,4.786150,0.176735,0.707221,0.130924,0.132556,0.000098,6.917318
1.021134,6.932275,0.055656,7.958815,0.448761,3.540189,12.897152,1.138070,0.599483,1.316313
0.574250,0.282754,0.003815,2.617554,0.498603,7.430542,2.314451,0.054185,0.731088,0.658828
7.403469,0.074088,0.071082,2.415801,0.075071,6.902928,0.078493,0.166960,6.284531,0.173409
3.532403,0.769016,4.474285,0.731302,0.072835,0.009012,5.179450,0.256204,0.213226,2.477727
0.001925,8.316187,2.779107,0.072980,0.096619,0.310541,2.020430,0.051884,1.983375,2.950909
6.958951,8.194246,5.771166,5.909957,6.015581,0.389550,3.616962,3.576545,19.414614,2.469888
13.061258,2.738765,0.124281,0.000060,0.474137,2.490613,4.584853,1.838949,0.199731,0.137682
0.923559,17.931442,3.977963,1.722169,0.107739,0.693833,1.900113,0.011078,0.026300,0.002815
13.606080,3.867225,0.128165,0.265834,2.252105,0.707343,1.710768,1.307599,0.116813,0.229620
10.025198,0.473493,0.064116,0.030564,1.541359,3.940057,1.599831,1.226429,0.736122,0.901087
1.265519,0.324244,0.200191,0.000006,6.621232,0.364480,0.926468,2.198022,0.624663,0.056750
0.233379,15.582474,1.828263,0.060023,1.302441,0.664274,0.430602,0.236198,0.146869,2.089328
2.024841,0.066390,3.254748,9.513090,8.379089,8.705961,0.231592,1.461959,0.096947,1.145659
0.106486,10.879466,1.380241,0.761428,5.373699,0.001529,0.902250,5.575661,0.929400,1.084396
0.213002,18.240976,1.693933,1.313781,0.455733,0.196599,0.005620,0.132323,0.173447,1.707350
0.001985,0.350373,3.455791,9.814230,0.248328,4.146735,0.889054,2.588465,0.167890,0.010932
1.385364,9.708843,1.452712,0.569000,0.100090,0.019198,3.821499,0.066552,0.555889,0.646777
1.543866,0.089879,0.807698,0.182486,0.151002,2.964424,0.046901,0.039761,1.876520,0.206704
1.886877,5.494702,6.511037,0.011807,0.196383,0.079422,0.853227,0.139519,1.022005,3.597223
0.507011,3.770885,9.542335,1.123879,3.367916,0.217530,0.170518,6.700483,0.531628,0.536961
0.450779,0.256949,2.217507,3.974141,17.193855,0.004539,1.642272,0.011627,0.310240,0.157806
0.758375,0.622705,7.338110,14.844736,0.746325,1.997762,1.723598,0.723105,6.053368,0.460660
14.629067,5.152278,0.340467,0.186616,0.250144,0.404890,0.031845,0.313683,5.148921,0.386879
14.138639,1.473279,0.036166,0.176919,5.159415,0.690763,0.383455,0.696567,0.002402,0.003877
1.377640,4.068691,2.455632,4.162694,8.008858,0.064021,1.438965,0.348390,0.149832,1.336471
4.608068,11.441792,0.117963,6.658459,3.166669,0.350820,0.141500,10.373239,3.779890,0.272838
4.872252,1.809862,5.122309,1.390674,0.202279,0.000523,2.654269,0.200095,0.050491,0.008278
0.992322,8.878880,4.479710,3.255356,0.212061,0.000023,8.957715,1.306192,1.462891,2.568356
0.101025,1.026119,0.380867,1.595296,2.445515,1.255589,1.577482,0.072900,4.057219,0.259859
1.073011,0.932828,0.456229,1.736316,3.264592,7.727176,0.001963,3.216799,0.114970,0.032863
0.474201,0.002747,2.366237,0.882131,1.251796,3.068160,2.772047,3.034914,0.742925,0.901497
0.488991,0.090046,3.925721,2.725535,0.589788,1.365088,0.359780,6.100665,1.905141,0.731056
2.687306,6.033675,0.006479,2.459429,0.716764,1.708899,0.566269,0.042981,2.012486,0.004444
0.620409,3.801475,8.063944,18.821680,0.034388,0.000261,0.748736,1.312034,0.147126,4.432065
3.966973,0.143117,0.529925,1.084567,18.870165,0.148640,0.217547,2.236691,0.017252,0.882276
5.446222,5.512948,1.291171,14.492263,0.208217,4.179515,1.265173,0.077849,1.656996,1.348134
12.752658,0.631224,0.006980,0.976501,6.735168,0.303172,0.000049,0.664521,0.504270,0.089606
2.682762,1.615514,6.442404,4.381543,0.742724,4.178889,0.004562,0.355862,1.640548,0.323292
0.140237,11.138901,3.045759,0.000002,3.016885,0.228138,0.214339,1.228304,0.642262,0.647351
2.758553,0.082910,2.848130,1.752473,0.239179,1.561360,2.608729,3.215318,0.001089,0.033474
0.271444,7.966841,1.068217,7.618402,0.025694,3.962598,4.075688,2.837113,0.069086,0.117713
0.035616,0.057492,0.005811,8.442929,1.047531,5.139953,0.172125,4.065957,0.226440,0.911038
5.178678,3.183785,1.322777,0.041960,0.281366,0.545883,0.356642,0.373691,0.486643,4.501730
0.094889,0.016192,0.103062,4.855161,0.506218,2.104610,2.214775,3.919043,2.159378,2.300283
0.760541,4.328024,5.095342,3.654594,0.525791,0.115845,0.165102,1.042499,0.006058,7.191057
1.297325,11.199756,0.590949,6.727261,1.041848,0.069168,0.345925,0.349803,0.541608,1.977743
0.059416,14.309736,1.016065,6.087379,2.596735,0.472834,2.770263,1.099274,0.286040,1.755276
2.326095,0.488705,5.355273,0.399126,4.717136,2.220584,1.068866,0.097621,0.723685,1.099049
0.278811,3.387299,0.094782,0.638386,3.451358,0.663727,0.101333,0.637447,1.221536,0.499504
0.271732,10.433133,3.980202,0.095837,0.001040,0.571621,2.148806,0.163343,2.542170,2.147201
37.588871,0.102395,0.330877,0.349094,0.847157,0.240036,1.545709,0.350455,0.060356,0.000066
0.026811,0.041742,0.299827,9.606785,1.716891,0.014284,0.943392,6.040553,0.000423,0.010654
10.446640,7.207254,0.263102,0.180013,1.045096,1.435557,1.904481,0.001296,3.247906,0.136490
0.202906,3.643100,1.811548,0.012092,0.196813,10.007859,0.602613,1.134599,3.654685,0.088487
0.172624,1.115068,0.627095,7.336971,5.193175,0.012285,4.999624,0.079406,0.191534,1.104282
2.262820,6.561610,0.051672,8.253922,3.916645,0.065418,3.430656,2.006267,0.057417,0.870243
7.119424,3.756203,1.044204,0.776571,0.031936,7.956963,7.062153,0.048138,0.201876,0.542085
0.862653,0.391475,4.145416,5.794193,0.028532,0.586077,3.253318,4.364057,3.001141,2.066645
7.768558,12.550414,4.968119,0.222226,0.204830,0.441857,0.015072,8.343826,0.008123,0.014084
0.932245,1.631626,7.463334,0.006664,0.139572,2.990888,2.533309,1.095966,0.001105,0.823300
0.212153,0.733619,1.919092,11.239841,0.229314,2.778432,0.011407,0.008627,0.732542,5.281085
0.681398,5.700415,2.113158,0.329761,5.299800,0.510149,0.043539,0.004023,0.105011,0.825391
8.384357,0.230440,0.584869,0.025619,0.249494,4.594400,2.040992,0.308272,0.574304,3.439910
6.094847,0.089556,7.025264,8.841351,2.041193,5.168414,0.361972,3.847952,0.104422,0.093159
8.057824,0.966511,4.082346,0.725471,15.956112,7.251730,1.125145,2.535960,0.093923,2.564670
7.373563,3.532082,0.675254,0.278819,1.696939,2.264884,0.076564,0.560596,0.684237,0.000384
38.594482,2.374058,4.757482,0.697871,10.474674,4.065612,0.541582,8.172271,0.193115,1.257210
43.487534,2.870692,1.292101,0.098069,11.980953,0.941276,0.423164,7.154593,0.372208,2.949878
0.393135,12.249336,2.654304,2.061738,0.168722,1.594492,0.334763,2.731096,1.859519,2.609888
1.115954,0.894907,1.105243,18.233393,1.088004,1.203364,0.407693,1.178663,0.003767,0.031996
33.321667,11.358249,0.080666,8.221067,0.418736,0.062968,1.121616,2.292890,1.228882,1.511864
1.360821,0.422836,0.408226,3.001816,0.016177,3.836491,0.138293,0.694103,1.118583,1.795839
22.500166,1.711293,2.440881,1.968142,5.158905,1.332930,0.145483,1.889399,0.371419,0.023548
0.038973,0.413463,4.268393,0.464286,0.070271,0.096544,0.160216,1.729156,8.539923,1.584792
9.637339,0.077716,0.016968,0.212906,0.707095,0.883249,0.088795,1.238882,0.004539,0.916695
0.720939,11.826530,2.735899,1.416559,2.354519,0.391073,0.032727,0.828195,0.014767,0.125289
0.305969,0.418937,5.520477,1.664713,0.479300,11.116234,1.047590,0.522245,2.326816,2.267503
0.017285,2.421507,0.064576,6.082135,2.724182,1.191628,2.012074,1.431578,6.684708,0.505861
6.931283,1.699525,10.846125,1.456599,0.750229,0.556219,0.513766,3.681341,0.000695,4.087125
2.829886,5.505543,2.949560,1.217799,0.040349,0.021066,0.518326,0.389144,0.525656,0.078648
3.260765,0.086554,13.676146,1.717076,0.142445,2.162731,0.017625,0.594340,1.859279,3.414140
21.864477,0.358027,2.985679,4.800573,3.894312,0.498386,0.714722,0.008325,1.089387,0.086665
1.331230,0.421179,5.823818,0.007269,0.044449,1.053049,0.006766,0.160092,8.052508,1.449279
2.991655,8.884565,1.129595,0.285833,1.167262,0.003411,5.021131,3.619223,1.936348,9.479421
9.033478,0.006875,0.046238,0.387689,6.119640,0.625417,0.493036,2.332391,0.804619,0.047247
0.982969,0.083455,8.429587,1.464744,0.366505,10.344879,0.116545,4.806087,0.071136,0.144104
46.868443,0.712112,3.501702,0.220394,1.605884,1.863036,3.666969,6.383712,2.888140,0.056936
4.777244,17.947206,0.944955,1.061625,0.249304,0.399437,5.325670,6.743253,0.167062,0.929031
15.766750,3.943144,0.292159,0.499932,0.110783,0.001302,3.547330,0.970504,2.135026,0.050836
1.452328,0.046554,2.742701,0.173611,0.000295,8.680913,0.144437,0.647775,0.290844,2.449186
0.410244,1.482422,0.242237,2.095070,1.911011,4.355429,0.298785,4.269152,2.525441,0.008794
0.058008,0.950009,2.644962,0.831710,8.745755,13.880312,0.030692,0.153108,0.922052,0.004966
14.706922,2.902545,0.222610,0.587441,1.474898,1.339787,0.000058,0.212928,0.428405,0.429927
0.132317,0.319540,2.855352,5.860066,7.119911,0.523345,1.471072,0.000870,0.997672,1.289453
1.619101,6.551919,0.171021,3.006173,0.004094,0.260892,0.051442,1.918234,1.619349,0.270663
3.523963,9.065943,1.557410,1.606693,0.587572,0.628478,4.828970,2.433901,1.836787,0.053598
14.698256,0.391158,1.137872,8.959031,2.051572,2.908571,0.210443,0.149879,7.937840,0.025438
0.139915,6.135613,2.784040,8.546794,0.369701,0.196501,5.726427,0.180566,0.006645,1.241057
0.003341,11.124433,2.931684,2.517313,0.227392,0.075373,0.694880,4.939629,0.817750,10.313450
0.116212,0.589622,1.634024,5.796719,7.634159,10.663101,0.382437,2.441272,0.996270,0.141941
2.011728,18.784979,0.058311,2.789434,0.000040,0.059762,0.127376,0.158990,0.263132,0.252007
1.953050,0.166441,15.604468,0.161573,1.210051,0.543303,0.182153,0.014486,4.946221,1.935869
9.710755,5.628561,3.291813,0.932327,2.680966,0.390833,6.446138,0.098081,2.068684,0.380317
12.852001,2.666107,0.003357,0.493504,2.613230,1.605836,0.451336,0.162318,0.366083,0.131538
0.220554,7.568116,5.790276,0.239588,0.776259,0.253642,3.762929,9.536264,0.370984,0.579844
1.524257,7.064559,6.862344,0.272989,0.280139,0.003378,0.677535,1.881866,1.057886,4.435843
12.220439,0.000049,11.787336,7.710161,4.965532,2.451095,1.386283,2.681654,0.062850,0.097958
2.899850,0.721872,7.028831,0.124242,0.696388,2.134596,1.004412,0.229799,0.283274,0.024465
3.372583,9.669207,0.261964,7.412952,0.553948,1.093759,4.170883,0.726964,6.658180,5.802366
0.141397,3.160722,0.585996,7.897903,9.029193,0.906347,0.130796,1.261851,1.137853,0.538634
1.413682,0.170924,7.409269,5.058377,3.680660,1.345822,0.293470,0.891793,0.000515,0.032612
3.729882,17.230667,2.292707,0.131659,4.378328,1.083821,3.908947,0.606266,0.006687,0.381741
10.717845,5.010946,2.721736,1.434015,3.036076,0.793173,4.756579,0.028802,2.568434,0.123684
2.080064,0.186310,0.004901,7.383952,0.079636,4.727721,3.882342,1.158599,0.203813,1.382983
1.896145,0.723490,5.087014,1.196611,3.816253,4.779090,3.767774,3.385144,0.438111,0.105784
1.163592,3.551443,14.603482,0.161693,0.118777,0.914706,1.484687,0.491478,0.027385,0.006951
3.478135,1.790037,3.536989,2.102895,0.561917,0.478794,0.000267,1.302230,0.661455,4.468203
0.211765,18.971233,3.859365,5.554778,3.620209,1.173062,1.306762,0.595164,3.400771,0.097642
0.022675,1.303445,1.067365,3.171070,9.271825,3.563542,0.076881,2.471434,0.323942,1.179233
11.692542,2.535712,0.128670,2.441488,18.714645,12.833040,14.127676,5.921970,0.445326,0.119727
1.703683,0.008319,0.172970,4.205879,6.711462,0.514889,0.020049,0.279030,0.108365,4.687196
2.768412,2.710445,3.042348,0.205876,0.026363,9.182885,0.007839,0.833757,5.042134,0.002536
1.752054,2.397752,0.751032,2.195456,8.481146,4.518114,0.030147,1.697798,2.025944,0.168731
6.555016,3.528197,1.992699,0.571690,0.065392,0.113898,0.116200,0.669961,0.000151,1.224874
0.524055,2.930358,8.862381,0.194161,0.197701,0.916890,0.331255,0.141852,2.038095,0.344817
0.618408,9.583523,1.806478,10.471471,0.456547,0.256277,1.730792,0.172740,0.627403,2.250804
5.738227,5.027754,0.518416,4.115530,0.722762,1.055270,3.540764,0.015670,0.051044,0.878039
5.445196,0.012821,0.794403,1.481410,0.123381,1.743094,0.411906,0.664363,1.505787,0.086644
1.874784,1.078259,0.017179,14.670157,0.009701,2.845701,0.646619,1.586379,1.275169,1.262286
1.294910,0.298850,0.063807,0.020001,13.098151,1.980158,5.127959,0.015917,6.940767,0.000175
24.388363,2.559675,0.259341,0.005290,4.262201,1.376265,1.080291,0.082645,0.449082,0.246217
3.174056,1.486944,9.196647,0.311921,0.023523,0.680104,1.514705,1.139580,0.730642,0.739116
0.112262,5.508575,2.947841,0.000579,1.688056,0.977569,4.218521,0.599557,0.305362,1.746632
0.071645,5.353928,6.557104,0.614540,3.044541,0.031512,0.001917,8.304813,1.843945,0.025481
15.080064,3.115322,3.877135,8.693652,0.004082,0.853610,0.104878,0.539412,2.318698,0.565907
3.998101,1.929238,1.911411,0.039322,3.571503,12.814645,1.699317,0.194604,3.744026,0.147734
1.730398,6.244722,3.108320,0.086710,0.036722,2.141796,0.475164,3.529967,0.187986,2.148517
2.748072,0.084933,2.550244,1.558075,0.472407,0.238748,0.603644,4.666506,0.052581,0.939705
0.251499,0.203279,1.543965,0.470218,1.453683,4.136249,3.846328,1.426828,1.938983,0.212658
4.858263,1.515784,0.626758,2.916169,0.085403,2.057913,2.654760,1.625879,0.000349,2.234218
4.019307,4.739717,0.708383,2.493462,0.067909,0.624811,3.857287,0.970748,0.442708,0.269263
5.532920,0.002044,0.948340,2.924192,0.221379,9.918164,3.186309,1.340315,0.983268,0.051584
3.579830,2.623764,0.005674,0.014017,0.082631,0.318713,5.923117,1.748575,0.732425,0.001589
14.311345,1.832824,0.003050,22.193399,0.382712,2.548755,4.152920,0.969692,0.248395,0.001332
0.220661,0.087704,9.316491,0.485463,0.628756,4.569988,0.961311,0.002987,0.204358,1.523157
1.510952,14.809662,0.195547,0.237510,1.976745,0.058908,0.449640,0.426565,0.000019,2.382035
0.107317,10.120708,3.090076,0.085937,7.011533,0.003135,6.259044,0.137015,0.233674,0.644353
5.508149,0.294170,0.530435,6.783064,1.827677,0.183771,2.034367,0.008071,0.044100,0.866377
0.413851,1.530228,1.972994,5.691813,0.054412,0.150142,4.152254,1.655007,0.087322,0.447573
4.103114,6.045909,2.542843,14.297795,0.119806,0.105838,2.549292,0.002665,1.554249,1.711745
0.025631,0.153820,1.087931,2.750687,0.329120,7.360041,3.471406,0.061890,0.576927,0.472732
3.505478,0.730089,0.984912,0.040682,0.304757,0.014582,0.109777,3.177763,0.953610,1.949396
0.374639,3.161997,11.015910,0.465425,3.042212,2.130846,2.408442,0.411844,0.018660,0.027635
2.089128,1.477018,0.570565,0.544917,0.066780,0.506455,0.210121,1.570674,2.078939,0.096957
12.062776,0.406183,0.104361,0.844380,6.000684,0.811935,0.048426,0.298706,0.928038,0.205975
2.491519,1.600071,7.057073,0.661009,0.542508,1.656560,2.780585,1.060953,0.371564,4.411254
6.124161,0.079366,2.020330,0.000091,0.301880,0.866055,2.746614,0.093117,3.222627,1.747560
0.702815,6.364973,17.005138,2.267319,11.686597,2.464840,1.595632,0.279376,1.629758,0.004374
7.773869,3.042966,0.007477,15.794243,15.231700,3.767081,1.261435,1.355095,1.141724,2.661343
0.111317,9.971274,5.811973,0.007083,0.363500,0.175837,2.210040,0.588271,1.810925,0.637295
1.889660,0.544313,1.441337,0.168914,6.692318,1.073079,0.221387,0.142466,1.242059,0.202277
4.129155,3.535069,2.169876,0.493555,0.516350,0.056290,1.737125,0.126538,0.359492,0.352893
4.638419,7.073101,0.718609,1.677680,0.000001,2.371510,0.002103,0.047880,0.510787,0.291227
3.128302,7.923329,1.050268,1.916582,6.871776,0.426679,0.001136,0.351160,3.096778,10.656896
0.594097,13.043315,0.900155,1.546689,0.449491,0.053427,0.155984,0.006357,0.226873,0.558073
0.587434,8.901702,0.025889,2.539916,0.029117,0.003699,0.309772,0.133404,4.442422,0.227136
0.181682,5.769856,5.444636,0.274699,0.706904,0.425972,0.090693,1.500530,2.141134,3.399652
8.835928,2.333609,8.871206,3.436871,0.980943,0.821226,2.071421,0.323543,2.826760,3.428936
1.612140,14.301144,3.005959,3.110306,4.017075,0.021613,10.183883,0.205058,3.231870,0.423616
2.365773,8.918470,2.085685,2.163081,0.151390,0.097646,0.495320,0.158189,0.007220,0.063848
0.211849,2.143226,8.728594,8.167542,0.361089,0.544668,1.327501,0.197232,0.003481,0.166950
5.504596,4.769455,1.190097,4.204800,0.908299,3.198309,0.529532,1.247506,8.334601,0.021618
0.930760,1.247946,0.431079,1.034419,1.652739,1.767544,0.874695,1.510589,0.627923,0.287649
1.410761,0.145421,1.016171,4.023767,1.676692,4.065182,0.393836,0.182009,0.474952,0.638151
0.060693,11.865170,0.186510,0.077308,0.003971,1.521944,0.248966,0.526613,3.122783,0.014664
0.469945,5.317976,9.659439,0.528870,2.804882,0.015835,0.004756,0.310679,3.669519,6.550757
10.246028,2.110320,0.000831,0.827405,0.153317,2.738958,8.845453,0.959498,0.080159,1.586799
3.538547,1.777521,1.184155,0.037689,1.937220,7.123406,0.343417,0.062737,0.231797,0.902883
0.099307,9.017603,2.953631,1.228808,2.395648,1.850027,2.193968,0.101659,0.614766,0.717682
1.296858,0.425387,0.011867,3.939161,2.491003,0.016330,7.627185,0.567665,0.376847,1.323440
9.980570,4.612716,0.458402,0.858903,0.844884,3.762444,2.679804,0.013257,0.376697,0.000000
5.091078,4.413707,0.251511,2.220129,0.035450,10.076145,5.919307,0.160251,0.089928,0.087812
40.533485,3.517548,0.001311,0.000120,8.931999,0.635090,0.004433,3.236582,2.258418,0.232462
2.326659,0.077539,8.986485,0.481625,0.277568,0.203370,2.442271,0.265251,0.167137,0.111294
1.589999,5.343437,0.801814,1.684803,1.954110,0.943472,0.334512,3.779135,0.811014,0.018656
1.422162,3.498776,2.922779,0.741903,5.580640,0.131060,0.894503,5.702345,0.140432,0.064444
0.217510,0.004001,11.279447,4.127602,0.881436,0.206894,0.584222,8.145713,1.683587,0.008214
0.019175,13.129473,1.210118,0.215146,1.994611,1.537423,2.099413,1.636110,0.002344,2.465667
1.887732,9.421811,0.191190,4.716533,0.580535,1.605103,3.058752,0.021785,0.010463,0.000343
0.103844,5.209706,0.023251,12.622825,4.253203,0.574131,3.419087,0.767384,0.206874,3.209057
10.248899,0.051331,0.057920,0.273915,2.184707,0.320811,1.352658,0.021535,0.521767,1.415105
25.378775,0.447655,22.991066,4.226158,1.929898,0.043489,0.202829,8.426897,9.143540,0.051046
7.523272,2.337351,0.632496,6.187043,0.995757,0.576073,0.137912,2.158681,2.655613,0.767054
5.134995,1.442959,0.866031,0.000933,0.485818,0.069834,0.382803,2.411596,0.157538,0.766143
3.658716,2.822657,2.237409,0.904628,0.000363,0.269975,3.931240,0.000047,0.035147,0.225229
3.949984,4.636398,0.048394,26.387859,0.611394,0.988591,3.182593,0.122204,0.015753,0.000893
4.552061,0.437687,0.016570,0.134014,0.887743,0.261658,0.772308,0.011324,6.249435,0.041497
0.061293,7.022814,4.375592,1.358250,0.527510,0.073384,2.186536,0.537446,0.303108,1.242141
3.853521,5.101925,0.207428,0.269377,0.946146,0.000135,0.038442,1.286302,2.061112,0.006248
0.637369,13.852712,0.105214,3.446235,3.993824,0.741706,2.916858,0.000488,0.450735,0.893906
1.285069,0.531080,3.612685,10.173997,9.199383,3.130260,0.082193,4.697535,3.516431,0.210299
0.026520,1.171451,2.221380,0.763433,3.866862,10.792315,0.297436,1.150086,4.081761,0.203183
1.490080,14.253477,0.216145,4.776071,0.040076,1.225292,8.579962,4.920140,0.612211,0.033125
0.080740,1.087324,6.528563,0.175435,4.861684,2.520321,1.254731,0.395157,0.000821,0.822050
3.319659,0.143592,0.264505,1.778857,0.123460,5.857555,0.593825,0.568246,0.734634,0.005961
23.120562,4.415833,3.402945,0.123461,4.486425,3.646544,0.902185,0.282363,0.185779,2.513404
14.407598,1.314494,0.004446,0.244678,3.954782,0.088547,0.166941,0.255570,0.035641,0.151161
0.059399,0.023844,3.573270,1.752468,1.462124,1.686704,0.018520,1.626635,0.089927,0.126164
1.650630,3.788556,0.001438,12.767481,4.009611,0.018492,0.981655,0.021959,0.002979,0.102171
15.861759,1.066691,0.473491,4.264166,1.124288,0.983911,0.385459,4.939051,0.138327,0.000000
9.814359,0.397878,0.091568,0.206681,2.342195,2.730255,1.682253,1.227240,1.493799,0.177991
1.966506,4.495973,1.900276,0.058654,2.876580,1.185534,1.342669,0.802310,0.303516,3.028548
0.013588,0.097016,9.347889,2.661568,3.661867,1.345135,0.153862,3.321457,6.280582,0.884987
1.527804,4.811373,5.168571,3.957314,1.953922,0.077036,0.547692,0.928122,0.102666,8.797117
0.250098,0.519208,2.283153,4.534502,4.530189,1.904103,3.714025,1.814142,6.514679,0.490280
0.808341,4.818479,5.494472,0.205151,0.006181,0.860304,0.997051,1.921997,0.266305,0.272264
2.741394,0.694847,0.010130,6.779684,1.621050,0.115895,0.606744,1.496997,0.281815,2.095037
1.132472,0.219313,6.997410,1.928488,2.410708,0.164352,0.094453,1.658804,1.662747,0.074227
0.022666,6.784253,0.502225,4.583662,0.150817,0.212319,0.003326,0.916496,1.379303,0.126093
0.236654,4.751838,3.835555,2.303410,4.792611,3.722529,3.163173,0.029514,5.270449,0.411448
8.008245,12.689706,2.820862,0.189629,0.916537,4.067221,1.423468,0.025742,5.639343,1.198033
4.373272,0.799329,0.434273,2.782507,3.570259,0.023253,0.746626,0.049879,0.068567,0.486862
12.939172,1.375070,8.768609,3.474215,7.804247,3.998031,2.164493,0.026954,0.120131,0.292810
0.821413,8.547667,2.068498,7.454689,1.063131,5.561290,10.314431,3.401559,0.033814,0.853734
9.752228,14.285007,2.809685,5.022462,2.763942,4.897113,0.113815,0.175689,6.508922,1.947776
49.937115,0.911357,8.417953,1.442729,5.378104,1.590600,0.214218,1.394703,0.058156,2.572115
15.069953,1.092970,0.019394,0.134083,3.821314,0.199890,0.893069,0.622875,0.003479,0.014488
10.949297,0.336010,0.350177,0.419958,5.137839,1.795216,0.007567,0.761658,1.006077,0.360080
3.989891,4.989928,0.236443,14.405757,1.844430,4.115446,6.473940,0.301798,5.442667,2.294857
1.799947,0.004915,8.961411,0.936554,0.397541,0.424332,0.278029,1.979342,2.370605,0.020309
0.072236,2.026906,4.993795,0.906555,1.377910,0.881511,4.125731,1.311855,4.394062,1.256293
1.455628,3.355208,2.120974,4.303320,1.334270,7.803494,0.042480,0.031843,0.886700,1.853685
2.051096,1.586917,1.000507,0.752128,0.323285,0.322471,0.408966,0.928172,0.300978,0.762256
2.115039,9.352524,2.952898,4.234346,0.294162,0.412000,3.248404,1.271331,0.599114,0.716979
4.123138,4.900711,2.306987,4.686978,2.253886,0.208031,0.000376,0.085375,0.292431,0.501824
3.179915,3.219211,3.695065,0.033683,6.392095,0.592227,1.356500,5.058930,7.380190,0.074077
0.268561,6.161751,6.429757,0.049856,1.229573,0.292302,0.125330,8.509277,0.467544,2.166235
2.702393,17.658220,0.474252,0.036693,5.994625,0.021360,2.497413,0.056612,0.124372,0.178853
4.699419,2.313971,1.996301,2.161729,9.905832,0.893786,1.309314,0.005205,2.780801,1.103902
21.589308,12.681674,0.791819,3.228791,1.670444,2.146661,0.061659,0.029044,2.333946,0.693548
0.465708,0.739168,5.098915,0.637167,0.062205,0.912830,0.351346,1.075428,1.042847,2.911795
58.299343,0.003647,5.688993,4.996146,1.752207,0.903318,4.629347,1.345443,2.646889,0.328032
0.000002,0.539130,0.469442,5.547880,0.015712,0.563895,1.231490,1.362155,1.902657,0.711488
0.214499,5.788318,2.822614,1.165388,0.031210,0.188863,9.380983,2.273017,0.176075,0.000186
0.801050,3.048420,3.242412,0.135399,9.080863,0.001020,1.082831,1.101046,0.188605,0.025349
11.156059,0.360190,0.152266,0.050020,2.641544,2.763472,1.354352,0.463537,0.990822,0.749454
0.165589,6.597499,2.365206,0.850797,2.699680,1.720840,0.120027,5.002368,0.514861,0.028939
0.607578,0.994769,2.211778,1.325634,1.894057,0.603978,1.569504,1.751831,0.518305,0.008916
13.412289,2.671608,0.170939,0.104764,4.580748,0.597018,0.694115,0.562262,0.022778,0.112432
15.892492,0.034236,6.524483,3.671458,6.589406,4.247550,0.615482,4.633640,1.985930,0.000001
0.559683,7.260541,5.095243,4.567481,0.211764,1.351932,0.214916,0.309816,1.425247,6.689154
6.230122,0.651960,16.847189,3.338936,0.365709,0.446570,4.346425,2.172454,1.234819,4.136344
4.445492,0.635287,17.065992,2.023529,5.781276,1.910502,0.516599,0.513455,6.846719,2.123569
10.591716,1.230542,12.079138,1.310967,9.210144,10.758303,0.445897,0.040105,2.710452,0.233301
5.930028,0.003990,9.513768,0.037394,14.063491,0.679121,0.132491,0.004056,4.705250,1.481501
0.309815,0.103114,0.004203,8.816165,0.293523,2.137490,0.002668,1.588122,0.811263,2.750213
11.611734,0.001183,2.971598,10.620602,1.549375,16.563648,5.375006,0.791365,0.538609,0.318456
15.382854,2.744745,0.014968,0.044673,1.078834,0.747376,0.961827,0.376902,0.663959,0.170527
0.267121,0.139266,1.371226,1.022750,6.048409,16.493835,0.034925,0.095963,0.007051,0.580165
1.923653,0.011734,0.043909,6.193021,0.043969,6.317966,0.764924,0.560521,0.038645,2.585423
12.898215,3.469606,0.115564,0.540257,4.313760,0.261105,0.371903,0.653039,0.050283,0.229523
4.227682,1.564605,0.094705,23.493174,0.337824,0.663719,4.442951,1.591332,0.438258,0.088053
1.713494,18.134798,1.549882,3.311383,0.838968,0.000003,0.633014,9.738608,0.622419,1.340791
0.174836,0.033383,2.279274,0.644623,0.071694,3.950693,0.115602,0.000910,0.986119,0.207038
5.515582,0.976027,12.474307,4.652673,0.000008,0.213482,0.234649,0.423411,5.639638,3.037048
1.284831,4.522689,3.001360,4.472565,15.671171,0.481201,11.685223,0.117409,8.498915,0.003187
14.223886,5.735102,0.616865,0.456999,0.394568,1.018558,0.849565,0.141409,1.167788,0.104956
3.098182,0.191163,0.285186,3.085575,3.288190,1.497044,1.342448,0.021818,3.575370,4.060450
15.182427,5.419229,0.181901,1.507568,6.699208,0.939056,0.320122,5.509480,0.323440,0.026972
2.905867,2.306778,0.081582,14.956409,2.429336,0.544792,2.055125,0.018551,0.382112,0.669401
0.004176,17.261074,0.278607,3.675445,1.826455,0.067589,1.489284,0.096364,1.195719,2.613961
1.020625,7.569874,15.481129,8.360172,5.315089,1.245382,0.151413,2.269775,0.679109,0.164114
0.007036,6.865026,0.145365,4.945041,9.247030,3.231724,0.041878,0.007374,0.475413,7.448968
2.837819,1.704091,0.739908,3.375329,9.093166,1.240065,1.430496,0.248628,0.617774,0.310456
6.674091,0.401376,0.886377,2.248120,2.741779,0.013430,0.130437,0.760362,0.478951,0.285666
20.606941,0.837117,15.393165,0.488292,0.001090,5.483222,0.136660,4.880962,0.114612,0.015410
0.003093,6.218621,16.272320,2.927242,1.366604,0.865711,0.016527,0.399221,0.093645,0.239193
12.244445,13.045082,0.827179,9.018249,4.348079,7.038381,3.405761,1.440254,5.574796,0.836223
1.495104,9.052385,0.915084,4.317127,0.746560,5.140792,4.046248,0.199315,0.713786,1.580693
6.002460,3.915122,1.520106,0.423647,0.060598,8.168084,8.467859,0.026450,0.340714,0.389200
3.376993,0.041009,0.735630,6.122505,11.039097,3.751884,11.325961,1.283804,0.028867,0.206398
0.047235,16.783304,0.749957,0.753263,0.031056,0.597692,0.002798,0.056780,0.469601,0.769434
0.558044,2.165169,0.059190,0.503888,6.404647,0.936997,1.132617,3.347368,0.915544,3.925585
1.044098,2.638222,0.063757,5.621690,4.792254,2.147380,0.250816,6.269073,0.133477,1.391854
3.230585,0.744916,11.524267,8.083508,0.836141,4.811683,0.066844,6.645337,7.898415,0.014118
0.140351,0.548020,3.310531,0.099931,2.527947,0.984727,1.721454,1.462526,0.225504,0.000548
3.095950,4.865641,3.217096,5.047009,15.200912,3.247826,1.096787,0.000000,0.001576,6.335870
1.226750,3.648583,5.831400,1.619164,0.098937,2.495052,0.194387,1.041073,0.303234,0.190338
1.890009,4.478422,0.063451,5.626127,9.410866,2.557937,0.724249,0.040019,0.528197,0.100626
3.642039,0.032951,13.994883,0.013375,0.007202,0.274262,0.050864,1.124215,0.046052,2.172273
1.099347,5.057595,4.108029,0.033462,0.642499,1.813454,0.371785,0.668148,0.980208,2.679167
0.355792,0.058549,6.525924,0.399023,0.010392,3.463319,0.235770,3.664963,5.070833,3.215370
45.519871,2.740074,4.426614,0.000361,2.491858,2.067569,0.020314,3.959931,0.274397,1.831644
3.054208,4.811643,0.539398,0.015132,0.039812,0.000113,1.156926,0.206719,0.071867,0.286020
15.438163,2.020378,0.003665,0.002495,3.264591,0.112487,1.551243,0.612702,0.194795,0.178354
9.381638,4.878885,8.018131,0.855672,0.478536,0.434914,1.794700,0.032574,0.100460,3.128199
0.284753,0.412069,0.063777,17.870977,0.005418,0.485262,0.143545,3.127925,0.437668,0.874452
1.439207,0.777019,0.105543,3.701965,1.014916,1.452589,0.337664,0.079578,0.141097,1.195912
0.009551,0.007984,0.799581,7.885911,2.043022,7.134214,0.043262,2.244192,0.726679,0.806990
16.308517,0.455754,5.703298,0.070093,0.562494,0.487354,0.149717,7.887874,0.340292,0.826640
2.895358,0.369567,7.974491,0.152641,0.289594,0.774290,0.328138,0.143863,2.031264,0.008743
5.030784,0.179166,0.355171,1.634036,8.083056,0.139611,1.607872,5.812143,0.104066,3.084122
0.300045,6.836476,8.901278,2.454588,2.935154,0.001315,0.316402,0.081797,0.030357,2.721367
0.098522,0.684218,11.050086,0.502480,0.478085,0.237805,2.536521,0.317483,0.705824,1.942731
14.726411,4.198339,0.238689,0.705392,2.593252,0.048767,0.596862,0.831562,0.347211,0.147059
1.500134,1.423608,1.330856,2.549752,0.310887,0.072445,0.075409,0.660760,3.666056,0.063907
4.513936,0.013239,4.371521,0.018341,0.895872,0.241161,0.907765,0.840579,0.023738,1.987741
0.550405,0.001808,0.510498,13.667048,10.834072,2.619823,0.887223,0.061838,0.006775,0.055579
0.041935,2.051526,0.540353,2.402124,0.220249,4.584115,3.950206,0.512794,0.711578,1.481605
0.621532,6.891538,1.391492,2.901756,0.678032,0.341025,0.020357,2.829035,0.988860,12.711146
3.042089,4.400172,7.818508,0.227808,0.919329,3.043750,0.325486,3.447322,0.889569,0.373875
3.186588,10.467318,4.368752,0.785887,0.005702,0.346647,0.092665,0.026853,0.279446,0.008078
1.632461,0.531539,10.664081,0.454531,0.350473,1.033684,0.078690,0.333205,1.017048,0.396098
21.117800,2.902349,0.028171,5.858356,12.578223,0.001022,1.263591,5.215075,1.096433,0.376855
0.843162,3.853893,0.122606,0.302221,2.111731,0.019850,0.721364,8.492466,3.527532,0.081768
9.499911,2.414957,0.781949,1.151137,0.483927,6.040461,3.743189,0.002266,0.001375,0.001753
13.233867,4.193735,0.068297,1.387174,3.835926,0.008024,0.078768,0.302268,0.618758,0.008168
0.036214,5.441890,6.296397,0.008560,1.333938,2.070526,0.152461,0.102608,3.414852,1.649424
26.819511,3.169829,2.212424,0.286490,11.882506,6.620022,1.505798,4.368716,0.997101,1.216611
0.030555,0.309357,0.640933,1.541389,0.060174,11.661484,0.146722,0.063377,0.840335,0.151110
0.095201,8.264927,2.227373,9.302334,0.638045,0.152608,1.585360,0.892426,2.472738,2.154243
2.702300,0.095303,2.478017,2.177898,3.698706,0.432257,0.012952,0.423825,0.018317,0.041181
7.862973,13.833008,1.356049,7.947937,1.526413,0.140466,4.530823,0.049426,0.000120,0.213832
1.470789,2.159684,0.004310,1.457636,2.017594,4.981658,6.068902,9.723370,4.425787,1.051247
12.283632,2.345095,0.070947,1.950429,2.565350,1.460530,1.157246,0.072279,0.070311,0.029631
