0.02944, 0.01115, 0.04357, 0.01875, 0.00527, 0.00116, 0.01817, 0.08214, 0.02108, 0.14214
0.04237, 0.55358, 0.35845, 0.31363, 0.00477, 0.07271, 0.01938, 0.14396, 0.09795, 0.03690
0.00552, 0.00428, 0.00522, 0.00127, 0.00424, 0.09862, 0.10385, 0.03333, 0.16631, 0.21637
0.02673, 0.31133, 0.13903, 0.26630, 0.00032, 0.08268, 0.05159, 0.19982, 0.06108, 0.09070
0.04113, 0.60090, 0.38909, 0.40941, 0.00161, 0.09383, 0.04049, 0.12276, 0.10448, 0.01423
0.13417, 0.06367, 0.10043, 0.09869, 0.16805, 0.00934, 0.05248, 0.00427, 0.07289, 0.26003
1.16872, 0.41759, 1.15763, 0.11470, 1.24378, 0.03756, 0.31306, 0.03219, 0.21549, 1.82784
0.17881, 0.00020, 0.03865, 0.18979, 0.23371, 0.06962, 0.03996, 0.06070, 0.21505, 0.40675
0.01830, 0.09992, 0.03568, 0.09937, 0.00495, 0.04666, 0.15346, 0.02174, 0.00663, 0.02625
0.00449, 0.01286, 0.02266, 0.01734, 0.00181, 0.01752, 0.00430, 0.02455, 0.09051, 0.16244
0.04881, 0.02366, 0.07944, 0.02036, 0.05135, 0.04400, 0.00552, 0.06247, 0.09966, 0.06062
0.06597, 0.01120, 0.04925, 0.00583, 0.07330, 0.00230, 0.04497, 0.13339, 0.02356, 0.42255
0.37583, 0.08237, 0.26114, 0.00624, 0.38389, 0.02091, 0.05397, 0.01984, 0.11549, 0.64265
0.00681, 0.01303, 0.01440, 0.01539, 0.02099, 0.01793, 0.00008, 0.00052, 0.03349, 0.01660
0.02522, 0.00499, 0.00025, 0.05150, 0.01475, 0.05634, 0.01824, 0.00622, 0.34158, 0.02784
0.07360, 0.59252, 0.40823, 0.53250, 0.00187, 0.06585, 0.03636, 0.14550, 0.10800, 0.04055
0.01727, 0.01463, 0.01351, 0.08192, 0.03438, 0.00566, 0.00044, 0.00628, 0.01846, 0.04368
0.06434, 0.00614, 0.02866, 0.00566, 0.06121, 0.00599, 0.03594, 0.19670, 0.01256, 0.44280
0.03305, 0.04678, 0.04333, 0.13701, 0.00633, 0.12371, 0.17179, 0.00399, 0.23267, 0.11566
0.02379, 0.03454, 0.02196, 0.02503, 0.02014, 0.03695, 0.03993, 0.07200, 0.12306, 0.25627
0.00570, 0.00542, 0.00049, 0.00782, 0.01995, 0.00356, 0.00154, 0.02718, 0.00061, 0.10010
0.25845, 0.07091, 0.16758, 0.02971, 0.25541, 0.01428, 0.07774, 0.00213, 0.21073, 0.46896
0.07732, 0.01198, 0.07981, 0.01100, 0.10079, 0.04770, 0.03519, 0.02053, 0.10711, 0.27733
0.25974, 0.29987, 0.37482, 0.00788, 0.19092, 0.00622, 0.08764, 0.02856, 0.24403, 0.68857
0.21831, 0.01260, 0.06920, 0.09077, 0.15075, 0.04733, 0.17871, 0.14735, 0.27302, 0.31747
0.07969, 0.02729, 0.06534, 0.02827, 0.07424, 0.02388, 0.06458, 0.01587, 0.17574, 0.15074
0.04541, 0.47858, 0.38892, 0.27612, 0.00123, 0.04965, 0.01567, 0.11280, 0.12294, 0.05050
0.00852, 0.17194, 0.06042, 0.17599, 0.03247, 0.00200, 0.00200, 0.01709, 0.13504, 0.14660
0.04910, 0.03336, 0.00906, 0.07500, 0.02751, 0.14598, 0.07061, 0.02177, 1.03342, 0.11886
0.17227, 0.06185, 0.16595, 0.01819, 0.20606, 0.01679, 0.09421, 0.08524, 0.18133, 0.50155
0.00420, 0.02567, 0.00333, 0.02973, 0.00945, 0.19098, 0.09301, 0.02466, 0.20668, 0.21063
0.01086, 0.00649, 0.00692, 0.01071, 0.00508, 0.07360, 0.02741, 0.00221, 0.04411, 0.02278
0.19573, 0.04981, 0.03490, 0.04239, 0.13614, 0.06378, 0.15524, 0.16868, 0.18685, 0.29557
0.03348, 0.01618, 0.05595, 0.06375, 0.02830, 0.04948, 0.02334, 0.03861, 0.03061, 0.04209
0.08208, 0.43633, 0.33682, 0.52428, 0.00175, 0.03008, 0.08511, 0.13561, 0.14903, 0.11548
0.00072, 0.03318, 0.03517, 0.05187, 0.01747, 0.00778, 0.00632, 0.00816, 0.02988, 0.03266
0.00761, 0.01032, 0.03694, 0.01847, 0.00206, 0.00757, 0.01633, 0.01579, 0.09532, 0.04255
0.17613, 0.04532, 0.03406, 0.14414, 0.07634, 0.08126, 0.07163, 0.06870, 0.03800, 0.04874
0.16277, 0.16445, 0.12042, 0.12429, 0.11940, 0.00947, 0.10767, 0.05759, 0.06455, 0.22061
0.02194, 0.10864, 0.27550, 0.06067, 0.06876, 0.00456, 0.02610, 0.00325, 0.17764, 0.01378
0.24991, 0.15415, 0.16470, 0.11507, 0.22079, 0.00193, 0.06930, 0.03925, 0.06793, 0.31027
0.00461, 0.04259, 0.01684, 0.09008, 0.03102, 0.09748, 0.00828, 0.01244, 0.13080, 0.02388
0.00596, 0.02418, 0.06922, 0.00381, 0.05456, 0.05346, 0.05757, 0.03550, 0.03922, 0.03404
0.00478, 0.15854, 0.00574, 0.32459, 0.04748, 0.05150, 0.01991, 0.05032, 0.01143, 0.04697
0.13690, 0.13199, 0.05567, 0.04694, 0.18977, 0.01500, 0.04061, 0.01697, 0.04637, 0.41301
0.08335, 0.03531, 0.10363, 0.00908, 0.09505, 0.01617, 0.00021, 0.03263, 0.09588, 0.71948
0.12637, 0.01411, 0.12559, 0.01029, 0.11838, 0.00675, 0.09937, 0.13351, 0.02468, 0.75712
0.13745, 0.05780, 0.18193, 0.01532, 0.06844, 0.00211, 0.01236, 0.00180, 0.05174, 0.21675
0.35082, 0.10603, 0.45267, 0.05885, 0.45527, 0.02987, 0.14379, 0.01536, 0.14027, 0.79528
0.32800, 0.01641, 0.17508, 0.08859, 0.39726, 0.05701, 0.07692, 0.03333, 0.17579, 1.20138
0.00336, 0.64721, 0.19418, 0.19004, 0.05199, 0.08065, 0.05903, 0.10329, 0.13406, 0.04022
0.02220, 0.01495, 0.04290, 0.00888, 0.02195, 0.00061, 0.01383, 0.02044, 0.00653, 0.14860
0.01736, 0.02324, 0.11069, 0.01013, 0.07886, 0.04797, 0.00888, 0.01328, 0.07626, 0.06034
0.06504, 0.44605, 0.30640, 0.56119, 0.00141, 0.04363, 0.08131, 0.16004, 0.16587, 0.17019
0.09143, 0.00285, 0.05285, 0.03673, 0.13142, 0.02957, 0.01477, 0.01652, 0.08374, 0.53269
0.12197, 0.05147, 0.06635, 0.02406, 0.12990, 0.03699, 0.01250, 0.05789, 0.04835, 0.65380
0.11797, 0.11127, 0.14531, 0.06450, 0.07654, 0.03100, 0.00858, 0.01256, 0.19191, 0.54139
0.45046, 0.18214, 0.53274, 0.09395, 0.47704, 0.01923, 0.13325, 0.10435, 0.10097, 1.37566
0.33098, 0.07299, 0.31628, 0.03816, 0.41473, 0.03175, 0.12805, 0.01911, 0.08876, 1.30241
0.01060, 0.24078, 0.02913, 0.31083, 0.04839, 0.00598, 0.02456, 0.03279, 0.04912, 0.07510
0.61501, 0.13954, 0.50578, 0.02855, 0.65714, 0.03252, 0.11325, 0.03072, 0.14973, 1.15094
0.10457, 0.06455, 0.09090, 0.01473, 0.07029, 0.04222, 0.03376, 0.01842, 0.32268, 0.49612
0.11931, 0.00010, 0.01269, 0.15572, 0.20524, 0.08176, 0.00639, 0.06429, 0.32233, 0.48967
0.06592, 0.00936, 0.04992, 0.01286, 0.07140, 0.01584, 0.01201, 0.00183, 0.03980, 0.17271
0.03548, 0.26652, 0.24931, 0.27482, 0.00081, 0.02834, 0.02407, 0.05324, 0.10240, 0.04780
0.02301, 0.01290, 0.06994, 0.02268, 0.04444, 0.10523, 0.04246, 0.01772, 0.17244, 0.08028
0.65766, 0.25501, 0.81959, 0.01165, 0.91593, 0.04487, 0.26993, 0.06917, 0.41688, 1.54735
0.05028, 0.03376, 0.08683, 0.00292, 0.07684, 0.03878, 0.00208, 0.05786, 0.36376, 1.20103
0.11805, 0.00820, 0.04635, 0.01741, 0.10867, 0.03429, 0.01317, 0.05825, 0.06884, 0.40554
0.05342, 0.00133, 0.00861, 0.06556, 0.06627, 0.02766, 0.01390, 0.03646, 0.08539, 0.08678
0.06503, 0.35169, 0.23126, 0.27398, 0.00054, 0.05169, 0.13124, 0.01936, 0.38797, 0.13094
0.20060, 0.27587, 0.08487, 0.14403, 0.38225, 0.03236, 0.06409, 0.00679, 0.10907, 0.56637
0.10580, 0.00199, 0.07830, 0.01965, 0.07344, 0.03021, 0.00201, 0.02294, 0.06537, 0.18895
0.01939, 0.04922, 0.08417, 0.01964, 0.06884, 0.03989, 0.02318, 0.12109, 0.33298, 1.12447
0.12719, 0.02390, 0.09967, 0.01290, 0.11866, 0.01011, 0.08466, 0.14411, 0.01803, 0.77784
0.17974, 0.04191, 0.11300, 0.01294, 0.21938, 0.01099, 0.04916, 0.00466, 0.15488, 0.37969
0.00649, 0.18944, 0.00366, 0.21677, 0.05361, 0.10650, 0.03844, 0.06956, 0.03965, 0.03140
0.00377, 0.00230, 0.00410, 0.00060, 0.01014, 0.01611, 0.06274, 0.00197, 0.00089, 0.04015
0.48489, 0.14911, 0.55186, 0.00898, 0.60847, 0.04420, 0.22236, 0.16417, 0.35975, 1.41010
0.13860, 0.00121, 0.07072, 0.01905, 0.09034, 0.00634, 0.01348, 0.01869, 0.00340, 0.05833
0.02268, 0.04635, 0.02806, 0.00454, 0.00586, 0.00660, 0.22429, 0.00390, 0.03908, 0.05339
0.01457, 0.00358, 0.01165, 0.03906, 0.01135, 0.01801, 0.02511, 0.01814, 0.04757, 0.03113
0.03015, 0.30646, 0.12121, 0.25621, 0.00952, 0.08420, 0.02320, 0.16010, 0.04499, 0.02091
0.01763, 0.00767, 0.02585, 0.00076, 0.02828, 0.00042, 0.01225, 0.00741, 0.00031, 0.11811
0.00977, 0.01422, 0.04229, 0.00848, 0.04017, 0.05076, 0.11854, 0.01425, 0.13705, 0.18156
0.01986, 0.05576, 0.07009, 0.10074, 0.04253, 0.05379, 0.00517, 0.00179, 0.53157, 0.14656
0.12231, 0.04540, 0.14226, 0.00852, 0.15458, 0.01554, 0.01295, 0.00188, 0.04098, 0.48082
0.09204, 0.03665, 0.09682, 0.01499, 0.13636, 0.00758, 0.03501, 0.00504, 0.01420, 0.20836
0.72343, 0.17017, 0.58560, 0.06806, 0.73803, 0.03401, 0.10455, 0.02417, 0.11894, 1.06864
0.68128, 0.12736, 0.70040, 0.03016, 0.73263, 0.03757, 0.33031, 0.16850, 0.56142, 1.86709
0.02721, 0.00717, 0.01157, 0.09446, 0.04508, 0.02194, 0.00548, 0.02130, 0.07777, 0.12110
0.10542, 0.00240, 0.02734, 0.13698, 0.13986, 0.15565, 0.00135, 0.01898, 0.66928, 0.19910
0.03586, 0.01872, 0.03226, 0.01617, 0.02674, 0.00003, 0.00075, 0.00028, 0.02012, 0.04485
0.04766, 0.64159, 0.45131, 0.42693, 0.00035, 0.07825, 0.04963, 0.11599, 0.09561, 0.02560
0.11538, 0.01333, 0.07173, 0.06350, 0.13735, 0.10001, 0.01302, 0.01437, 0.31487, 0.52978
0.02454, 0.00974, 0.01081, 0.01115, 0.03280, 0.00978, 0.01028, 0.03586, 0.03591, 0.31837
0.32117, 0.09088, 0.27416, 0.01437, 0.42203, 0.01277, 0.13152, 0.00376, 0.12826, 0.75481
0.01549, 0.02545, 0.03615, 0.00776, 0.00862, 0.01395, 0.00544, 0.00385, 0.17071, 0.00658
0.16066, 0.05860, 0.08894, 0.09122, 0.28689, 0.04375, 0.02634, 0.03359, 0.14994, 0.71669
0.00975, 0.15753, 0.05037, 0.00138, 0.03143, 0.02477, 0.01268, 0.01617, 0.12210, 0.02491
0.00027, 0.02696, 0.00162, 0.08447, 0.01073, 0.05202, 0.02555, 0.00229, 0.04299, 0.02665
0.06830, 0.20905, 0.13233, 0.02819, 0.04163, 0.01233, 0.08991, 0.11829, 0.18417, 0.20219
0.03390, 0.01178, 0.00411, 0.16179, 0.07169, 0.13366, 0.03050, 0.16627, 0.44733, 0.13091
0.00726, 0.15561, 0.00061, 0.16943, 0.04203, 0.08124, 0.00856, 0.02829, 0.03940, 0.01114
0.00460, 0.02278, 0.00254, 0.01389, 0.00589, 0.02068, 0.01557, 0.03873, 0.02844, 0.25800
0.04109, 0.02017, 0.05622, 0.01624, 0.04138, 0.00093, 0.01770, 0.04205, 0.00561, 0.23355
0.00843, 0.05728, 0.02108, 0.06748, 0.04031, 0.02906, 0.00505, 0.04812, 0.10670, 0.16940
0.01981, 0.18378, 0.11352, 0.21840, 0.01283, 0.05636, 0.02760, 0.24321, 0.10435, 0.19462
0.21490, 0.12194, 0.30713, 0.02720, 0.28538, 0.02930, 0.00147, 0.03808, 0.47603, 0.97830
0.02577, 0.02856, 0.03919, 0.00722, 0.02580, 0.00717, 0.00253, 0.00294, 0.11353, 0.04280
0.01292, 0.03767, 0.03220, 0.01410, 0.00068, 0.00716, 0.03822, 0.07272, 0.03466, 0.14437
0.01826, 0.60851, 0.38133, 0.30629, 0.00687, 0.09806, 0.06433, 0.16039, 0.11090, 0.00823
0.02258, 0.49265, 0.28959, 0.26142, 0.00970, 0.11762, 0.01617, 0.10197, 0.10260, 0.01359
0.00618, 0.00499, 0.03461, 0.23674, 0.01707, 0.04925, 0.02667, 0.08369, 0.27736, 0.04724
0.19105, 0.05739, 0.26815, 0.00778, 0.21025, 0.01650, 0.00482, 0.04566, 0.31781, 0.85246
0.00094, 0.23987, 0.01249, 0.30776, 0.04490, 0.03537, 0.01661, 0.04614, 0.02410, 0.07467
0.09651, 0.36505, 0.00988, 0.27785, 0.23430, 0.03552, 0.05915, 0.06172, 0.09935, 0.48702
0.13667, 0.20330, 0.61252, 0.06811, 0.33933, 0.00453, 0.05360, 0.01149, 0.30002, 0.44561
0.11677, 0.01617, 0.08824, 0.02194, 0.05573, 0.00320, 0.00573, 0.00390, 0.01963, 0.10437
0.01225, 0.14172, 0.07198, 0.18257, 0.17387, 0.13612, 0.00298, 0.01815, 0.06653, 0.10842
0.09865, 0.00074, 0.00262, 0.17777, 0.16065, 0.14263, 0.01908, 0.05868, 0.56571, 0.44234
0.02455, 0.05920, 0.22520, 0.05508, 0.03256, 0.01773, 0.00108, 0.07921, 0.18294, 0.66247
0.00035, 0.26743, 0.08065, 0.14431, 0.00222, 0.04144, 0.02733, 0.09600, 0.04746, 0.07351
0.01779, 0.00350, 0.01302, 0.00614, 0.00600, 0.02928, 0.17044, 0.02106, 0.00482, 0.07012
0.04304, 0.83464, 0.16468, 0.13072, 0.13689, 0.06380, 0.09092, 0.08873, 0.15108, 0.07987
0.00857, 0.07678, 0.00369, 0.06289, 0.01768, 0.02453, 0.00983, 0.03236, 0.00601, 0.03628
0.19775, 0.00652, 0.15557, 0.01172, 0.03861, 0.00417, 0.11872, 0.20518, 0.08320, 0.57648
0.00519, 0.00118, 0.01070, 0.05048, 0.00201, 0.04322, 0.02597, 0.00360, 0.29053, 0.04898
0.03775, 0.05791, 0.03129, 0.06139, 0.11496, 0.03555, 0.02382, 0.08064, 0.01148, 0.36615
0.00586, 0.76861, 0.22886, 0.21323, 0.06009, 0.08583, 0.07353, 0.11810, 0.13247, 0.02891
0.04261, 0.17248, 0.19220, 0.10675, 0.00062, 0.02891, 0.05468, 0.03010, 0.33361, 0.02586
0.00437, 0.00110, 0.01784, 0.03210, 0.00186, 0.00117, 0.00057, 0.00744, 0.02743, 0.04587
0.02688, 0.00026, 0.09626, 0.00916, 0.02421, 0.03438, 0.00664, 0.06655, 0.19327, 0.81910
0.09332, 0.26230, 0.00222, 0.19044, 0.22296, 0.03886, 0.03258, 0.03877, 0.30007, 0.54517
0.04964, 0.28909, 0.19873, 0.18443, 0.00139, 0.08593, 0.11250, 0.02827, 0.36701, 0.08917
0.00085, 0.02191, 0.01109, 0.02059, 0.00284, 0.01406, 0.03614, 0.00768, 0.07956, 0.03572
0.02581, 0.00807, 0.02335, 0.16693, 0.04324, 0.02839, 0.00448, 0.04912, 0.17541, 0.20620
0.03991, 0.52669, 0.39013, 0.43229, 0.00096, 0.06532, 0.04443, 0.10322, 0.11703, 0.02674
0.04760, 0.14366, 0.05007, 0.17687, 0.00360, 0.03403, 0.05404, 0.08291, 0.04399, 0.06612
0.09160, 0.02934, 0.09153, 0.01489, 0.09713, 0.00837, 0.06341, 0.08198, 0.02883, 0.57041
0.00159, 0.03095, 0.00301, 0.03269, 0.00638, 0.04748, 0.04869, 0.03962, 0.16400, 0.17846
0.55917, 0.05807, 0.33906, 0.02444, 0.45275, 0.01029, 0.14971, 0.04572, 0.11942, 0.65728
0.07636, 0.01762, 0.04552, 0.00838, 0.07438, 0.00330, 0.02265, 0.00058, 0.06966, 0.12897
0.13964, 0.88152, 0.43077, 0.08603, 0.22463, 0.05699, 0.12483, 0.07697, 0.17975, 0.30321
0.03015, 0.08791, 0.01664, 0.18202, 0.07103, 0.00239, 0.01527, 0.00953, 0.03616, 0.09798
0.13432, 0.02370, 0.07545, 0.02533, 0.16161, 0.04849, 0.06401, 0.01787, 0.27161, 0.20699
0.01227, 0.01456, 0.03223, 0.00713, 0.01780, 0.04280, 0.00489, 0.02258, 0.01228, 0.01119
0.06404, 0.41007, 0.36244, 0.19870, 0.00017, 0.04100, 0.05682, 0.05723, 0.16260, 0.03614
0.01657, 0.02068, 0.04811, 0.01449, 0.02429, 0.00039, 0.01871, 0.03705, 0.00760, 0.15674
0.03844, 0.01076, 0.03467, 0.00792, 0.04167, 0.00904, 0.03845, 0.00306, 0.04555, 0.03070
0.08134, 0.05263, 0.15008, 0.00493, 0.09718, 0.00228, 0.01898, 0.00744, 0.02953, 0.07520
0.06040, 0.01191, 0.05983, 0.09791, 0.12966, 0.18298, 0.00901, 0.01771, 0.52796, 0.17045
0.01719, 0.72523, 0.40053, 0.16223, 0.03360, 0.09816, 0.09277, 0.13216, 0.12692, 0.00548
0.13959, 0.01335, 0.12312, 0.06750, 0.23075, 0.03158, 0.01862, 0.01695, 0.11181, 0.37858
0.04011, 0.09078, 0.03681, 0.07594, 0.02062, 0.00182, 0.00155, 0.15079, 0.04225, 0.37116
0.03335, 0.24510, 0.20510, 0.01166, 0.05732, 0.03779, 0.03064, 0.02922, 0.31603, 0.03089
0.06608, 0.01798, 0.09244, 0.01834, 0.12505, 0.01612, 0.01559, 0.00780, 0.02958, 0.31991
0.00220, 0.10410, 0.01060, 0.13328, 0.01802, 0.06826, 0.00745, 0.01058, 0.16845, 0.01206
0.06755, 0.02134, 0.07056, 0.00847, 0.08244, 0.07894, 0.05743, 0.00085, 0.24091, 0.39348
0.01763, 0.02900, 0.05298, 0.01892, 0.00512, 0.00870, 0.01457, 0.07490, 0.00606, 0.12939
0.26867, 0.01867, 0.06116, 0.11209, 0.25583, 0.14471, 0.06116, 0.00555, 0.93598, 0.31431
0.05929, 0.02701, 0.12574, 0.02269, 0.15144, 0.04256, 0.01174, 0.04914, 0.03571, 0.07787
0.02063, 0.02500, 0.01277, 0.02210, 0.04001, 0.02630, 0.03101, 0.23621, 0.00565, 0.23708
0.08023, 0.51615, 0.30246, 0.47102, 0.00087, 0.06756, 0.08318, 0.05496, 0.25764, 0.08917
0.02470, 0.03202, 0.02348, 0.08689, 0.01607, 0.06634, 0.00890, 0.03254, 0.22502, 0.31540
0.21170, 0.05961, 0.18891, 0.02180, 0.17566, 0.07516, 0.10229, 0.04622, 0.35397, 0.17105
0.00127, 0.06186, 0.00101, 0.09238, 0.01852, 0.02952, 0.00716, 0.04642, 0.00372, 0.02531
0.09116, 0.16614, 0.16716, 0.00854, 0.07545, 0.00265, 0.09233, 0.08997, 0.21159, 0.23268
0.07423, 0.46608, 0.32273, 0.37376, 0.00042, 0.07583, 0.07727, 0.05249, 0.24118, 0.05078
0.03014, 0.00800, 0.00578, 0.01067, 0.00588, 0.03053, 0.03202, 0.09181, 0.01668, 0.11114
0.10078, 0.13276, 0.26250, 0.06559, 0.12467, 0.00897, 0.02863, 0.00840, 0.30781, 0.22564
0.00388, 0.41126, 0.12341, 0.32015, 0.00713, 0.06470, 0.03963, 0.10145, 0.07762, 0.04856
0.07296, 0.44305, 0.40739, 0.45787, 0.00027, 0.04365, 0.04946, 0.05810, 0.25335, 0.07067
0.01249, 0.00815, 0.01132, 0.00393, 0.00588, 0.00003, 0.00375, 0.04338, 0.00321, 0.11947
0.00750, 0.00241, 0.01942, 0.00995, 0.01222, 0.00753, 0.03577, 0.01639, 0.10028, 0.01493
0.00132, 0.01430, 0.06476, 0.03510, 0.01582, 0.02480, 0.03292, 0.00747, 0.05118, 0.01967
0.13772, 0.00665, 0.08208, 0.07365, 0.17925, 0.09569, 0.03290, 0.00645, 0.40276, 0.23214
0.00809, 0.40297, 0.11807, 0.08881, 0.04861, 0.04455, 0.04700, 0.06381, 0.16591, 0.07728
0.13538, 0.18757, 0.25769, 0.10043, 0.10948, 0.00398, 0.06898, 0.02631, 0.35480, 0.07801
0.00074, 0.00392, 0.07403, 0.12412, 0.00332, 0.04276, 0.01071, 0.00103, 0.42306, 0.03915
0.14809, 0.09594, 0.11692, 0.08733, 0.19496, 0.01203, 0.03961, 0.00537, 0.10333, 0.20710
0.01774, 0.03757, 0.00174, 0.04827, 0.00723, 0.10028, 0.12554, 0.01221, 0.08738, 0.05392
0.06881, 0.07875, 0.00905, 0.03523, 0.13865, 0.02128, 0.03278, 0.02021, 0.04623, 0.36109
0.00638, 0.07562, 0.02156, 0.09694, 0.01186, 0.08062, 0.10343, 0.03537, 0.00397, 0.01127
0.01941, 0.10250, 0.03223, 0.10084, 0.01063, 0.04539, 0.09503, 0.03802, 0.00168, 0.01491
0.63703, 0.20590, 0.83324, 0.06316, 0.79964, 0.03661, 0.17318, 0.04325, 0.11126, 1.32893
0.19315, 0.01778, 0.03758, 0.08885, 0.21841, 0.09813, 0.02031, 0.01816, 0.48443, 0.38053
0.12039, 0.03805, 0.12250, 0.02839, 0.11535, 0.00495, 0.03352, 0.05355, 0.01835, 0.45140
0.02734, 0.00168, 0.01066, 0.00286, 0.01807, 0.01026, 0.02041, 0.08087, 0.02537, 0.25988
0.00887, 0.01129, 0.01092, 0.00317, 0.01588, 0.04139, 0.14389, 0.01544, 0.14936, 0.18081
0.02235, 0.16865, 0.30148, 0.13958, 0.01348, 0.01533, 0.00659, 0.09644, 0.12412, 0.06250
0.19687, 0.06670, 0.27927, 0.01642, 0.13219, 0.00627, 0.08954, 0.06304, 0.10847, 0.46962
0.03204, 0.02987, 0.03197, 0.01117, 0.02130, 0.08726, 0.04974, 0.02769, 0.58384, 0.24172
0.09088, 0.01619, 0.06441, 0.00938, 0.07360, 0.00109, 0.00003, 0.00361, 0.05685, 0.28156
0.00031, 0.01278, 0.09865, 0.02308, 0.04383, 0.04863, 0.05283, 0.03745, 0.05035, 0.07316
0.27749, 0.06715, 0.32468, 0.01220, 0.14944, 0.00572, 0.15747, 0.05721, 0.16657, 0.80263
0.00036, 0.76107, 0.32204, 0.20202, 0.02278, 0.10753, 0.07135, 0.14060, 0.11872, 0.00966
0.00913, 0.06706, 0.04083, 0.04979, 0.00350, 0.00601, 0.01731, 0.01802, 0.00431, 0.01508
0.00258, 0.04047, 0.04071, 0.04860, 0.00579, 0.02453, 0.01432, 0.02819, 0.17735, 0.30113
0.00767, 0.01252, 0.05739, 0.00043, 0.00035, 0.00151, 0.01406, 0.01268, 0.01467, 0.02485
0.09244, 0.05451, 0.03957, 0.03741, 0.09956, 0.00525, 0.04208, 0.15647, 0.03125, 0.49521
0.00309, 0.06883, 0.10802, 0.49203, 0.01435, 0.04188, 0.07835, 0.11302, 0.36668, 0.20553
0.13020, 0.03482, 0.13083, 0.07768, 0.19537, 0.01650, 0.03704, 0.00083, 0.06086, 0.26496
0.04733, 0.02819, 0.01987, 0.22907, 0.04289, 0.07855, 0.04505, 0.29928, 0.30213, 0.18578
0.02433, 0.03896, 0.02635, 0.10053, 0.05621, 0.08529, 0.09004, 0.29923, 0.21162, 0.31968
0.00713, 0.01566, 0.04178, 0.01413, 0.00696, 0.00173, 0.00295, 0.01758, 0.00396, 0.02503
0.13558, 0.06170, 0.14557, 0.00935, 0.14040, 0.02814, 0.02390, 0.03254, 0.34811, 0.43655
0.03462, 0.01985, 0.05224, 0.00178, 0.03126, 0.00225, 0.00512, 0.01568, 0.00998, 0.23930
0.01376, 0.35049, 0.12726, 0.26436, 0.00213, 0.13423, 0.03866, 0.06133, 0.08329, 0.05507
0.09914, 0.00612, 0.04512, 0.03960, 0.10949, 0.07933, 0.04913, 0.01613, 0.44568, 0.14361
0.01154, 0.02571, 0.01081, 0.01886, 0.01560, 0.18124, 0.02415, 0.01703, 0.35425, 0.30909
0.00594, 0.00093, 0.01106, 0.01082, 0.00351, 0.01884, 0.06389, 0.00792, 0.00787, 0.02922
0.02165, 0.00302, 0.01888, 0.00783, 0.01068, 0.03068, 0.23989, 0.00873, 0.00841, 0.14802
0.38690, 0.09516, 0.50949, 0.01793, 0.36205, 0.00544, 0.20467, 0.07569, 0.25284, 0.87612
0.01142, 0.04321, 0.10736, 0.06507, 0.00050, 0.00385, 0.02111, 0.00504, 0.19673, 0.00882
0.00232, 0.03094, 0.04396, 0.16941, 0.02049, 0.06309, 0.05588, 0.00823, 0.40121, 0.43498
0.03106, 0.10345, 0.04699, 0.06185, 0.04328, 0.04398, 0.02920, 0.09663, 0.18965, 0.38619
0.00815, 0.03839, 0.13014, 0.10317, 0.01569, 0.03669, 0.02587, 0.01379, 0.27273, 0.01422
0.13429, 0.00984, 0.04632, 0.08593, 0.14719, 0.09418, 0.01337, 0.03248, 0.29368, 0.59044
0.22927, 0.13066, 0.27164, 0.02745, 0.24627, 0.01848, 0.04157, 0.01314, 0.54958, 0.85936
0.07660, 0.02806, 0.04152, 0.00441, 0.09364, 0.00665, 0.02506, 0.00058, 0.07648, 0.14799
0.23136, 0.05773, 0.25055, 0.02152, 0.28431, 0.00752, 0.12391, 0.02287, 0.04636, 0.70972
0.00694, 0.01267, 0.00427, 0.00506, 0.00110, 0.01790, 0.05349, 0.01129, 0.04735, 0.07951
0.00353, 0.05737, 0.03893, 0.18245, 0.01006, 0.00347, 0.03936, 0.04527, 0.04396, 0.05352
0.07166, 0.00495, 0.19602, 0.00039, 0.07529, 0.00518, 0.04609, 0.05475, 0.03474, 0.63258
0.14619, 0.03365, 0.04913, 0.00270, 0.04276, 0.04837, 0.13312, 0.17902, 0.07521, 0.18764
0.38831, 0.10346, 0.25985, 0.03048, 0.43855, 0.04282, 0.17165, 0.14443, 0.39103, 1.22239
0.05473, 0.01336, 0.06507, 0.01268, 0.02151, 0.08214, 0.00532, 0.00013, 0.41215, 0.21975
0.04649, 0.01062, 0.03679, 0.01161, 0.04614, 0.00173, 0.01777, 0.00018, 0.02670, 0.06931
0.00926, 0.30209, 0.00866, 0.30112, 0.08087, 0.09862, 0.01784, 0.08880, 0.03588, 0.07789
0.00503, 0.03135, 0.08978, 0.02097, 0.00918, 0.00602, 0.00320, 0.00840, 0.01695, 0.00245
0.01367, 0.70395, 0.42351, 0.23053, 0.01599, 0.11056, 0.08256, 0.15097, 0.13476, 0.00006
0.00783, 0.00147, 0.00266, 0.00612, 0.00376, 0.05145, 0.00646, 0.01678, 0.02519, 0.04579
0.09365, 0.11247, 0.20305, 0.02679, 0.08369, 0.00149, 0.02407, 0.01045, 0.10330, 0.06986
0.00857, 0.02236, 0.04892, 0.01306, 0.02195, 0.03868, 0.02516, 0.14322, 0.09536, 0.38179
0.00551, 0.00365, 0.02562, 0.01106, 0.01929, 0.01445, 0.01541, 0.00054, 0.03229, 0.04648
0.03313, 0.09246, 0.10285, 0.19521, 0.14475, 0.09179, 0.00371, 0.03466, 0.05453, 0.09285
0.00141, 0.03135, 0.02615, 0.01553, 0.00853, 0.10056, 0.02410, 0.00018, 0.44104, 0.10631
0.02514, 0.14883, 0.07062, 0.04907, 0.04523, 0.00226, 0.00450, 0.07538, 0.06349, 0.36571
0.02051, 0.02706, 0.01641, 0.00233, 0.05308, 0.00832, 0.01116, 0.16944, 0.01697, 0.26041
0.01109, 0.74146, 0.42947, 0.26223, 0.01227, 0.11817, 0.08339, 0.15720, 0.12713, 0.00014
0.01839, 0.00157, 0.01938, 0.07746, 0.02464, 0.01708, 0.00183, 0.03547, 0.10401, 0.08367
0.04587, 0.59419, 0.41192, 0.44663, 0.00029, 0.07655, 0.03195, 0.17593, 0.11950, 0.01623
0.03084, 0.03184, 0.02124, 0.01528, 0.00589, 0.01287, 0.12928, 0.06411, 0.01420, 0.15095
0.34235, 0.11662, 0.17806, 0.04842, 0.44697, 0.02937, 0.08263, 0.00182, 0.30783, 0.97333
0.00051, 0.01898, 0.02399, 0.13052, 0.00603, 0.01771, 0.03873, 0.05014, 0.06675, 0.05938
0.08062, 0.53557, 0.45865, 0.47891, 0.00044, 0.03175, 0.04436, 0.13287, 0.16546, 0.05835
0.01544, 0.00654, 0.00943, 0.01403, 0.03582, 0.01366, 0.05387, 0.00225, 0.01924, 0.13502
0.13261, 0.03341, 0.23562, 0.09835, 0.18971, 0.04758, 0.02347, 0.00383, 0.11292, 0.22203
0.09622, 0.00706, 0.03310, 0.01540, 0.09021, 0.01760, 0.03163, 0.08492, 0.03670, 0.62219
0.81075, 0.20011, 0.90562, 0.00455, 0.94065, 0.03170, 0.34587, 0.09136, 0.49260, 1.85681
0.13418, 0.14193, 0.17052, 0.03750, 0.17760, 0.00195, 0.07184, 0.09330, 0.08274, 0.68862
0.01066, 0.08757, 0.13176, 0.04941, 0.00884, 0.02624, 0.01791, 0.04340, 0.14003, 0.22996
0.04850, 0.00383, 0.02899, 0.02205, 0.02907, 0.03983, 0.05652, 0.01431, 0.19471, 0.23701
0.07910, 0.49944, 0.33511, 0.35842, 0.00047, 0.06484, 0.06455, 0.04888, 0.24341, 0.04041
0.00960, 0.02964, 0.01760, 0.10572, 0.00165, 0.10001, 0.01228, 0.01889, 0.22376, 0.19822
0.09304, 0.04691, 0.25457, 0.04434, 0.16063, 0.11212, 0.03448, 0.01653, 0.22018, 0.10483
0.07267, 0.58398, 0.39519, 0.57310, 0.00178, 0.06382, 0.05191, 0.19144, 0.12736, 0.05663
0.08394, 0.00400, 0.00154, 0.09615, 0.04915, 0.12821, 0.06312, 0.01022, 0.75319, 0.11618
0.04674, 0.66941, 0.37408, 0.18570, 0.06986, 0.07611, 0.10340, 0.12066, 0.13456, 0.09288
0.00005, 0.00516, 0.00229, 0.00142, 0.00415, 0.00053, 0.00148, 0.01474, 0.00388, 0.03652
0.03331, 0.06458, 0.03834, 0.02845, 0.04430, 0.02951, 0.03150, 0.09318, 0.12869, 0.32980
0.00022, 0.10385, 0.01466, 0.10068, 0.00467, 0.14087, 0.08209, 0.01399, 0.03092, 0.10113
0.07446, 1.02398, 0.40397, 0.18946, 0.14654, 0.08163, 0.14131, 0.12230, 0.15321, 0.14508
0.11823, 0.10010, 0.10510, 0.08684, 0.23221, 0.01677, 0.05773, 0.03041, 0.04872, 0.62332
0.03157, 0.02788, 0.00402, 0.04872, 0.03751, 0.01352, 0.02928, 0.16692, 0.00730, 0.31321
0.00389, 0.09930, 0.03927, 0.13003, 0.00228, 0.00073, 0.00390, 0.02274, 0.01609, 0.00886
0.00005, 0.00147, 0.00164, 0.00560, 0.00106, 0.01720, 0.01082, 0.01348, 0.04005, 0.07075
0.03750, 0.03015, 0.03934, 0.00553, 0.02506, 0.00782, 0.00902, 0.22930, 0.00192, 0.21771
0.01168, 0.60955, 0.37593, 0.19665, 0.01153, 0.10012, 0.06792, 0.13219, 0.11816, 0.00018
0.00508, 0.00465, 0.02814, 0.02395, 0.00222, 0.03433, 0.01848, 0.01701, 0.22410, 0.13227
0.23190, 0.08450, 0.20221, 0.05744, 0.21624, 0.01548, 0.05794, 0.04049, 0.14804, 0.66457
0.02823, 0.04924, 0.04539, 0.01897, 0.02253, 0.00071, 0.02495, 0.09310, 0.02671, 0.26476
0.00067, 0.10156, 0.00154, 0.14877, 0.01747, 0.05695, 0.00362, 0.04485, 0.01873, 0.02191
0.04048, 0.55844, 0.21364, 0.50324, 0.00506, 0.11649, 0.07629, 0.20569, 0.10345, 0.03447
0.04881, 0.00034, 0.03513, 0.01379, 0.03799, 0.01274, 0.06658, 0.10073, 0.03300, 0.31655
0.02416, 0.01593, 0.01878, 0.01533, 0.01678, 0.00406, 0.00808, 0.10419, 0.03067, 0.20952
0.01151, 0.17039, 0.09606, 0.17012, 0.00591, 0.04648, 0.01188, 0.06709, 0.05972, 0.01789
0.00413, 0.02102, 0.15929, 0.00899, 0.01853, 0.00360, 0.00165, 0.00594, 0.06912, 0.00660
0.21932, 0.01453, 0.11357, 0.06628, 0.31940, 0.02845, 0.06021, 0.00156, 0.13569, 0.85068
0.00885, 0.03122, 0.00576, 0.02506, 0.01750, 0.01538, 0.00370, 0.09647, 0.04658, 0.29118
0.01470, 0.01113, 0.04482, 0.00215, 0.03070, 0.00973, 0.01782, 0.00272, 0.01418, 0.07130
0.02788, 0.03590, 0.10961, 0.06635, 0.03885, 0.02486, 0.03265, 0.08592, 0.27260, 0.18022
0.00412, 0.10208, 0.00612, 0.12301, 0.06327, 0.03707, 0.00918, 0.04675, 0.02626, 0.10137
0.02992, 0.01734, 0.12063, 0.04586, 0.01847, 0.01248, 0.00075, 0.02799, 0.21416, 0.13434
0.02245, 0.76775, 0.42656, 0.22228, 0.03768, 0.10173, 0.09945, 0.14750, 0.13197, 0.01339
0.01820, 0.00952, 0.02845, 0.02803, 0.01412, 0.01412, 0.07032, 0.00050, 0.05530, 0.11622
0.12075, 0.00016, 0.02744, 0.10328, 0.09574, 0.06964, 0.01074, 0.01404, 0.32002, 0.15715
0.16528, 0.45747, 0.29660, 0.06556, 0.15435, 0.01510, 0.12509, 0.04864, 0.13624, 0.26813
0.12382, 0.10567, 0.13705, 0.03152, 0.07723, 0.00493, 0.03143, 0.00749, 0.23174, 0.10939
0.00006, 0.19442, 0.00428, 0.23012, 0.04084, 0.08681, 0.00339, 0.01789, 0.10694, 0.03545
0.08311, 0.15441, 0.14563, 0.11900, 0.21476, 0.02556, 0.03283, 0.02858, 0.08957, 0.50618
0.14246, 0.00769, 0.06569, 0.01415, 0.08699, 0.00518, 0.00485, 0.01296, 0.02583, 0.16016
0.03867, 0.09152, 0.04654, 0.12607, 0.08022, 0.00295, 0.02428, 0.00841, 0.05654, 0.13556
0.31564, 0.06506, 0.27404, 0.07790, 0.47740, 0.02606, 0.11989, 0.01425, 0.08152, 1.16242
0.05413, 0.02726, 0.05170, 0.00178, 0.04702, 0.03948, 0.00214, 0.02178, 0.30270, 1.22774
0.06470, 0.65647, 0.44910, 0.48704, 0.00087, 0.07616, 0.02819, 0.17563, 0.12186, 0.02848
0.12840, 0.05407, 0.16926, 0.01204, 0.13683, 0.00266, 0.03679, 0.01023, 0.03359, 0.37057
0.01471, 0.15182, 0.04331, 0.26393, 0.01337, 0.03621, 0.01462, 0.03283, 0.01463, 0.00013
0.00443, 0.48454, 0.07200, 0.52160, 0.05597, 0.10795, 0.07058, 0.14550, 0.15837, 0.11441
0.00349, 0.05907, 0.00252, 0.06938, 0.01125, 0.03646, 0.00974, 0.02432, 0.11513, 0.16932
0.08236, 0.11838, 0.08549, 0.06298, 0.17369, 0.02049, 0.02940, 0.11135, 0.08251, 0.58960
0.04371, 0.43230, 0.34920, 0.13765, 0.00183, 0.06982, 0.02331, 0.07902, 0.20237, 0.02227
0.00933, 0.04376, 0.05231, 0.20709, 0.00587, 0.01227, 0.06539, 0.04051, 0.06777, 0.09822
0.04791, 0.00224, 0.01075, 0.00546, 0.03832, 0.00908, 0.00885, 0.12417, 0.05311, 0.34284
0.01702, 0.00689, 0.04213, 0.01363, 0.03795, 0.01410, 0.00130, 0.00451, 0.00611, 0.04577
0.12621, 0.03569, 0.08354, 0.03992, 0.13119, 0.01459, 0.04161, 0.00308, 0.08920, 0.22288
0.67188, 0.16817, 0.59209, 0.07289, 0.66330, 0.02838, 0.12838, 0.01890, 0.07502, 1.09353
0.00546, 0.00403, 0.00751, 0.00459, 0.00537, 0.01547, 0.14334, 0.00042, 0.00081, 0.06967
0.05215, 0.60302, 0.33944, 0.15292, 0.07917, 0.06418, 0.10406, 0.10927, 0.15322, 0.13232
0.16597, 0.01527, 0.08099, 0.04527, 0.11616, 0.00833, 0.03408, 0.02589, 0.01227, 0.08591
0.01729, 0.01568, 0.00014, 0.06085, 0.01956, 0.07334, 0.00357, 0.00601, 0.29278, 0.15704
0.04997, 0.15695, 0.00350, 0.12994, 0.07312, 0.02408, 0.03964, 0.11412, 0.01421, 0.31058
0.00611, 0.00040, 0.00714, 0.00121, 0.00173, 0.01406, 0.06045, 0.00123, 0.00037, 0.01483
0.01007, 0.01575, 0.00396, 0.00015, 0.00190, 0.07421, 0.14818, 0.00581, 0.15188, 0.15891
0.04843, 0.00174, 0.05254, 0.02075, 0.11358, 0.02400, 0.00444, 0.04145, 0.02357, 0.44774
0.02376, 0.00418, 0.01790, 0.00528, 0.02967, 0.00783, 0.00698, 0.00720, 0.02623, 0.07688
0.00196, 0.54982, 0.22313, 0.22814, 0.02327, 0.08112, 0.04099, 0.11082, 0.12311, 0.03970
0.00933, 0.00503, 0.00272, 0.00201, 0.01216, 0.04349, 0.02731, 0.01540, 0.10698, 0.21798
0.01491, 0.34767, 0.14415, 0.29417, 0.00244, 0.07358, 0.02727, 0.13829, 0.05432, 0.02175
0.15335, 0.06435, 0.07715, 0.01189, 0.17740, 0.01291, 0.05493, 0.00065, 0.28039, 0.24649
0.00507, 0.02882, 0.09224, 0.00451, 0.01444, 0.00434, 0.01359, 0.03777, 0.01182, 0.09676
0.01233, 0.04409, 0.01357, 0.09729, 0.05134, 0.03056, 0.00802, 0.01340, 0.09987, 0.08447
0.06807, 0.03132, 0.02945, 0.00774, 0.06483, 0.02918, 0.03510, 0.00237, 0.32609, 0.04041
0.10679, 0.06931, 0.16213, 0.06495, 0.19019, 0.02267, 0.01566, 0.02490, 0.07426, 0.16132
0.03685, 0.56617, 0.08310, 0.14574, 0.08300, 0.09239, 0.01991, 0.07090, 0.13245, 0.08869
0.01753, 0.08654, 0.02202, 0.13055, 0.01219, 0.08051, 0.11423, 0.02627, 0.00262, 0.01104
0.01615, 0.10679, 0.02407, 0.12950, 0.00808, 0.08499, 0.03439, 0.01712, 0.03415, 0.02223
0.10033, 0.64310, 0.24032, 0.07353, 0.15502, 0.03317, 0.10248, 0.06739, 0.17524, 0.26937
0.03049, 0.02461, 0.00690, 0.05659, 0.03534, 0.03693, 0.02553, 0.05700, 0.05089, 0.12865
0.05608, 0.00309, 0.03629, 0.01022, 0.04728, 0.00318, 0.04474, 0.14517, 0.01629, 0.46656
0.02052, 0.74002, 0.45035, 0.29505, 0.00304, 0.09602, 0.05338, 0.16363, 0.11230, 0.01204
0.32130, 0.03250, 0.23511, 0.06959, 0.31584, 0.01141, 0.12228, 0.04507, 0.39238, 0.72740
0.00538, 0.03677, 0.03351, 0.03775, 0.00425, 0.04161, 0.03852, 0.23748, 0.15991, 0.59719
0.15703, 0.06508, 0.19811, 0.02719, 0.16126, 0.00463, 0.04444, 0.03232, 0.03813, 0.50721
0.00901, 0.01581, 0.01646, 0.00923, 0.04369, 0.04903, 0.00223, 0.05164, 0.03359, 0.24189
0.03257, 0.00030, 0.01903, 0.00036, 0.03124, 0.00417, 0.02446, 0.04744, 0.00609, 0.25155
0.05886, 0.24120, 0.10423, 0.23255, 0.00105, 0.10645, 0.15302, 0.01604, 0.26505, 0.12294
0.04867, 0.70792, 0.43482, 0.35982, 0.00660, 0.09787, 0.02975, 0.15653, 0.10458, 0.04028
0.07338, 0.66047, 0.47856, 0.48244, 0.00051, 0.05751, 0.02866, 0.13683, 0.13629, 0.04427
0.00912, 0.01687, 0.02430, 0.07063, 0.01540, 0.05380, 0.12195, 0.09708, 0.06901, 0.10988
0.09632, 0.81585, 0.36579, 0.08937, 0.16053, 0.05245, 0.13186, 0.08957, 0.14700, 0.16880
0.00208, 0.04500, 0.00799, 0.09180, 0.02260, 0.06104, 0.05817, 0.12715, 0.09211, 0.04776
0.00159, 0.00095, 0.04828, 0.00060, 0.01364, 0.02619, 0.04282, 0.01264, 0.19401, 0.41413
0.01671, 0.11777, 0.02582, 0.13956, 0.01981, 0.02522, 0.06868, 0.04690, 0.01646, 0.01237
0.03680, 0.13767, 0.01021, 0.21012, 0.01476, 0.10496, 0.06124, 0.07770, 0.03634, 0.00049
0.00929, 0.15719, 0.02390, 0.03545, 0.01678, 0.02223, 0.01403, 0.12720, 0.03380, 0.06729
0.02844, 0.00022, 0.02452, 0.01911, 0.00324, 0.02050, 0.16976, 0.02567, 0.02703, 0.10057
0.01497, 0.06756, 0.03342, 0.04643, 0.01056, 0.02105, 0.00170, 0.04690, 0.01857, 0.03755
0.00647, 0.03200, 0.00793, 0.06673, 0.01560, 0.10831, 0.09906, 0.02357, 0.00383, 0.02106
0.00435, 0.00797, 0.03720, 0.12259, 0.00380, 0.01828, 0.00717, 0.01184, 0.18141, 0.03200
0.00800, 0.09723, 0.01322, 0.35214, 0.07814, 0.18435, 0.05825, 0.10837, 0.53050, 0.29226
0.00073, 0.00050, 0.00130, 0.00145, 0.00136, 0.04284, 0.03874, 0.02367, 0.11725, 0.16653
0.18843, 0.24127, 0.09541, 0.16553, 0.28320, 0.02103, 0.09072, 0.04307, 0.02665, 0.62203
0.02279, 0.02679, 0.02931, 0.01309, 0.00873, 0.01020, 0.03589, 0.05313, 0.07738, 0.13990
0.00973, 0.00652, 0.00503, 0.01200, 0.00693, 0.01860, 0.20558, 0.00990, 0.00757, 0.07722
0.50406, 0.05581, 0.34245, 0.10446, 0.68206, 0.03953, 0.16920, 0.00255, 0.22349, 1.72969
0.00892, 0.64903, 0.39672, 0.18743, 0.00418, 0.09568, 0.05561, 0.14672, 0.10756, 0.02430
0.00681, 0.11025, 0.09994, 0.19260, 0.00408, 0.01472, 0.00784, 0.03244, 0.03218, 0.00411
0.02681, 0.09913, 0.05042, 0.05185, 0.00043, 0.01245, 0.14415, 0.00901, 0.02917, 0.04755
0.04092, 0.01232, 0.03505, 0.00348, 0.02719, 0.06903, 0.10151, 0.03738, 0.20756, 0.16199
0.00772, 0.68712, 0.39024, 0.25572, 0.00470, 0.11536, 0.06284, 0.15661, 0.11383, 0.01131
0.02906, 0.05500, 0.04030, 0.05833, 0.03185, 0.00297, 0.00348, 0.20391, 0.03573, 0.21625
0.00424, 0.01142, 0.00305, 0.00007, 0.00410, 0.08904, 0.25817, 0.02132, 0.10972, 0.11863
0.05523, 0.37198, 0.12777, 0.31348, 0.00173, 0.08334, 0.04842, 0.03847, 0.14589, 0.05660
0.04577, 0.63387, 0.38475, 0.36780, 0.00417, 0.07940, 0.02306, 0.15012, 0.08253, 0.03470
0.00900, 0.28069, 0.26766, 0.15464, 0.00062, 0.04223, 0.04127, 0.05796, 0.06387, 0.01045
0.02119, 0.36930, 0.11948, 0.34488, 0.01293, 0.07591, 0.06492, 0.14397, 0.07541, 0.05189
0.40649, 0.16155, 0.21379, 0.19836, 0.29793, 0.01648, 0.14193, 0.11255, 0.08139, 0.37538
0.08382, 0.11378, 0.09909, 0.06778, 0.07717, 0.03489, 0.03471, 0.06169, 0.08077, 0.37709
0.02513, 0.01111, 0.00583, 0.01781, 0.00738, 0.03485, 0.15293, 0.03724, 0.00972, 0.08767
0.00716, 0.14002, 0.03644, 0.11696, 0.03376, 0.00122, 0.01155, 0.01149, 0.07025, 0.03997
0.02523, 0.00842, 0.01217, 0.01035, 0.00460, 0.01293, 0.16570, 0.01151, 0.00820, 0.12386
0.09144, 0.00202, 0.02100, 0.08644, 0.06471, 0.08941, 0.01527, 0.01753, 0.37228, 0.27391
0.02581, 0.13524, 0.06113, 0.17886, 0.15464, 0.07347, 0.01777, 0.13459, 0.01065, 0.38410
0.18984, 0.08029, 0.25151, 0.03419, 0.19906, 0.00666, 0.06961, 0.03448, 0.05081, 0.67532
0.00623, 0.00752, 0.09282, 0.00006, 0.01701, 0.00609, 0.14080, 0.00164, 0.05034, 0.11741
0.03213, 0.28889, 0.10484, 0.29331, 0.01517, 0.09914, 0.03074, 0.15327, 0.04142, 0.00520
0.02882, 0.00098, 0.00489, 0.01355, 0.01150, 0.02025, 0.08247, 0.01369, 0.00649, 0.13827
0.03624, 0.01215, 0.03700, 0.00368, 0.02774, 0.00076, 0.01205, 0.00504, 0.00968, 0.06061
0.10383, 0.00572, 0.02988, 0.01305, 0.04330, 0.02078, 0.09145, 0.10362, 0.07167, 0.18555
0.14341, 0.07977, 0.25105, 0.04346, 0.26859, 0.04140, 0.09702, 0.10115, 0.27521, 0.49531
0.08952, 0.07297, 0.06363, 0.02817, 0.08874, 0.00429, 0.02704, 0.09812, 0.04947, 0.66382
0.03104, 0.23034, 0.06801, 0.22920, 0.01165, 0.07322, 0.02562, 0.02921, 0.16190, 0.07997
0.11643, 0.09360, 0.16226, 0.02596, 0.08403, 0.01405, 0.04693, 0.05963, 0.12430, 0.62036
0.01543, 0.04019, 0.00419, 0.11408, 0.04237, 0.09264, 0.05417, 0.12318, 0.01027, 0.01378
0.01265, 0.00249, 0.04678, 0.09467, 0.01247, 0.04907, 0.05000, 0.06577, 0.11283, 0.04199
0.00501, 0.00750, 0.05462, 0.02608, 0.01243, 0.00090, 0.02101, 0.09823, 0.00953, 0.38496
0.00686, 0.04297, 0.02167, 0.10455, 0.02729, 0.03106, 0.00130, 0.00342, 0.07397, 0.02818
0.01429, 0.02246, 0.00866, 0.04535, 0.02874, 0.01380, 0.01408, 0.04114, 0.01992, 0.02362
0.42793, 0.10665, 0.36988, 0.05185, 0.41771, 0.02108, 0.05196, 0.01364, 0.03548, 0.58643
0.09045, 0.01842, 0.03720, 0.04031, 0.09674, 0.01525, 0.02248, 0.00660, 0.05752, 0.09839
0.09654, 0.08262, 0.08741, 0.02355, 0.10504, 0.00657, 0.05162, 0.01167, 0.19583, 0.29486
0.00109, 0.00458, 0.08312, 0.14725, 0.00033, 0.00307, 0.00790, 0.00752, 0.15362, 0.02541
0.09441, 0.04891, 0.13971, 0.01666, 0.07120, 0.00506, 0.03382, 0.02652, 0.02101, 0.37714
0.01198, 0.03807, 0.01788, 0.04380, 0.00605, 0.00369, 0.00185, 0.02621, 0.03671, 0.11563
0.00917, 0.02124, 0.02163, 0.08012, 0.01189, 0.01763, 0.00167, 0.02905, 0.04462, 0.13593
0.00305, 0.00420, 0.00034, 0.00083, 0.00249, 0.04664, 0.11284, 0.01750, 0.04800, 0.06013
0.09793, 0.02303, 0.11025, 0.00166, 0.12182, 0.01456, 0.05528, 0.15749, 0.02502, 0.66826
0.04999, 0.01444, 0.08883, 0.07174, 0.13541, 0.10910, 0.01644, 0.00425, 0.27574, 0.24625
1.08757, 0.31650, 0.95759, 0.00842, 1.24026, 0.04383, 0.39181, 0.07662, 0.53487, 2.43055
0.04286, 0.43058, 0.16777, 0.37461, 0.01730, 0.11201, 0.02558, 0.17565, 0.05618, 0.00532
0.02455, 0.02017, 0.07807, 0.05592, 0.01805, 0.01516, 0.00336, 0.03449, 0.16630, 0.25656
0.04031, 0.01303, 0.02692, 0.01138, 0.04852, 0.00438, 0.01020, 0.00061, 0.04779, 0.09811
0.49398, 0.10863, 0.36360, 0.03362, 0.46727, 0.00994, 0.10545, 0.02689, 0.11244, 0.81845
0.01654, 0.57011, 0.37632, 0.18692, 0.01715, 0.08962, 0.07409, 0.12556, 0.12132, 0.00139
0.02471, 0.02829, 0.04466, 0.01459, 0.01772, 0.01498, 0.00835, 0.17416, 0.00975, 0.18213
0.00125, 0.15758, 0.12060, 0.15800, 0.00123, 0.03743, 0.02938, 0.04435, 0.00886, 0.00210
0.08117, 0.00708, 0.05693, 0.02413, 0.09953, 0.02401, 0.00422, 0.10142, 0.07384, 0.12972
0.00064, 0.03050, 0.00699, 0.02283, 0.00590, 0.00271, 0.00770, 0.04122, 0.00458, 0.04279
0.16710, 0.04798, 0.08429, 0.02111, 0.16016, 0.01358, 0.04595, 0.00152, 0.17697, 0.28093
0.06175, 0.11442, 0.08848, 0.05388, 0.01020, 0.01160, 0.04188, 0.08749, 0.10436, 0.23470
0.01541, 0.17795, 0.06140, 0.14067, 0.01848, 0.05415, 0.01044, 0.07998, 0.02982, 0.01735
0.04615, 0.02245, 0.01517, 0.00778, 0.03763, 0.02078, 0.01893, 0.00308, 0.18061, 0.02321
0.02768, 0.07580, 0.01845, 0.01094, 0.03661, 0.00823, 0.02832, 0.05323, 0.05891, 0.23843
0.13043, 0.00619, 0.05411, 0.02142, 0.03065, 0.03158, 0.03261, 0.05326, 0.00454, 0.04053
0.09624, 0.04264, 0.00369, 0.13489, 0.18181, 0.09830, 0.00958, 0.01654, 0.52342, 0.32767
0.03089, 0.02380, 0.12270, 0.01891, 0.11419, 0.03013, 0.00491, 0.00869, 0.03121, 0.09262
0.05983, 0.00590, 0.03822, 0.01850, 0.05615, 0.03883, 0.01994, 0.00360, 0.16913, 0.24072
0.07237, 0.02844, 0.07288, 0.00432, 0.02782, 0.00176, 0.02022, 0.00612, 0.08313, 0.04660
0.00281, 0.04792, 0.03784, 0.05950, 0.00092, 0.00673, 0.00422, 0.00829, 0.02427, 0.00634
0.01051, 0.03738, 0.01957, 0.01837, 0.03841, 0.03068, 0.00379, 0.01501, 0.06764, 0.10915
0.02256, 0.05486, 0.07159, 0.04843, 0.00839, 0.00460, 0.02108, 0.05208, 0.13412, 0.11818
0.01136, 0.63412, 0.38757, 0.24447, 0.00390, 0.10899, 0.05152, 0.14969, 0.11545, 0.02045
0.03513, 0.01545, 0.07833, 0.06517, 0.12356, 0.09248, 0.00304, 0.00039, 0.15723, 0.10745
0.00907, 0.01375, 0.03837, 0.03696, 0.06469, 0.07479, 0.05312, 0.00687, 0.01639, 0.04902
0.03443, 0.07371, 0.12223, 0.07696, 0.00126, 0.02024, 0.09424, 0.01591, 0.33092, 0.04819
0.02730, 0.01259, 0.01988, 0.03138, 0.00340, 0.10678, 0.01823, 0.00187, 0.45021, 0.34781
0.03529, 0.01662, 0.00900, 0.00120, 0.03586, 0.00482, 0.01901, 0.22114, 0.00637, 0.30816
0.02924, 0.03611, 0.04522, 0.02019, 0.04787, 0.00510, 0.00693, 0.00004, 0.12726, 0.05881
0.14167, 0.36022, 0.27921, 0.03531, 0.17500, 0.01058, 0.11824, 0.02843, 0.06964, 0.26222
0.12683, 0.07819, 0.15310, 0.06931, 0.16796, 0.00796, 0.02227, 0.00380, 0.11799, 0.25971
0.05178, 0.72393, 0.44345, 0.47040, 0.00279, 0.08390, 0.02862, 0.16054, 0.11924, 0.02331
0.00236, 0.03354, 0.08083, 0.02579, 0.01673, 0.02950, 0.00037, 0.10117, 0.12993, 0.59285
0.02655, 0.21824, 0.15300, 0.32206, 0.00380, 0.01988, 0.04765, 0.07834, 0.07749, 0.10914
0.10782, 0.03368, 0.05424, 0.09837, 0.08430, 0.03321, 0.04632, 0.11848, 0.01370, 0.16571
0.31964, 0.05131, 0.35285, 0.06220, 0.50520, 0.04096, 0.12054, 0.01310, 0.11987, 1.36792
0.01154, 0.00479, 0.01069, 0.00259, 0.02036, 0.00317, 0.00479, 0.00028, 0.00309, 0.03554
0.92762, 0.26877, 0.73191, 0.01949, 1.00358, 0.03055, 0.29886, 0.02409, 0.40564, 1.87198
0.18418, 0.02237, 0.17998, 0.01949, 0.26268, 0.02195, 0.08081, 0.03362, 0.05629, 0.87434
0.05425, 0.01385, 0.09188, 0.01723, 0.11326, 0.06713, 0.00391, 0.00480, 0.14099, 0.36584
0.01456, 0.00632, 0.00324, 0.00277, 0.01375, 0.01308, 0.02019, 0.07832, 0.01080, 0.06301
0.81317, 0.28802, 0.66530, 0.01598, 0.83596, 0.02217, 0.20828, 0.02027, 0.30921, 1.17057
0.12462, 0.01592, 0.03946, 0.04554, 0.12454, 0.01869, 0.02344, 0.01780, 0.12310, 0.19467
0.25891, 0.27009, 0.52744, 0.07330, 0.32431, 0.01255, 0.03285, 0.02362, 0.46298, 0.45830
0.03802, 0.04830, 0.07565, 0.16526, 0.00167, 0.06386, 0.17776, 0.00789, 0.54720, 0.21614
0.09611, 0.11161, 0.12808, 0.09201, 0.10090, 0.01102, 0.04994, 0.01462, 0.33900, 0.12390
0.07518, 0.00291, 0.01072, 0.04695, 0.02275, 0.06363, 0.03924, 0.05842, 0.00173, 0.00192
0.07337, 0.13992, 0.22501, 0.00540, 0.09071, 0.00038, 0.04325, 0.01414, 0.04612, 0.06322
0.13768, 0.04852, 0.08105, 0.00431, 0.17463, 0.00844, 0.04421, 0.00017, 0.14094, 0.31337
0.00966, 0.00152, 0.00379, 0.00026, 0.00895, 0.04007, 0.02666, 0.01966, 0.07318, 0.17234
0.01489, 0.02088, 0.09481, 0.01632, 0.05636, 0.07043, 0.01163, 0.00226, 0.05234, 0.02063
0.03007, 0.00910, 0.02557, 0.01226, 0.04970, 0.00527, 0.01625, 0.00305, 0.01126, 0.07730
0.32958, 0.18737, 0.38325, 0.01113, 0.24953, 0.00533, 0.12610, 0.04129, 0.34721, 1.18161
0.01482, 0.01508, 0.02574, 0.00629, 0.03791, 0.03993, 0.01425, 0.01072, 0.25334, 0.59247
0.00964, 0.12060, 0.01829, 0.17665, 0.06712, 0.01795, 0.01359, 0.02062, 0.02391, 0.08245
0.02670, 0.30844, 0.18417, 0.11078, 0.04119, 0.07755, 0.01516, 0.04519, 0.25081, 0.13256
0.01874, 0.02681, 0.12849, 0.00763, 0.00088, 0.00254, 0.01160, 0.03564, 0.07918, 0.02604
0.12904, 0.59246, 0.33295, 0.05253, 0.16765, 0.03172, 0.11829, 0.06935, 0.17724, 0.30976
0.01243, 0.00561, 0.01731, 0.00234, 0.01591, 0.04023, 0.02016, 0.03247, 0.13959, 0.47954
0.01147, 0.01568, 0.00493, 0.00912, 0.02695, 0.03918, 0.03270, 0.08836, 0.09175, 0.23896
0.32636, 0.12816, 0.26647, 0.07934, 0.41518, 0.01944, 0.15356, 0.05019, 0.07025, 1.28105
0.69580, 0.23245, 0.52933, 0.11422, 0.66576, 0.01687, 0.11613, 0.04307, 0.11160, 1.03985
0.00928, 0.00471, 0.00319, 0.02447, 0.00789, 0.00602, 0.00570, 0.00488, 0.08865, 0.02027
0.00211, 0.00364, 0.00823, 0.00032, 0.01439, 0.04080, 0.03660, 0.00917, 0.03462, 0.07203
0.07203, 0.53541, 0.30826, 0.34482, 0.00149, 0.09588, 0.06013, 0.05718, 0.25457, 0.03717
0.00448, 0.02179, 0.04241, 0.00342, 0.00067, 0.00014, 0.00444, 0.00619, 0.00936, 0.01021
0.21644, 0.13774, 0.39378, 0.03053, 0.15358, 0.00594, 0.06741, 0.02414, 0.10001, 0.43358
0.04075, 0.26829, 0.14784, 0.35664, 0.00502, 0.03104, 0.06527, 0.05161, 0.18049, 0.15182
0.00790, 0.03170, 0.00160, 0.03341, 0.03099, 0.03451, 0.04379, 0.00783, 0.00090, 0.05671
0.79473, 0.21929, 0.74136, 0.02859, 0.73700, 0.02161, 0.25937, 0.06909, 0.22387, 1.59187
0.01821, 0.00488, 0.00243, 0.00523, 0.00536, 0.07738, 0.06519, 0.02454, 0.34052, 0.08899
0.01981, 0.05507, 0.04988, 0.25783, 0.03864, 0.00997, 0.00873, 0.05095, 0.18834, 0.30449
0.01409, 0.96448, 0.29259, 0.17521, 0.06841, 0.10774, 0.08570, 0.12400, 0.14585, 0.01937
0.02130, 0.05533, 0.03116, 0.04653, 0.03935, 0.00389, 0.00754, 0.00477, 0.08634, 0.05462
0.11263, 0.02233, 0.10723, 0.02461, 0.11064, 0.00842, 0.05581, 0.05830, 0.03618, 0.54551
0.02441, 0.08167, 0.00932, 0.19828, 0.01318, 0.14271, 0.05167, 0.01142, 0.17662, 0.09161
0.00034, 0.02473, 0.00683, 0.00777, 0.03176, 0.02558, 0.14968, 0.12900, 0.02039, 0.07487
0.07448, 0.21457, 0.02848, 0.13794, 0.17980, 0.04610, 0.02058, 0.04677, 0.00857, 0.27860
0.03268, 0.02159, 0.02533, 0.00732, 0.01658, 0.03353, 0.00267, 0.02342, 0.21878, 0.85982
0.11307, 0.03673, 0.09563, 0.01325, 0.15806, 0.00638, 0.02790, 0.00659, 0.01305, 0.19991
0.08447, 0.52833, 0.44204, 0.35954, 0.00002, 0.05145, 0.07095, 0.07393, 0.17640, 0.05815
0.01683, 0.12683, 0.26442, 0.02077, 0.02233, 0.01068, 0.03370, 0.03596, 0.13278, 0.00345
0.07238, 0.64423, 0.48162, 0.44166, 0.00084, 0.05986, 0.04036, 0.13139, 0.13947, 0.05313
0.07667, 0.44223, 0.29542, 0.47052, 0.00063, 0.04426, 0.10054, 0.05944, 0.23503, 0.10554
0.00809, 0.02194, 0.16784, 0.19287, 0.02390, 0.00504, 0.05830, 0.11377, 0.26228, 0.28796
0.00864, 0.00283, 0.00429, 0.00330, 0.00195, 0.03810, 0.02773, 0.02222, 0.11441, 0.44331
0.01401, 0.00321, 0.00917, 0.00134, 0.01541, 0.01072, 0.16351, 0.00140, 0.01444, 0.10645
0.01334, 0.00783, 0.10450, 0.00357, 0.01239, 0.02266, 0.01089, 0.18192, 0.04439, 0.57702
0.00896, 0.00493, 0.00028, 0.00350, 0.00866, 0.05524, 0.02547, 0.03881, 0.11443, 0.40727
0.00044, 0.12897, 0.03648, 0.18406, 0.10188, 0.17072, 0.00602, 0.02518, 0.09553, 0.04403
0.00569, 0.00354, 0.00753, 0.00082, 0.00423, 0.00909, 0.00198, 0.01260, 0.02975, 0.15427
0.00086, 0.01989, 0.00071, 0.01443, 0.00869, 0.00593, 0.03774, 0.04252, 0.01570, 0.03255
0.00804, 0.00237, 0.01810, 0.00090, 0.00883, 0.04273, 0.02116, 0.03327, 0.17524, 0.38177
0.05990, 0.00091, 0.10169, 0.01362, 0.03771, 0.00524, 0.01787, 0.05213, 0.00789, 0.23162
0.10979, 0.19476, 0.28428, 0.14536, 0.07664, 0.03240, 0.07691, 0.13663, 0.09145, 0.34149
0.14338, 0.13475, 0.22424, 0.01531, 0.06559, 0.00147, 0.10459, 0.06953, 0.09800, 0.59466
0.00934, 0.61921, 0.39843, 0.19859, 0.01119, 0.10852, 0.06312, 0.13093, 0.15330, 0.00120
0.07774, 0.64393, 0.44096, 0.57003, 0.00207, 0.07318, 0.03544, 0.14489, 0.12945, 0.04523
0.25962, 0.08255, 0.24941, 0.02560, 0.29429, 0.03073, 0.05485, 0.00955, 0.16847, 0.66416
0.09428, 0.01921, 0.23754, 0.07093, 0.15937, 0.02384, 0.00353, 0.00612, 0.04226, 0.20903
0.00426, 0.01871, 0.01820, 0.03410, 0.00476, 0.00521, 0.00370, 0.02449, 0.00302, 0.02469
0.05971, 0.02089, 0.06622, 0.00698, 0.09978, 0.00550, 0.03349, 0.00628, 0.01008, 0.21618
0.01944, 0.01810, 0.03720, 0.00981, 0.01642, 0.00382, 0.00064, 0.00513, 0.03047, 0.04451
0.11615, 0.02333, 0.01935, 0.07383, 0.12376, 0.03475, 0.01843, 0.02617, 0.37044, 0.22152
0.00118, 0.20466, 0.00320, 0.22313, 0.10655, 0.08352, 0.02326, 0.08010, 0.01166, 0.11370
0.16134, 0.00199, 0.01088, 0.21966, 0.27618, 0.10383, 0.01594, 0.13277, 0.41986, 0.61127
0.02710, 0.06946, 0.01195, 0.04359, 0.02775, 0.04206, 0.02381, 0.02136, 0.20019, 0.40658
0.04818, 0.00066, 0.05605, 0.03463, 0.02897, 0.05807, 0.03965, 0.04260, 0.28822, 0.53600
0.38106, 0.03456, 0.40749, 0.07752, 0.40634, 0.00737, 0.16403, 0.07476, 0.38856, 0.94855
0.03510, 0.00523, 0.00894, 0.00908, 0.00581, 0.01435, 0.12125, 0.05546, 0.02017, 0.13244
0.06950, 0.54781, 0.39985, 0.56133, 0.00453, 0.06142, 0.04463, 0.20723, 0.17000, 0.05142
0.18375, 0.11145, 0.24134, 0.01523, 0.13232, 0.00660, 0.06882, 0.01336, 0.07125, 0.39674
0.00157, 0.01041, 0.03057, 0.00468, 0.00603, 0.01213, 0.00508, 0.09685, 0.03568, 0.35363
0.06887, 0.07352, 0.00901, 0.11800, 0.15019, 0.05441, 0.01012, 0.01579, 0.28097, 0.33121
0.06607, 0.05089, 0.13161, 0.02005, 0.06423, 0.00275, 0.03480, 0.06807, 0.02334, 0.48883
0.01445, 0.00266, 0.03439, 0.06561, 0.00547, 0.02278, 0.11694, 0.02409, 0.03532, 0.09644
0.01523, 0.00825, 0.11227, 0.00637, 0.04339, 0.03399, 0.01594, 0.03667, 0.29817, 0.43031
0.00052, 0.09869, 0.02032, 0.33272, 0.01343, 0.15920, 0.06310, 0.04519, 0.56750, 0.35977
0.38309, 0.05848, 0.38214, 0.07966, 0.58455, 0.05070, 0.12441, 0.00566, 0.14971, 1.44806
0.08708, 0.04318, 0.15046, 0.04055, 0.09325, 0.00120, 0.04678, 0.08445, 0.02696, 0.83103
0.06417, 0.02236, 0.06074, 0.00145, 0.06659, 0.00450, 0.05794, 0.16020, 0.01970, 0.50269
0.01421, 0.21879, 0.08389, 0.29583, 0.00995, 0.02195, 0.02574, 0.05208, 0.02574, 0.00794
0.00678, 0.03183, 0.05562, 0.06287, 0.00554, 0.01148, 0.00847, 0.01365, 0.14954, 0.01784
0.00132, 0.00071, 0.00269, 0.00122, 0.00200, 0.03804, 0.02265, 0.02383, 0.08804, 0.30097
0.01058, 0.00273, 0.00181, 0.00017, 0.00402, 0.00184, 0.00508, 0.02662, 0.00159, 0.01783
0.00161, 0.00452, 0.00232, 0.00342, 0.00512, 0.00092, 0.01495, 0.00140, 0.00514, 0.01456
0.03640, 0.80736, 0.42316, 0.24430, 0.05887, 0.09700, 0.11093, 0.13951, 0.13958, 0.04933
0.01662, 0.10445, 0.02988, 0.07175, 0.01616, 0.01267, 0.10483, 0.01602, 0.08049, 0.05045
0.07090, 0.01878, 0.11241, 0.02474, 0.09157, 0.11925, 0.05657, 0.02322, 0.32956, 0.07756
0.21259, 0.06108, 0.13526, 0.03877, 0.24996, 0.05355, 0.04449, 0.00052, 0.26929, 0.80971
0.12996, 0.84675, 0.40651, 0.09491, 0.20409, 0.04784, 0.14303, 0.08388, 0.14510, 0.24242
0.02051, 0.05687, 0.02810, 0.25116, 0.01580, 0.16655, 0.03991, 0.09573, 0.65921, 0.44082
0.15936, 0.15440, 0.11225, 0.14981, 0.07650, 0.01425, 0.07034, 0.05365, 0.07085, 0.14730
0.00548, 0.09702, 0.01253, 0.13383, 0.02883, 0.00348, 0.01100, 0.00942, 0.02767, 0.05642
0.01223, 0.09864, 0.01557, 0.13182, 0.00031, 0.14503, 0.04360, 0.01140, 0.47782, 0.46663
0.01665, 0.03036, 0.02494, 0.01810, 0.00658, 0.03012, 0.01392, 0.00490, 0.23705, 0.01062
0.05481, 0.36369, 0.17366, 0.32271, 0.00157, 0.07135, 0.10511, 0.01989, 0.35988, 0.17437
0.01054, 0.00357, 0.01302, 0.00900, 0.00609, 0.02377, 0.16634, 0.00582, 0.00340, 0.08216
1.11300, 0.35036, 0.87502, 0.00353, 1.18550, 0.03064, 0.40402, 0.04876, 0.60135, 2.23551
0.00748, 0.17915, 0.09133, 0.03481, 0.01224, 0.02294, 0.01037, 0.04771, 0.11509, 0.08252
0.78151, 0.24271, 0.71067, 0.01162, 0.97013, 0.06047, 0.30085, 0.15038, 0.61923, 1.99523
0.95292, 0.23898, 0.66656, 0.02010, 1.06977, 0.07190, 0.36087, 0.22114, 0.76488, 2.66506
0.01616, 0.01901, 0.00187, 0.01322, 0.01961, 0.07568, 0.06234, 0.06037, 0.20161, 0.32254
0.15091, 0.02899, 0.06610, 0.06732, 0.20371, 0.09525, 0.03165, 0.00060, 0.45150, 0.24628
0.10292, 0.02613, 0.14010, 0.05053, 0.18663, 0.01220, 0.02414, 0.00132, 0.03634, 0.23174
0.13400, 0.10779, 0.25457, 0.03089, 0.17232, 0.00473, 0.06364, 0.03247, 0.22039, 0.49748
0.10599, 0.03506, 0.02192, 0.03863, 0.09142, 0.05537, 0.10406, 0.13356, 0.14183, 0.20140
0.01288, 0.03997, 0.04993, 0.05307, 0.11797, 0.04709, 0.02735, 0.17268, 0.03089, 0.08716
0.00751, 0.24194, 0.06408, 0.29220, 0.04331, 0.01647, 0.01144, 0.04525, 0.12513, 0.23024
0.09001, 0.00466, 0.04865, 0.01297, 0.09270, 0.03201, 0.03380, 0.01975, 0.10211, 0.50560
0.04035, 0.09928, 0.02633, 0.08431, 0.00767, 0.09405, 0.33331, 0.00999, 0.17449, 0.20407
0.07883, 0.00543, 0.11922, 0.02529, 0.07158, 0.07239, 0.00266, 0.02273, 0.19207, 0.14320
0.17199, 0.00614, 0.03770, 0.13818, 0.19922, 0.05105, 0.01616, 0.05152, 0.15299, 0.38105
0.00921, 0.05218, 0.01618, 0.03505, 0.01396, 0.00498, 0.00576, 0.04042, 0.05470, 0.15556
0.24012, 0.09544, 0.31096, 0.00137, 0.27669, 0.01387, 0.09706, 0.03659, 0.33005, 1.03977
0.09891, 0.03056, 0.01994, 0.00909, 0.04239, 0.03809, 0.08522, 0.12761, 0.08426, 0.18972
0.11738, 0.03015, 0.12704, 0.00566, 0.04770, 0.01802, 0.10967, 0.14897, 0.22751, 0.71783
0.13683, 0.04315, 0.07375, 0.00840, 0.15624, 0.08299, 0.02464, 0.05518, 0.72338, 1.22739
0.06543, 0.02648, 0.03418, 0.06815, 0.08133, 0.04263, 0.08147, 0.13805, 0.18088, 0.28248
0.01842, 0.01374, 0.00308, 0.06120, 0.01467, 0.07288, 0.12002, 0.07136, 0.00516, 0.03932
0.24544, 0.07765, 0.28263, 0.00302, 0.35278, 0.03309, 0.07066, 0.04689, 0.17205, 0.59933
0.00574, 0.03749, 0.02025, 0.12589, 0.00504, 0.01661, 0.01460, 0.03406, 0.00308, 0.00286
0.04647, 0.52246, 0.37875, 0.24099, 0.00225, 0.07290, 0.01477, 0.10504, 0.15281, 0.02423
0.03044, 0.08975, 0.02673, 0.14787, 0.00671, 0.13411, 0.16461, 0.00472, 0.18283, 0.13960
0.04423, 0.16932, 0.04510, 0.25040, 0.02588, 0.07090, 0.05458, 0.06948, 0.03458, 0.00994
0.00531, 0.00850, 0.01923, 0.00219, 0.02033, 0.06083, 0.11893, 0.01651, 0.08318, 0.09850
0.01431, 0.57990, 0.33456, 0.27129, 0.00460, 0.09740, 0.03968, 0.13922, 0.10331, 0.01251
0.05907, 0.03131, 0.09183, 0.04228, 0.03323, 0.00091, 0.04752, 0.05044, 0.05710, 0.25571
0.01060, 0.11964, 0.04592, 0.15754, 0.00217, 0.04689, 0.00978, 0.02929, 0.06703, 0.02353
0.02627, 0.06337, 0.04553, 0.02564, 0.04344, 0.01519, 0.00452, 0.13329, 0.04466, 0.22923
0.08624, 0.03365, 0.12032, 0.02252, 0.11149, 0.04663, 0.06298, 0.01372, 0.16854, 0.09394
0.00074, 0.00143, 0.00073, 0.00073, 0.00313, 0.00082, 0.00135, 0.01683, 0.00184, 0.05138
0.41286, 0.07056, 0.29901, 0.08374, 0.57715, 0.09015, 0.09204, 0.00347, 0.18442, 1.79136
0.02913, 0.00650, 0.01020, 0.02060, 0.00521, 0.03266, 0.29563, 0.02173, 0.03937, 0.16703
0.02784, 0.39936, 0.29931, 0.09456, 0.04084, 0.04193, 0.07753, 0.08346, 0.07884, 0.01311
0.13951, 0.08847, 0.18648, 0.05360, 0.11495, 0.02563, 0.16517, 0.21175, 0.25782, 0.84659
0.03058, 0.26279, 0.17166, 0.09777, 0.00342, 0.09751, 0.03983, 0.03098, 0.22514, 0.00268
0.01868, 0.57329, 0.37493, 0.26522, 0.01359, 0.09583, 0.07057, 0.13582, 0.13838, 0.00651
0.01235, 0.15062, 0.03537, 0.24412, 0.00028, 0.06540, 0.03191, 0.03644, 0.05120, 0.03675
0.01182, 0.01275, 0.08816, 0.01764, 0.01314, 0.03836, 0.00582, 0.05706, 0.22739, 0.79076
0.02655, 0.01971, 0.02916, 0.09192, 0.06045, 0.08450, 0.02727, 0.08860, 0.00148, 0.07045
0.00617, 0.12390, 0.04520, 0.16191, 0.00300, 0.01564, 0.00713, 0.01734, 0.02529, 0.00751
0.10210, 0.02784, 0.10039, 0.00685, 0.15704, 0.00360, 0.04844, 0.00948, 0.01028, 0.29643
0.11088, 0.02271, 0.12381, 0.01862, 0.10033, 0.06818, 0.07399, 0.01108, 0.31212, 0.05492
0.01032, 0.02713, 0.06999, 0.02262, 0.02913, 0.00963, 0.06486, 0.05863, 0.03760, 0.16215
0.01122, 0.00188, 0.01738, 0.00078, 0.00796, 0.01899, 0.02461, 0.02729, 0.05141, 0.16518
0.02879, 0.29727, 0.08330, 0.08032, 0.02988, 0.07657, 0.00035, 0.03442, 0.22915, 0.01762
0.00808, 0.04560, 0.00540, 0.01723, 0.00365, 0.08745, 0.08211, 0.00298, 0.18650, 0.12072
0.02903, 0.09420, 0.00567, 0.18381, 0.04034, 0.11295, 0.05131, 0.09078, 0.01547, 0.02094
0.02990, 0.02029, 0.06475, 0.01379, 0.01544, 0.00048, 0.01890, 0.00285, 0.08077, 0.01563
0.26294, 0.05583, 0.14634, 0.07784, 0.38835, 0.05443, 0.05170, 0.02913, 0.16796, 1.04679
0.07584, 0.01241, 0.06423, 0.01281, 0.04512, 0.06187, 0.07687, 0.02801, 0.25958, 0.31221
0.10434, 0.03439, 0.01257, 0.09491, 0.06754, 0.07979, 0.01577, 0.00185, 0.72287, 0.09229
0.10919, 0.06710, 0.18407, 0.00769, 0.03688, 0.00563, 0.01578, 0.00216, 0.04363, 0.06371
0.04491, 0.07308, 0.12739, 0.03947, 0.05707, 0.03596, 0.01119, 0.02237, 0.27200, 0.29904
0.19576, 0.09902, 0.21185, 0.05582, 0.11553, 0.00765, 0.13313, 0.17146, 0.32141, 0.43975
0.04309, 0.02581, 0.06263, 0.00355, 0.01268, 0.00044, 0.00072, 0.00285, 0.02928, 0.04040
0.06700, 0.06570, 0.01252, 0.06740, 0.12197, 0.01180, 0.03037, 0.03928, 0.06158, 0.51879
0.02242, 0.02316, 0.02556, 0.01171, 0.02653, 0.00190, 0.01775, 0.00086, 0.11007, 0.05442
0.03521, 0.29792, 0.24281, 0.03913, 0.08192, 0.02134, 0.08431, 0.03462, 0.05564, 0.13543
0.04158, 0.10777, 0.02355, 0.07468, 0.04408, 0.00175, 0.02670, 0.12372, 0.02799, 0.37646
0.07913, 0.01907, 0.09059, 0.00734, 0.03762, 0.00300, 0.02361, 0.02721, 0.02269, 0.27922
0.02485, 0.00830, 0.01511, 0.01886, 0.00686, 0.04118, 0.12662, 0.05682, 0.01263, 0.08160
0.10068, 0.16320, 0.10843, 0.13835, 0.05644, 0.02220, 0.03674, 0.05503, 0.04990, 0.09647
0.01889, 0.01054, 0.02512, 0.00151, 0.04093, 0.00655, 0.00761, 0.02296, 0.02653, 0.03697
0.00092, 0.02355, 0.00612, 0.04213, 0.00457, 0.01434, 0.00897, 0.01742, 0.07064, 0.06734
0.00692, 0.01066, 0.02311, 0.05320, 0.00670, 0.07217, 0.04610, 0.00636, 0.18291, 0.26808
0.00523, 0.00302, 0.02795, 0.01375, 0.00241, 0.00195, 0.01090, 0.07216, 0.00854, 0.08385
0.33977, 0.07519, 0.31911, 0.02674, 0.21250, 0.01509, 0.09142, 0.02932, 0.07905, 0.72279
0.00406, 0.01334, 0.02723, 0.00472, 0.03163, 0.09167, 0.05470, 0.01413, 0.07362, 0.04791
0.07108, 0.00273, 0.00987, 0.03936, 0.12154, 0.02558, 0.01893, 0.02062, 0.11034, 0.64036
0.11192, 0.06548, 0.00614, 0.09558, 0.23474, 0.04397, 0.01488, 0.01811, 0.26713, 0.62606
0.00240, 0.07834, 0.00653, 0.33021, 0.04702, 0.03083, 0.06458, 0.06170, 0.12548, 0.12081
0.09054, 0.08749, 0.02644, 0.09024, 0.13935, 0.01657, 0.02208, 0.04169, 0.14394, 0.57969
0.03216, 0.06794, 0.03945, 0.11245, 0.02770, 0.00823, 0.00041, 0.05922, 0.07636, 0.28415
0.03462, 0.12837, 0.04307, 0.00588, 0.07665, 0.01084, 0.02017, 0.02643, 0.14487, 0.21659
0.03662, 0.03805, 0.09892, 0.05473, 0.00182, 0.00104, 0.01333, 0.02429, 0.03865, 0.08187
0.00457, 0.00540, 0.04546, 0.00584, 0.02450, 0.04611, 0.14927, 0.04980, 0.00920, 0.13909
0.00325, 0.10064, 0.01382, 0.11290, 0.01114, 0.00144, 0.00829, 0.00599, 0.05376, 0.03469
0.02319, 0.01144, 0.01278, 0.00854, 0.00988, 0.09004, 0.08508, 0.01845, 0.19323, 0.36986
0.04694, 0.01592, 0.04546, 0.00753, 0.04350, 0.05726, 0.07158, 0.03135, 0.14431, 0.14804
0.00023, 0.03751, 0.13065, 0.01736, 0.00679, 0.00370, 0.02425, 0.00565, 0.10318, 0.01155
0.00954, 0.15532, 0.02064, 0.15299, 0.05604, 0.11116, 0.00133, 0.01059, 0.11518, 0.06110
0.04055, 0.00339, 0.00927, 0.01441, 0.00872, 0.01675, 0.05101, 0.07250, 0.00266, 0.11557
0.00146, 0.02628, 0.02286, 0.02361, 0.02494, 0.09508, 0.02637, 0.02419, 0.18035, 0.10975
0.07701, 0.05063, 0.01062, 0.04478, 0.14411, 0.01654, 0.00740, 0.00064, 0.10897, 0.38832
0.00388, 0.03216, 0.06758, 0.02723, 0.00731, 0.00448, 0.00417, 0.01145, 0.11699, 0.01874
0.00389, 0.02473, 0.04985, 0.10725, 0.01795, 0.04129, 0.02474, 0.08946, 0.25974, 0.04955
0.05713, 0.51949, 0.39050, 0.52699, 0.00015, 0.05824, 0.06880, 0.19382, 0.13385, 0.11099
0.15166, 0.02896, 0.08345, 0.13620, 0.22091, 0.04296, 0.02939, 0.02544, 0.10100, 0.34457
0.06916, 0.34064, 0.00203, 0.16390, 0.15849, 0.04160, 0.03093, 0.03942, 0.02534, 0.21398
0.09350, 0.02088, 0.08336, 0.02260, 0.13365, 0.05406, 0.00147, 0.00632, 0.23442, 0.17198
0.03704, 0.01510, 0.01790, 0.00039, 0.03125, 0.00963, 0.06156, 0.00316, 0.02475, 0.12907
0.04911, 0.01135, 0.04551, 0.04329, 0.12848, 0.04053, 0.00857, 0.07412, 0.07155, 0.52000
0.00859, 0.09794, 0.14888, 0.13120, 0.00669, 0.02451, 0.06166, 0.21824, 0.17842, 0.36222
0.00208, 0.01712, 0.02285, 0.07517, 0.00173, 0.00864, 0.00156, 0.02637, 0.03804, 0.16063
0.04743, 0.44500, 0.30985, 0.06225, 0.06723, 0.03257, 0.08209, 0.07849, 0.13222, 0.04713
0.31774, 0.21446, 0.46566, 0.06160, 0.36664, 0.03023, 0.00820, 0.05452, 0.56356, 1.06670
0.02402, 0.00625, 0.00901, 0.00441, 0.01412, 0.04933, 0.02407, 0.02111, 0.10606, 0.26523
0.02940, 0.02275, 0.00606, 0.03916, 0.02271, 0.00940, 0.01722, 0.13555, 0.02539, 0.27622
0.05007, 0.02753, 0.02567, 0.02063, 0.06812, 0.00894, 0.03634, 0.07313, 0.00199, 0.30732
0.30853, 0.09321, 0.24618, 0.02687, 0.36886, 0.01734, 0.09908, 0.00272, 0.14759, 0.59289
0.00219, 0.02969, 0.21367, 0.07462, 0.00277, 0.00496, 0.01161, 0.00922, 0.24951, 0.04902
0.02081, 0.03233, 0.00302, 0.03283, 0.00681, 0.01859, 0.01822, 0.01843, 0.10944, 0.22766
0.04777, 0.02687, 0.05358, 0.00204, 0.04123, 0.00167, 0.02068, 0.00216, 0.00485, 0.09143
0.03406, 0.03343, 0.11361, 0.02609, 0.12164, 0.08576, 0.02905, 0.09386, 0.08716, 0.08106
0.00280, 0.01162, 0.00695, 0.05237, 0.00198, 0.01458, 0.00925, 0.00051, 0.06449, 0.04334
0.00297, 0.00818, 0.00445, 0.01748, 0.01583, 0.00553, 0.06280, 0.00000, 0.00517, 0.06425
0.03947, 0.02918, 0.00449, 0.02902, 0.01887, 0.02460, 0.00606, 0.17527, 0.06165, 0.31009
0.09855, 0.10428, 0.05839, 0.12005, 0.14238, 0.00121, 0.04923, 0.00671, 0.07675, 0.21216
0.06941, 0.35821, 0.29261, 0.21798, 0.00060, 0.06044, 0.10793, 0.02988, 0.37503, 0.05510
0.00161, 0.08713, 0.02939, 0.07071, 0.00504, 0.01995, 0.03080, 0.14768, 0.02853, 0.27661
0.09485, 0.01949, 0.20767, 0.01674, 0.21081, 0.05720, 0.01137, 0.02009, 0.09153, 0.51350
0.04919, 0.00060, 0.02534, 0.06072, 0.06384, 0.11454, 0.00501, 0.00152, 0.38599, 0.19700
0.04132, 0.75152, 0.37180, 0.16884, 0.07366, 0.07958, 0.10595, 0.11919, 0.13532, 0.06428
0.00769, 0.00636, 0.06713, 0.00353, 0.01653, 0.00125, 0.01778, 0.06896, 0.04967, 0.19724
0.50716, 0.09714, 0.33886, 0.01899, 0.51397, 0.05933, 0.23953, 0.26481, 0.46533, 1.58032
0.04419, 0.02372, 0.02990, 0.02957, 0.04672, 0.00324, 0.01732, 0.00247, 0.06461, 0.07389
0.08247, 0.00063, 0.00007, 0.10353, 0.06969, 0.08414, 0.00744, 0.04954, 0.33315, 0.27629
0.01883, 0.04890, 0.09997, 0.06718, 0.00600, 0.01972, 0.02887, 0.14494, 0.00439, 0.19610
0.02426, 0.09704, 0.04497, 0.11189, 0.09680, 0.09401, 0.00328, 0.03963, 0.05003, 0.10893
0.22966, 0.01005, 0.15080, 0.05670, 0.31094, 0.02180, 0.09072, 0.01134, 0.09925, 0.95747
0.02853, 0.28782, 0.23887, 0.16839, 0.00063, 0.02266, 0.03214, 0.05623, 0.05317, 0.01978
0.45631, 0.09143, 0.33622, 0.06863, 0.53387, 0.07016, 0.09764, 0.00760, 0.18893, 1.08376
0.04112, 0.29201, 0.15806, 0.20840, 0.00928, 0.02872, 0.00588, 0.16823, 0.03650, 0.03855
0.12130, 0.04268, 0.04623, 0.09863, 0.09543, 0.02549, 0.04238, 0.06381, 0.01505, 0.08265
0.03645, 0.00921, 0.05642, 0.02634, 0.08024, 0.00793, 0.00671, 0.00158, 0.01697, 0.08798
0.05894, 0.01772, 0.00098, 0.07377, 0.10382, 0.02085, 0.00440, 0.01867, 0.12658, 0.37432
0.00294, 0.00514, 0.00339, 0.02775, 0.00624, 0.01006, 0.00269, 0.01274, 0.01325, 0.06440
0.05024, 0.03517, 0.18941, 0.04718, 0.12375, 0.01985, 0.03431, 0.05721, 0.02584, 0.46670
0.01302, 0.01865, 0.00711, 0.04446, 0.03999, 0.02211, 0.03775, 0.14430, 0.05187, 0.07021
0.03326, 0.01897, 0.05754, 0.01066, 0.02843, 0.00239, 0.01260, 0.03117, 0.02093, 0.45501
0.01444, 0.23269, 0.09764, 0.29487, 0.01125, 0.05342, 0.03375, 0.08181, 0.03224, 0.00079
0.01513, 0.17063, 0.18977, 0.00843, 0.02829, 0.00659, 0.02215, 0.01342, 0.10264, 0.00852
0.25971, 0.00039, 0.05364, 0.24447, 0.27617, 0.19184, 0.00616, 0.08539, 0.95727, 0.38418
0.00390, 0.01386, 0.03171, 0.00011, 0.02856, 0.04498, 0.18204, 0.01079, 0.07010, 0.16107
0.02299, 0.01509, 0.01357, 0.00653, 0.03288, 0.01536, 0.02826, 0.13559, 0.03876, 0.33632
0.10365, 0.03947, 0.04875, 0.00619, 0.12136, 0.00802, 0.03466, 0.00147, 0.18054, 0.20656
0.02680, 0.14070, 0.04111, 0.17204, 0.01340, 0.06432, 0.08936, 0.04320, 0.00388, 0.02359
0.20494, 0.05482, 0.13159, 0.00604, 0.24202, 0.00990, 0.05853, 0.00060, 0.13357, 0.34943
0.04404, 0.55913, 0.38148, 0.40226, 0.00151, 0.07493, 0.02656, 0.17015, 0.11548, 0.01489
0.01391, 0.04656, 0.08241, 0.03928, 0.03125, 0.00285, 0.01379, 0.00504, 0.08831, 0.01354
0.10711, 0.04311, 0.14890, 0.02634, 0.11860, 0.00416, 0.03830, 0.05216, 0.03227, 0.52912
0.00171, 0.00396, 0.02695, 0.03373, 0.01028, 0.03043, 0.04782, 0.03084, 0.04127, 0.03939
0.07931, 0.43160, 0.33270, 0.48638, 0.00149, 0.02205, 0.10137, 0.11250, 0.15881, 0.11377
0.00605, 0.00104, 0.00996, 0.01605, 0.00370, 0.08813, 0.09367, 0.03759, 0.24871, 0.20446
0.21614, 0.06647, 0.09867, 0.01614, 0.28375, 0.01621, 0.05269, 0.00145, 0.16432, 0.48556
0.17835, 0.24112, 0.15798, 0.17887, 0.31937, 0.03243, 0.13622, 0.15000, 0.05455, 0.95150
0.04307, 0.01652, 0.03135, 0.00206, 0.06086, 0.00214, 0.01056, 0.00209, 0.01072, 0.06664
0.00539, 0.01465, 0.00837, 0.04172, 0.00333, 0.00051, 0.00000, 0.00085, 0.01894, 0.00607
0.06223, 0.08955, 0.26793, 0.02746, 0.10467, 0.00537, 0.04736, 0.03202, 0.13707, 0.35104
0.02048, 0.24821, 0.05219, 0.27840, 0.02014, 0.09002, 0.02769, 0.14748, 0.02849, 0.02274
0.04978, 0.01638, 0.01174, 0.05404, 0.03704, 0.07473, 0.01245, 0.03987, 0.21187, 0.33374
0.14262, 0.03277, 0.12298, 0.00550, 0.14885, 0.01056, 0.06680, 0.01512, 0.08367, 0.29873
0.05734, 0.95672, 0.39331, 0.12969, 0.11873, 0.10676, 0.08949, 0.09858, 0.21731, 0.13893
0.02104, 0.14979, 0.09651, 0.12600, 0.00397, 0.04099, 0.01033, 0.11815, 0.04024, 0.05621
0.15973, 0.01996, 0.02177, 0.09896, 0.07253, 0.07152, 0.09624, 0.07136, 0.05825, 0.03901
0.04043, 0.00077, 0.03129, 0.01239, 0.03797, 0.00320, 0.04635, 0.10798, 0.01132, 0.38179
0.18665, 0.06671, 0.22010, 0.03909, 0.22302, 0.00009, 0.03260, 0.02432, 0.09011, 0.66803
0.50398, 0.04858, 0.21705, 0.00667, 0.37282, 0.03678, 0.14609, 0.07386, 0.25433, 0.76455
0.07392, 0.58502, 0.43459, 0.48185, 0.00142, 0.06536, 0.02581, 0.14502, 0.11895, 0.04699
0.06349, 0.45644, 0.34342, 0.55444, 0.00159, 0.04616, 0.07868, 0.14845, 0.14388, 0.10406
0.10207, 0.03104, 0.11685, 0.02289, 0.09048, 0.00216, 0.02368, 0.01435, 0.02563, 0.30175
0.01571, 0.18012, 0.03661, 0.19904, 0.02032, 0.09146, 0.02116, 0.11095, 0.01879, 0.03259
0.18784, 0.03140, 0.17075, 0.03795, 0.18517, 0.01714, 0.01969, 0.03007, 0.05954, 0.21138
0.00335, 0.06121, 0.00007, 0.04449, 0.00553, 0.12032, 0.10701, 0.05950, 0.38009, 0.31830
0.00827, 0.03063, 0.01159, 0.04337, 0.01486, 0.00486, 0.00033, 0.02016, 0.02777, 0.11048
0.03440, 0.02112, 0.06321, 0.00851, 0.02040, 0.00011, 0.01388, 0.03086, 0.01973, 0.37976
0.14382, 0.04734, 0.19392, 0.02514, 0.20191, 0.03991, 0.05336, 0.02491, 0.11975, 0.46029
0.02677, 0.00617, 0.01554, 0.00298, 0.01117, 0.00015, 0.00097, 0.02007, 0.00102, 0.07857
0.01822, 0.00233, 0.07433, 0.01534, 0.01548, 0.02035, 0.00066, 0.07637, 0.09339, 0.47122
0.12020, 0.01250, 0.09009, 0.01582, 0.13245, 0.02520, 0.03710, 0.00469, 0.10413, 0.30904
0.06169, 0.01078, 0.02174, 0.00131, 0.02232, 0.09394, 0.12350, 0.04929, 0.33950, 0.23036
0.06067, 0.02708, 0.11104, 0.02065, 0.14635, 0.03855, 0.00954, 0.06765, 0.03384, 0.07700
0.01426, 0.03715, 0.02251, 0.02201, 0.02944, 0.00457, 0.00309, 0.00223, 0.04162, 0.08061
0.34882, 0.05577, 0.22047, 0.03523, 0.28075, 0.00762, 0.03903, 0.01917, 0.02881, 0.37439
0.06110, 0.08067, 0.23871, 0.04269, 0.12815, 0.00463, 0.03415, 0.00443, 0.04760, 0.06874
0.00158, 0.00704, 0.01249, 0.00094, 0.00046, 0.00078, 0.00440, 0.02402, 0.00227, 0.13362
0.07753, 0.02150, 0.01100, 0.05489, 0.06815, 0.02350, 0.01206, 0.00213, 0.19994, 0.09696
0.08248, 0.49584, 0.30531, 0.49268, 0.00241, 0.05208, 0.07047, 0.09959, 0.16641, 0.09969
0.03802, 0.16497, 0.08081, 0.31718, 0.00713, 0.04119, 0.02405, 0.05363, 0.01248, 0.00207
0.01203, 0.08670, 0.03218, 0.07805, 0.00609, 0.04698, 0.01294, 0.10665, 0.02114, 0.03906
0.07686, 0.71230, 0.43471, 0.55775, 0.00267, 0.08235, 0.04027, 0.15674, 0.12328, 0.03257
0.03580, 0.02491, 0.11751, 0.02017, 0.10304, 0.08276, 0.01714, 0.01057, 0.11633, 0.06461
0.42182, 0.08624, 0.41376, 0.04779, 0.54401, 0.01829, 0.20224, 0.02212, 0.09376, 1.36424
0.36051, 0.05590, 0.19059, 0.07403, 0.43214, 0.03848, 0.09186, 0.00451, 0.22621, 0.87992
0.14169, 0.02540, 0.18822, 0.00047, 0.03569, 0.01250, 0.05829, 0.02614, 0.16803, 0.64258
0.00841, 0.00749, 0.02571, 0.00439, 0.03523, 0.03004, 0.07832, 0.00563, 0.02896, 0.05416
0.27881, 0.22143, 0.23569, 0.17766, 0.24256, 0.01212, 0.11249, 0.12158, 0.09787, 0.47643
0.01648, 0.00907, 0.01868, 0.06134, 0.01503, 0.01879, 0.05084, 0.01319, 0.03282, 0.06750
0.01747, 0.00541, 0.01861, 0.00324, 0.00511, 0.00983, 0.30217, 0.00017, 0.05165, 0.09600
0.02820, 0.52416, 0.31913, 0.28782, 0.00691, 0.06832, 0.01873, 0.12438, 0.11064, 0.05126
0.01167, 0.02347, 0.00477, 0.00676, 0.00201, 0.09330, 0.24133, 0.02680, 0.16150, 0.16084
0.00774, 0.01516, 0.01437, 0.00397, 0.00175, 0.00909, 0.08329, 0.00464, 0.01521, 0.03112
0.06314, 0.69611, 0.44175, 0.50628, 0.00340, 0.07749, 0.03294, 0.15134, 0.13572, 0.03252
0.00468, 0.01568, 0.16600, 0.01922, 0.09600, 0.06508, 0.06415, 0.05776, 0.04288, 0.30058
0.00029, 0.01413, 0.00885, 0.00939, 0.00777, 0.03320, 0.02455, 0.10927, 0.05414, 0.41135
0.00275, 0.03378, 0.01016, 0.01876, 0.00223, 0.00019, 0.04108, 0.01081, 0.03393, 0.03963
0.29999, 0.08965, 0.30530, 0.03035, 0.16088, 0.00417, 0.16107, 0.09297, 0.18305, 0.91679
0.14150, 0.03401, 0.09973, 0.03821, 0.11364, 0.04477, 0.08566, 0.03614, 0.28332, 0.22126
0.01575, 0.59621, 0.37816, 0.24438, 0.00291, 0.08819, 0.03952, 0.14426, 0.10438, 0.02834
0.18784, 0.06305, 0.20285, 0.00206, 0.12444, 0.00454, 0.01902, 0.01183, 0.27894, 0.97246
0.07725, 0.05028, 0.02985, 0.10606, 0.09668, 0.07100, 0.10779, 0.16878, 0.25405, 0.27883
0.00645, 0.00569, 0.07726, 0.02323, 0.03168, 0.01491, 0.01542, 0.05722, 0.00770, 0.27008
0.11553, 0.02789, 0.04040, 0.02360, 0.10589, 0.02548, 0.02249, 0.15814, 0.06052, 0.70051
0.22830, 0.05015, 0.13470, 0.04648, 0.22277, 0.02786, 0.08699, 0.00784, 0.26961, 0.25344
0.29698, 0.27021, 0.52057, 0.06783, 0.27691, 0.01351, 0.01603, 0.02573, 0.46331, 0.68827
0.07574, 0.01995, 0.05014, 0.00381, 0.05850, 0.03700, 0.06382, 0.01568, 0.21937, 0.03482
0.02159, 0.37469, 0.16529, 0.31955, 0.00600, 0.08152, 0.02267, 0.14555, 0.05123, 0.01260
0.05001, 0.01888, 0.02789, 0.00843, 0.01915, 0.04580, 0.06444, 0.01989, 0.00052, 0.01576
0.05593, 0.03927, 0.03326, 0.06443, 0.05720, 0.00322, 0.02400, 0.00652, 0.16779, 0.10050
0.21476, 0.07994, 0.26286, 0.04416, 0.24386, 0.00363, 0.06372, 0.02427, 0.06552, 0.65058
0.08584, 0.01608, 0.05859, 0.00323, 0.07499, 0.00521, 0.04599, 0.11891, 0.02226, 0.53053
0.12087, 0.83195, 0.37077, 0.09417, 0.20239, 0.04590, 0.13696, 0.07890, 0.14670, 0.23347
0.00898, 0.01610, 0.06734, 0.00446, 0.00871, 0.00326, 0.01551, 0.00035, 0.01569, 0.01259
0.00928, 0.01042, 0.00015, 0.00487, 0.00942, 0.03291, 0.00775, 0.06089, 0.06210, 0.33952
0.00369, 0.04939, 0.00956, 0.05131, 0.02611, 0.00550, 0.02075, 0.09047, 0.01236, 0.12416
0.08617, 0.00750, 0.00035, 0.12315, 0.08044, 0.11360, 0.02544, 0.00536, 0.73946, 0.22273
0.10241, 0.08698, 0.17173, 0.02404, 0.01926, 0.00416, 0.07242, 0.09630, 0.09624, 0.52321
0.06400, 0.01237, 0.00092, 0.08465, 0.06456, 0.02668, 0.00821, 0.00891, 0.20443, 0.10340
0.26646, 0.22503, 0.44287, 0.04923, 0.25970, 0.01546, 0.01050, 0.03444, 0.37164, 0.74451
0.01501, 0.09767, 0.02903, 0.16367, 0.00792, 0.03522, 0.00548, 0.01505, 0.07044, 0.02108
0.22126, 0.09543, 0.34285, 0.07485, 0.30691, 0.00959, 0.07794, 0.10977, 0.05293, 0.93555
0.06358, 0.01082, 0.15378, 0.03206, 0.04271, 0.00567, 0.00284, 0.02616, 0.16699, 0.21650
0.01892, 0.04834, 0.03022, 0.05573, 0.04480, 0.00395, 0.00449, 0.00899, 0.02599, 0.02945
0.01637, 0.11409, 0.05719, 0.43570, 0.00869, 0.10701, 0.11714, 0.08276, 0.65076, 0.46183
0.19114, 0.03747, 0.07035, 0.02510, 0.16847, 0.01525, 0.04903, 0.07757, 0.15401, 0.43115
0.00372, 0.00405, 0.00404, 0.01192, 0.00482, 0.01724, 0.00802, 0.01365, 0.03103, 0.07995
0.06626, 0.65376, 0.44376, 0.46824, 0.00167, 0.06803, 0.02275, 0.14579, 0.11527, 0.03107
0.00472, 0.00842, 0.00385, 0.00852, 0.01167, 0.00978, 0.00176, 0.02194, 0.01932, 0.00697
0.03324, 0.06370, 0.00544, 0.23468, 0.06657, 0.14083, 0.03363, 0.01184, 0.59495, 0.27529
0.00150, 0.00164, 0.01895, 0.00337, 0.00908, 0.00417, 0.00492, 0.02631, 0.00703, 0.10954
0.01659, 0.00443, 0.02003, 0.03677, 0.00541, 0.01978, 0.17921, 0.01816, 0.01642, 0.09069
0.03696, 0.03047, 0.03998, 0.15984, 0.06792, 0.06237, 0.04612, 0.19127, 0.26731, 0.22521
0.00224, 0.32571, 0.08846, 0.19023, 0.00677, 0.05557, 0.03439, 0.08181, 0.05823, 0.04418
0.10538, 0.01475, 0.07663, 0.02996, 0.09089, 0.00442, 0.01044, 0.00144, 0.01676, 0.14351
0.19160, 0.04490, 0.25260, 0.02439, 0.29432, 0.02480, 0.05970, 0.02600, 0.05321, 0.90118
0.03459, 0.02509, 0.00374, 0.13375, 0.04400, 0.00530, 0.01991, 0.00954, 0.07783, 0.06769
0.05730, 0.69886, 0.46138, 0.41568, 0.00437, 0.08132, 0.02985, 0.15558, 0.13286, 0.04153
0.01620, 0.01327, 0.00124, 0.11257, 0.05597, 0.08009, 0.01688, 0.09112, 0.27373, 0.06473
0.11128, 0.17260, 0.01270, 0.08350, 0.20321, 0.03230, 0.02105, 0.01211, 0.08293, 0.37561
0.35953, 0.38246, 0.44050, 0.17788, 0.43408, 0.00889, 0.17392, 0.12461, 0.16937, 1.15873
0.06838, 0.04469, 0.21006, 0.04391, 0.09906, 0.00260, 0.02004, 0.04958, 0.04483, 0.53347
0.65671, 0.07490, 0.43187, 0.14485, 0.83700, 0.11587, 0.12697, 0.03641, 0.29714, 2.04037
0.00119, 0.00070, 0.00235, 0.00318, 0.00122, 0.00028, 0.00124, 0.00479, 0.02410, 0.01964
0.00803, 0.15617, 0.18299, 0.04137, 0.00584, 0.02261, 0.03625, 0.04073, 0.09531, 0.00513
0.00354, 0.05571, 0.02249, 0.08238, 0.00290, 0.00791, 0.00034, 0.01422, 0.05697, 0.02505
0.42025, 0.10320, 0.16396, 0.02912, 0.34955, 0.01639, 0.13973, 0.05500, 0.35798, 0.74138
0.05399, 0.18753, 0.10004, 0.30720, 0.00032, 0.05389, 0.06786, 0.11441, 0.05140, 0.04891
0.04829, 0.68860, 0.32225, 0.12052, 0.08547, 0.06608, 0.10522, 0.11424, 0.15024, 0.12154
0.02245, 0.74164, 0.44601, 0.40899, 0.00300, 0.10581, 0.06097, 0.16452, 0.13354, 0.00072
0.00513, 0.11477, 0.01887, 0.17202, 0.03196, 0.00303, 0.01960, 0.04805, 0.04051, 0.02350
0.85489, 0.25300, 0.92879, 0.00948, 1.12458, 0.07954, 0.37461, 0.21193, 0.62559, 2.48941
0.02059, 0.08434, 0.02454, 0.05234, 0.00376, 0.02476, 0.16992, 0.00471, 0.06738, 0.07128
0.13234, 0.15766, 0.40546, 0.06492, 0.20812, 0.00093, 0.06368, 0.00905, 0.11848, 0.12193
0.04976, 0.19983, 0.06414, 0.20740, 0.01325, 0.10429, 0.02098, 0.16894, 0.02674, 0.02309
0.01581, 0.01056, 0.02854, 0.00455, 0.01221, 0.00001, 0.00805, 0.01995, 0.00401, 0.17756
0.01268, 0.00626, 0.02507, 0.01639, 0.01437, 0.00260, 0.00279, 0.01307, 0.00505, 0.02387
0.02550, 0.61677, 0.38561, 0.24979, 0.02701, 0.09413, 0.08674, 0.14765, 0.14500, 0.03775
