-6.462765,-2.579457,-11.428986,-7.288829,-12.234552,-9.033834,-11.966310,-5.649745,-5.380714,-6.615660
-1.811330,-1.213692,-7.252307,-4.182677,-2.846275,-1.885104,-11.758363,-12.305443,-8.678807,-2.750956
-4.667734,-3.949352,-11.775456,-2.917040,-16.282896,-3.404678,-6.010057,-4.638534,-10.745496,-7.589882
-10.367935,-4.961302,-7.786826,-9.065462,-5.379730,-11.299666,-5.369834,-9.907942,-5.797272,-2.216124
-2.203376,-2.253281,-6.366103,-3.180778,-2.696269,-2.597370,-13.096254,-11.020253,-6.897981,-2.739771
-8.909972,-4.919937,-2.476339,-5.292218,-13.725735,-6.089136,-3.840395,-5.553156,-1.064593,-3.480812
-0.685936,-9.203085,-11.394051,-3.460313,-8.462855,-8.140394,-1.465715,-6.937389,-3.454453,-2.456679
-4.727505,-0.748027,-6.821850,-4.141339,-2.692162,-0.737582,-11.166946,-12.471829,-14.212182,-0.835914
-12.748105,-5.089046,-2.040563,-5.060210,-2.716659,-7.658023,-4.166213,-2.700768,-17.092987,-3.401804
-2.231419,-1.071775,-6.084900,-3.576135,-2.662477,-2.401518,-12.209166,-10.043268,-9.766699,-3.063354
-6.407588,-3.666029,-12.490784,-7.368676,-8.092673,-10.172149,-9.408702,-4.904175,-8.003727,-6.335655
-2.243968,-3.535455,-3.155692,-6.239839,-7.860162,-0.674976,-5.756756,-2.212835,-4.704986,-4.974053
-2.375581,-0.657301,-7.677836,-4.185106,-1.399955,-1.545796,-9.331831,-6.973122,-8.623370,-2.034210
-1.311570,-2.489253,-8.304415,-1.819590,-9.027901,-6.532755,-1.964615,-7.705399,-6.969462,-11.458811
-9.123630,-5.925434,-2.268142,-6.009759,-2.143740,-5.970329,-3.973946,-3.169435,-15.754155,-2.452880
-10.813831,-3.454826,-7.229924,-9.118866,-5.017518,-9.297895,-5.280323,-9.814721,-4.290653,-3.053770
-5.661447,-5.022180,-10.345903,-2.779674,-10.621814,-4.002750,-6.151358,-3.799918,-9.082019,-10.706490
-7.692841,-5.936575,-3.588909,-5.416736,-11.033460,-4.474794,-2.714286,-6.268269,-2.842384,-4.808659
-9.897567,-7.032079,-1.488643,-4.756510,-3.300313,-7.938265,-4.708279,-1.728837,-26.638482,-2.521698
-8.129474,-4.997735,-2.480697,-4.806781,-3.382017,-9.767481,-3.134201,-2.568586,-14.010548,-4.425908
-11.684285,-6.632334,-0.861639,-5.064594,-5.025322,-4.931721,-4.033839,-2.707957,-13.174696,-3.824047
-3.124499,-1.483505,-7.609470,-4.183467,-2.245762,-1.015574,-12.297672,-11.495822,-9.572397,-2.688746
-2.677310,-4.165873,-3.425409,-6.695287,-10.082078,-2.315629,-5.566282,-1.653988,-2.617157,-4.293358
-6.095565,-5.182620,-8.623202,-1.234276,-9.888308,-3.706309,-6.795425,-5.110139,-11.931184,-8.761816
-1.876285,-8.655751,-9.328550,-3.015283,-6.761790,-10.521050,-4.137619,-6.155605,-3.028247,-3.021462
-4.824960,-3.455928,-10.125486,-7.951863,-8.074891,-12.244761,-10.014265,-9.451609,-5.669969,-5.216455
-7.958914,-3.412147,-15.145571,-6.213175,-9.898049,-10.710696,-8.072217,-7.543782,-6.720053,-3.911752
-12.167705,-5.547662,-3.730687,-6.708311,-16.023374,-4.461705,-4.389806,-5.626463,-1.396361,-4.865687
-13.819251,-7.552274,-4.638704,-5.593587,-8.933749,-5.833128,-5.133798,-5.671888,-1.291147,-4.331413
-9.294074,-7.036494,-1.262907,-5.396448,-2.540827,-8.429971,-5.250839,-1.918240,-13.351927,-3.502717
-11.881970,-5.452866,-0.808750,-5.374742,-2.833210,-7.734523,-4.390561,-0.935722,-12.620724,-2.998582
-5.299426,-4.606811,-7.137810,-1.884283,-13.415669,-3.797048,-6.916441,-4.202677,-9.558582,-11.706488
-7.467066,-2.905209,-12.609231,-9.091392,-9.571128,-11.140960,-12.688080,-6.773414,-8.458094,-4.530569
-1.900842,-3.108408,-7.150663,-4.985061,-12.027433,-4.713686,-2.162505,-9.489761,-9.106623,-8.615368
-6.715140,-1.929570,-12.694606,-5.604560,-11.699227,-9.490028,-9.181464,-5.188548,-6.966889,-3.397314
-8.226053,-6.581440,-2.530892,-3.890978,-3.161931,-5.928771,-2.945704,-3.571706,-10.899099,-2.979853
-7.214177,-3.166308,-10.088951,-1.666817,-10.267770,-3.983327,-6.914770,-4.551798,-10.117748,-10.606319
-5.157313,-3.383182,-9.450598,-1.270695,-12.918380,-3.870745,-9.037631,-4.661049,-9.395010,-10.368226
-1.657670,-12.455373,-9.431064,-2.545955,-6.797334,-10.424300,-0.820637,-7.508664,-2.668684,-5.097067
-2.541171,-12.547894,-11.605596,-2.863601,-5.419118,-8.446359,-1.058948,-7.064289,-2.995373,-3.147101
-1.608637,-0.662268,-6.562972,-4.578259,-2.861979,-2.795748,-12.411916,-12.914258,-9.894800,-1.348009
-1.704692,-6.189422,-10.690663,-3.592425,-6.092029,-12.818622,-2.204979,-9.009665,-3.025714,-3.592544
-5.333585,-2.889541,-7.742404,-3.872761,-10.729860,-2.538320,-8.148565,-3.586921,-9.550564,-8.344404
-1.453310,-1.673372,-9.373504,-2.234560,-11.813895,-6.484483,-1.674731,-7.454373,-6.662241,-11.967715
-0.858644,-3.710335,-2.820639,-6.575014,-6.535327,-1.777738,-5.912019,-1.733724,-5.593172,-4.302551
-13.758731,-2.729274,-11.898033,-8.837478,-5.375970,-9.405426,-5.886436,-9.576752,-3.275600,-4.074760
-2.196435,-4.983733,-3.969173,-8.357647,-7.655428,-2.587080,-7.085465,-1.332266,-3.953852,-5.031539
-12.605046,-2.054822,-6.348526,-4.314142,-10.494375,-6.386037,-2.120405,-3.564100,-13.795161,-4.426611
-2.202357,-3.767383,-9.644733,-2.891157,-10.557345,-5.167855,-2.755898,-6.455674,-7.966958,-9.488970
-11.197052,-5.381290,-4.498256,-6.565139,-10.825806,-5.654267,-3.751620,-4.978200,-1.189794,-5.166092
-9.777780,-8.161436,-4.639015,-4.793862,-11.639309,-3.551300,-2.764406,-5.338478,-2.578424,-3.886782
-6.098199,-2.224677,-12.287536,-6.427460,-7.998653,-10.542825,-7.618030,-7.282188,-6.176421,-6.537310
-5.976160,-3.166167,-8.820597,-3.191573,-10.135201,-3.995374,-6.414751,-5.027478,-9.448210,-7.215346
-6.402498,-3.780919,-12.915029,-2.517738,-13.613469,-3.691840,-6.107886,-6.473264,-7.775083,-11.504084
-5.923275,-2.123662,-8.409292,-3.189961,-11.963099,-3.659956,-6.274691,-4.997397,-8.420317,-6.451954
-9.826802,-4.916153,-7.966176,-5.590865,-4.279510,-12.351610,-3.727419,-9.314826,-4.459945,-4.040674
-2.481407,-1.481168,-7.409277,-5.149260,-3.137348,-2.549279,-12.846527,-10.324411,-11.828281,-2.034928
-10.350618,-4.910027,-1.958991,-3.499541,-3.474822,-4.275735,-4.637643,-0.755979,-11.712516,-3.795805
-11.419284,-5.356216,-3.362629,-5.566255,-11.435467,-6.015459,-3.081756,-4.164599,-1.497439,-4.043100
-12.571772,-5.520724,-4.294300,-8.766147,-10.717147,-6.283371,-4.036272,-5.376738,-2.103007,-4.518305
-3.281643,-2.047907,-6.946185,-4.426159,-1.345404,-3.616374,-12.390073,-7.594440,-12.746428,-1.699368
-13.241014,-6.184370,-1.089926,-4.123834,-3.603044,-7.375104,-4.075712,-2.694453,-13.889146,-4.211596
-7.349789,-3.554522,-8.366254,-2.430530,-7.835430,-5.167139,-6.767000,-5.181497,-6.943019,-10.323145
-1.558775,-2.805545,-4.943695,-3.464817,-13.070784,-6.726398,-2.011293,-8.638974,-10.127001,-12.695532
-12.769730,-4.928622,-11.130938,-7.483090,-6.097379,-13.309000,-4.486021,-10.915095,-3.568550,-3.716740
-10.228158,-6.301603,-1.717297,-5.309046,-3.943011,-6.554591,-2.907077,-3.069033,-10.918596,-2.596205
-1.106896,-5.009563,-5.764615,-2.556954,-12.272245,-7.048800,-1.366819,-7.482078,-9.804725,-10.254246
-1.116693,-1.821392,-6.169289,-3.080171,-10.294438,-7.150262,-2.561944,-8.912289,-5.907237,-9.990338
-8.448751,-4.014942,-14.295542,-7.757817,-12.558432,-13.640395,-9.319517,-6.775822,-5.379148,-3.688285
-1.251633,-3.092863,-2.746725,-7.535866,-8.747709,-3.184385,-4.370707,-1.818746,-3.635162,-3.789709
-4.451579,-3.096765,-8.359923,-3.095419,-13.921692,-3.183425,-3.517280,-5.078056,-12.914093,-10.266297
-2.106585,-1.788704,-9.514178,-4.157790,-2.445809,-1.479704,-10.931386,-16.886276,-9.247692,-1.394843
-14.442961,-6.751866,-1.923677,-4.144318,-2.821913,-7.109014,-4.214116,-2.824710,-16.153189,-2.462282
-5.337792,-3.303959,-10.390348,-2.228420,-15.167504,-4.183988,-5.386674,-3.846908,-7.771039,-8.384853
-13.107029,-7.622647,-4.990404,-5.858153,-16.576009,-3.658293,-3.335794,-6.889506,-2.014340,-3.758509
-0.892227,-8.461822,-8.141501,-3.150111,-6.073728,-10.965863,-2.200550,-6.242358,-2.299810,-3.163938
-0.672852,-3.253747,-7.604031,-4.194739,-12.963066,-7.064990,-2.272380,-5.261260,-6.711167,-9.537317
-2.783709,-1.611684,-8.572265,-3.866422,-3.433748,-1.641960,-10.636421,-15.528436,-5.633724,-2.402822
-3.053258,-2.721293,-11.767326,-3.998955,-2.962209,-1.792188,-11.255041,-13.948771,-9.340261,-0.976250
-5.871355,-2.484708,-19.758634,-9.321905,-9.933688,-12.372984,-11.491399,-7.548387,-5.750096,-4.093406
-10.269089,-3.249252,-9.699756,-9.540909,-5.619611,-11.756926,-3.165805,-12.019237,-3.968456,-3.357948
-5.452840,-2.926685,-11.480333,-6.883437,-10.355160,-8.792569,-7.287479,-6.286756,-6.363589,-4.577380
-6.086078,-3.588773,-18.863006,-7.621667,-8.225529,-11.265398,-9.867647,-6.548019,-5.666560,-4.147854
-12.694622,-6.366458,-3.819534,-6.604416,-14.925168,-5.046971,-3.604590,-6.068334,-0.853174,-4.172095
-12.089766,-1.525327,-4.376128,-4.954436,-6.342091,-8.394716,-2.290922,-3.877499,-12.067478,-4.160482
-1.402023,-2.534267,-8.617380,-2.739582,-10.180200,-7.057499,-1.388151,-5.853252,-7.838693,-15.300017
-1.745541,-3.583185,-6.786433,-1.641020,-10.333476,-6.740175,-2.883264,-7.268612,-7.933857,-12.239387
-5.113904,-2.896369,-11.106052,-7.057914,-11.638639,-9.865090,-7.842606,-8.173838,-6.163574,-3.981148
-6.964194,-4.332198,-8.552188,-3.105113,-13.346814,-4.420193,-6.155865,-3.050021,-10.499391,-8.327003
-1.265666,-4.180630,-8.144126,-2.307988,-10.526807,-4.883932,-0.803118,-6.339077,-9.055572,-12.851190
-4.499834,-3.570473,-13.699527,-8.952267,-12.482827,-12.571846,-8.285413,-10.016788,-6.661292,-5.631590
-3.096700,-2.220028,-7.274227,-3.566037,-1.805998,-2.365617,-9.917292,-12.394122,-10.815557,-0.926931
-1.462461,-8.140154,-11.743916,-2.698814,-5.148256,-6.725575,-2.039717,-7.162446,-2.015883,-3.097499
-10.880467,-8.605221,-3.527230,-5.328230,-11.980251,-6.777304,-4.435483,-3.642997,-1.992175,-6.061092
-1.638208,-4.059878,-3.627211,-7.271518,-8.098872,-1.801400,-5.738099,-1.279866,-4.998215,-3.963709
-1.983492,-1.079849,-9.473043,-3.297187,-2.413273,-1.575085,-12.018025,-20.281675,-8.059179,-2.989735
-1.950912,-5.455520,-1.725898,-9.208396,-8.267375,-3.163855,-6.052774,-1.847564,-2.571812,-2.930998
-7.482202,-5.476734,-9.741004,-2.021438,-14.146286,-3.537814,-5.877773,-5.453864,-9.134194,-10.031000
-9.442681,-2.287896,-5.749701,-3.998734,-6.903608,-7.951662,-2.665886,-3.051008,-15.634753,-4.594294
-10.454982,-1.598730,-5.675921,-5.040156,-8.789492,-8.719755,-1.581971,-4.739841,-18.002439,-2.430902
-1.321082,-8.628689,-11.441233,-2.224003,-7.032412,-10.198290,-2.346044,-6.500157,-4.074199,-3.522686
-7.237036,-3.283457,-17.316866,-6.937239,-7.870803,-9.238314,-6.415867,-6.639829,-5.873695,-4.478533
-8.772877,-3.378386,-15.707258,-6.895196,-7.238464,-11.817797,-7.144740,-8.224652,-4.267582,-5.779510
-1.141665,-4.223004,-9.024436,-3.571321,-9.794814,-6.717270,-2.043118,-8.363175,-7.983546,-11.624741
-5.185745,-4.732163,-7.081879,-2.622089,-12.295002,-4.573690,-6.065257,-6.713343,-10.220531,-10.863137
-8.084997,-4.234125,-11.984678,-6.584165,-9.389351,-10.937503,-6.915915,-6.782444,-7.042568,-7.192556
-9.588193,-1.664485,-6.303901,-6.093310,-6.377522,-11.328272,-1.154710,-5.204359,-16.983900,-2.701011
-9.905970,-1.834686,-5.532579,-3.247224,-6.533415,-7.755014,-1.276594,-6.026215,-11.675196,-4.267022
-2.069583,-8.976483,-10.809739,-3.070574,-5.354766,-8.986491,-2.308409,-5.935272,-4.205254,-3.526348
-1.876052,-4.259025,-2.958699,-6.635516,-6.953997,-1.159806,-5.644378,-1.516841,-4.466366,-4.086066
-1.805244,-9.816849,-12.046715,-2.380193,-6.683061,-9.125361,-2.105925,-8.334805,-1.758392,-3.021617
-14.678453,-1.882840,-5.519475,-3.547722,-6.152541,-8.577003,-2.899091,-5.591133,-11.510489,-3.577240
-9.862406,-5.820221,-2.268380,-4.078154,-5.816285,-10.038357,-2.640026,-2.471409,-12.273686,-1.869988
-16.524949,-4.665471,-7.195803,-9.433631,-7.282391,-12.783564,-5.658337,-7.342952,-5.843703,-3.166536
-6.126505,-3.002213,-10.139526,-9.785992,-17.560104,-10.582157,-8.719818,-6.816008,-7.476132,-4.997598
-10.100533,-6.189362,-2.102154,-5.397012,-5.064877,-10.970830,-3.958649,-3.175509,-9.906404,-3.372449
-5.525057,-3.757140,-15.314013,-6.122769,-12.520486,-9.550241,-11.390045,-5.415210,-5.861861,-5.204060
-7.593230,-6.289587,-3.767717,-5.209832,-3.069202,-7.528607,-4.380765,-2.264312,-15.075827,-4.229731
-5.571888,-2.926263,-10.717725,-9.846998,-11.347123,-10.194337,-9.542205,-6.229113,-5.909762,-4.760272
-1.517388,-3.836978,-2.610160,-7.264827,-8.683405,-2.564073,-4.525073,-0.563320,-3.504528,-5.267003
-10.621907,-6.748939,-0.639277,-4.856819,-3.425100,-7.774453,-7.055448,-2.101923,-11.932598,-3.252194
-12.361750,-2.898084,-6.995156,-4.190454,-6.181408,-8.105354,-1.649597,-6.490348,-9.554107,-2.587612
-1.075656,-5.251315,-8.665016,-1.261430,-10.559920,-5.139599,-1.504203,-9.830497,-8.083293,-10.630893
-8.979999,-5.459590,-0.556039,-3.669528,-3.679652,-8.608129,-2.666735,-3.395557,-12.757632,-2.793485
-2.340661,-9.994999,-10.843407,-1.818116,-8.533765,-7.650048,-1.218721,-5.995484,-3.419064,-3.389945
-1.762862,-2.399499,-6.075928,-2.545600,-11.027413,-5.677918,-2.931515,-8.448984,-10.289084,-9.147426
-12.047942,-4.369876,-3.468885,-7.059045,-13.875955,-5.135733,-4.646837,-6.020140,-1.454782,-3.851584
-5.428699,-2.318136,-7.224963,-3.056276,-11.966877,-4.277907,-8.151228,-4.125675,-8.504130,-9.592274
-2.286865,-3.424612,-3.416661,-8.448170,-8.584493,-3.342130,-6.840559,-1.442339,-3.049458,-5.347170
-3.626519,-12.198518,-9.213898,-3.351197,-4.860833,-11.844177,-2.160372,-7.480458,-3.232675,-2.705617
-10.618394,-5.764487,-1.319180,-4.946728,-3.320534,-7.078102,-3.480364,-1.829083,-10.797729,-2.850915
-2.620672,-2.383550,-6.727067,-2.319305,-11.131626,-6.234989,-3.011287,-7.351286,-9.041123,-9.923721
-12.659182,-6.775003,-3.247879,-7.294990,-15.573564,-3.572810,-2.924058,-5.505707,-2.093718,-4.354177
-12.049806,-7.553122,-3.967359,-7.779616,-11.383287,-3.909196,-3.990017,-5.465121,-1.886186,-4.338947
-1.547434,-10.753637,-11.479241,-2.039123,-5.858602,-12.922001,-1.426456,-6.054546,-4.731280,-2.612745
-1.148689,-5.894735,-4.547886,-6.340346,-8.429511,-2.545679,-6.742576,-0.355544,-3.540834,-3.626788
-3.981157,-0.351658,-7.499566,-2.402944,-2.335150,-2.670259,-9.252187,-12.174269,-9.312156,-2.181260
-10.202956,-5.740397,-4.464091,-6.466848,-8.792590,-4.616143,-4.580691,-3.834169,-1.730258,-5.246862
-11.091861,-4.969411,-3.709628,-7.210621,-11.823522,-5.878497,-4.077982,-5.315239,-1.134076,-3.177575
-1.237793,-10.105733,-9.773274,-1.563317,-6.424257,-9.654242,-1.105655,-7.251335,-3.566900,-2.644479
-11.028709,-7.098891,-4.137559,-6.380201,-12.391238,-5.378774,-4.335935,-4.796904,-2.105982,-4.916014
-5.487820,-2.654741,-9.560689,-3.185367,-10.854892,-2.568058,-6.287788,-4.154981,-11.264668,-8.711912
-1.114235,-3.780583,-2.844218,-6.549142,-9.082683,-2.256382,-6.190653,-2.241314,-4.586985,-5.211844
-7.202416,-2.859268,-11.380434,-8.151170,-7.240498,-13.652466,-9.751659,-7.306807,-10.338400,-3.282517
-2.030201,-1.468878,-9.807438,-4.576533,-2.904643,-1.082773,-10.969295,-10.971706,-8.335590,-2.104267
-10.407345,-0.593177,-6.789901,-6.148415,-6.105640,-9.792241,-1.938699,-4.456294,-15.315830,-3.258335
-13.215944,-8.404413,-3.012823,-6.640132,-10.511244,-6.514224,-4.915840,-2.781514,-1.165814,-3.665583
-11.676216,-4.990935,-4.538415,-7.140549,-6.783775,-4.681761,-2.978884,-3.983708,-2.112575,-6.194561
-0.609898,-3.240527,-9.218028,-3.559959,-10.454916,-7.026973,-1.451940,-9.261761,-6.349884,-12.930320
-5.580793,-2.063638,-12.768945,-5.830855,-10.388282,-9.807117,-8.788594,-6.143232,-6.388202,-3.422619
-3.051513,-8.531606,-9.886336,-2.454450,-6.946808,-8.786763,-1.280116,-7.430918,-2.741829,-3.584205
-0.466559,-3.460010,-8.710559,-3.273077,-11.117675,-7.158069,-1.405679,-6.517580,-7.325031,-9.317407
-9.837430,-1.476496,-5.392906,-4.143850,-7.876815,-6.919061,-3.195120,-4.345965,-12.883721,-5.140062
-1.583871,-4.032856,-2.801276,-6.557033,-7.445594,-2.233906,-5.848973,-2.728491,-4.104894,-3.471727
-3.990666,-4.000519,-9.862833,-1.984812,-9.857537,-4.592560,-6.502012,-3.209024,-10.370183,-7.348676
-5.758213,-4.675964,-7.779256,-2.903988,-16.410317,-3.911846,-6.685603,-4.801640,-7.700129,-10.284716
-2.270692,-2.025088,-9.293264,-2.877455,-2.866991,-0.967681,-10.418920,-12.731261,-8.830535,-2.223188
-5.876624,-3.838655,-11.789288,-6.671551,-7.115627,-11.041263,-7.410230,-7.587031,-7.020446,-4.561026
-2.263936,-7.800860,-9.798881,-2.599556,-6.553233,-10.133323,-0.215682,-8.002918,-2.999033,-2.535407
-1.348437,-3.582114,-8.740959,-2.672478,-10.381605,-5.111225,-2.640473,-6.167739,-5.805742,-8.506774
-3.479881,-4.702322,-2.896107,-9.744463,-10.289333,-1.445785,-7.756664,-1.510021,-2.833222,-3.270470
-10.967949,-3.386409,-9.167166,-8.422074,-5.726399,-11.197273,-5.039871,-14.608535,-3.930191,-4.124480
-1.648230,-2.639134,-9.269199,-2.834382,-9.748525,-5.557271,-1.938895,-7.013303,-7.655888,-11.702320
-5.847745,-3.629401,-11.175276,-2.722770,-14.743109,-3.906430,-5.048724,-4.735353,-11.795627,-9.685671
-8.694951,-4.827815,-2.865806,-5.656893,-13.381989,-6.157275,-3.202472,-7.138048,-2.434476,-5.988512
-5.323640,-3.573400,-9.651476,-2.421285,-10.395108,-3.760853,-6.837797,-5.485455,-8.189357,-8.812186
-13.528655,-6.881288,-4.468546,-5.080841,-11.228938,-5.111434,-2.945069,-3.852453,-2.042002,-3.826121
-14.476484,-2.990796,-8.686192,-9.210922,-5.473878,-10.546778,-5.727159,-7.634943,-3.466672,-3.534244
-20.563752,-5.334974,-10.641719,-7.190014,-4.443648,-10.566031,-4.821743,-8.328453,-5.266577,-3.021999
-0.825525,-3.136705,-6.808345,-2.704649,-13.360470,-6.345282,-1.393457,-9.457796,-5.375950,-14.980701
-4.606460,-2.723563,-7.333571,-5.082797,-2.224144,-2.527454,-10.626610,-8.789377,-9.271850,-1.005767
-2.120490,-10.962468,-8.444302,-4.569330,-4.690362,-10.507194,-2.642066,-6.670779,-2.556418,-3.911791
-3.503665,-2.586744,-8.277277,-4.439623,-2.306332,-1.907585,-13.600089,-12.810633,-7.787321,-3.091002
-5.311289,-2.169385,-12.085401,-5.674027,-9.174478,-10.444942,-9.469256,-6.800383,-6.718021,-5.090668
-11.370826,-0.680221,-5.899737,-3.712247,-4.771156,-8.119732,-2.169737,-4.211696,-14.019421,-6.077480
-1.025809,-2.290692,-9.249107,-1.897305,-9.069078,-6.389200,-1.807450,-8.198405,-6.996842,-10.290201
-2.958270,-1.495546,-6.607863,-3.875363,-2.435449,-1.742638,-12.115843,-12.343453,-10.354682,-2.782486
-5.933637,-3.099493,-12.238896,-1.602801,-12.043467,-4.773601,-5.902102,-4.688964,-11.178148,-8.200691
-0.750163,-3.530839,-8.105802,-3.265483,-11.634407,-4.949714,-2.030163,-9.573310,-8.149304,-10.713866
-10.234933,-3.835873,-7.567941,-5.935445,-6.613487,-12.175093,-5.215920,-11.429823,-4.061281,-3.841280
-4.629571,-3.570118,-11.500441,-9.750304,-13.899620,-13.317674,-9.771862,-7.677249,-6.689213,-5.436040
-3.988752,-1.338688,-7.965821,-3.655511,-2.199035,-0.553403,-13.216116,-11.166416,-10.016998,-1.787893
-3.852836,-10.331693,-9.966624,-4.192661,-6.205957,-11.091712,-2.841354,-10.594450,-4.247816,-1.904215
-9.439716,-1.101311,-5.182395,-5.267366,-9.368589,-8.444301,-2.388055,-3.807910,-14.850698,-3.868837
-2.597456,-1.688353,-6.335622,-2.234959,-2.085053,-2.294506,-13.503837,-9.303152,-10.425988,-0.850000
-9.992495,-1.406256,-4.386852,-4.487223,-5.790791,-8.179360,-1.302263,-3.634801,-13.262916,-5.877611
-4.160460,-5.470619,-8.784654,-4.037683,-17.350358,-3.979728,-4.915838,-5.368442,-7.730132,-9.132495
-1.792701,-3.643443,-6.148109,-6.776882,-8.198578,-0.770699,-4.456103,-1.725979,-3.138784,-4.162509
-1.919593,-1.583936,-6.444725,-2.881291,-1.504604,-1.858331,-8.848792,-11.812882,-7.283690,-2.092211
-2.047387,-3.138718,-5.984519,-3.071550,-11.789620,-5.948897,-2.285136,-6.937658,-6.960509,-10.721110
-8.138618,-6.322525,-2.683146,-5.926189,-5.388292,-6.946682,-5.565629,-2.685631,-17.594405,-3.470512
-8.100856,-1.989015,-6.802649,-4.104218,-6.627958,-7.927020,-1.866139,-4.006935,-10.170398,-4.985684
-3.247591,-7.583928,-11.319486,-3.198039,-6.460375,-8.877058,-1.583928,-7.359606,-4.248697,-2.796522
-1.270780,-4.246891,-2.842813,-5.859191,-6.196022,-2.651731,-6.088106,-1.518266,-2.885007,-4.597475
-5.369998,-3.889088,-11.578116,-9.173623,-8.589510,-10.708286,-9.493512,-7.147146,-5.497232,-4.268784
-8.490004,-6.456641,-4.560488,-5.180751,-6.569113,-5.708316,-4.041107,-4.261937,-2.096862,-5.139985
-12.564103,-3.217378,-9.126705,-9.562455,-5.838522,-11.886327,-5.533302,-9.295041,-4.710440,-4.125885
-9.014670,-3.765521,-8.022935,-8.226680,-5.002224,-13.486587,-4.254240,-8.412205,-3.830205,-3.456129
-9.267212,-7.424204,-3.270525,-7.774675,-12.416615,-3.567626,-3.765445,-7.282477,-1.861763,-4.254069
-6.794122,-3.677540,-12.114690,-7.903397,-9.121672,-10.613623,-7.691983,-9.384368,-4.733001,-3.700706
-8.624720,-6.614841,-3.315030,-6.639371,-11.560369,-4.729505,-4.138301,-5.341115,-1.340526,-3.184149
-2.001858,-4.082645,-2.161521,-7.497896,-5.867598,-2.390575,-7.894938,-1.353143,-4.499730,-4.316041
-6.886822,-3.160759,-8.224468,-2.987167,-12.364533,-3.303923,-7.119445,-3.365962,-11.596425,-9.589810
-7.230154,-3.145083,-11.088954,-10.067691,-7.455766,-13.001746,-9.735245,-6.575199,-6.692107,-4.222694
-14.981913,-1.122531,-8.465542,-9.653619,-4.516052,-11.152027,-4.848948,-10.433599,-4.206487,-3.561402
-6.054177,-2.473498,-12.073308,-7.230965,-9.384973,-12.282770,-7.989729,-5.334178,-5.609518,-4.151250
-9.266933,-1.116994,-6.704301,-3.639161,-7.058430,-7.353531,-2.419272,-6.608211,-12.000247,-3.119710
-4.464536,-3.693558,-6.920064,-1.780510,-10.615592,-3.974270,-5.780192,-4.132941,-9.928852,-12.125907
-10.636083,-7.276754,-3.885830,-5.485088,-12.428608,-5.639284,-4.254268,-3.833981,-0.012625,-3.753152
-2.541560,-4.724313,-3.602344,-7.479080,-6.991496,-2.753107,-6.056608,-1.285849,-3.016460,-3.153609
-4.731193,-3.131332,-23.562587,-8.128168,-9.200961,-11.230970,-8.342021,-8.286782,-6.230388,-5.006523
-1.819064,-4.540501,-3.365245,-6.855926,-8.108425,-1.829459,-5.284045,-1.144835,-2.929590,-1.828755
-9.041044,-3.891269,-8.052631,-9.741871,-5.936533,-10.627331,-4.095114,-8.554490,-3.799671,-2.920630
-11.361215,-1.825639,-5.077023,-3.623351,-7.820727,-7.762798,-3.781194,-4.212481,-12.525942,-4.039668
-2.333835,-11.332345,-8.808969,-3.454421,-5.538612,-11.057515,-1.734202,-6.660413,-3.442103,-3.535887
-2.517070,-11.242777,-10.472820,-2.330950,-7.843830,-12.708879,-1.479315,-8.579856,-2.952938,-3.402854
-2.056539,-8.074586,-11.756626,-2.158081,-6.178991,-14.595972,-1.937832,-6.247562,-5.168166,-4.115408
-2.863046,-2.195792,-9.174801,-2.703324,-3.016663,-2.265275,-15.994728,-13.257460,-9.363681,-1.436965
-6.592811,-3.164521,-8.209180,-1.741102,-11.583922,-2.951711,-6.304402,-6.376912,-9.415425,-8.442863
-1.316562,-11.205905,-11.679729,-1.351918,-6.101593,-12.101362,-2.113233,-7.922258,-3.551849,-2.773054
-1.028393,-4.188162,-9.469949,-2.237897,-8.342870,-5.846399,-1.868020,-10.986594,-7.666142,-11.713281
-2.483054,-2.134400,-7.456919,-3.708434,-11.786893,-4.774122,-2.768434,-9.789533,-7.765968,-16.309331
-2.104733,-2.826162,-1.384355,-6.584317,-7.189650,-1.181063,-4.224967,-1.802489,-3.383000,-2.681093
-10.994980,-3.033521,-7.419286,-8.780318,-4.798647,-9.237913,-4.391276,-9.662838,-4.332106,-1.918324
-2.205302,-9.626147,-9.636216,-3.151576,-6.044186,-11.660165,-0.903012,-6.729947,-2.853672,-4.740787
-14.699744,-2.609814,-10.468180,-7.745633,-5.866308,-14.895369,-2.945908,-11.058176,-3.298653,-4.471544
-1.267883,-9.088278,-11.447016,-2.633646,-6.140308,-10.143446,-1.727141,-6.454478,-2.758515,-2.511174
-19.801042,-3.222601,-6.716270,-7.830593,-5.951646,-14.108490,-3.378106,-7.523187,-5.583428,-3.418285
-1.594640,-11.839418,-14.953516,-3.470222,-7.979149,-8.540075,-2.474704,-7.652737,-3.448111,-2.632789
-10.897527,-1.493122,-6.306830,-3.226181,-7.640279,-10.561532,-2.495475,-5.143053,-12.268279,-3.943861
-1.710977,-9.353938,-11.262339,-2.766515,-6.391944,-7.606207,-2.462658,-8.054008,-2.540398,-2.522627
-10.453414,-6.298208,-4.619795,-6.043473,-12.842663,-6.230904,-6.391901,-5.459005,-1.562069,-4.778552
-12.601809,-3.919169,-8.970048,-8.748763,-6.714400,-8.965221,-3.629991,-9.032192,-5.383281,-1.735960
-4.400055,-3.315798,-4.897880,-2.339335,-11.440365,-4.364215,-8.093036,-4.923642,-9.601695,-7.463087
-1.837758,-10.041863,-12.237913,-3.910495,-6.109880,-13.323828,-1.003426,-7.473984,-2.386444,-3.679722
-8.135789,-2.539494,-9.875989,-1.930859,-13.628882,-3.219944,-7.397847,-5.099903,-10.390005,-9.122433
-13.727126,-5.079642,-3.584235,-6.914615,-10.113301,-5.114406,-3.822029,-4.627310,-1.568373,-3.944144
-1.617116,-7.604402,-10.365909,-2.144690,-8.229365,-10.827006,-1.911405,-5.763161,-4.817742,-3.234724
-1.912858,-11.636388,-10.657721,-1.515735,-7.186174,-8.935622,-1.782931,-6.343948,-2.564782,-3.678452
-6.572151,-3.077547,-14.958762,-6.362206,-10.502500,-8.428849,-10.067021,-5.767763,-5.696614,-5.672067
-8.807126,-5.260708,-13.436294,-6.653388,-5.546216,-12.209543,-6.818019,-10.867769,-3.209667,-1.857428
-9.629518,-5.245189,-1.299953,-5.175917,-4.425965,-6.952571,-2.835713,-3.495601,-14.588150,-2.421056
-8.903261,-6.276293,-1.984466,-4.191266,-3.201800,-7.335172,-4.209314,-2.739430,-10.592330,-2.579012
-2.524654,-12.515970,-8.094389,-4.346392,-4.274569,-7.070814,-1.606757,-5.988062,-4.318428,-4.636017
-2.408968,-2.199384,-2.621195,-9.872343,-8.644818,-3.067085,-5.205630,-2.934393,-4.917257,-4.431472
-1.045179,-1.978608,-6.858558,-3.163665,-12.962539,-5.910853,-1.572210,-7.065324,-6.151027,-12.667308
-14.074301,-8.363438,-3.394322,-4.887109,-9.589060,-5.346094,-3.880674,-5.268158,-2.032352,-4.392925
-2.891463,-7.176808,-11.756059,-3.147233,-6.477071,-7.883346,-1.843905,-7.702211,-4.492804,-3.414755
-0.991076,-3.194023,-3.607514,-8.651477,-6.556442,-2.226601,-7.185321,-2.196463,-5.389169,-5.161564
-10.278130,-2.428742,-6.099585,-4.826526,-4.487311,-9.295583,-1.446896,-5.429338,-14.166854,-3.950492
-10.765220,-1.838372,-5.517788,-5.118144,-5.334860,-8.482056,-1.268447,-4.198091,-14.034115,-3.898113
-10.256971,-1.702691,-5.778234,-2.083642,-5.776975,-8.534109,-2.824076,-5.024732,-12.699249,-4.563120
-7.871793,-4.096554,-13.028087,-6.607575,-9.427424,-13.276609,-10.758520,-5.185175,-6.076167,-5.565233
-1.688978,-4.875383,-2.918934,-8.957565,-7.333046,-1.499575,-5.425820,-2.356654,-4.291253,-5.189485
-16.229822,-4.055199,-9.489438,-10.219743,-4.446688,-13.043053,-4.633592,-10.001830,-3.863903,-2.611186
-7.652917,-2.628416,-5.255333,-4.981484,-4.975315,-9.545223,-1.451696,-6.342565,-13.615380,-4.299561
-2.101740,-8.033104,-9.776202,-1.776662,-6.752705,-7.075126,-1.946427,-8.036601,-2.668033,-3.668513
-10.526660,-1.775753,-7.913506,-4.606673,-5.366983,-12.194513,-0.994097,-6.279913,-12.682811,-4.417712
-10.279098,-2.360045,-11.986456,-8.135331,-4.947496,-10.540956,-4.067858,-12.402459,-3.894487,-3.874731
-1.921590,-3.443042,-7.759818,-2.676606,-9.484346,-7.675446,-0.642119,-9.396388,-11.334702,-10.876082
-2.475500,-2.229211,-6.881919,-4.762537,-1.488557,-2.108323,-8.880729,-12.096979,-11.517079,-0.981258
-8.952448,-7.968700,-4.459523,-8.683561,-10.132044,-4.462853,-3.281664,-6.284226,-2.588108,-5.510482
-8.882049,-6.754623,-1.533472,-5.516833,-3.535886,-6.562312,-3.261962,-3.078431,-15.771320,-2.086381
-1.436108,-9.446671,-8.779710,-3.314362,-7.942590,-8.394164,-0.527369,-8.016627,-3.779335,-3.084441
-1.211655,-4.995851,-5.846373,-2.243508,-11.220049,-5.615454,-2.792438,-7.789521,-9.616419,-7.203932
-6.165327,-3.542460,-8.274800,-1.977239,-13.514662,-3.275726,-6.902310,-4.189860,-12.161130,-8.586625
-6.824887,-3.760015,-9.123975,-2.886857,-13.676600,-4.370760,-5.725970,-5.148642,-6.686748,-12.388956
-5.073571,-2.758530,-13.661712,-10.744324,-8.933591,-8.882620,-8.285868,-7.348376,-8.212859,-5.051296
-10.754906,-5.536797,-4.479586,-5.000073,-12.546875,-4.795185,-4.274068,-7.260150,-1.895075,-2.903029
-8.971502,-4.613951,-8.289587,-9.655573,-3.667051,-10.146126,-6.804243,-9.085452,-4.464622,-3.512421
-6.837850,-3.838373,-7.333780,-3.135659,-11.686797,-4.119596,-7.782813,-4.259770,-10.004975,-11.788600
-0.893406,-3.546392,-9.582328,-1.958603,-8.854991,-4.102088,-2.873421,-8.299450,-7.127773,-8.144256
-11.270439,-6.914428,-3.884326,-6.283715,-10.336958,-5.294782,-3.860120,-6.694820,-2.063066,-4.683508
-0.922660,-2.805788,-9.638524,-2.157149,-11.246706,-5.574545,-3.000149,-8.049982,-6.306302,-10.191988
-6.253672,-4.425680,-13.054478,-6.876132,-10.066073,-13.804469,-8.803349,-6.715370,-6.456501,-6.012394
-11.281987,-3.235650,-10.718319,-6.504849,-8.026755,-17.299539,-6.946249,-9.314174,-4.194969,-3.368478
-14.392504,-4.063802,-9.038833,-6.556341,-3.625102,-9.597085,-4.341921,-11.998038,-4.114843,-4.614894
-7.934900,-4.845850,-1.653189,-4.018349,-4.593881,-7.010574,-4.732082,-2.247944,-18.101589,-3.699200
-1.574417,-4.128331,-7.835640,-2.647241,-7.489747,-6.712109,-2.384994,-7.955527,-9.015846,-8.151413
-8.336776,-4.780362,-7.852786,-2.511706,-9.688301,-4.966382,-4.795146,-4.497256,-8.848649,-8.528433
-10.066139,-5.997793,-2.705299,-7.484121,-11.852911,-4.222240,-5.276735,-5.219995,-1.477302,-4.488733
-3.505446,-1.803273,-6.931457,-4.450383,-2.407647,-1.680858,-10.530691,-11.693363,-7.744734,-1.770777
-10.124337,-2.906171,-6.941172,-4.120258,-5.670568,-7.398267,-1.238499,-4.966030,-12.251920,-3.121233
-11.944446,-2.953304,-8.399206,-9.049934,-5.856898,-13.784952,-5.311230,-9.040671,-5.069727,-3.728089
-1.578863,-10.346062,-9.084884,-3.140985,-6.822858,-9.271361,-2.571924,-8.300703,-1.988654,-2.672354
0.000000,-4.353966,-7.163515,-2.450846,-10.439110,-4.644243,-3.109182,-7.651998,-8.687999,-9.442035
-12.192019,-3.784385,-7.239461,-10.210774,-6.730358,-14.272379,-5.621031,-10.708069,-3.906711,-3.395310
-5.637131,-2.746260,-12.278223,-0.712243,-10.046897,-5.523285,-4.198608,-4.631688,-11.082357,-8.223453
-10.980954,-0.978693,-5.187383,-2.369136,-6.525758,-10.455335,-3.442876,-3.497148,-10.221872,-5.373727
-6.602290,-2.973760,-13.580018,-7.435701,-8.130345,-10.701409,-10.567067,-7.953247,-7.150741,-4.968124
-8.043182,-4.100408,-14.999142,-6.812720,-8.944224,-8.348768,-8.247485,-8.832271,-8.181057,-3.940463
-15.847716,-8.963899,-1.776778,-4.849869,-3.106343,-8.246759,-2.996032,-3.698914,-13.757078,-3.230144
-11.815095,-2.406456,-7.442394,-7.025899,-4.029886,-12.374342,-3.469201,-8.715244,-3.431581,-2.837204
-13.045341,-3.765669,-6.597253,-7.114937,-5.335354,-14.343763,-3.884285,-11.473427,-3.593586,-3.987253
-10.424660,-7.263461,-2.018588,-5.319524,-2.477322,-8.566393,-4.421298,-2.419389,-17.545371,-4.178790
-6.842835,-2.005928,-8.075655,-4.559777,-6.219759,-8.994753,-1.553466,-4.984385,-20.071054,-4.382596
-11.851196,-3.091096,-8.169143,-7.075062,-4.635144,-10.700214,-4.705989,-8.746521,-3.457736,-3.456895
-12.488694,-0.741584,-7.679397,-3.540718,-7.986165,-10.424038,-1.656554,-4.303773,-13.484065,-2.520746
-1.399353,-5.158683,-5.841053,-3.443294,-10.388032,-5.731357,-2.570834,-8.657930,-8.482303,-11.136324
-2.480925,-1.598691,-7.370357,-3.452626,-2.486201,-2.694524,-10.398059,-10.752189,-9.793535,-2.668506
-11.754380,-3.433838,-8.642809,-7.492876,-6.467390,-12.001046,-4.288119,-8.373888,-3.015142,-2.879539
-1.074318,-4.176941,-2.386054,-5.633349,-7.053804,-1.094918,-6.837983,-1.314398,-3.488155,-3.478883
-6.937930,-3.342677,-7.660531,-2.032954,-16.949045,-3.195385,-5.376953,-5.339799,-8.437711,-8.929590
-2.357860,-9.926249,-13.886375,-2.259007,-6.780310,-8.627050,-1.991800,-9.258841,-2.424807,-2.499825
-2.443369,-0.115398,-7.354227,-3.848500,-1.413748,-2.417454,-8.284251,-10.095446,-8.589148,-2.294952
-7.377229,-6.444891,-1.713026,-4.351396,-3.992879,-8.805749,-2.733220,-2.267791,-12.019747,-3.432934
-1.865290,-8.317820,-11.781361,-3.079887,-8.220801,-9.670565,-1.596384,-6.656550,-3.835782,-4.089962
-1.603210,-2.514599,-7.254463,-4.623809,-2.842899,-1.969402,-9.048222,-13.071594,-9.233768,-1.889556
-18.842708,-3.449048,-9.695859,-7.769723,-6.212304,-12.790268,-5.154441,-10.024231,-3.771553,-4.909034
-2.042591,-3.185761,-9.823597,-3.096521,-13.445061,-4.854168,-2.453326,-7.487977,-6.810999,-9.339569
-1.978610,-4.774181,-2.609487,-6.668950,-10.218245,-1.939770,-5.779008,-1.155548,-3.635906,-3.833507
-11.875067,-6.190685,-3.972566,-4.172395,-4.090308,-8.345301,-6.000216,-1.654810,-11.704515,-2.786821
-2.600202,-1.964434,-9.530612,-5.363124,-2.771793,-2.469019,-10.527827,-13.895715,-8.141859,-3.316748
-13.603620,-3.634402,-7.733322,-8.875088,-5.380113,-12.302884,-4.169137,-12.224955,-3.075843,-4.216419
-11.776306,-1.946465,-5.015820,-4.052413,-5.809164,-8.802518,-2.307813,-3.193703,-15.053696,-4.037413
-1.199805,-1.994140,-7.061523,-3.154077,-13.288596,-4.691871,-1.754282,-5.837506,-7.391719,-11.943048
-2.186080,-1.602114,-9.408301,-3.914575,-2.696799,-3.582988,-8.219229,-13.873272,-7.042694,-2.250651
-7.161036,-2.645595,-16.884541,-8.808609,-12.505720,-11.608567,-10.462155,-7.472908,-6.420356,-4.443105
-11.240226,-6.840579,-2.176628,-4.683857,-3.641540,-7.072701,-3.709118,-3.939976,-9.576665,-3.609149
-2.503989,-1.758841,-7.453392,-3.396159,-2.899729,-1.857540,-10.408210,-8.100140,-11.236102,-2.056190
-1.953290,-2.965573,-9.361516,-3.939606,-10.398271,-8.941034,-1.615617,-9.272147,-7.179633,-12.316450
-1.756592,-8.619176,-10.869846,-3.091198,-6.321764,-11.448352,-2.468793,-9.067298,-3.207057,-2.363899
-12.367573,-3.537273,-10.547658,-6.360515,-6.045022,-12.214935,-4.603822,-8.869904,-3.735241,-3.796675
-8.727886,-5.029659,-4.574491,-4.934799,-9.789353,-6.160294,-3.616088,-6.937242,-2.743897,-6.224698
-2.215442,-5.044111,-2.975386,-10.089027,-8.801144,-1.698869,-8.448984,-2.669964,-3.936348,-3.325157
-8.942037,-5.957834,-9.799016,-7.692973,-6.522798,-10.374509,-4.537187,-11.341027,-5.811267,-3.902221
-6.959882,-3.175907,-12.677939,-9.708546,-10.246395,-12.558024,-13.156984,-6.457576,-4.824845,-2.949542
-2.081620,-3.497240,-9.626694,-2.734980,-9.177732,-7.306764,-1.406262,-7.986866,-9.276265,-8.652867
-7.647322,-2.784216,-14.306153,-9.447441,-10.559025,-9.689973,-6.818840,-8.885744,-9.346119,-4.112064
-0.676853,-3.415644,-6.782219,-3.247157,-11.529594,-7.776584,-1.723031,-7.307867,-10.680499,-11.441401
-5.856982,-3.599091,-9.818167,-10.801334,-10.773579,-11.383129,-11.973857,-8.040789,-9.303705,-4.776028
-6.194863,-4.781327,-13.939210,-1.902185,-11.639987,-5.205419,-6.616236,-4.208114,-10.163267,-7.973580
-7.141956,-5.450574,-7.878299,-1.894906,-14.101692,-3.217588,-4.225490,-5.963718,-9.046153,-8.846966
-12.330640,-4.269619,-6.432617,-6.368776,-4.645768,-11.596978,-2.607742,-8.731449,-2.863067,-3.161015
-1.945644,-9.844140,-8.052019,-2.118059,-5.470674,-8.163310,-2.004201,-5.794908,-3.601641,-2.992122
-2.525255,-1.728957,-7.182309,-5.122782,-0.969922,-1.665613,-9.751834,-14.189644,-8.951299,-1.743647
-2.406320,-1.910917,-8.024311,-3.566890,-1.565326,-1.874687,-10.748691,-11.754671,-9.296489,-1.975437
-9.461464,-6.340512,-1.634094,-6.040555,-3.804013,-5.963525,-3.955631,-2.774015,-11.073469,-2.428246
-6.278725,-4.626131,-6.853137,-2.952783,-12.256142,-3.421453,-6.332050,-4.592195,-15.013085,-15.212981
-11.227813,-0.746203,-4.869946,-4.337069,-6.522128,-7.245664,-3.078017,-4.088568,-12.782034,-4.726772
-13.181207,-5.121065,-9.217283,-8.871303,-5.651803,-11.066168,-4.327160,-11.173563,-2.883341,-2.692919
-1.739656,-3.951522,-3.769122,-6.441948,-8.771660,-2.322347,-5.930311,-1.909434,-4.102320,-5.009544
-13.494348,-2.444681,-10.421487,-10.893612,-6.006908,-12.743539,-4.337836,-12.917255,-3.793316,-3.795331
-5.361251,-4.007950,-8.171086,-1.577536,-15.248453,-4.357286,-5.693084,-4.172879,-10.576534,-7.777353
-2.279304,-2.076976,-7.174613,-3.565761,-1.519043,-2.599538,-9.899642,-12.784602,-11.326460,-3.388920
-1.573247,-1.908680,-10.375535,-2.892306,-11.138482,-8.534400,-1.664248,-7.027353,-8.305612,-6.906785
-13.282732,-6.377297,-2.039963,-4.163935,-3.412942,-4.896337,-4.241295,-2.496808,-14.420430,-3.934277
-3.455087,-0.519504,-8.754193,-5.293118,-2.270572,-1.593714,-9.963302,-10.451287,-9.485253,-2.992615
-1.971123,-2.273925,-5.787925,-5.683803,-2.669247,-2.093120,-8.659854,-10.200340,-10.449765,-1.103107
-1.678917,-3.982614,-9.930296,-2.963185,-11.113068,-5.324722,-1.623352,-7.763099,-9.124368,-8.470503
-9.526152,-6.142801,-3.222548,-5.996145,-12.591581,-5.640688,-3.581191,-5.338904,-1.935127,-4.057018
-6.595646,-3.548461,-9.034826,-2.012413,-11.296927,-3.187740,-6.045287,-5.629066,-13.700951,-8.109681
-1.966865,-3.364099,-4.507337,-7.952409,-9.874920,-1.599595,-7.807330,-2.251598,-2.677104,-3.876858
-1.382720,-4.794741,-7.804649,-4.169888,-8.575890,-5.726721,-1.439512,-7.496861,-7.936983,-9.742350
-7.629191,-4.696086,-9.140347,-1.855074,-10.778048,-3.822396,-5.656690,-3.909063,-11.085282,-9.650824
-9.859205,-6.528965,-3.058986,-6.347646,-13.807162,-3.407099,-3.552702,-6.825484,-2.024511,-4.701823
-5.560608,-4.339599,-9.369266,-1.152162,-13.592545,-3.405038,-7.719731,-3.891264,-8.061663,-9.337047
-2.324832,-2.363411,-2.505629,-7.581299,-6.996695,-2.588461,-6.116601,-1.277509,-2.481603,-3.311635
-5.872653,-4.748282,-11.330455,-7.110041,-8.461025,-10.587497,-10.937025,-6.468426,-7.870050,-4.060545
-3.148638,-2.510388,-8.364446,-2.791903,-1.363876,-2.197094,-8.576936,-11.552976,-9.523145,-2.952718
-9.915648,-7.555266,-3.054290,-5.624453,-10.209766,-8.290735,-4.535744,-9.070149,-1.349946,-5.059291
-9.198727,-6.027854,-1.474836,-4.978028,-3.376654,-6.309283,-3.940446,-4.843215,-10.373429,-3.340932
-2.399675,-5.595652,-3.860772,-6.228496,-5.264281,-2.784920,-5.168458,-2.000477,-3.665901,-3.203702
-12.210797,-2.939689,-8.694925,-9.140605,-4.175503,-10.641401,-2.850168,-8.816296,-5.009623,-3.864933
-6.500290,-3.484431,-10.616915,-6.108793,-12.072090,-11.697858,-10.522223,-5.658062,-6.492947,-3.674937
-18.055999,-1.202804,-6.983706,-5.464437,-6.589728,-7.418731,-2.030703,-6.326907,-10.603631,-2.696332
-1.781158,-3.987697,-2.600542,-6.771862,-10.505506,-1.056599,-5.364254,-2.296694,-5.652591,-4.305983
-2.825898,-1.232058,-5.829971,-3.990238,-1.566846,-1.757249,-14.313099,-11.267921,-8.898335,-1.938767
-2.470414,-9.281892,-6.994148,-3.720142,-6.477789,-9.943642,-1.209221,-5.510871,-3.096817,-3.711458
-1.051296,-3.871021,-7.576746,-3.445428,-10.425516,-5.370323,-1.048497,-9.929086,-7.864214,-11.127390
-2.658182,-5.492907,-2.953191,-6.817965,-6.962365,-1.379890,-8.229277,-1.859550,-4.386309,-4.343714
-10.970897,-4.257934,-7.943442,-10.110772,-3.776669,-16.725608,-5.068134,-10.623539,-5.920304,-5.240246
-2.240873,-3.721664,-6.511071,-3.039451,-12.340726,-6.297973,-2.182686,-8.116436,-7.656187,-10.034038
-1.964250,-4.396289,-3.931814,-6.091331,-8.958627,-2.848106,-5.417560,-1.289720,-4.861221,-3.740925
-13.401066,-3.811153,-8.885206,-8.697595,-5.984927,-11.070426,-4.366783,-8.991951,-4.153898,-2.469721
-9.416216,-2.221236,-4.905380,-5.162972,-6.534520,-9.387579,-1.503458,-5.049007,-12.816618,-4.593354
-7.703790,-4.784168,-2.313607,-5.611790,-11.320796,-6.385583,-1.987655,-4.329834,-1.125932,-3.527287
-1.566562,-8.089410,-8.698692,-2.234866,-8.222906,-6.470266,-2.870429,-6.201544,-3.333152,-4.301987
-1.813899,-3.162923,-2.889802,-5.027878,-5.897610,-0.374082,-6.463215,-1.875785,-2.684132,-4.997974
-10.787966,-5.690817,-2.219043,-5.668425,-10.970597,-6.563082,-2.953161,-5.749598,-1.135414,-3.974220
-7.049645,-4.660479,-2.747365,-5.874055,-14.279818,-4.624294,-3.860902,-5.953274,-3.214068,-5.443834
-4.554535,-2.921297,-7.909790,-1.878614,-13.177982,-3.722015,-6.345374,-4.139854,-6.751652,-10.028241
-13.741272,-5.695527,-1.228460,-3.930814,-5.405030,-8.202570,-3.126576,-1.760100,-13.728308,-2.677988
-2.120629,-4.516814,-2.014031,-8.332856,-7.715689,-3.309742,-5.985560,-0.410651,-3.170914,-4.679048
-9.098455,-4.826350,-1.391938,-6.316933,-4.901461,-6.634622,-3.727859,-2.567759,-17.307910,-3.057632
-2.504288,-8.838545,-5.988837,-2.153212,-6.723208,-12.603806,-0.960882,-6.019873,-2.412800,-4.076921
-13.171176,-3.233690,-12.802602,-10.971114,-6.072163,-11.115707,-5.437805,-13.321723,-4.790083,-3.301808
-9.054237,-5.701884,-4.106715,-6.106678,-8.506159,-3.930724,-3.464332,-5.577305,-1.835650,-4.044888
-7.803159,-4.903812,-17.778192,-8.789508,-11.939186,-7.748883,-9.721134,-8.818930,-5.251924,-5.532692
-6.717521,-3.445622,-8.011928,-2.029299,-16.042513,-2.865082,-3.519951,-5.046765,-11.912570,-8.675790
-1.445246,-3.071342,-7.573466,-1.688208,-11.349828,-5.709048,-2.187320,-8.094722,-8.365177,-8.947877
-inf,-3.709097,-7.697455,-9.274565,-5.641033,-9.792312,-5.898710,-13.665249,-4.743373,-3.931060
-2.003823,-4.333989,-2.342774,-7.229081,-6.452478,-1.061566,-6.410000,-1.850579,-2.867157,-5.900651
-13.086379,-5.373143,-2.533294,-6.269881,-2.601657,-8.450981,-4.484574,-2.268502,-9.855145,-2.758076
-6.018450,-3.420779,-11.700928,-7.188308,-6.709522,-12.918972,-12.310409,-7.973522,-8.137746,-4.847988
-2.472876,-2.581208,-2.227419,-6.283136,-8.059316,-1.782004,-4.509583,-2.830648,-3.442639,-4.187297
-14.618772,-4.411239,-6.947456,-8.429760,-5.076758,-10.552117,-4.618383,-7.821371,-2.514642,-6.176083
-6.743987,-6.640361,-2.151989,-3.925712,-2.218872,-6.602911,-3.079472,-1.109432,-9.975782,-2.753020
-4.391459,-4.591883,-11.189431,-7.015077,-11.904901,-9.482525,-11.106086,-8.450804,-8.153962,-4.195304
-5.198299,-3.758391,-6.341333,-1.185863,-12.628676,-3.647036,-4.907353,-5.048123,-9.066832,-8.350264
-15.258192,-4.462845,-8.136800,-8.306192,-5.188308,-8.906805,-5.342170,-10.741382,-6.386948,-3.735358
-9.965075,-5.742033,-2.573365,-5.676384,-2.256630,-6.702787,-2.747981,-2.366878,-9.794369,-3.163044
-2.148021,-15.037581,-8.042298,-4.398332,-5.889544,-9.027873,-2.277323,-8.038082,-3.334899,-2.417520
-11.782442,-7.480965,-1.758457,-4.495751,-3.273588,-7.977599,-4.246953,-3.688682,-11.091002,-4.417258
-8.092889,-3.912117,-6.422214,-1.658811,-12.011969,-3.735531,-6.249900,-4.404549,-10.405156,-10.806655
-8.915135,-8.679766,-2.969010,-5.063709,-17.050075,-6.564131,-4.527966,-5.201803,-1.258374,-4.050439
-2.974729,-1.778363,-8.693925,-2.759489,-3.417899,-1.947480,-7.105981,-9.718613,-10.244131,-2.868581
-2.582964,-1.121733,-6.921299,-2.413247,-2.699857,-1.959800,-13.702429,-11.187064,-8.659977,-2.098743
-12.554640,-3.748660,-9.503760,-8.246690,-5.586104,-12.173539,-4.528672,-8.368834,-4.441076,-3.151241
-1.282465,-3.387360,-6.819921,-3.546701,-7.822137,-6.364512,-2.521259,-8.456116,-8.618537,-7.112652
-5.312527,-4.066057,-15.315537,-8.752828,-11.425588,-12.986217,-6.554756,-5.580046,-7.120543,-4.908290
-13.957011,-1.716345,-7.602064,-8.109924,-4.872346,-11.695339,-4.452387,-9.539416,-4.557534,-3.518291
-2.161691,-3.111661,-3.476944,-7.637261,-7.465131,-1.762380,-4.065638,-1.651073,-3.267877,-3.719240
-1.908175,-2.439905,-5.846850,-2.861400,-8.753764,-5.883247,-3.016761,-9.757205,-6.496149,-7.987852
-7.331507,-6.665402,-1.479231,-7.441796,-3.163769,-8.514305,-4.876954,-3.434533,-11.295366,-3.744138
-1.925764,-9.744085,-8.768938,-1.575083,-6.471489,-10.190908,-2.801263,-8.633819,-2.915483,-2.234798
-13.440630,-3.679400,-2.581595,-7.574277,-15.312021,-4.540021,-3.975517,-4.435144,-2.026534,-4.338760
-14.063613,-2.907427,-9.109576,-7.149687,-6.298834,-10.361686,-4.426126,-12.643473,-4.151322,-3.482321
-11.857199,-4.843200,-9.261232,-6.288684,-3.711602,-8.163485,-4.986889,-8.239019,-4.169088,-5.298201
-7.138042,-2.959943,-7.871087,-2.960677,-10.875524,-4.966218,-5.890136,-4.924164,-8.656623,-9.752891
-6.673276,-3.768366,-19.134803,-9.582328,-9.112407,-12.198291,-8.433791,-8.486933,-7.337320,-4.335767
-0.170152,-3.950960,-8.903645,-3.012187,-7.298684,-6.943755,-3.368363,-5.843644,-5.112128,-9.451084
-2.126046,-8.279060,-9.963943,-4.021578,-6.263902,-8.325738,-2.061376,-4.689036,-2.039688,-3.726947
-2.321749,-1.044522,-9.596581,-2.687280,-2.071678,-0.727089,-11.627873,-10.153339,-8.814936,-3.149592
-10.212444,-6.446211,-3.332211,-7.744058,-14.493829,-4.995025,-3.630986,-5.251951,-1.793361,-4.618815
-5.198196,-2.830638,-10.106591,-8.376132,-8.831997,-8.498518,-6.989693,-8.056399,-6.714314,-4.598466
-10.452229,-6.204890,-3.163012,-4.300464,-3.083269,-6.255090,-2.315071,-2.753527,-10.481572,-4.156304
-8.317779,-5.989797,-3.726683,-5.377323,-13.286393,-6.455466,-2.692144,-5.097384,-2.791426,-3.665345
-10.529733,-6.387831,-2.333105,-5.011047,-4.717499,-9.923535,-4.220429,-2.078955,-18.238096,-2.556782
-10.317338,-1.503137,-5.220350,-5.786839,-5.839823,-6.481439,-1.603837,-4.922875,-11.407541,-4.344647
-2.281263,-3.506539,-2.094764,-6.138533,-7.662140,-2.024463,-6.244870,-1.103495,-3.818602,-4.557961
-2.046512,-11.923743,-10.089643,-2.928975,-6.019010,-11.153942,-1.861135,-7.753355,-2.719962,-2.168101
-13.126736,-3.947010,-7.793343,-5.967905,-4.995742,-11.816558,-5.902527,-9.486891,-3.478141,-2.797618
-2.432017,-10.705927,-9.702506,-2.188849,-4.614263,-8.059685,-3.073980,-7.851990,-2.161344,-4.453493
-12.356911,-6.061814,-3.620332,-4.660610,-12.010154,-4.534694,-5.385517,-4.843767,-1.713434,-4.328105
-1.605396,-12.207287,-8.879388,-2.608147,-7.056602,-8.587499,-0.435005,-7.876806,-3.885552,-4.384398
-2.834807,-1.791089,-7.727539,-2.943182,-1.597728,-3.226154,-11.677092,-11.310223,-10.782056,-1.672302
-9.298290,-6.388457,-3.685793,-7.287173,-13.398898,-5.111309,-2.966093,-4.504822,-3.116663,-3.408527
-1.112557,-3.530704,-8.004376,-4.108543,-9.759952,-5.778106,-0.761700,-8.599679,-7.983272,-11.883016
-2.374792,-3.869112,-3.707685,-5.899850,-7.352206,-3.631780,-7.057184,-0.876619,-1.702835,-3.752852
-7.421401,-2.956669,-9.792399,-7.523470,-9.480740,-12.484701,-9.245598,-7.925069,-6.608357,-4.293570
-1.074456,-1.643081,-8.220293,-4.073466,-10.179622,-3.905370,-1.065252,-5.547261,-8.440204,-11.064907
-5.899492,-3.981227,-7.487619,-1.754501,-11.057794,-2.985208,-9.058623,-6.001773,-7.297391,-11.326918
-3.574997,-1.558778,-8.060628,-2.511079,-1.884823,-1.835237,-10.891724,-11.494638,-8.453630,-2.359405
-9.452561,-2.068783,-7.311390,-3.309211,-7.236730,-7.330550,-1.295478,-4.371325,-15.660496,-3.804178
-10.965964,-4.610714,-1.325076,-5.939390,-3.917896,-8.211073,-2.718778,-2.818593,-11.477266,-2.435787
-2.798676,-1.144886,-4.841268,-4.568763,-1.930273,-2.793413,-9.518781,-12.226770,-9.882511,-1.811292
-2.711926,-3.489151,-2.730414,-6.927857,-7.383443,-0.970816,-6.599644,-2.114762,-3.633111,-3.588743
-11.301753,-4.530687,-9.555234,-7.519522,-6.379577,-9.929079,-4.916146,-9.825512,-4.396823,-3.330754
-5.063968,-4.398011,-8.566485,-2.503572,-9.439234,-3.235592,-5.095576,-6.228735,-9.804813,-10.058995
-5.215306,-4.643446,-9.030202,-2.031410,-8.107445,-4.790306,-4.154904,-4.033136,-11.444727,-7.084238
-11.922239,-3.630744,-9.324723,-7.356060,-5.744273,-11.878455,-4.289940,-11.494663,-5.430077,-3.044749
-6.402210,-2.762309,-9.524191,-2.449682,-12.210970,-4.728986,-6.157114,-3.844185,-9.876921,-11.281413
-7.753982,-4.384673,-6.861026,-2.323526,-13.441336,-3.677584,-6.041467,-3.815985,-9.815803,-12.134353
-11.173876,-1.240953,-5.032490,-5.764038,-6.325852,-10.412675,-3.775564,-5.070225,-11.920726,-4.772610
-9.428840,-6.386680,-1.663242,-5.782199,-3.462369,-7.177767,-4.318193,-2.497193,-10.130470,-2.127680
-5.889498,-4.230182,-9.097119,-2.970272,-10.426827,-3.690663,-6.291047,-3.690316,-9.692247,-8.745093
-15.597019,-2.536191,-9.069957,-6.731463,-4.943138,-12.774273,-5.738591,-9.285244,-4.131078,-2.930637
-2.729966,-4.561352,-3.489161,-6.177454,-8.964875,-1.488330,-7.691097,-1.000058,-5.155207,-3.538913
-1.976352,-5.065568,-5.015549,-7.981530,-8.949352,-2.003370,-6.240399,-1.312801,-2.804839,-6.757148
-8.971054,-6.733395,-2.422346,-6.143100,-9.480674,-4.663385,-3.550623,-3.690746,-2.499006,-4.261192
-5.999133,-4.048927,-7.176143,-2.796803,-9.458277,-5.744759,-6.888564,-5.593220,-11.065187,-9.046252
-0.811018,-2.734813,-8.950417,-1.555882,-10.000678,-5.751248,-1.973855,-7.259436,-8.817139,-9.333923
-1.898817,-2.825155,-5.871624,-3.961354,-10.417975,-4.989119,-1.155056,-6.727912,-6.752401,-8.541993
-2.104930,-2.185758,-7.498894,-4.360861,-2.258665,-2.246657,-15.669831,-10.443443,-7.448337,-2.040987
-1.609325,-10.481442,-9.589822,-3.658046,-9.278554,-9.414553,-2.410775,-7.414215,-2.922916,-3.430788
-10.945448,-7.226922,-0.703920,-5.451854,-4.513547,-7.876143,-3.319634,-2.404963,-8.335199,-2.580372
-8.887885,-2.407037,-5.475875,-5.140312,-6.393873,-9.540850,-2.216586,-6.444569,-14.738115,-4.025494
-2.938647,-4.031045,-3.778956,-8.180093,-6.463571,-1.460609,-4.915021,-0.899418,-4.461401,-4.958553
-7.214206,-3.773908,-12.034512,-6.363705,-7.755703,-12.003201,-7.911535,-5.552222,-6.108376,-5.165168
-10.955983,-8.833281,-3.169459,-6.467974,-11.778079,-5.739921,-2.696923,-4.709163,-1.441379,-3.988305
-10.368105,-5.115690,-3.447905,-6.157826,-9.904668,-4.748256,-5.025387,-5.225935,-1.618037,-4.165844
-8.968081,-2.275447,-5.111464,-4.480032,-6.294059,-7.613839,-1.011859,-4.395229,-14.900610,-2.786466
-12.908560,-4.633398,-8.242539,-7.299968,-7.081652,-13.627389,-3.589371,-11.905937,-6.202362,-5.160083
-1.972881,-8.453467,-7.645394,-3.633331,-6.578168,-8.553060,-3.693730,-8.519786,-2.881975,-2.017514
-3.127597,-9.568785,-8.863896,-3.119606,-6.105198,-10.096097,-1.190289,-7.845895,-3.730132,-2.477906
-7.007695,-3.708923,-15.383173,-8.877765,-12.385869,-10.400327,-11.523828,-7.320501,-6.436115,-4.342828
-3.068308,-0.688398,-9.459386,-3.087039,-2.180755,-1.454220,-12.263277,-17.790048,-7.718135,-1.240665
-2.113285,-2.219924,-5.949490,-3.040976,-11.520293,-6.487314,-1.202770,-8.804623,-8.171968,-7.360453
-2.592621,-3.297440,-3.084402,-7.705852,-8.566323,-1.741781,-6.146452,-0.817415,-2.103889,-2.643166
-2.547646,-1.405691,-7.629913,-3.822686,-1.084897,-2.779144,-9.200290,-7.351107,-8.103945,-1.064319
-12.080199,-4.773069,-8.432702,-7.459393,-5.551466,-6.755241,-3.367398,-7.759467,-5.187404,-2.812889
-4.994934,-4.208654,-15.025387,-6.470655,-8.393077,-15.833648,-10.568910,-10.187316,-6.644072,-4.821569
-1.676702,-3.492092,-8.969748,-3.010609,-11.929911,-5.073648,-2.032222,-8.542453,-8.726554,-11.257351
-6.520445,-2.426108,-11.071159,-2.958726,-12.993118,-5.083141,-5.318886,-3.389842,-10.970388,-10.285153
-2.251375,-4.085084,-2.952630,-10.701259,-8.504966,-2.207862,-5.685336,-1.958344,-4.096437,-4.756604
-3.211816,-2.426688,-8.838701,-3.324610,-2.548559,-2.508829,-10.168709,-13.135522,-9.118703,-1.257148
-11.376516,-3.021929,-7.272467,-7.355077,-4.089872,-14.488744,-3.776104,-10.539773,-5.285715,-3.677736
-10.804186,-4.289807,-1.356463,-6.251527,-3.648185,-8.782174,-3.244231,-2.701909,-10.431387,-2.846157
-8.229470,-2.201504,-4.696506,-4.064975,-4.931460,-6.319374,-1.466376,-5.678430,-8.663192,-4.865371
-5.614415,-3.353687,-8.624556,-2.144214,-11.910041,-2.745569,-5.789708,-2.948685,-10.502313,-6.984375
-9.239118,-5.510116,-1.149364,-6.975387,-2.669640,-4.831103,-2.018293,-3.976519,-10.943758,-1.043030
-10.104939,-6.925364,-3.457597,-5.201895,-9.358961,-3.698484,-5.553990,-5.357657,-1.394332,-6.323676
-1.344551,-3.334258,-8.899636,-2.562745,-11.333723,-8.432849,-2.470332,-9.964701,-7.898346,-9.226357
-12.306855,-5.093416,-3.538364,-6.728767,-12.120496,-5.533155,-4.727559,-4.300279,-2.438763,-4.320337
-11.140665,-3.366538,-9.146794,-8.717542,-4.865590,-12.820464,-4.000573,-10.744900,-5.171700,-2.867596
-9.804924,-1.264796,-5.368819,-4.113880,-7.224411,-8.436668,-2.585903,-5.165688,-13.215994,-4.108979
-8.712808,-7.873790,-3.944675,-7.037449,-12.131147,-5.732252,-4.515000,-6.077792,-2.072603,-5.870317
-2.043415,-14.357267,-9.583104,-1.643630,-7.622517,-8.768360,-2.260659,-6.127838,-2.521308,-3.125796
-11.432981,-4.442979,-6.484071,-8.387249,-4.768297,-12.542898,-4.061802,-7.834119,-5.639178,-3.691459
-2.901134,-1.319720,-6.736524,-4.524524,-2.609765,-2.348562,-11.908646,-11.026841,-7.350776,-2.185011
-16.337749,-5.460828,-10.770759,-8.413180,-5.049575,-12.797343,-5.836296,-9.975647,-3.711973,-3.303809
-8.794994,-3.029996,-10.284275,-10.507010,-12.943648,-9.178912,-7.594653,-8.715703,-7.617764,-4.349212
-9.784832,-6.470615,-0.858366,-5.591450,-1.735608,-5.615358,-3.985944,-3.092754,-13.307743,-3.854124
-3.156517,-2.341208,-7.961948,-3.915376,-9.580066,-4.405998,-3.031535,-9.183007,-6.666287,-8.769048
-2.337642,-3.423400,-2.899961,-6.938264,-9.056676,-1.006254,-6.630822,-1.383640,-2.943943,-5.381841
-7.899325,-7.199951,-2.781606,-5.940794,-12.251045,-4.883186,-3.666924,-6.918993,-2.318564,-3.779633
-2.300094,-10.270671,-10.829907,-3.425926,-6.835628,-10.541901,-2.057541,-8.509011,-3.079732,-3.384390
-9.197147,-7.558023,-0.246136,-4.295347,-3.579221,-7.738989,-3.328145,-4.089985,-12.056221,-2.432763
-11.080186,-5.928108,-1.042304,-4.790423,-2.323577,-9.784061,-2.535270,-2.467234,-11.022908,-2.638608
-5.420547,-4.327583,-14.784038,-6.403668,-10.163468,-13.389957,-8.468896,-6.446528,-6.560464,-4.171509
-13.115866,-5.321541,-1.444152,-3.678516,-2.916550,-7.078541,-2.317203,-2.794467,-10.912708,-3.320510
-11.390557,-6.669553,-2.849950,-5.695137,-13.466199,-4.805003,-5.747954,-4.942339,-1.861159,-2.457529
-1.437840,-0.863609,-6.004015,-2.930671,-2.755054,-3.547241,-14.800333,-11.507182,-8.814347,-2.187453
-3.613351,-3.794179,-10.962092,-7.448404,-9.421695,-10.176951,-7.674808,-7.871771,-5.654244,-4.306477
-10.907713,-6.124919,-2.751488,-5.016404,-3.026960,-7.355281,-4.792615,-2.741803,-11.431298,-2.423877
-1.507239,-10.261129,-12.650861,-2.731476,-7.541349,-14.735180,-2.662595,-6.202173,-3.551326,-3.335152
-3.383625,-1.755079,-7.331700,-3.652430,-2.139637,-1.570126,-10.439726,-10.727748,-8.389530,-1.528820
-1.409156,-3.646771,-5.463494,-2.405801,-18.889983,-5.669044,-1.432796,-6.684039,-7.738176,-8.504867
-13.393608,-6.176620,-3.906438,-6.456799,-11.472591,-5.498332,-3.628343,-4.823947,-0.887977,-4.065917
-1.332952,-10.147696,-10.932833,-2.597951,-4.349015,-18.443318,-2.601776,-6.924855,-3.546848,-3.011780
-6.808138,-2.992913,-15.457156,-1.483099,-11.405808,-5.688536,-6.031062,-4.818158,-9.083613,-9.121931
-10.132198,-0.901401,-6.416598,-4.894217,-6.401028,-9.401193,-2.314845,-3.362751,-13.473024,-3.795056
-2.524143,-2.245547,-6.400250,-3.879414,-1.622932,-2.392777,-14.029983,-10.152035,-12.689659,-1.683771
-7.495398,-3.245737,-11.140341,-8.883505,-10.291191,-10.734090,-11.644160,-6.650695,-5.520294,-5.815034
-2.243842,-3.386674,-4.523433,-7.435736,-8.075502,-1.290708,-9.833822,-1.419530,-3.543503,-4.704412
-5.637072,-3.270549,-12.532357,-6.801370,-9.455030,-9.606789,-9.694174,-10.614954,-5.326689,-3.088782
-2.819396,-1.798475,-6.296478,-4.689850,-2.125563,-2.898403,-10.952029,-12.494895,-10.166456,-2.131785
-9.969164,-5.827073,-3.581730,-5.155984,-10.466890,-5.581511,-4.485091,-5.884951,-1.743296,-4.388114
-7.284071,-2.331068,-7.566591,-1.596503,-13.783255,-3.108064,-6.198716,-4.663313,-9.184485,-5.505104
-2.284576,-3.661493,-4.036964,-7.812789,-7.597974,-2.361794,-5.424762,-2.421493,-3.495225,-3.852581
-1.941526,-16.256117,-8.785998,-1.911655,-5.519183,-9.414754,-1.153198,-7.600916,-3.939368,-3.539542
-10.748705,-2.898912,-7.871669,-8.283578,-6.269870,-14.060318,-3.248431,-9.127307,-4.422294,-4.147890
-11.298309,-1.594484,-4.420685,-5.235042,-6.179601,-5.935185,-2.688816,-3.833946,-13.583370,-3.506831
-8.097905,-2.440205,-4.484308,-4.104773,-6.497687,-7.784092,-1.715239,-4.399714,-13.630661,-4.400248
-9.738185,-6.565543,-3.973830,-5.111661,-10.003851,-5.202243,-3.223352,-7.195250,-1.988699,-5.399708
-0.439905,-3.571271,-9.961374,-1.698970,-10.802904,-6.181819,-1.413797,-5.942753,-4.786398,-11.515274
-12.873976,-4.665668,-4.046309,-4.697614,-12.146404,-4.403439,-4.041381,-4.737527,-2.292428,-4.924873
-2.227903,-9.252069,-8.323413,-1.978377,-6.730855,-8.727435,-1.731986,-5.968927,-2.880053,-2.805847
-2.368302,-3.407103,-1.602296,-6.082824,-9.553676,-1.270834,-6.886896,-2.102467,-4.350376,-3.934573
-1.051343,-2.471456,-8.105948,-2.558830,-10.874342,-6.317900,-2.601200,-7.082995,-8.739401,-8.385686
-11.396845,-7.284865,-3.991203,-8.051487,-13.602640,-7.908701,-4.159045,-5.697692,-1.558402,-5.122162
-8.467176,-6.942807,-0.842819,-4.847005,-3.082310,-7.040392,-3.000546,-1.934222,-12.369385,-2.311921
-11.663541,-1.408038,-5.943286,-3.605346,-6.354651,-8.598624,-2.836997,-3.820110,-11.607159,-4.285588
-7.371937,-2.448719,-10.440119,-6.734665,-9.797436,-12.593204,-8.763983,-7.996733,-5.295044,-6.376427
-11.158498,-6.245230,-5.240967,-6.191526,-7.866902,-3.760929,-3.287823,-5.048018,-1.230082,-4.840299
-1.528875,-1.913521,-5.588161,-3.180124,-9.157271,-7.141471,-3.058208,-9.589731,-7.806704,-11.802638
-9.861466,-6.720195,-1.622201,-3.556877,-3.664377,-9.243707,-3.510397,-1.700097,-10.225795,-3.975986
-5.489824,-2.215596,-11.766399,-7.232730,-8.621416,-8.136037,-9.593224,-8.293183,-4.562092,-3.702991
-1.941084,-9.462173,-13.325227,-2.863756,-5.143865,-8.814781,-2.569187,-6.906950,-2.620200,-3.844169
-1.770922,-4.263199,-9.118321,-3.482197,-9.383262,-5.511559,-2.277642,-4.456734,-7.798815,-10.657908
-11.466469,-6.826916,-2.719126,-6.138196,-3.774314,-10.275314,-3.337971,-3.867682,-15.355270,-2.741903
-2.527334,-11.064426,-7.977511,-2.131689,-6.124473,-9.103233,-1.420669,-8.237707,-3.444359,-3.390600
-5.298923,-3.661930,-6.072427,-2.058135,-15.013563,-3.540213,-8.025651,-3.862404,-10.504094,-9.675649
-1.525186,-2.695318,-8.720185,-2.141509,-9.377936,-5.283805,-1.696190,-7.379869,-7.085634,-13.653493
-2.094582,-10.155790,-10.337996,-3.823370,-7.773996,-10.452045,-1.866140,-6.669090,-2.904386,-2.843627
-3.746667,-1.020713,-10.202960,-5.793784,-1.544085,-2.495340,-10.903955,-10.432586,-7.199414,-4.486018
-9.199993,-1.849040,-6.308834,-3.824206,-5.673563,-9.117877,-2.486586,-5.465345,-13.933520,-2.626618
-9.175617,-1.345024,-5.754893,-4.046366,-6.824182,-10.642854,-0.933103,-4.706496,-17.413183,-3.788355
-10.323574,-1.867307,-5.614785,-5.149430,-5.521658,-8.176246,-2.113957,-4.177282,-16.870069,-5.912427
-5.684371,-4.498881,-11.537940,-8.239780,-8.129484,-13.441557,-9.933024,-8.076453,-5.425237,-6.415362
-9.114252,-0.995998,-4.375341,-5.556201,-5.703331,-11.850221,-1.934064,-4.686565,-10.405073,-3.335280
-9.338917,-2.698497,-5.431566,-4.433501,-6.359408,-10.984851,-2.142287,-4.517175,-10.906560,-5.424610
-3.330380,-9.843498,-7.585910,-2.604792,-6.190541,-9.427215,-2.207403,-8.660265,-2.683622,-4.012589
-5.998568,-2.887504,-11.872894,-8.284982,-7.466260,-10.478233,-7.863460,-6.546440,-5.492381,-4.109389
-1.920639,-4.593494,-7.762798,-2.941253,-11.914601,-5.453425,-0.914659,-8.356316,-7.703986,-10.425322
-1.055984,-4.677593,-10.055570,-3.401109,-8.444182,-6.557821,-1.575133,-8.347714,-7.759946,-10.159398
-9.024630,-1.345188,-4.680631,-6.129349,-6.853949,-8.005152,-1.615692,-5.139209,-17.615431,-3.560905
-13.975554,-2.304758,-6.408853,-4.125044,-7.385195,-8.598404,-2.532101,-5.502221,-9.357279,-4.521528
-13.442304,-2.936828,-7.781398,-7.040538,-4.667271,-10.312424,-5.388449,-12.574124,-4.719011,-2.845493
-2.487583,-2.173130,-7.301054,-4.175052,-2.646959,-3.163949,-10.055911,-13.300455,-9.417530,-2.692494
-11.211367,-8.284507,-1.440357,-5.326199,-2.914912,-6.213487,-6.017049,-1.506002,-15.988166,-4.394764
-2.837907,-1.415114,-6.969530,-3.976654,-2.392661,-3.135604,-15.706247,-10.908569,-7.463193,-2.494740
-2.421373,-11.164778,-10.970230,-1.768601,-6.536855,-10.118915,-1.397281,-5.855672,-3.733020,-3.851392
-6.263352,-4.419550,-9.330058,-1.550623,-16.885138,-3.730318,-7.463309,-2.975055,-5.789629,-9.447507
-2.535270,-11.912766,-9.154118,-2.268947,-4.483570,-14.631115,-2.270301,-6.292012,-2.451394,-2.098826
-10.188053,-5.417805,-2.521130,-5.878144,-3.228323,-6.532747,-2.824114,-2.410439,-16.130593,-3.904650
-9.126315,-4.047524,-2.666172,-5.622675,-8.972310,-7.000188,-3.873875,-5.600396,-1.973104,-3.815164
-8.783789,-2.721588,-11.222998,-6.626687,-7.313566,-8.618443,-11.709773,-5.760444,-6.937989,-4.748243
-8.669978,-5.129691,-1.747832,-6.057979,-3.245429,-7.231030,-2.449689,-3.406005,-12.025464,-3.093060
-8.602801,-3.094055,-7.922395,-2.396684,-14.792498,-6.548326,-6.261467,-4.478176,-11.182254,-9.346292
-15.029741,-3.073969,-11.103732,-10.099252,-7.762936,-13.276188,-5.577153,-7.356994,-3.608864,-3.703672
-5.398883,-3.563202,-8.192244,-2.668148,-8.846699,-5.185869,-6.441366,-4.726887,-10.067580,-10.252001
-4.602542,-3.657605,-13.348544,-8.599291,-12.859666,-10.125915,-8.494721,-6.322164,-6.396309,-4.465612
-2.032801,-2.042466,-7.479091,-3.433799,-2.668522,-1.685963,-10.087214,-10.319655,-8.736596,-1.609076
-10.640052,-8.241283,-1.813300,-3.529634,-5.850273,-7.515550,-2.471482,-1.278586,-10.811903,-3.015028
-3.578826,-8.986009,-9.225513,-2.157839,-5.252469,-8.716208,-2.000622,-7.371757,-4.106407,-2.494636
-5.834971,-3.149648,-11.107853,-7.656169,-9.624804,-10.928047,-9.146301,-7.013251,-6.802284,-2.610402
-1.838383,-8.969409,-9.291389,-3.714034,-8.653604,-12.123413,-0.910939,-4.907912,-4.162880,-3.748269
-1.876959,-4.008649,-1.297366,-8.044451,-6.389444,-3.210175,-5.093698,-2.081059,-4.298512,-3.715035
-2.990569,-9.975863,-11.021383,-1.642047,-7.688030,-8.423558,-2.352925,-6.822439,-2.011498,-3.422027
-1.365813,-9.817057,-12.599437,-4.878588,-4.827855,-7.719079,-3.003103,-9.760583,-2.797149,-4.100263
-3.345250,-1.275614,-5.844567,-3.071745,-2.650194,-1.456588,-8.045668,-16.782161,-10.665278,-2.503676
-6.552030,-2.349672,-9.885413,-2.328511,-19.375430,-2.416796,-7.019396,-4.922089,-9.230488,-11.138150
-9.205659,-6.851652,-2.490655,-5.034505,-2.694387,-6.938213,-4.472795,-3.180816,-11.643492,-2.380286
-15.675670,-4.620264,-11.590665,-10.059650,-4.236364,-15.608232,-4.362345,-12.588252,-4.130137,-3.563670
-1.641236,-1.785392,-8.099324,-3.302625,-2.355232,-2.452408,-10.054403,-14.387103,-12.816254,-1.295090
-7.007328,-3.816704,-12.355472,-7.809986,-10.618515,-12.149167,-10.110455,-5.956922,-8.951531,-4.626128
-6.827745,-3.635077,-14.920356,-9.274421,-12.945669,-11.191327,-7.994032,-6.308430,-5.694659,-4.127692
-13.563651,-5.980651,-4.845527,-7.836377,-8.826993,-6.532353,-5.225793,-5.204465,-1.979697,-5.345176
-1.483676,-9.136178,-8.343201,-3.404287,-6.270683,-9.128327,-2.058688,-5.281514,-2.515272,-0.860452
-9.123104,-1.092090,-3.879197,-5.807939,-8.372308,-7.949910,-1.152849,-2.503429,-12.594833,-7.352307
-2.702476,-2.610280,-6.679088,-4.182133,-2.845450,-2.370749,-12.250540,-10.561246,-8.080804,-1.787143
-11.050140,-3.699969,-8.299471,-8.559664,-5.066898,-13.250684,-5.742749,-11.656818,-3.880655,-4.037921
-7.438195,-6.312785,-3.060366,-6.828930,-2.951049,-5.593315,-5.077966,-3.156932,-11.338508,-3.878550
-3.192375,-1.228632,-6.218897,-2.889352,-2.036738,-1.578062,-10.828726,-8.287381,-9.982999,-2.011647
-9.083724,-3.204998,-9.337857,-10.357570,-3.770513,-9.626731,-7.148085,-11.407286,-3.800372,-3.242576
-8.947084,-6.725117,-4.026154,-6.266909,-10.704156,-3.710685,-2.861119,-4.410319,-1.524847,-2.948140
-7.178701,-3.140817,-7.085191,-1.054078,-8.834105,-4.083717,-6.009412,-5.209278,-10.471652,-9.419769
-10.195521,-5.807723,-1.567401,-4.231519,-2.639051,-9.205771,-3.219712,-2.159096,-10.649607,-3.757725
-3.122094,-2.943461,-9.735133,-4.347883,-2.086936,-2.459902,-12.076291,-12.806174,-10.909274,-3.128400
-1.791987,-3.074007,-7.613342,-3.105808,-11.202180,-7.290878,-2.198633,-6.623398,-7.610748,-9.108010
-3.339647,-1.114922,-6.968476,-3.856674,-1.643960,-1.743872,-11.692229,-11.511528,-9.861961,-0.898353
-1.891153,-3.320860,-3.781657,-7.619494,-8.627646,-1.599448,-5.814557,-1.638505,-4.164291,-4.190031
-9.825968,-6.724162,-1.718257,-4.792403,-4.335649,-7.251377,-3.830454,-3.672707,-11.090017,-3.459965
-2.613278,-8.421039,-12.464352,-3.035565,-6.682484,-9.221393,-2.018494,-5.988726,-3.276958,-3.570090
-2.465369,-3.753446,-3.172744,-6.207552,-8.283846,-1.389479,-5.540171,-0.849951,-3.313709,-4.537368
-2.712687,-4.433262,-2.197098,-6.724241,-7.319949,-2.729695,-6.749626,-1.375876,-3.686951,-4.882959
-13.750372,-6.250262,-3.722307,-6.457825,-10.538156,-4.920621,-4.675939,-5.433942,-2.187829,-4.161253
-12.268609,-7.879283,-2.148788,-6.004844,-2.609437,-7.749729,-4.004925,-2.779055,-10.260777,-3.498415
-6.020384,-2.443209,-11.881344,-5.871978,-8.206694,-10.149681,-11.379199,-6.419863,-6.071302,-3.297381
-1.605255,-4.622814,-3.842584,-9.059861,-7.863448,-1.216605,-7.888903,-1.569956,-3.931495,-3.675424
-11.486377,-6.433264,-2.584105,-3.580256,-3.912926,-7.238034,-4.582143,-2.973691,-10.972785,-4.006090
-11.181743,-6.946265,-1.988768,-3.786508,-2.899831,-7.510303,-3.041264,-2.074361,-9.437075,-2.960600
-11.173131,-5.822470,-3.479376,-6.026177,-10.423336,-6.642411,-2.583937,-5.577837,-1.699739,-5.189857
-2.429759,-4.298176,-2.796002,-6.343620,-6.872437,-1.610902,-4.898365,-1.034240,-3.971631,-3.663298
-7.661490,-2.946813,-15.361680,-8.156862,-11.341162,-11.003711,-9.892388,-7.616518,-5.689790,-3.420993
-2.882614,-4.363679,-2.678819,-6.271044,-8.500097,-2.367283,-9.329605,-1.958635,-4.490009,-4.912875
-1.910183,-1.353640,-7.832174,-4.091010,-3.013273,-3.671800,-12.338885,-12.561758,-8.123964,-3.179807
-1.815189,-5.793893,-2.301191,-8.649500,-7.673815,-2.431656,-6.390281,-3.001754,-4.569646,-2.855990
-12.141402,-0.988952,-5.871858,-5.886376,-7.252165,-7.826839,-1.383472,-5.810862,-11.885062,-5.676732
-9.313090,-2.183654,-4.591689,-4.266360,-6.920499,-7.882096,-1.680438,-6.076329,-9.385142,-4.392541
-16.332633,-3.997508,-10.282012,-10.550219,-5.936668,-15.568973,-3.800714,-9.589565,-4.975892,-4.877046
-10.146474,-1.895010,-6.378531,-4.636245,-5.377420,-7.084797,-1.939376,-6.881315,-10.360429,-4.014128
-3.060544,-3.411821,-4.216173,-5.965366,-5.019594,-3.661256,-6.935460,-1.909146,-3.851734,-6.236051
-2.199560,-5.210276,-2.693312,-7.730250,-7.570650,-2.600945,-7.162185,-3.305315,-4.002064,-4.714491
-0.720985,-2.808219,-7.470922,-3.109121,-10.826523,-7.821173,-1.588126,-6.022285,-7.616213,-10.748792
-2.726674,-1.872455,-7.147042,-4.082750,-2.154405,-1.380415,-11.637472,-12.659354,-9.433619,-2.238825
-4.348080,-2.158006,-8.717540,-2.523947,-9.481870,-3.784082,-6.079365,-5.485088,-8.074484,-13.174431
-12.969889,-1.493309,-4.619109,-4.441185,-7.965292,-6.331197,-1.013243,-4.646130,-18.755417,-4.774978
-10.973191,-4.139610,-7.029625,-9.256700,-4.078944,-10.793980,-4.673402,-9.179107,-4.611314,-4.767006
-2.296860,-2.501082,-7.854093,-3.507494,-3.916133,-3.782403,-11.401544,-11.213489,-9.974394,-2.527752
-5.888461,-2.705140,-14.600303,-9.894249,-8.893804,-10.299327,-8.748233,-7.185084,-9.428624,-2.562347
-7.460979,-3.440335,-11.471844,-6.992391,-9.864653,-11.992963,-8.974163,-6.358618,-6.467354,-4.849104
-18.421039,-3.368582,-8.561529,-13.865793,-4.558690,-10.379267,-6.014282,-8.925769,-4.021011,-2.904239
-12.657273,-2.489688,-5.514573,-5.982654,-5.874572,-6.651419,-2.347790,-5.117309,-16.367486,-4.967617
-7.880072,-4.903770,-9.603697,-1.021423,-13.006729,-3.490754,-8.389387,-3.672285,-11.459360,-10.412061
-10.138153,-5.356626,-1.773299,-4.859103,-3.737679,-7.355948,-4.893105,-1.761575,-19.215465,-3.877190
-2.223248,-8.558611,-11.660743,-2.712518,-4.972864,-8.287605,-0.788632,-9.247555,-2.942542,-3.637189
-2.624859,-9.777671,-10.432883,-1.196965,-4.651337,-12.130402,-1.869166,-9.121381,-2.631952,-4.329620
-2.420099,-5.074467,-3.741678,-10.203971,-6.707755,-2.990782,-6.326668,-2.083033,-4.296128,-4.034627
-11.327266,-7.671172,-2.147047,-5.838537,-3.196420,-9.306510,-4.203727,-2.032067,-12.949556,-2.805214
-10.924463,-1.499437,-5.661111,-4.437822,-4.857738,-7.421044,-2.351347,-6.040657,-9.955531,-3.889398
-7.521019,-4.480107,-10.718664,-10.543126,-9.647600,-11.422512,-9.798150,-8.803538,-9.092315,-5.608719
-15.460237,-1.917063,-8.315374,-5.022395,-5.222250,-9.176204,-3.168042,-4.474684,-13.552937,-3.168994
-6.841965,-4.107594,-14.806682,-11.082226,-11.004820,-9.286009,-9.132036,-8.110757,-6.486381,-4.711512
-9.338254,-5.752103,-1.223600,-4.287646,-3.188797,-7.888637,-4.154406,-2.150252,-13.604527,-3.478983
-7.754798,-3.320401,-13.188421,-8.447008,-9.319394,-12.637442,-9.027909,-7.046962,-7.428840,-7.476726
-0.621067,-3.202662,-7.666523,-4.478945,-12.672190,-5.962061,-2.890110,-7.157684,-8.013093,-8.242054
-2.441651,-3.328098,-8.114550,-3.201556,-11.336190,-6.270652,-1.490014,-6.882330,-7.455839,-11.190256
-6.480966,-3.697063,-12.283194,-7.984903,-5.630671,-13.024323,-9.018926,-7.610936,-7.256566,-5.615939
-6.948488,-7.405572,-2.739164,-7.830771,-12.040847,-4.921467,-5.014100,-4.773909,-1.787391,-4.328484
-8.821805,-5.449680,-1.718529,-4.730185,-3.869153,-7.605131,-4.511693,-2.268154,-11.818083,-2.402300
-9.752163,-7.630916,-5.293249,-6.395481,-10.908738,-3.979490,-4.670284,-3.920709,-1.853301,-4.750182
-6.599054,-3.069855,-7.607288,-2.509123,-10.508043,-3.737302,-6.824975,-5.350362,-8.070814,-9.175295
-5.066330,-4.415098,-10.453885,-8.516053,-8.700628,-11.421433,-8.019029,-6.128178,-8.257096,-5.103812
-11.486096,-5.171079,-3.111106,-5.756304,-9.690811,-4.460961,-3.126306,-5.507410,-0.438296,-5.178862
-1.574576,-3.415238,-8.930725,-3.355156,-8.658381,-6.228556,-1.529825,-9.103117,-7.986052,-10.298326
-4.402535,-2.695177,-8.027228,-1.183146,-11.096397,-3.406680,-5.161864,-4.631596,-10.621982,-11.319409
-9.944129,-7.596213,-1.711350,-4.840515,-5.176048,-7.008357,-2.746697,-1.358464,-8.791331,-1.918080
-7.120115,-2.705922,-8.692302,-1.700024,-12.398759,-5.358321,-8.408146,-5.336583,-8.215835,-8.141804
-13.462626,-4.770794,-1.389288,-3.877587,-4.071942,-6.599064,-3.167698,-2.622780,-12.452305,-2.465903
-1.798718,-2.101549,-7.521571,-4.587753,-2.166507,-0.912373,-7.584319,-9.378475,-8.015128,-1.315860
-3.871815,-0.792626,-9.072296,-3.089179,-3.401498,-2.987114,-11.917290,-9.181561,-11.017520,-2.620226
-1.548291,-8.212276,-11.934656,-3.404788,-5.795637,-11.083096,-1.654765,-8.615962,-3.999620,-5.516341
-7.962798,-0.607651,-6.038332,-5.838456,-7.204746,-6.677084,-2.622271,-4.487891,-15.749800,-3.058390
-6.240212,-4.066796,-9.102767,-8.378078,-7.249106,-11.682548,-7.561240,-5.818271,-7.693013,-4.623570
-9.527498,-6.493264,-3.035760,-5.456051,-12.140208,-2.838578,-3.820706,-6.626378,-1.914220,-4.670848
-2.620535,-11.846151,-11.386324,-2.749433,-6.611824,-9.660830,-1.714065,-8.199476,-4.233640,-3.945784
-9.791838,-3.570078,-13.130199,-8.310922,-9.604712,-12.582447,-7.440522,-6.261654,-7.822939,-4.505805
-14.359160,-1.435393,-4.120186,-4.671614,-5.748712,-12.131177,-2.042590,-4.755828,-11.989676,-4.319279
-2.388173,-1.485507,-5.820644,-3.091837,-2.808222,-2.624843,-15.397880,-14.462541,-7.513527,-2.749314
-1.765557,-1.523009,-7.284908,-2.901095,-2.848785,-0.474489,-12.977478,-10.628761,-8.677053,-3.000559
-10.285272,-1.708008,-5.952595,-4.062677,-7.431845,-9.252722,-2.050802,-3.184672,-11.111108,-2.669173
-0.706014,-3.473748,-6.173989,-2.404148,-10.491111,-5.048566,-2.317263,-7.733859,-6.115595,-12.382112
-1.045883,-3.180946,-6.160393,-3.294789,-8.290274,-6.109220,-2.006557,-9.400879,-10.447702,-13.361122
-6.198726,-2.854533,-9.898561,-6.999143,-11.023870,-13.843006,-8.698743,-9.538511,-6.581030,-4.460713
-12.202738,-4.438614,-8.123537,-8.822223,-5.622583,-10.691024,-4.686052,-10.165319,-4.042444,-1.545578
-1.576119,-4.077873,-10.086930,-3.906845,-11.927917,-5.521268,-3.145703,-8.599134,-7.161978,-8.042874
-8.448542,-8.072534,-1.262740,-4.607031,-2.902147,-7.725364,-3.705273,-2.409364,-20.114319,-3.908852
-4.210047,-1.974293,-10.851619,-3.265697,-2.957065,-0.693225,-12.940681,-10.237301,-9.059434,-1.668072
-9.334962,-6.644171,-2.536570,-2.667018,-4.120406,-7.338834,-2.996379,-2.978893,-9.818147,-2.643549
-11.617838,-4.170061,-9.002035,-9.427668,-6.241796,-15.059838,-5.453303,-11.164960,-4.705773,-4.760453
-6.527388,-2.512173,-11.516544,-2.720909,-15.333347,-3.828125,-4.801564,-3.023573,-9.251322,-11.305075
-2.222479,-4.105178,-3.578319,-6.849931,-8.384990,-2.450351,-6.440103,-1.943116,-3.240028,-3.274865
-4.907356,-2.294886,-8.457430,-2.910543,-9.109399,-3.663510,-6.467622,-3.061369,-11.646788,-8.086292
-2.911862,-9.529517,-7.097916,-2.425327,-6.693861,-8.973046,-1.632646,-7.750254,-3.116293,-2.914972
-12.331063,-5.723551,-4.740274,-6.165768,-9.742393,-5.088354,-3.848052,-6.035895,-1.604047,-5.038489
-1.390997,-4.364368,-7.662754,-3.179080,-9.689100,-5.225284,-2.014421,-6.612672,-11.581144,-7.582749
-2.010559,-1.979230,-6.054797,-2.586917,-2.585672,-2.660814,-12.639297,-10.669344,-7.865402,-1.964021
-2.979731,-2.315646,-9.699650,-3.393510,-2.562101,-1.874629,-14.113211,-10.661446,-8.301271,-1.883607
-12.901319,-4.035534,-7.865144,-7.414773,-7.048535,-12.249901,-4.281085,-11.923389,-4.458951,-3.907230
-11.675333,-5.278902,-4.062980,-5.910742,-18.080067,-5.442196,-4.308936,-5.328708,-1.229713,-4.349891
-1.986537,-9.866923,-8.604610,-3.930615,-7.402246,-9.673394,-2.530429,-7.486417,-3.265436,-3.849937
-8.897819,-4.687390,-4.110884,-3.398733,-3.668737,-7.338280,-3.098664,-1.657289,-12.769348,-3.889989
-12.610028,-4.328077,-7.959639,-7.490523,-5.899072,-8.694062,-3.139831,-12.278367,-4.509964,-5.072764
-14.286678,-3.615771,-10.296056,-6.195130,-6.455672,-11.196968,-5.037525,-8.545743,-4.246267,-2.261693
-7.227738,-2.413879,-7.595651,-4.090877,-6.958319,-7.040171,-2.736599,-3.939905,-12.939649,-4.900478
-0.886320,-2.388634,-6.824545,-2.993023,-10.949692,-6.034489,-1.706189,-7.314431,-6.000158,-12.751724
-10.505931,-1.069262,-7.197494,-3.672609,-9.607881,-11.258276,-2.774446,-3.925098,-20.804665,-5.568369
-3.120644,-1.729802,-6.310938,-2.188367,-1.763710,-1.886022,-9.865997,-9.130835,-9.933117,-2.047654
-1.852801,-5.080525,-1.837583,-5.695643,-11.503306,-1.495014,-7.658118,-1.187858,-3.282790,-4.087408
-1.400870,-2.524732,-7.952319,-2.646415,-10.720283,-3.483517,-3.297027,-7.773629,-5.986989,-11.902165
-11.003894,-6.212157,-1.733288,-6.044168,-4.447210,-7.854070,-2.553781,-1.564319,-11.871477,-2.763732
-1.921111,-7.268307,-8.998940,-3.505108,-6.261860,-12.708059,-1.184243,-9.355264,-4.585403,-3.661030
-1.482055,-2.418392,-9.514078,-3.745785,-2.712478,-1.865845,-11.712140,-13.368796,-9.862968,-3.444270
-3.722987,-1.970367,-6.641056,-3.638473,-2.383422,-2.046342,-10.902942,-9.092144,-9.409555,-1.260677
-2.830244,-2.048113,-8.375712,-3.388240,-3.274862,-1.756773,-10.721653,-13.528735,-8.068559,-2.157512
-1.843633,-2.477332,-7.362083,-3.801688,-9.676828,-5.021102,-1.392032,-6.447040,-7.904578,-9.032032
-12.091134,-1.567494,-6.915496,-4.870544,-5.627860,-9.455852,-2.468990,-5.545617,-10.062631,-3.836317
-3.158564,-3.921638,-2.585087,-7.135511,-5.435053,-2.236877,-8.117279,-2.072021,-3.366259,-2.432845
-5.586807,-4.121755,-13.099505,-7.215164,-12.017575,-8.934377,-6.075899,-7.878392,-5.446140,-5.255442
-1.891463,-4.262859,-4.081255,-6.712236,-8.418163,-2.332061,-5.299264,-1.124788,-4.187868,-3.710039
-8.250222,-6.744009,-3.222813,-5.628082,-10.994336,-4.984547,-4.091909,-4.938342,-1.165489,-5.725661
-0.448721,-3.459780,-7.033170,-2.771938,-8.963266,-6.310035,-0.581488,-8.265206,-8.352394,-10.727458
-1.290044,-3.802191,-7.767785,-2.532927,-10.162779,-5.724120,-1.503545,-6.605803,-6.854202,-8.644283
-12.718273,-2.216787,-5.227930,-5.626963,-5.658530,-8.059634,-2.614268,-3.705435,-12.841845,-4.344749
-9.284329,-1.396752,-6.368935,-4.947669,-5.518620,-9.117481,-2.171583,-3.577650,-15.572567,-3.990532
-1.658450,-3.375692,-3.432254,-8.913956,-7.279213,-2.896176,-6.647957,-1.688546,-4.226769,-3.923149
-1.956079,-10.096708,-7.926608,-3.408535,-5.803902,-9.208058,-1.228355,-7.622516,-5.559930,-2.667372
-7.426715,-1.978880,-6.459694,-4.570653,-6.366337,-10.704281,-3.738404,-4.532387,-13.125789,-4.065393
-9.154039,-8.420550,-2.154128,-4.528157,-2.631143,-5.701551,-3.475752,-2.264712,-11.531006,-3.927093
-5.942043,-2.803757,-9.318174,-1.956301,-12.493750,-4.407532,-5.442318,-4.032454,-17.496872,-13.748434
-10.528252,-6.667255,-3.582696,-5.891539,-12.768574,-6.680752,-2.764881,-3.585417,-2.943718,-4.374412
-10.964720,-5.543228,-3.692283,-5.544038,-11.411280,-3.267585,-4.123165,-4.415997,-1.673712,-4.951204
-11.324052,-2.911584,-9.636548,-7.386167,-6.898685,-10.731211,-3.717329,-11.903891,-5.088167,-3.770350
-7.424029,-1.878013,-9.543624,-1.341346,-22.533278,-5.611157,-6.448379,-6.049346,-9.274995,-10.315302
-6.534332,-3.071770,-11.318396,-8.021434,-8.784546,-11.348317,-8.196315,-5.705961,-6.241513,-4.736268
-6.023075,-4.159463,-7.811169,-1.761411,-10.901411,-4.847201,-6.716726,-4.527409,-7.860764,-10.592952
-3.651789,-1.618916,-8.079643,-4.540132,-1.877178,-1.949747,-8.691742,-9.118306,-9.479331,-2.217156
-2.920459,-5.382795,-4.559130,-8.177827,-9.515515,-1.335341,-6.383532,-1.455601,-4.216243,-3.907007
-5.504624,-4.778591,-11.412855,-7.037853,-8.576367,-9.037214,-9.844598,-6.080861,-7.084252,-3.268902
-3.496497,-3.744895,-5.142882,-7.489510,-7.802181,-2.167689,-5.276361,-0.448699,-3.958241,-4.452378
-1.659507,-3.579581,-6.442645,-2.141968,-8.676453,-4.840440,-2.231060,-10.169136,-9.747961,-8.386902
-2.214870,-2.390080,-8.161895,-3.279291,-8.799031,-4.940854,-1.636636,-9.286392,-7.935990,-14.215330
-6.293411,-4.192344,-12.472494,-6.690792,-11.125919,-10.656901,-6.443040,-6.464990,-5.781305,-6.002774
-9.667957,-5.110493,-3.524902,-6.840004,-12.671769,-5.634780,-3.740234,-6.012418,-1.599157,-4.291363
-7.248624,-3.129002,-12.001422,-7.586718,-9.587879,-9.970563,-8.602451,-8.318619,-7.891435,-2.847165
-1.992098,-8.246566,-9.143345,-3.304231,-5.154814,-11.830943,-1.149841,-6.694640,-2.649331,-4.189734
-6.680396,-2.152959,-16.013095,-6.661567,-7.856456,-10.813543,-7.786200,-5.848322,-4.814470,-5.312950
-5.465089,-3.451458,-9.264598,-1.654127,-11.151043,-1.998628,-7.468993,-3.121023,-9.260648,-7.872102
-0.098686,-3.578754,-6.420263,-1.628490,-12.690293,-6.231852,-2.802013,-7.006350,-8.814715,-6.711285
-1.285804,-3.651837,-7.901164,-3.444796,-10.854294,-5.464340,-2.736542,-9.914393,-6.772719,-11.121382
-1.328521,-11.492054,-10.659303,-3.632786,-3.953600,-11.178357,-1.693572,-9.185233,-3.568155,-2.734643
-5.823328,-4.489420,-12.801932,-9.935635,-8.139041,-10.063731,-9.237303,-8.014287,-5.096304,-3.259323
-10.859334,-4.402787,-4.296604,-6.126890,-10.724723,-3.114829,-3.689721,-4.771530,-1.678015,-2.720855
-3.654093,-3.798153,-8.780776,-3.240614,-9.012087,-4.925122,-1.280026,-5.851081,-8.448893,-10.493674
-0.895239,-5.545049,-5.106163,-4.931571,-6.311240,-3.281216,-6.616274,-1.513713,-4.556904,-5.520437
-3.378069,-4.614263,-10.167088,-2.718692,-9.006367,-3.390143,-6.152462,-6.490303,-8.556558,-7.673395
-13.509869,-7.237065,-3.723847,-6.211943,-9.776719,-4.339961,-2.455137,-5.799944,-1.499803,-4.697641
-10.573635,-4.179560,-9.560695,-7.633585,-5.045110,-11.704594,-4.632578,-9.336589,-6.510460,-3.674293
-5.330612,-3.980355,-12.729137,-7.144264,-8.232881,-13.510958,-9.687108,-9.524496,-7.428410,-4.640221
-3.918162,-2.006382,-6.609627,-3.199502,-1.613576,-2.773308,-9.933704,-14.990270,-8.367266,-1.718992
-8.407829,-0.831333,-4.947930,-3.306117,-6.115574,-6.918111,-4.102291,-5.722626,-11.501598,-4.229666
-6.516390,-3.354997,-7.130646,-2.535892,-12.314993,-5.160844,-5.665316,-3.601275,-10.003353,-11.506483
-10.232850,-2.632016,-9.174740,-10.705320,-4.865185,-11.541000,-4.936676,-11.806877,-4.701796,-5.000265
-10.951602,-4.864687,-9.029358,-5.866272,-5.247508,-12.680703,-4.685402,-6.837199,-4.541353,-2.791929
-11.858915,-2.101765,-5.558108,-4.487800,-6.338404,-9.447350,-1.648161,-3.177327,-18.014307,-2.698951
-10.365876,-1.355138,-4.960381,-5.426638,-7.903276,-7.330787,-2.992760,-4.478325,-12.819850,-5.861921
-6.441094,-2.741163,-8.746929,-5.310983,-8.644403,-8.109331,-11.511201,-5.405048,-6.341693,-6.849166
-9.780740,-2.448536,-5.662227,-4.402394,-6.779525,-9.495069,-2.150687,-4.354042,-12.020522,-3.629587
-1.881050,-9.671290,-8.821540,-2.001162,-6.811338,-8.591684,-2.705016,-9.899784,-2.990401,-4.715617
-2.244329,-2.103554,-7.252797,-3.235379,-12.861201,-6.254886,-3.965024,-9.500855,-8.985917,-9.091740
-5.058357,-2.802125,-12.219041,-8.628098,-9.718145,-13.348348,-9.013814,-7.236660,-5.879964,-3.724499
-12.597243,-5.519059,-2.363099,-4.475629,-3.505251,-7.761360,-3.066895,-3.871497,-10.676674,-3.238532
-5.758353,-3.874964,-8.602739,-1.960389,-10.491268,-5.778988,-5.955451,-5.831641,-7.320850,-6.826638
-1.792544,-10.074951,-9.434676,-2.653992,-5.975139,-10.309176,-2.286629,-6.968076,-3.788448,-2.150930
-2.624936,-4.156621,-2.207065,-6.248078,-7.533944,-2.206728,-6.421135,-1.477250,-4.875929,-4.723947
-9.738380,-4.174155,-9.045101,-8.406354,-7.021972,-10.019157,-4.460343,-9.495875,-3.959843,-3.423825
-11.063937,-1.863686,-6.213342,-7.401204,-6.141465,-9.731472,-2.115646,-5.740890,-14.086671,-3.727603
-3.224716,-1.226903,-6.159397,-3.183485,-3.239841,-3.601164,-7.958542,-14.367508,-11.605847,-3.255729
-11.192071,-6.685261,-2.267509,-5.005125,-9.288789,-5.859928,-5.898944,-4.564296,-1.399362,-4.005053
-13.910742,-6.986067,-3.868550,-5.583835,-10.227969,-5.706422,-3.964071,-5.392929,-1.664566,-5.471528
-9.978467,-6.222610,-2.683286,-7.026236,-3.089860,-7.358300,-5.053665,-1.083969,-14.302968,-2.827193
-4.553595,-2.328880,-9.409610,-3.387943,-1.730004,-2.847522,-8.895146,-12.680214,-9.881654,-1.649750
-2.241218,-2.352012,-5.714545,-3.504281,-3.556745,-1.801118,-11.881644,-10.093786,-8.339788,-2.414094
-0.910063,-3.179451,-8.166860,-1.714226,-11.864030,-4.809076,-1.036083,-9.218402,-6.985759,-9.729534
-12.673923,-5.554880,-7.564627,-7.146127,-4.392565,-12.867470,-4.643916,-8.649482,-5.004701,-2.973006
-1.027595,-3.152514,-8.341704,-2.694890,-10.939668,-6.150878,-1.951996,-6.163311,-8.476866,-9.515209
-6.601192,-4.634569,-10.450799,-6.060862,-11.104239,-9.610113,-7.965395,-6.258751,-8.110793,-2.892552
-1.592182,-10.097264,-8.056800,-2.871349,-7.217924,-11.159648,-3.075594,-8.101625,-1.768910,-2.491205
-2.185693,-0.111569,-6.747156,-2.268126,-1.306954,-2.066773,-6.979869,-10.025848,-9.343199,-1.912707
-13.381226,-2.330869,-11.204412,-9.896790,-6.384482,-8.352833,-5.142399,-11.106346,-7.046544,-3.221403
-1.422386,-1.465619,-5.536627,-4.487299,-1.705878,-1.384292,-8.686121,-16.871853,-10.895936,-1.424106
-8.416200,-5.773970,-2.376821,-5.476424,-13.651450,-5.372573,-4.731412,-4.629380,-1.077752,-5.153986
-2.647863,-9.352404,-9.924342,-3.695484,-8.516893,-8.530319,-1.708475,-8.357681,-3.337737,-4.824460
-3.525546,-1.884211,-5.767845,-2.826773,-2.289598,-2.160542,-9.202763,-10.320489,-11.381111,-1.867565
-13.519144,-2.234432,-6.890309,-4.292232,-7.249263,-7.841733,-2.362382,-4.078245,-11.391126,-3.338436
-1.591612,-3.298730,-6.578523,-3.896570,-10.863623,-5.960389,-2.997102,-5.365056,-8.689774,-11.526555
-1.944684,-6.994417,-9.253658,-2.930450,-5.816088,-9.787871,-2.014513,-6.870843,-3.039644,-1.730565
