-3.477087,-1.380278,0.252796,0.571666,-1.950547,-1.374317,0.814641,-0.979211,-0.374886,0.148164
0.798338,3.349802,1.333700,1.104693,-0.502454,-0.074570,-0.885714,-0.389390,-1.926151,0.040357
5.286350,0.431438,1.526244,0.393827,-3.220796,0.911645,2.124298,0.027567,3.042925,1.016268
-2.162780,2.611418,-1.983309,-1.208736,-0.176836,-0.292183,2.280971,0.997691,0.034085,2.129603
2.564319,-0.012204,0.579197,1.085228,1.732502,-3.398525,0.464720,0.636654,-1.390472,-1.803982
0.215667,-1.350288,2.991940,-0.851556,1.949587,1.959687,-2.576278,-0.780713,-0.334119,0.361352
-1.106132,-1.228205,-0.224373,-1.828558,-1.621885,-1.260140,-1.821172,-0.717430,-0.124392,0.850399
1.772271,1.041626,2.648260,2.455055,-0.981600,-0.627416,0.598997,-1.781343,-0.378876,0.194512
-2.940740,1.540647,-0.333879,-1.234215,-0.037942,-1.243382,0.348998,0.155256,-0.083803,0.727629
1.417075,-0.825194,2.244922,2.710302,0.273016,1.642805,0.726397,2.746089,-2.090097,0.745566
-0.699602,0.016647,-0.272913,-3.457014,2.324798,2.413914,0.458565,-0.828841,-0.803500,0.613900
-0.393944,-0.977546,1.389192,-2.458208,-1.215743,-1.583258,-1.394110,0.213923,-0.172537,0.549917
2.256422,2.759770,0.092533,-0.270943,1.650311,3.190953,1.229110,-1.254054,1.942972,1.272210
-2.002289,-0.491303,-1.968614,-0.525192,-0.795989,-2.199512,-0.059591,-0.031366,-1.255235,1.103826
-1.750326,1.675968,-0.961235,-0.940172,-0.729707,-1.000576,-0.549320,0.301275,-1.407621,-0.895654
-1.256736,-1.169217,2.896575,0.765631,2.462585,-2.231423,1.123394,1.803420,1.446869,0.868599
-2.498779,-1.779721,0.901070,-1.716845,0.651409,0.530538,0.847580,-0.322765,0.337846,1.538185
-2.271784,-1.102597,0.662511,-0.817444,-1.132811,-0.521697,-0.975455,0.614270,0.185056,1.221390
-3.540173,-1.956887,1.001631,-0.025857,-0.203936,2.454473,-0.487571,-0.408149,1.091288,-0.751708
-1.571054,1.616882,-1.540524,-0.006556,0.600044,-1.673508,-0.701909,-1.496809,-1.417677,-0.484802
-0.544701,-1.430896,1.096824,-2.886541,2.378999,0.823906,-0.653782,-1.468483,0.077565,1.186085
0.436866,-3.710289,-3.284104,-0.405632,0.721792,-0.917572,-0.107565,1.814548,0.461470,-1.502879
-3.964352,-2.172390,0.229680,0.210788,-1.230955,0.427309,0.616283,-0.828912,1.403350,-0.217655
0.306594,-1.338333,1.920504,2.598046,1.422516,2.193705,-1.020120,-0.650716,-1.392985,2.317055
0.428899,-1.126110,2.618624,-4.023570,0.197940,-1.283952,-0.486135,0.465594,0.639871,1.218317
-2.111095,-0.442383,1.793749,0.479642,-1.089852,-0.612332,-0.492608,0.527493,1.063639,-1.153553
-1.130151,0.340469,0.536086,0.740212,0.262319,1.000896,0.632449,-0.858263,-2.123057,0.434919
-2.809659,-0.599532,-1.087988,-0.574860,-0.328924,-2.364360,1.414902,-0.953516,-0.573771,1.767477
1.101981,-1.674682,-1.954624,0.350201,0.202878,-1.122816,-1.628375,-1.091697,-1.551860,-0.497898
0.262494,-1.217989,-0.273485,1.378491,1.915882,1.186327,4.109201,-0.366392,-0.322599,0.999736
1.308496,0.013373,2.985614,1.866649,-1.410447,-2.607546,0.328821,1.258430,0.439446,-0.625986
-3.784919,-1.886338,0.471037,-0.399937,-1.330057,-0.504789,2.001106,-1.239139,0.824580,-0.332258
2.139515,0.620488,4.042038,1.775243,0.659336,-2.952653,0.912454,1.641539,1.468522,-0.395609
0.199346,0.669834,-0.100934,3.156748,1.421665,-0.759529,0.146461,-0.951178,0.498608,-1.699848
1.878909,1.648654,-0.468977,-2.555185,2.756747,2.899351,-1.074570,-1.612828,0.425042,1.603919
2.415813,-1.468272,1.068405,0.609662,0.408207,-3.415650,-0.097679,-0.077351,0.106934,-0.942850
1.079430,2.937565,-0.169614,0.598009,-0.775852,-1.777513,-3.117587,0.385855,-0.233224,-0.794874
-1.513030,-1.556905,-1.373433,1.297844,0.599022,1.954667,2.344334,-0.863372,0.223432,0.820738
1.772026,1.306048,1.780055,3.262920,1.605428,-1.902353,0.898123,-1.381200,-1.102774,-0.545098
2.334237,-0.808682,-1.265376,-1.617093,0.714667,-0.420176,-2.277729,-2.452425,-0.515587,1.665454
1.948743,-0.123676,-0.053627,3.678445,0.763289,0.459586,0.562407,-0.951313,1.834120,-1.020124
-1.767332,2.340516,-0.834303,-1.151111,-0.749229,-0.234171,2.205864,1.732167,-1.451700,-0.356434
-0.928232,0.991149,-0.551765,-1.815820,-0.984864,-1.175289,-0.271936,-0.967164,-1.187942,-0.296559
1.399068,0.314390,0.156756,3.746412,-0.917466,2.245847,1.843185,1.153000,0.977069,0.202396
-1.430513,-2.068816,2.325344,-0.394151,-0.178931,0.795535,0.343857,1.981398,-0.627155,-0.569275
-2.580256,1.889772,-0.699651,0.228789,0.563046,0.242931,-0.503668,-0.580425,-0.348291,-0.651740
-2.919600,0.100605,0.797390,-1.317251,-0.570190,1.402058,1.406106,-0.646199,0.022306,-0.926850
2.486663,-0.952625,1.053605,-0.210485,-1.460586,-2.266794,-1.329988,-0.012062,-1.927048,-0.372478
-1.911516,-0.531342,1.239725,-0.837203,0.166175,2.806053,-0.195685,-0.772439,-0.618433,0.381758
-2.747732,1.387279,-0.621630,-1.117578,-0.291072,-0.920486,-0.252251,-0.957204,0.455978,-0.240327
2.113989,0.526235,4.235323,-0.367756,-1.187703,0.585680,-0.217206,0.174235,-1.190657,0.137736
-0.067901,-1.423142,-2.722591,1.733496,-1.604964,-1.091573,-0.087593,0.327420,-1.408340,-2.208136
2.105486,0.403307,-3.668444,0.198501,1.177849,0.450106,-1.257801,-0.969958,1.539307,0.122819
-1.418492,0.720125,1.143831,-0.664079,0.374390,2.998978,1.219918,0.220991,-1.037069,-0.625265
1.706860,-0.028480,-2.677981,-3.319988,1.942515,1.029469,-1.723066,-0.681255,0.094166,0.301013
-1.740497,-1.514404,2.131922,0.389090,0.396145,1.208673,-1.527083,-0.142437,-0.149095,-0.297651
0.233915,3.257678,-0.529359,1.324193,2.759292,-0.319796,0.639879,0.092765,2.831626,0.233253
1.437561,2.816613,-0.273101,2.367046,-1.332721,0.085841,-3.082034,0.727316,-0.055692,0.729647
0.988869,-2.747546,-2.541977,-1.670458,0.468014,-1.672197,-0.266501,1.973231,0.094999,0.220866
-3.279019,-1.760091,0.667271,0.953705,-0.276285,2.458329,-1.933422,-0.085731,0.695002,0.222180
-2.269622,-1.324351,0.873726,1.172104,-0.379072,2.059245,-3.157672,0.283389,-0.084606,0.887567
-1.063810,-1.402139,-4.426429,-0.345526,0.361167,-0.603531,-0.759767,0.442531,0.386790,-0.099194
-0.792332,-0.954761,0.804412,1.930106,0.594851,1.642868,0.462877,1.879385,-1.748135,-0.000567
-0.386638,3.631998,0.502434,-0.396905,0.646471,-0.346543,-1.414774,0.905199,1.927864,1.149009
0.368406,-0.510421,0.819977,-4.188050,1.300207,0.541370,-2.425905,1.537242,0.803755,0.796037
3.922664,0.198518,0.111214,-1.806886,-1.748976,-0.148576,-1.138960,-1.036392,-0.548190,0.240169
-1.231321,2.444102,1.433444,-1.925737,-1.640672,0.044129,0.556433,1.210047,-0.592459,-2.179496
-1.274101,-1.616692,-1.554925,0.789008,-1.308696,-1.523065,-0.057883,1.349511,-0.979219,0.322018
-0.876140,0.791617,-0.001835,-0.995196,1.559447,1.164976,0.096761,-2.589818,-1.099518,0.300345
0.158807,-0.173378,1.405804,2.401946,0.388066,-2.629438,-0.042516,-1.323020,-0.258582,-0.515678
-0.574092,2.986790,1.643440,-3.008500,1.332379,0.047354,0.072873,-0.370718,-0.047164,-1.761651
-2.077702,1.437066,1.633963,-0.451327,0.504678,0.363057,-0.479167,-0.879257,-0.425718,-1.693824
-0.008852,0.061456,0.473468,-3.468034,-1.218013,-0.802331,-2.504011,-0.752420,0.418341,0.732920
-1.871468,0.914800,-0.384508,-0.891005,-0.322258,2.213747,1.353068,-0.845648,-1.628041,-1.059516
-0.753614,2.176954,1.816233,-1.707961,0.174533,1.081521,-0.743429,-0.818038,-0.434823,-2.471025
3.995729,-2.621885,-0.805448,-2.406244,-2.600053,-0.077188,-0.171245,-1.344916,0.679493,0.407792
2.345231,-2.148627,-1.772422,-0.550606,1.673195,2.802029,-1.031145,-0.249628,0.352537,-0.901141
-0.126452,1.182842,1.200839,-0.286118,-0.042553,3.523282,1.092256,0.306189,-1.176748,-0.183597
3.161276,-1.999580,1.511880,0.673529,1.747701,2.324527,1.469210,2.847263,-3.469124,-0.010949
-2.041908,1.309198,0.341417,-1.096309,-0.128836,2.437028,2.053293,0.229259,-1.087013,-1.437900
-1.684098,0.583178,-1.522396,-0.656535,2.075183,0.509115,3.104602,0.098302,-0.214675,2.794836
-0.999384,0.876024,0.949842,0.881589,3.544945,-2.848051,1.093444,0.652236,-0.006815,-0.954925
2.667475,1.884295,-0.280997,3.048865,-1.330765,-0.096244,0.380128,1.673878,-0.305301,-0.958708
-3.875523,-2.501714,1.083032,-0.083907,0.489984,1.156211,0.565602,-0.192255,2.209637,-0.754155
-3.472368,-0.652630,-0.410480,0.044314,-1.847008,-1.478009,1.367017,-1.105509,-0.587919,0.722945
0.148668,-1.160743,-0.865656,-1.653585,1.287398,0.049578,-1.719202,0.795778,-1.995227,-0.947889
-0.662803,-2.332707,0.420138,-0.839119,1.374134,0.997057,2.048883,2.626968,-1.582057,0.002585
2.812858,-0.848182,0.086743,-1.884384,-3.044120,0.100735,-0.900114,-1.634938,1.800238,0.532253
-1.650065,2.935215,1.178796,-2.505455,-0.116091,2.679444,2.699502,0.603757,-0.003883,-1.079969
-0.775083,1.713639,-2.442857,1.540448,0.733546,0.641989,-2.016544,1.716247,1.797706,-1.276188
-3.545135,-2.902969,0.758741,0.463547,-0.808320,1.384100,-0.527387,-0.222358,1.774564,0.047144
0.064380,-4.197171,0.866577,1.343108,1.499007,0.644977,-0.081548,1.459527,-0.248474,0.677631
2.788171,1.744394,0.086478,3.974212,3.902772,-1.940905,1.122732,-1.165325,1.069271,-1.628926
-0.444505,3.597415,-1.293111,-2.259226,0.280144,-0.194029,1.256774,0.611524,-0.434666,-0.231120
-0.363508,3.535769,-1.596339,1.119394,2.175160,1.630464,-2.412081,0.962175,0.520139,0.604579
-0.141751,3.641059,-0.599964,1.410375,0.893792,1.278877,-1.755224,0.275717,-1.362228,0.983480
-1.067035,3.450444,0.565519,-0.989110,2.587543,0.430912,0.701758,-1.835777,-0.613412,0.080874
-1.157479,0.126933,2.757279,2.014544,-0.110124,1.648478,-2.538326,0.438825,-1.483528,0.506146
-1.166959,1.798986,-0.732826,1.964153,-1.350943,0.779420,0.659168,0.794020,1.148833,1.320066
-3.535842,-2.857239,1.134398,0.701611,-0.828684,0.149349,0.974324,-1.007561,0.929010,-0.055294
-1.416764,-1.481612,-0.801138,-0.494396,-1.752141,-1.549458,-0.889641,0.123095,-1.720883,1.281138
1.720103,-2.463269,-4.541090,-2.206387,-0.458505,-0.510194,2.368361,0.413517,1.890967,-1.508925
1.163531,-0.412716,-0.184944,-1.875132,0.479463,-1.910206,-0.221620,0.437353,-0.215946,0.172311
-3.254842,0.927421,-0.131862,-2.219775,0.222734,-1.441337,0.627760,0.147190,1.648946,0.185629
-0.740476,-1.775940,2.517385,-0.593489,1.318716,-2.049767,0.202402,2.475276,1.341344,0.059878
0.005691,2.827190,0.140245,-1.673284,1.659188,-1.322604,-1.410988,1.212358,1.804652,0.932596
2.125650,-0.236884,3.973463,-1.408794,-0.995403,-1.061675,-1.240600,2.938616,0.107878,-0.630063
0.374905,2.374052,-2.575165,2.435477,1.948995,1.173597,-0.441918,0.495906,1.747144,1.487594
2.251682,-0.307937,4.094218,-0.194481,2.602980,2.425425,0.230573,0.522931,0.925139,1.515320
2.745674,-3.996980,-0.700246,-0.472424,2.037054,-0.394275,1.241709,1.498985,0.000918,-0.450694
-2.925354,-1.077743,0.928600,1.539616,-1.264223,-0.369581,-0.732171,0.430588,0.111324,0.829785
-0.357238,1.413119,-0.152548,0.727094,0.143053,-1.558833,-2.432684,1.645854,0.797789,0.852833
4.933688,-1.081292,3.513268,-1.509674,-2.933686,-0.316707,0.157111,-0.559622,-0.231392,1.474544
3.208924,-3.182273,1.188673,-1.686149,-0.954606,-0.710916,-1.712877,1.741959,-0.056295,-1.611206
-1.148286,1.258459,1.778977,1.633186,0.212570,1.649617,-3.043544,-1.034669,-0.001544,-1.109277
0.416308,0.310963,2.205500,0.472986,-0.779448,0.676330,-1.793785,-1.232983,0.439597,0.722920
-2.869450,0.174877,-0.846047,-0.522630,-0.404308,1.124901,1.946919,-0.800350,-1.110921,-0.423599
3.634455,-0.344932,1.396557,-1.680133,-2.445225,-2.113029,-0.871707,-0.310408,0.411169,-0.171526
2.517991,-0.547835,-2.881834,-1.578942,3.875221,-0.133963,0.117037,-1.560963,1.402600,-1.682532
1.623461,-0.492955,-3.934331,-0.414537,0.342894,-0.074154,-0.883954,-0.689118,1.416554,-1.947556
-0.740996,2.714488,-0.988733,-2.597811,1.234275,-0.586859,0.652312,-0.167029,-0.650362,-0.356129
2.601962,0.896623,4.535477,1.871118,2.077744,-1.052351,-0.448027,0.004295,3.318747,-0.122500
0.739622,3.660742,-0.545970,-2.622180,2.451856,-1.801181,-0.588646,0.447949,2.007414,0.847933
0.577265,-2.874151,-2.548491,-1.986581,1.194196,1.150621,-0.655852,0.719946,-1.300332,0.234398
-3.604303,-2.061497,1.193163,0.089884,0.852692,2.869893,-0.033512,-0.256738,1.757615,-0.241031
-0.425916,-3.119130,1.727340,0.634351,0.724896,1.451854,-1.200466,0.222853,-1.776582,1.449226
-2.397414,0.465059,-1.576526,-0.760611,-0.719421,0.401847,2.295058,-0.472992,-1.564119,0.001064
1.304834,3.553332,-1.660829,1.674503,2.566166,1.270374,-2.755641,0.526419,-0.067468,0.607951
0.312902,2.052559,-0.254523,-2.849582,-0.493064,-1.786276,-0.828958,-2.487863,1.122789,1.855599
-1.574051,2.725945,1.329675,-1.237812,-1.144783,1.386779,0.744863,-0.431952,-0.118009,-2.672077
-1.528694,-1.670007,2.650342,-0.188209,1.139669,0.309437,-1.086189,1.702418,2.017083,-0.234289
-1.343297,0.378685,1.648460,-0.204896,0.864753,-1.056132,0.627403,1.125842,1.325350,1.108781
0.682426,-0.859749,-2.258085,0.798236,-0.249411,-0.955476,0.593229,-1.035685,1.021116,-1.710014
3.440427,2.543541,-0.276474,4.113618,0.695196,2.488621,-1.074429,1.447712,1.770121,1.074442
3.780604,1.329252,2.819873,2.857941,0.766400,-0.717147,2.622207,-2.203751,1.158902,0.927935
-0.605058,-1.509366,-0.375490,-3.148310,3.207904,0.076049,0.907123,-0.126463,-0.068620,0.235142
0.211102,0.524028,-2.286919,-0.212088,3.343578,1.516256,0.873161,-1.589103,0.257893,0.777302
1.290238,-1.251129,-1.354025,2.857201,-1.668363,1.817550,0.126603,-0.489824,0.213987,0.323527
-3.315534,-0.834436,-0.192911,0.569163,-1.725894,-1.488249,0.929566,-1.152254,-1.017746,0.269517
-0.554400,3.095010,1.134948,-1.621348,-1.695541,0.430243,0.604357,-0.309723,-0.745524,-1.774135
-2.351128,0.096841,1.847437,-2.512240,0.906485,-0.450357,-0.007885,-1.805758,1.933089,-1.635045
0.876447,0.408634,0.622477,2.866008,0.948102,-1.742008,0.099284,-1.372360,-0.785572,-1.305033
6.969896,-1.190681,2.364675,-1.467766,-3.412112,-0.172605,1.542884,0.157032,2.115285,1.357041
-0.920768,2.463457,1.656461,0.189892,-0.749734,-0.577121,-1.704576,-0.206625,-1.062288,-2.525010
0.190677,3.472310,-1.280075,1.801534,0.619877,1.482626,-2.589392,0.974251,-0.686757,0.940061
1.156674,-1.257932,-2.651189,-1.302830,-0.851454,-0.729123,-1.436955,-0.338540,-1.422786,-0.618953
-2.911512,-1.347134,-0.236790,0.620018,-0.916251,1.701720,-0.445884,-0.478694,-0.697912,-0.689225
-1.598253,-1.802688,-0.533453,-0.818530,-0.329282,-1.788405,0.703529,1.012774,-1.645065,0.003427
3.882835,-1.162977,3.590119,-2.816049,-1.171972,-1.614182,-0.629473,2.298158,0.242415,-0.274750
0.493939,-1.154038,-0.083216,0.847189,3.367031,-3.878201,1.028015,-0.123797,0.998810,-0.587915
-1.995131,1.801005,-0.960312,-0.491790,0.081786,-1.767056,-1.476825,0.602995,0.597579,0.755076
-2.226773,1.773638,0.018415,0.243403,-0.247567,-0.013584,-1.625911,-0.869915,-0.528325,-0.981472
-0.685397,1.921342,0.864193,-0.855261,0.309532,2.546871,1.681956,0.896557,-1.072734,-0.195546
0.998605,-2.660223,-1.520749,-1.253980,0.497624,-2.379106,-1.398406,0.660299,-2.061272,-1.334566
0.580286,1.141227,-0.074676,-0.662687,-1.095429,-0.908777,-0.331198,-2.587610,-0.366894,0.846659
-0.537275,-2.278287,-2.648872,-1.441745,-0.379522,-1.021755,-1.556538,1.680292,-0.403522,-0.534643
-3.517367,-2.689301,1.129001,-0.375073,0.325593,-0.306734,2.231021,-1.094423,0.924792,0.012843
0.207601,0.048564,-0.118638,0.393407,-2.814540,-2.477118,-1.265524,1.783588,2.114994,-0.254724
-2.132981,1.831343,0.509282,-1.340875,-0.906856,-0.505582,-0.247769,0.286417,-0.218952,-1.602495
-1.847267,2.731596,0.377832,-0.599294,-0.526034,-1.234212,0.002706,-0.504307,-0.731177,-0.397032
1.285748,-0.679542,3.584768,-0.290673,-0.009013,-0.058366,1.249175,1.510607,-0.462184,1.266086
-3.457461,0.375721,0.016077,-1.331613,-0.477234,-1.591789,0.413230,-0.425387,1.537481,-0.073814
0.653866,-1.146236,0.662941,1.528922,0.390368,-3.707366,-0.324930,0.462073,0.442293,-1.601096
0.973980,-3.751314,-2.242275,-0.570462,-0.324242,0.880787,-0.629342,2.091904,-1.256151,-1.652864
-1.763270,2.885870,0.895684,-1.989981,0.844075,-0.564487,-0.077537,0.301034,0.623341,-1.949037
0.111585,-2.362380,-3.211417,-1.803911,1.785293,-0.833222,1.303887,1.502221,-0.067176,0.542952
-0.580198,-0.118662,1.621156,-2.277391,-1.247215,-1.469042,-1.027297,-0.937018,-0.055777,0.631358
-1.397965,-0.031123,-3.103103,-0.442537,0.715982,-1.146093,0.102757,0.320768,2.208388,1.277164
1.179287,2.735789,0.549708,-0.939630,-0.439150,-1.096970,0.670970,-1.300713,-1.308442,-1.842988
-0.888513,-0.087138,3.305261,1.538057,2.863423,-3.042282,1.190960,-0.349631,-0.567116,1.033434
0.269873,-0.572475,-4.371105,-0.217584,-0.280020,1.374017,1.212704,-0.729951,1.108074,-1.501357
0.048525,-0.063382,-1.005306,2.828846,0.966022,-0.913772,0.030759,-1.282926,1.120414,-2.038179
-2.968295,-0.000744,-0.925100,0.112315,-1.072028,0.844562,0.756106,-0.489707,-1.426839,-0.446120
0.708935,1.564432,-1.770388,1.545213,-1.066011,-1.874099,-0.864273,0.444223,2.030607,-2.733968
1.785797,-0.340754,-0.814140,-3.934805,-0.308372,-1.807562,-0.979854,0.883698,-0.380328,0.662974
-1.923833,0.743176,1.742848,0.067428,1.499741,0.969995,-2.365180,-0.653575,1.159803,-2.050541
-0.571414,-2.187280,-4.170770,0.136372,1.065914,0.100338,-0.304949,-0.076446,1.637763,-0.939769
-1.046476,-0.696200,0.804101,-1.104304,0.447381,-2.894865,-0.369453,-0.282588,0.307566,1.120884
-2.484277,-1.280760,0.967310,1.575870,-0.809001,0.715096,-1.922139,-0.060668,1.089895,0.021241
0.297374,2.751641,-3.399197,0.850127,-1.063700,0.589643,-0.052908,2.932183,0.315813,1.601657
-0.998788,1.531619,-1.392582,-1.054892,-0.867668,0.345352,-0.476333,-0.097139,-1.556466,0.676002
1.189036,-0.925695,2.036551,3.283776,2.941597,2.203986,-1.528381,1.044105,0.233381,1.423239
1.260843,0.013423,1.353236,-1.472120,0.895233,-2.543292,0.622583,2.276554,-0.596328,-0.295050
0.048382,3.251669,-0.668351,-0.207916,0.965077,0.619651,-0.049379,-1.116353,-0.035471,-1.315695
-0.956606,1.995316,1.091802,-2.228064,1.476677,-0.563343,-0.447745,0.771198,2.439623,-1.487777
3.593536,-1.769663,-1.146117,-0.957882,3.892196,-1.140926,0.519417,1.151034,1.283507,-1.326002
3.053582,0.905869,3.104327,2.035572,0.363286,-2.706167,1.946471,-0.822984,-0.596245,-0.551288
0.900196,2.409868,-1.503852,2.377538,-0.839672,1.230947,-3.225359,1.248480,0.818559,-1.044966
-1.795304,-0.657639,-3.823465,0.665594,1.558986,0.122730,-1.087603,0.595683,0.990514,0.546475
0.041303,3.528115,0.219568,-0.620552,0.507573,-1.067048,-1.158367,-0.417259,-2.009067,-0.955873
-1.376065,2.145678,0.634986,-1.939430,0.373821,-1.519406,0.065760,-0.525096,-0.818344,0.531475
-0.182784,0.980934,2.109972,0.952301,0.926294,2.138878,-2.202597,0.732932,2.352553,1.684371
6.960863,-0.024517,1.950081,-0.757772,-1.295824,0.709434,3.307338,0.632781,3.508556,0.753584
-3.706543,-1.639094,0.161667,0.635025,-1.454539,0.812043,0.415062,-0.669498,0.530011,-0.442091
-1.820223,1.153698,-1.704253,0.599984,-0.302005,1.774207,2.017499,0.187653,-0.648860,-0.203212
-2.508718,1.476936,1.559364,-2.090785,0.738833,-0.062250,0.246670,-0.036070,0.788953,-1.858999
2.025621,2.458827,1.594638,3.781250,0.346123,-0.325323,1.596589,-0.051690,-1.246889,-1.308524
1.469162,-1.299232,-3.191593,-0.912052,2.152794,-3.659734,1.686141,0.756048,2.052339,-1.141296
-0.864070,2.529206,1.845770,1.412730,1.362590,-1.460473,0.582307,0.084067,2.025345,1.082310
-2.224581,-0.145504,-0.115251,1.428388,-0.201171,-1.012663,0.479165,0.720723,-1.032333,0.827877
1.488123,0.291295,0.974667,2.273634,1.546590,0.366153,0.991967,2.594791,-1.678771,0.525844
0.928763,2.788163,-1.037419,1.306958,0.449387,1.239814,-1.398635,-0.006132,2.311326,0.195410
2.248250,0.063784,3.694588,-0.723112,-3.339162,-0.392846,-0.750076,1.552110,1.074329,-0.215492
-1.233783,-2.042000,-2.165112,-0.182416,0.643620,-1.163217,-1.166093,0.958948,-0.241497,0.058288
-0.594166,0.898644,1.701324,-0.685577,0.526170,3.363897,0.235360,-1.234127,-1.103864,-0.173660
4.162390,-1.123709,1.111537,-1.094941,-4.358444,-0.110898,-1.858786,-1.820354,0.380785,1.283449
-0.790224,2.462070,-1.634922,-2.187819,1.352437,-1.197242,-0.149793,0.241280,0.673136,1.161269
2.583237,0.295905,1.695423,2.698743,2.567050,-1.584130,1.848022,-2.836689,0.493617,-0.450477
-3.396613,-3.339399,1.065477,0.282064,-0.382468,1.449287,-0.156759,-0.306054,1.787284,0.246632
1.453602,-0.034932,0.694179,-3.047600,2.237804,-2.803859,-1.771443,-0.611053,-0.702122,-0.093853
0.575431,-1.797929,-3.208693,-2.883759,1.535309,0.581897,-1.680098,0.498791,-0.207047,1.203670
-0.624446,-0.533870,-1.145229,1.781811,0.248176,-0.056502,0.369389,1.949752,-1.519227,0.475312
2.086470,-3.222662,-1.995449,-0.426867,-1.342452,-0.435748,-0.361593,-0.858625,-1.423223,-1.729592
0.656665,1.065852,2.393410,-1.302713,0.785100,2.009608,-0.490442,-2.850325,-0.531280,-0.517345
1.155552,-0.988559,2.066674,0.834161,0.485981,-2.649530,-0.539990,-0.510351,0.617631,0.734944
4.593647,-0.413853,2.302697,-2.490835,-0.716589,-1.831747,-0.686842,1.151873,0.481538,0.407782
-1.242314,2.585520,-0.296884,-1.660384,-0.147709,1.966993,1.892169,0.878918,-1.995072,-0.485675
1.708746,4.233272,-1.407423,-2.627396,-0.332401,0.233657,2.560236,2.785999,0.930996,0.872669
3.280613,-0.330157,2.070516,-0.502475,-1.817670,-1.397743,-0.468811,0.663393,-0.625921,-0.147302
-1.550390,-0.911755,-3.123412,-0.511768,-1.569128,-0.686635,0.265937,0.415102,-0.237946,0.663291
1.731421,-0.884526,0.289470,-0.177627,-3.638092,-1.531386,-1.817386,-1.047526,-1.105394,0.237458
2.595420,-1.327157,0.123381,-4.097855,2.450146,0.922234,0.846871,1.703327,-0.756612,2.151993
4.402268,-0.855668,2.379584,0.286847,-0.485193,-2.492966,-0.506318,-0.117216,-1.658736,-0.647190
-2.885103,-0.434028,-0.682833,0.634494,-2.025921,-1.674288,-0.204075,-0.847127,-1.165771,0.799514
4.871139,-1.342313,0.864126,1.216966,-4.057310,0.264049,0.912460,-1.346369,-0.149253,1.047972
0.283506,2.827078,-0.892942,2.285668,0.281188,0.941811,-1.044191,0.651878,-1.199341,0.658076
-3.099375,-0.928552,-0.525838,0.559126,-0.841248,1.682755,0.460779,-0.606644,-0.523055,-0.955994
1.336293,-2.151235,-1.214861,-1.941480,-0.491527,-2.402328,-1.059788,0.034974,-1.505329,-0.266974
3.098822,-0.258214,-1.189323,-0.519907,-2.664518,-0.110332,-1.199787,-1.366812,-1.280608,0.173665
-0.023288,-0.074085,2.208704,2.084858,-0.365474,0.523509,-2.545373,0.469912,-0.323831,-0.888202
1.695331,2.212389,-1.549341,1.699096,1.912592,-0.774183,-2.846111,-0.122978,-0.038698,-1.354029
1.225155,2.104550,-2.566607,3.687690,0.346575,0.450612,-0.279551,0.018778,1.128526,0.019378
-0.683177,-1.585616,-2.989074,0.509099,0.183455,0.442911,0.046102,-1.100057,0.994203,-0.802024
0.943244,-1.009716,-3.958608,-0.073797,-1.462782,0.747903,0.006564,-0.609533,1.231618,-1.259885
-1.662477,1.041324,0.571519,1.013359,-1.344695,0.434952,-0.913337,1.269837,-0.380419,-2.569890
-3.637862,-1.170505,0.264944,0.875189,-2.161364,-0.617186,0.646993,-0.778896,-0.152615,-0.570482
-0.940782,0.182458,1.672166,-0.673417,-1.064049,-1.271838,-1.411289,1.161289,0.122047,0.619355
-3.429565,-0.417865,-0.650014,0.405459,-1.890562,-1.170516,0.886041,-0.672419,-1.053076,0.816675
0.096207,1.584111,-2.445385,1.531576,-2.838289,-0.407935,-0.650798,2.153950,1.550384,-0.494664
0.260864,-1.135718,-0.815660,2.294164,2.596597,2.046426,1.414618,0.224361,0.269928,2.420772
1.035321,-0.583622,1.868445,-1.395643,-3.035402,-1.691381,-1.857921,1.312195,1.405217,-0.013150
-1.237477,1.627995,0.296838,-0.367175,-0.137267,0.274742,0.324488,-2.019543,-1.025473,-0.587992
7.357647,-0.112647,1.202878,-2.391495,-2.000257,0.017342,1.481245,-0.570846,1.907435,0.805770
0.587362,4.301948,-0.224012,0.873964,0.609877,1.396954,-1.477822,-0.081183,-0.317124,0.381433
-1.616881,-2.101445,-1.463970,-1.509704,-1.399171,-0.956323,0.404363,1.889960,-1.050271,0.614717
2.872953,-3.691794,-1.236371,-0.052075,1.310069,-1.327786,-0.985482,-1.065073,-0.513800,-1.989851
3.055042,-3.207895,-1.101643,-3.240158,2.863360,0.019845,0.133522,2.584230,0.192245,-0.343851
-3.590156,-2.488880,1.198401,-0.063816,0.255075,-0.946286,2.241017,-1.291208,1.190664,0.030564
-1.148901,1.744661,0.859083,0.656816,-0.159344,0.839557,1.828384,1.467017,0.344637,-1.892901
-1.653983,-0.347098,0.374225,1.934367,-0.526310,-2.157858,-0.884528,0.174501,-1.063238,-0.065949
-2.336005,2.702459,-0.284877,-1.786427,-1.116437,1.025726,2.574433,0.730696,-0.080820,-0.399127
-3.087608,-2.639399,0.838392,0.591078,-0.005217,2.449055,-1.862280,0.121458,1.439491,0.878607
-1.060535,1.613140,-1.626548,1.875276,1.569056,0.644476,-1.992737,1.137891,1.432438,1.319325
-1.719127,-1.242964,-3.692037,1.029758,-0.419498,-0.878492,-0.540121,0.168289,0.660595,0.173865
-1.952837,2.310724,-1.005345,-0.691707,-0.761929,1.233256,1.039905,0.883688,-2.224566,0.181546
-3.097945,-1.921532,1.687658,0.247658,1.186577,2.672123,-1.126712,-0.254243,1.348225,-0.448201
1.284051,-1.417785,0.003889,1.838710,1.656182,2.858345,2.414255,3.039047,-2.170889,-0.380462
-0.692953,3.491124,0.598887,-1.169127,-1.007519,1.718281,2.597598,0.282528,-0.358460,-2.240196
1.213547,3.115309,-2.397955,3.129158,1.421005,2.239412,0.155583,0.615538,2.190828,-0.113320
-0.453541,1.200750,0.740143,-0.613979,-0.775182,2.503291,1.647478,1.253820,-1.742873,-1.810638
4.403039,-0.949575,-0.216434,-0.841505,-0.600076,-1.023911,-1.619801,-2.337873,1.423235,-0.268817
-0.737336,1.968345,-3.586818,0.865126,0.564914,0.168159,-0.927673,1.092299,1.014899,1.114145
0.405973,1.639424,1.281535,-0.443727,-2.659881,0.531701,-0.543900,-1.168249,-1.297279,-1.099482
1.137153,0.279715,-0.360060,-2.269142,1.831366,2.007882,-0.764009,-1.670994,-1.855933,0.730710
-1.502628,-1.481064,3.286586,0.083126,1.990052,3.927873,-1.990842,0.853987,1.405061,-0.421864
-0.326581,-2.068091,0.544962,0.630623,1.669855,2.944665,-0.422602,-0.060953,-1.959642,-0.335769
-0.121094,0.711443,-1.461938,0.289590,1.003378,0.763422,0.859786,-0.168118,-0.837823,-0.807651
-0.352910,0.507817,0.318227,1.670413,-4.452442,0.508217,0.136138,0.338310,0.317642,0.653582
-1.042757,-1.831482,-4.058793,-1.398540,1.142554,0.842031,-0.063369,0.838417,-0.345317,1.478576
1.001844,-0.986356,-1.235055,-3.506083,0.300949,-2.460025,-0.512237,0.499188,-1.184796,0.472809
0.865491,0.537282,-1.367157,-0.783670,-0.658362,0.450958,-0.868301,-2.444837,-0.578266,1.989100
-0.827291,2.392755,-2.241162,0.548887,-2.009003,-0.381806,-0.165117,2.222983,-0.666011,1.267513
1.920947,2.806667,-0.263142,0.671379,2.676265,0.235790,-3.436314,0.398343,0.340939,0.969718
-1.639411,2.557013,-0.619911,0.980747,0.712930,0.668030,-1.311736,-0.416752,-0.890728,0.880060
0.435163,-1.127485,0.517085,1.078068,0.458464,-3.435323,-0.965650,0.098390,-0.404687,-1.088217
0.216112,3.113601,-0.836575,1.144090,0.409677,1.091983,-1.306761,0.093545,-0.156308,1.404602
-0.715980,1.236210,0.666440,-0.724136,-2.455327,0.781534,-0.401673,-1.715345,0.372466,-0.694172
1.198372,-1.618308,0.829740,0.192491,3.196194,0.541930,3.223470,0.101308,0.433889,0.322482
-3.423583,-2.903561,0.668989,0.605591,-1.348300,0.467789,-0.118861,-0.552923,1.249624,-0.059866
0.130193,-0.539729,-0.204549,-2.620904,3.473165,-0.019344,-0.209570,-1.322370,-0.309668,1.543669
2.445679,-0.567132,-2.712502,-0.349856,-3.409280,2.597591,1.425866,-1.417915,-0.028822,1.433220
-3.605692,-1.506554,0.319660,0.122927,-1.148588,-1.268981,1.654724,-0.673381,-0.074682,0.347914
-0.729941,3.117884,-2.562251,-0.811697,0.123642,1.105876,0.652941,2.598354,-0.440220,2.199313
3.466980,1.296040,0.996372,1.723177,-0.956380,0.806615,-1.889883,-1.240856,0.721960,0.801058
1.334182,-2.160557,-3.206867,-0.427741,0.413674,0.546961,-1.016947,1.197340,0.726409,-0.457401
0.635947,-1.929890,1.305479,-1.530789,-2.762172,-0.015356,-2.615681,0.281321,0.872233,0.126297
-1.199278,-0.867628,-4.092569,0.167390,0.359237,-1.713300,-0.097641,0.730733,-0.037380,0.974276
0.449492,1.336315,2.855421,0.899797,-0.465705,-1.758105,0.386912,2.603265,1.392061,-0.463710
-0.320930,-0.819561,2.822507,2.165988,0.220351,-1.670505,-0.036061,1.620985,1.548414,0.167896
0.668727,0.818475,1.214000,-2.353094,0.609531,-1.331933,-0.481735,1.453444,-0.554332,-0.022699
-0.624587,-0.409525,-3.906091,-0.179271,-0.999520,-1.397078,0.808359,0.672662,0.725896,-0.102474
2.652085,2.610250,-2.478888,-0.125896,-0.985334,-0.758433,-0.595891,2.181910,0.745955,-0.915351
0.350535,-2.487816,-0.622028,-0.752272,1.698693,0.160733,-1.296389,3.023649,-1.245051,-1.047560
3.057394,-0.786963,-0.045756,1.997142,-3.357019,1.617374,1.024131,-0.465004,-0.489832,1.096991
1.012867,-1.712861,-4.950830,-0.998356,1.567415,-1.028766,-0.403075,1.065406,2.344028,-1.684696
-0.199946,-1.295813,-4.578220,-1.722572,1.396861,-0.334277,-0.123338,1.067536,1.404222,-1.233410
-1.638514,2.240132,0.877197,-1.773956,1.987396,-0.505165,0.946110,-1.301361,0.775212,-1.458477
3.633999,-1.670314,3.055384,2.158511,0.402429,0.238704,0.593776,1.276428,-3.371368,1.066400
1.894475,-1.361982,-1.667119,-1.287174,2.862093,2.194844,-2.236210,-0.253352,-0.479687,-0.219653
0.001025,-2.428225,0.668413,-2.212688,1.740634,0.106639,-0.741238,0.374250,-0.795033,1.888251
-1.395556,-2.228377,0.621246,2.246770,-0.001289,1.009569,-1.955215,0.633338,-1.028478,1.469995
2.393438,0.110165,-2.421880,0.322593,2.668936,1.810540,-2.340659,-1.011824,0.274539,-1.707601
-0.737059,-0.447368,-0.277862,-0.423057,1.614970,3.614169,1.306841,0.260023,-1.549068,-1.013034
2.051063,-2.871973,-2.828782,-2.004318,1.590239,0.037129,-0.185977,0.302344,1.348638,-1.846293
0.495187,2.829866,-1.178620,-0.246758,0.114619,1.336527,0.610963,-0.125394,0.007008,0.599677
-2.450277,-0.501744,0.847598,0.895094,-1.020751,-1.629980,-0.608299,1.043910,-0.173835,-0.107848
-0.814764,-0.551125,2.947549,-1.049104,-0.867961,-0.417581,-0.769656,-1.154512,0.812142,-1.026748
0.400390,-0.473268,2.491416,3.012907,0.774157,2.318633,-0.967200,1.520235,-1.802943,0.250624
-0.466691,-0.206007,0.396867,1.584764,0.320769,0.219740,1.026919,-1.463104,1.475913,2.818233
-1.131252,2.677505,1.122146,-3.373578,-0.346219,0.347554,1.774276,1.054887,0.997179,-2.052856
-1.466196,-0.440825,2.409935,-0.367339,-1.482928,-0.486530,0.050468,0.277258,1.511152,-1.219656
-0.272130,0.126046,2.689481,0.583986,1.144599,1.597089,0.270280,0.329525,2.205467,2.036825
-0.691700,0.368246,-0.496162,3.158087,-0.218733,0.167025,0.388572,-0.402995,1.637918,-0.804822
-1.771663,1.732543,0.038817,-2.350798,1.756024,0.351995,1.598839,-1.888186,0.001348,-1.385742
-1.823044,2.198496,-1.271354,-0.059757,1.013628,-1.010939,0.038866,-1.111534,-0.545084,1.278386
-2.652025,0.085943,-0.622215,-0.239701,-0.790991,1.523535,0.944861,-0.636692,-1.383512,-0.782690
-3.939359,-0.987161,-0.203529,0.373318,-1.936626,-0.320822,0.716044,-0.663892,0.186232,0.271745
-1.146831,0.996657,0.909333,-0.373660,-2.317661,0.440842,-0.768063,-0.636373,0.604088,-1.221151
-1.597296,1.284563,-1.634512,-1.360663,1.025854,0.171295,1.109488,-0.442978,-0.756087,-0.895617
4.393276,0.336584,3.006937,0.189641,1.750637,0.093967,-1.448736,-0.279258,1.244371,1.232430
0.298762,-1.012993,2.116755,0.146219,1.010804,-3.686959,-0.132030,2.113900,1.878548,-0.200425
-0.169849,-0.662794,2.062850,1.828616,0.345737,-3.471224,0.819332,0.809034,0.455090,-0.055822
-1.546138,3.386826,-1.683827,-1.376016,-0.283091,1.208097,1.622893,1.794145,-0.402618,1.892091
1.418597,-4.114674,-1.947303,-0.597205,2.756397,1.778086,1.817315,-0.489514,0.836364,0.902166
-3.707633,-2.078463,0.107422,0.602356,-1.700369,-0.243250,0.799095,-0.996376,0.540683,-0.317505
-3.204534,0.525381,0.431282,-0.871276,-2.106966,-0.355965,1.146447,-0.276293,0.066771,-0.641376
0.916938,-1.736477,-0.197284,-3.411842,2.541825,0.327291,-1.496898,0.333400,-0.204326,2.445029
2.809216,1.928523,-0.182174,1.988901,0.000717,-0.814426,0.678894,0.763033,-1.656151,-1.186555
-0.251336,-3.225332,-0.554778,3.070029,2.935395,1.088528,3.480383,0.047585,1.012375,1.223020
-0.244774,-3.522907,-2.765865,-0.878042,-0.220646,-1.569568,-0.147478,1.746891,-0.165593,-1.040616
-0.840621,1.628542,-0.011337,0.935443,-0.407588,0.105992,-0.201260,0.109090,-0.052222,1.840550
1.578465,0.573417,3.431700,1.878383,0.489393,1.381892,-1.764288,1.001028,0.907100,1.361570
3.398563,1.419399,-0.227958,2.409970,1.247448,-2.081769,1.383986,-0.553736,-2.031614,-1.314381
-0.177283,-1.563843,-1.037850,-1.059517,0.165229,-1.959338,-0.869200,1.077768,0.808000,0.241642
4.372404,-1.912557,0.376682,0.213625,-1.536352,1.461012,1.292374,-0.279952,-1.895956,1.589822
2.746076,-1.074283,3.025944,1.053720,0.923439,-3.489363,0.121703,0.435957,1.801024,0.719437
-1.519585,-1.967018,-2.054188,-0.026822,-1.755776,-0.713140,-1.265775,1.185378,-0.756281,-0.541994
-0.000940,3.793938,1.088101,-2.288781,-2.034054,1.336148,1.629653,1.863417,-0.317828,-1.307150
0.679508,-2.305368,-0.811862,0.537356,-1.126822,-2.769619,0.960308,1.359150,-0.628057,-1.822342
-0.322264,-4.159780,-1.212164,0.910141,0.276487,-1.347218,1.160911,-0.196955,-0.108627,0.326336
-3.706521,-1.740106,0.028070,0.606753,-2.043691,-0.235849,0.087749,-0.599735,0.846008,-0.184021
3.709076,-2.492232,-2.303849,-0.341228,-0.672472,0.648073,-1.460882,0.501777,0.543243,-2.832525
-1.604902,-0.531636,-3.170931,-0.761808,1.693411,0.487710,-1.060516,0.020563,-0.906626,1.047648
-0.033145,-1.546014,0.696213,-0.797601,0.314354,-2.547987,-1.215427,-0.318887,1.270347,2.059103
-1.124313,3.803293,-1.125930,-2.338238,-0.247535,0.573502,1.983173,0.884159,0.144396,1.610445
0.020590,-2.133685,-2.008832,-0.027675,0.684890,-0.245199,-1.156918,-1.073556,-0.126947,0.111458
-1.060641,2.159388,-2.355294,0.511188,-1.738134,-0.924078,-0.127661,1.737998,1.048725,0.779085
3.763733,-0.779778,-1.916157,0.653346,-2.037572,1.711578,-0.457808,-2.817570,-0.606090,-0.599710
-2.094224,2.080642,-0.116799,-1.709124,-0.806891,0.553651,1.881865,1.025604,0.336713,0.438772
-0.769848,3.266353,1.010914,-0.599804,0.257680,1.784955,2.625965,1.021185,-0.795971,-0.472011
-1.669824,-1.145132,0.720607,1.694139,-1.863185,-1.611013,1.161750,-0.004243,-1.071206,-0.587648
-3.555457,-1.134024,-0.196862,-0.126201,-2.015467,-1.206284,1.069298,-0.997947,-0.213219,0.573723
-2.403436,1.890335,-0.766594,-0.391685,-0.011422,-0.109615,-0.870884,-0.480514,-0.238133,0.125732
0.698193,-1.402045,-0.101222,-0.166549,3.634112,-0.716752,0.838878,-0.772085,-1.503060,1.140748
-3.156777,-2.926140,0.663107,0.304102,-0.083499,2.150626,-1.591318,0.112148,1.774001,0.399876
1.599945,-1.300053,2.458687,-2.986369,1.529133,-1.092211,0.456604,0.945080,0.841420,0.199753
-3.771466,-2.394798,0.785405,0.676009,-0.628147,1.009211,0.921986,-0.375312,1.080511,-0.324243
-0.615332,1.937615,-1.289123,2.556143,0.430560,1.073602,-1.667538,1.015803,0.350939,0.309272
2.015319,2.983874,2.607848,-2.334769,-1.173676,2.413352,2.768018,1.886541,1.508692,-0.934663
1.088943,-1.440133,-3.718052,-0.018295,3.720556,0.233879,1.054950,0.623498,1.172279,-0.246757
1.413400,0.498621,-1.418142,3.650340,-1.326604,0.238095,0.983008,0.568896,1.258752,-1.410179
0.090976,2.496056,1.624697,-0.172226,1.714250,2.476306,1.370971,0.356178,1.655498,-0.272216
1.135342,0.372463,2.148216,1.971633,2.243003,-4.435410,1.164830,0.649750,-0.763183,-0.244769
1.022128,0.555555,0.004168,2.018706,1.840041,1.739387,-1.189373,-0.357603,-1.597675,1.666270
3.858649,1.045897,-0.303823,-2.008210,-3.183774,1.909098,-1.585622,-0.530682,0.104747,0.364782
1.484479,0.577328,1.688416,-4.364245,1.614562,-0.299736,-0.832677,-1.243336,0.258449,1.071187
0.469419,-0.125393,2.408655,1.572944,-2.038149,-1.445587,-0.715436,1.585391,0.982088,-0.472653
-3.629133,-2.612231,0.714336,0.702663,-0.835890,1.412289,-0.755955,-0.197563,1.755689,0.175584
1.673932,1.021660,1.450698,1.423528,-3.832893,0.808268,1.213124,0.059812,1.295459,2.181145
-2.423927,-0.648554,0.838220,-1.436651,-0.129395,2.261093,0.192265,-0.879829,1.029490,0.697413
2.391509,-1.151388,-0.689290,-1.342382,0.468479,-0.355132,-1.796097,0.153153,-1.400964,-0.614877
4.648115,-0.078893,3.550156,-0.454731,-2.355736,-0.215246,-0.944720,0.155712,-1.713537,0.032166
0.950952,-1.439206,0.161163,1.645264,3.665026,1.923683,2.083830,1.678428,-1.940124,-0.234960
-2.000827,0.166815,-0.636626,2.034161,-0.716391,-0.009663,2.493477,-0.042633,0.437608,0.823951
-3.578891,-1.430871,-0.105252,-0.399934,-0.652825,-1.353135,2.093654,-0.649325,0.226218,1.314350
-1.134577,2.831017,-0.430497,-1.806137,1.175486,-0.211003,0.117010,-1.823235,-0.521809,-0.146944
-1.602670,-2.149710,-0.413084,1.288768,-0.278277,1.786753,1.310571,0.571046,-1.180212,-0.756640
0.106779,-0.905407,1.620540,-1.463887,-1.423669,-1.862671,-0.374013,2.631470,-0.973247,-0.010854
1.177025,3.115898,-1.205279,0.754320,0.316343,-0.138610,-1.954200,-0.256157,0.745223,0.803788
-0.462947,-1.363034,0.145058,1.653804,0.206566,-2.758482,-0.391087,-0.795797,-0.321568,-0.423327
3.067585,-2.922478,2.018706,-0.950876,-2.012539,-2.287441,-1.226063,0.617310,0.447374,0.751568
-1.083828,-1.408383,1.877527,1.995860,0.254133,-1.902965,-0.012180,1.295319,0.785982,0.514592
3.294281,-0.976789,-1.431871,0.200388,-1.541234,0.347301,-0.035667,-2.480763,-0.804334,-0.893719
4.447337,-1.925489,2.185983,-2.571487,-2.419783,-2.280247,-1.840270,-0.636787,0.416723,0.713276
-2.839512,0.243428,-0.351625,0.145834,0.088749,1.229442,1.167964,-0.825886,-0.118087,0.126120
0.810071,0.819565,0.914535,-1.708287,0.359691,0.258587,-1.951183,-1.807776,-0.797172,1.369756
0.733524,2.605376,-2.034537,0.100065,-0.286592,0.243640,0.826743,-1.454393,2.287831,2.363745
-0.293966,0.901237,-2.595284,0.038661,1.962592,1.723973,1.434670,-0.038041,-0.506227,-0.673976
0.425896,-0.217619,1.999027,-2.430137,-0.606359,-0.628699,0.323594,2.484334,1.567870,-0.741238
0.893179,1.357917,-0.688567,5.465512,0.691573,0.838337,0.674002,0.187980,1.131037,0.062232
0.473048,-2.285121,-2.412643,-0.160126,-1.341162,-0.910743,-1.345721,1.042278,-0.114688,-1.848004
-3.846894,-1.695162,0.612746,-0.065238,-1.172534,-0.745043,2.080941,-0.789744,0.534776,0.284366
-0.913481,2.308532,1.751697,-1.393309,1.139156,0.381751,-0.765742,-1.386870,-0.951511,-3.169418
1.211490,1.636650,-3.125122,0.115764,-2.519240,-1.184976,0.072619,0.959224,1.870671,0.120288
2.520700,-0.193661,-1.864176,-1.998681,1.492224,-1.633867,-1.714886,-2.065161,-0.644313,-0.038652
0.663135,-0.005815,-3.265906,1.413076,1.808964,2.244866,0.435625,-1.064158,1.290870,-1.757170
0.072863,1.062536,-3.026490,1.854525,-1.372030,-0.499512,-0.792627,2.983352,2.881836,-2.075561
1.774158,2.807077,-0.895688,1.519178,0.972424,0.694178,-0.684388,-0.543356,0.753853,0.971774
0.500805,-1.848830,-4.569160,-1.967940,2.775689,-0.630239,0.766306,0.303192,1.343129,0.637393
1.845655,-0.648363,0.024711,-2.711995,2.558148,-2.317500,-0.221997,-1.691691,-0.270087,1.463375
4.194692,2.220402,4.414909,1.888919,-1.324597,-0.379713,1.387377,-1.100354,1.648645,1.059880
1.224148,1.676859,-1.747871,3.747591,-0.946861,0.566540,-2.347508,1.321020,1.116234,-0.833389
-1.970099,1.224622,2.064498,0.145604,1.059644,0.053322,-1.482696,-0.179614,0.390887,-2.430861
0.151677,-1.073900,3.007704,2.158183,0.753648,-2.135821,0.732662,0.670646,1.838530,-0.392164
0.356327,3.505131,-0.864850,-0.042082,3.189316,-0.046338,0.290573,-0.924191,1.956124,2.629308
-1.300194,-0.142335,-1.805275,-1.258502,2.222409,-0.302528,1.829443,-1.445326,-0.136665,0.683199
4.558517,-2.158128,-2.304616,0.408001,-2.920157,3.933642,-0.040500,-0.532099,-1.043037,-0.024645
2.213877,-0.749743,-0.283371,1.137916,1.349135,0.486107,1.387856,2.323902,-1.708661,0.895707
0.125661,-0.224796,-0.219397,1.564651,1.143658,-2.627240,-0.659974,-1.096634,2.459638,1.205515
-3.771177,-2.180085,0.359425,0.564279,-1.583405,-0.055758,1.151784,-0.850203,0.639776,-0.444497
-0.309345,-0.104134,2.911786,0.869958,0.097267,-0.506362,-1.514240,0.369629,1.706262,0.401800
-2.688273,-1.663194,0.699521,1.359656,-1.360536,-0.338656,1.245065,0.074814,-1.123620,0.218340
7.132408,0.566918,2.130964,-0.217590,-2.426751,0.190826,0.133236,-0.745058,0.055445,1.096801
0.910893,4.194391,-0.855002,0.574137,2.057952,1.310325,-1.266479,0.842911,0.530632,0.370551
0.788593,3.109726,-1.490209,1.418504,1.723713,-0.726717,-1.997120,0.063174,-0.315362,-0.044698
8.326164,-1.823820,0.408205,0.206084,-0.697935,0.574038,1.988923,-2.000957,0.296655,-0.034022
-0.706261,-0.316679,2.574229,-0.040645,-0.816383,-0.549909,0.319230,1.649835,0.256928,0.067244
0.656382,0.022270,3.839247,2.450277,1.977468,-1.477319,-0.447001,2.126974,2.652711,0.148702
1.583042,-2.061870,-4.455797,-0.016314,-0.548513,-0.140512,0.561279,-0.616207,-0.196996,-2.997427
-1.978783,2.777097,0.823718,-1.699968,-0.681088,1.474984,2.321537,0.347696,0.713925,-1.509985
1.543895,4.037702,-1.146421,-1.140800,1.546491,-1.074826,-1.658870,-0.054370,0.082581,-0.286683
-1.352936,-1.221069,-3.376507,-0.228268,1.236554,0.342187,-1.492815,0.820037,1.765523,0.434188
0.750166,-0.633578,2.106600,1.668280,-0.343481,-2.454808,-0.287068,-0.875913,-0.702448,-0.376610
-1.159774,1.276866,1.437060,0.099251,1.473919,1.133286,-0.268401,-1.472361,1.599855,-0.808952
-0.547002,2.675299,-1.075191,1.071108,2.294615,0.070433,-2.351829,0.529799,0.183225,1.234304
1.885027,0.203451,-1.728572,0.392231,-0.989900,-0.343256,-0.822903,-1.292500,-1.201726,-0.542432
-1.704207,2.304042,-0.580320,-1.653474,1.323513,-1.828473,-1.143975,0.518746,1.868424,0.958557
2.059668,0.252821,-1.814195,3.468815,-0.884018,0.154753,0.808474,-1.960174,-0.923890,-1.648396
-2.141751,0.001549,1.792323,-0.079691,1.016585,0.508171,-2.194385,-0.421468,0.829542,-1.858686
-3.922102,-0.914081,-0.141598,0.208691,-2.032814,-0.681819,1.060370,-0.705345,0.030928,0.192032
1.557535,-2.453681,-1.446063,-0.317560,-2.687719,-1.320382,1.079357,1.137398,-0.066503,-0.627324
-3.149773,-0.292050,-0.773948,1.130825,-2.711557,-1.018191,-0.405903,-0.365174,-1.443527,0.313299
-2.901978,-0.434686,-0.927972,0.714806,-1.913569,-1.609510,-0.093379,-0.317617,-0.855656,1.100151
0.679569,3.639698,2.770020,-2.913286,-0.151174,1.208363,1.799688,0.677079,1.836957,-2.581844
1.557597,0.307208,3.167850,-0.045951,-3.935287,-0.684357,-0.868332,1.664164,1.172935,0.136252
-3.959504,-1.452014,0.115094,0.453804,-1.586336,-0.485524,1.150391,-0.699179,0.186663,-0.262651
0.036324,1.836993,-1.331510,-0.686064,1.416995,1.292969,1.047806,-2.013863,-0.468445,0.412932
-1.929701,-0.855070,0.691931,-1.748292,1.467399,0.769862,0.432240,-0.574099,-0.433268,0.646473
5.958815,0.674052,0.964783,-2.666155,-3.314727,-0.272904,-1.178911,-1.236532,0.313728,0.465898
3.240928,-0.313881,1.026705,-0.754168,-3.343645,-1.050145,-1.184623,-1.138332,-1.239060,1.146970
-1.675618,-0.352942,2.063065,3.191341,2.959524,0.516387,-0.245147,0.499012,-0.955081,-0.135874
2.129006,-0.665595,0.575962,-2.027961,-2.317683,-1.654279,-2.804522,0.184613,1.234950,-0.253812
1.484545,0.620765,-3.113740,-0.964202,0.379697,-0.172651,-2.372986,-2.472003,0.035522,0.995566
-3.275739,-0.431849,-0.607934,0.306325,-1.475735,-1.568857,0.993711,-0.623267,-1.061198,1.040687
-0.569987,1.469303,1.705564,-0.766172,-0.136624,1.461527,-1.286744,-2.332731,-0.293841,-1.800446
-2.449150,1.097714,-0.721554,-0.359154,-1.243052,-1.211495,1.393353,-0.272884,0.557330,2.334734
0.683767,1.360523,2.435231,-1.702080,0.190404,-1.645244,-1.429910,0.824051,1.710786,0.079349
1.113018,1.256108,-0.222585,2.124830,-1.729504,0.485577,-0.170406,-0.709294,0.145176,1.875457
1.790629,4.383985,-1.118854,1.056314,0.991645,0.236061,-0.519567,0.509973,-0.092973,-0.560553
0.095661,-0.219126,0.910673,2.543242,0.694457,2.408795,0.060750,0.765068,-1.261025,0.804075
-0.328758,4.302603,-0.201515,-1.917607,0.545365,-0.084951,-0.054509,-0.309306,0.081289,0.089482
-3.543665,-1.795693,0.051462,0.181892,-1.688488,-0.820952,0.270485,-0.808373,0.916272,0.419177
0.820576,1.124002,1.591834,-1.716283,1.485192,1.346601,0.475694,-1.423625,-0.514902,0.353767
1.545704,2.942174,-0.453853,2.517971,-1.532085,0.386553,-2.552939,0.821802,0.177889,1.611233
-2.629860,-1.204299,0.482764,-1.022931,-0.303525,0.953411,1.467393,-1.378193,0.072886,-0.224996
1.746243,1.242459,2.007915,3.123277,1.627446,-2.073322,1.485296,-1.575525,-1.405145,-1.030928
-3.796942,-2.513184,1.132138,0.150086,-0.288626,1.575861,0.381895,-0.333988,1.722809,-0.181491
-2.543882,0.560510,-0.357428,1.904853,-1.909162,-0.877648,-2.054375,-0.424498,-0.146268,-0.162099
0.594633,-0.164602,3.718566,3.190395,0.461173,2.160206,-1.261163,1.375982,-2.435038,0.741667
1.182319,-0.269106,1.215562,2.316023,0.560696,-0.516988,-0.590275,1.008648,-2.360350,0.342407
-0.644947,0.435370,-0.585827,2.847628,-0.481230,-1.653006,-1.072223,-0.822923,-1.200099,-0.948207
-0.939442,-1.403583,2.734408,-3.331761,1.792283,1.454459,0.860323,-1.456778,-0.069735,-0.125940
3.390810,0.886245,1.908766,2.988204,0.745265,1.397189,-0.976945,-0.904072,0.966949,1.770333
0.335298,1.481034,-0.372696,4.150271,-0.558236,0.018108,0.967477,-0.440247,-0.476925,-1.222286
-1.010864,1.791690,0.915399,2.058944,-0.081483,2.197756,-1.741710,-1.044685,-0.292016,0.431912
-0.401016,-1.109450,0.466511,-0.281828,2.545333,2.582614,0.754013,0.273516,2.546396,1.557632
-1.705797,-1.755899,0.839011,-0.244373,0.630553,-0.285495,-0.154997,1.234339,-0.010999,-0.936833
-0.223257,-0.305206,3.553207,-1.417885,-1.193643,0.088791,0.226027,0.213875,1.882382,-1.010213
-0.199007,3.654660,-1.623731,-0.975213,-1.437796,-0.278958,1.153965,3.088591,-0.790119,1.432518
-1.988729,-0.581206,2.125096,1.460897,-0.500190,-2.082577,0.251968,0.750871,-0.257516,0.792796
-1.233384,1.962181,1.309316,-0.364719,-2.177280,1.118802,-0.607060,-0.644692,-0.371227,-1.610121
1.136896,-0.141732,3.996193,0.940033,-0.272444,-0.778861,-0.129441,1.146703,1.756496,0.749521
0.672197,-1.022664,1.495797,-2.873369,3.645221,1.924055,0.428139,-1.581338,-0.644821,0.509346
-1.741944,-0.060941,0.709867,-0.285701,0.231097,3.338348,0.243132,-0.156536,-1.550042,-1.248707
-0.153694,0.560753,1.976375,-0.499941,-1.250823,0.409120,-1.383403,-2.188995,-0.320077,-0.327617
2.324364,-1.138287,-4.030285,-0.818805,1.303107,-0.544762,-1.023684,-1.862376,0.646427,-2.082330
1.113461,-2.303309,-3.875225,-0.732185,-0.057945,0.402902,-0.969824,0.182612,2.168856,-2.488603
4.679956,-3.022323,-1.863877,2.453592,-3.013681,2.221157,0.833389,-0.823960,-0.742749,0.560618
1.185619,-0.635119,1.791594,1.975494,0.911723,2.257695,-0.271373,1.600317,-2.735349,-0.735375
-0.168588,1.750350,-2.122980,0.277602,2.454969,0.601170,-0.439030,1.473726,1.185992,1.114936
-0.789471,-0.540403,0.404234,-2.925210,-1.365899,-1.109509,-2.380320,-1.654772,-0.335386,0.146286
5.031604,0.687416,-0.277131,2.971197,0.796206,1.031859,4.129161,1.491305,0.712414,1.022157
-0.874336,-0.678435,0.780260,-2.075554,1.814343,-0.981660,-0.698448,-0.403805,0.292543,0.668503
0.246966,4.403261,0.284932,-1.473665,0.471379,0.229955,0.898562,-1.225248,0.132475,1.243135
1.047098,2.874733,-3.011547,1.642663,1.639593,1.360656,-0.420190,0.456810,2.070730,-0.322354
1.373362,3.708341,-0.564237,-2.797229,-1.458949,-0.256716,1.619564,2.731404,0.681516,-0.068096
-0.227661,2.607427,2.219763,-1.271307,-0.244920,-2.076767,-0.146632,-0.483063,0.273051,-2.316315
1.855956,-0.523371,0.575935,0.759815,1.553005,2.050247,2.344365,0.388415,-2.715762,0.287110
-0.450259,1.727054,2.838250,1.085559,0.725679,0.346390,-1.724550,-0.956133,-0.077323,-1.108253
-0.021846,-1.661153,-0.571789,2.089738,2.104432,2.406365,0.786569,-0.064418,0.933710,2.114097
-0.121911,3.124339,1.685429,0.201620,0.724279,1.501169,-0.937757,-1.746919,-0.033976,-2.465077
1.299082,0.376208,3.855827,1.569959,0.199805,1.586241,-1.455560,0.168120,1.465990,1.285526
1.273739,-0.413400,1.608595,3.697809,1.412283,2.639529,0.232282,0.784129,-1.512734,-0.437475
0.645366,3.376053,1.226788,-2.738398,0.748152,1.169532,2.721756,0.169754,-0.451642,-2.398848
5.135157,-2.028322,-2.512675,0.898036,-2.708920,3.419427,1.316260,0.653604,0.036684,-0.565115
-2.911172,0.967337,-0.043913,-0.274166,-1.365552,1.229032,1.185584,0.183947,-1.146544,-1.193438
1.672744,-2.469604,-0.373727,-1.775768,1.104523,1.896844,-1.253711,1.238551,-3.762373,0.020900
0.462666,-0.610913,-1.133611,-1.390160,1.974755,0.985921,-0.680710,-1.215028,-1.662903,0.941678
-2.000214,2.089317,0.674108,-0.244685,1.320837,-1.307964,-1.929737,-0.034173,-0.309160,-0.156207
-0.074282,-1.741368,0.606357,-1.429668,2.588645,1.438813,-0.833306,-0.483067,-2.034731,0.323074
-0.712508,-0.601998,-0.690790,1.265425,0.293015,0.714823,1.826135,2.654458,-2.000780,-0.371393
0.113343,0.658791,-0.012900,-3.016590,-1.412367,-0.173382,-1.604700,-1.080115,-0.504781,1.051423
-0.223567,-1.564766,0.793803,3.625812,1.711343,0.088824,-0.150674,-0.832297,0.849492,1.867622
-3.707958,-1.138417,-0.191527,0.136268,-2.061143,-0.845631,1.090606,-0.985018,0.032585,0.446982
0.154169,1.495402,0.490882,-0.130427,1.015711,0.595493,2.626821,-1.221341,-0.355655,-0.375812
0.403732,1.548630,-4.415836,-0.725605,2.094339,-0.926620,-0.738267,-0.075268,1.790598,1.206580
-2.145109,1.902169,1.917282,-1.178459,1.683196,-0.136499,0.730744,-0.240136,1.057255,-1.004672
3.986240,0.702085,-1.772244,-4.544125,0.264211,0.233280,0.291048,0.521548,3.601436,0.409911
0.408655,-1.160246,2.339918,-0.629005,2.802677,1.466455,-0.695157,0.648843,1.601840,4.012651
-1.936987,2.164320,-0.441688,-0.504841,-1.549821,1.385676,1.005151,0.289400,-1.909451,-0.646768
-3.303913,-0.357445,-0.448055,0.169938,-2.029555,-1.453718,0.818872,-0.886459,-1.126230,0.363861
-1.399777,-1.986251,1.694785,0.250775,1.015232,2.866364,-3.087638,1.059617,1.128614,0.031082
5.546838,-1.599846,-0.031635,-0.732603,-3.472525,0.710127,-1.120500,-1.721618,-1.768873,0.989014
3.945119,-0.755573,3.327757,-1.123229,-3.463198,-1.680193,-1.160038,0.039510,-0.255032,0.475944
4.618281,-0.766683,-1.754524,-0.714555,-4.047167,3.282877,1.205866,-1.942600,0.934666,1.604937
6.229874,-0.165840,4.039228,-2.417005,-1.322906,-0.996190,-0.483419,0.626388,0.113816,0.724451
-3.708897,-1.625801,0.464665,-0.186599,-0.885862,-1.261067,2.134643,-1.141966,0.299562,0.564650
-2.871706,-2.078632,1.526690,-0.963700,-0.135296,0.434705,0.337576,-0.336437,2.011186,-0.325777
1.064626,2.613545,-1.437002,2.455080,1.916415,-1.766291,-1.167477,-0.591215,1.661336,0.372801
-3.801991,-0.749972,-0.371206,0.062929,-1.783256,-1.031341,1.224831,-0.556435,-0.012612,0.739231
-2.415431,-0.325228,0.753623,-1.114556,-0.059653,1.643568,1.632992,-0.721643,1.405331,-2.119900
6.136887,-1.773852,2.937036,-2.181543,-3.491712,-1.355576,-0.857232,-0.301683,1.270135,0.462461
-0.882297,0.769971,0.469207,-0.089072,-0.884582,2.364664,0.689464,0.771010,-2.290275,-1.302910
-0.208321,-0.901232,2.557679,-3.707395,2.718412,1.545439,0.890801,-0.492993,0.615838,1.072365
9.053226,0.223184,-0.286249,-1.164295,-0.015351,1.778708,3.516299,1.258586,3.551893,0.067710
0.304466,-0.810389,2.958623,-2.143203,0.773673,0.568948,-0.991598,-2.587650,-0.943311,-0.558182
0.948796,-0.825667,2.234607,-3.190972,2.018247,0.809663,-0.386800,-1.274468,-1.262449,0.685015
1.975765,-1.366886,-5.156554,-0.746553,1.369942,-0.402191,0.339418,-0.532727,1.208953,-2.302792
6.997922,-0.641931,2.452227,-0.369864,-2.248229,-0.274810,2.068488,-0.493708,0.971578,0.925718
1.320138,3.841736,0.889853,-0.691852,0.569505,2.355487,0.884163,-1.356418,-1.303177,1.350063
-1.615906,1.523959,-2.415744,-0.167866,1.727155,-0.184418,1.438504,0.628782,0.714699,1.862754
-1.727725,2.952503,-1.524420,-1.058993,-0.520250,1.068693,1.453508,0.752871,-1.629532,1.449661
0.248762,2.703247,1.270648,-0.646478,2.413838,-0.283157,-0.619670,-0.008944,0.730943,0.265287
-1.504150,1.254946,-2.208181,0.651686,-0.146125,-0.522338,-2.203584,0.795979,0.532985,0.445256
2.866549,-0.293004,-1.134540,0.953922,-3.228754,1.621703,2.269882,-1.233414,0.027337,1.451872
-0.633632,-1.397183,-0.677327,-4.244105,1.599001,1.050509,-0.321893,-0.665627,-1.220302,0.684727
-1.205412,-0.892649,-2.163415,-1.531803,0.378298,-0.652697,-0.370253,1.044359,-1.155618,0.162516
0.888929,2.503860,1.558585,-0.692543,-1.442351,0.554640,-1.304705,-0.611513,0.470437,-1.708953
1.697130,-1.241337,0.422686,-3.082965,3.512633,0.227413,1.160575,0.036476,0.319503,1.339864
-2.952106,-3.254275,0.954747,0.540818,0.043746,1.838362,-1.862703,0.340046,1.925610,1.040687
-1.670882,2.530619,0.311716,-1.387069,1.211896,0.096075,0.529507,-1.499129,-0.335529,-1.571066
-1.681376,1.009950,0.172153,2.261884,-1.894561,0.584554,-0.945719,0.626358,-0.673655,0.686096
-3.079105,-3.151750,1.309053,0.621199,0.637686,1.991026,-1.711203,0.062795,2.207271,0.897857
0.671144,1.987945,-1.017997,3.019884,1.271872,0.653286,-1.325472,1.418057,3.745085,-0.401788
-1.312795,1.638020,0.488055,0.722281,0.635889,-0.090490,-0.210339,-0.633153,-1.326408,-0.951287
-0.121816,-1.462451,3.338515,-1.750600,1.760709,2.187016,-0.061974,-1.836736,0.521465,-0.584754
-3.320597,-0.702960,-0.334990,0.287932,-1.883327,-1.745071,1.100944,-0.673969,-0.752045,0.963846
4.222672,-0.855832,-2.327522,1.125115,-2.937079,2.476545,0.782256,-2.640802,0.035490,0.130719
-1.265786,2.362942,1.171765,-2.037820,0.005736,3.895791,2.599448,0.261919,0.166035,-1.285984
3.762962,-0.343990,1.636290,2.000707,-1.983941,-0.828123,-0.035982,-0.388882,-1.515814,0.374510
0.115432,3.475278,-1.547655,0.412880,1.247118,0.839595,0.987536,0.063974,0.832821,3.279701
1.375814,-0.850711,3.262843,1.270008,2.701480,1.446647,-1.784208,0.667602,-1.335375,0.937706
-0.482359,2.891094,-1.584302,-1.254695,2.184003,-1.102417,-0.072106,-0.453834,2.925196,2.335848
3.344156,-2.143395,-1.853404,0.789638,-3.951338,2.424794,-0.902954,-0.976202,-0.803561,0.227949
-0.998801,2.515310,1.611594,-0.701888,-1.726680,2.696380,1.280210,0.006432,-0.192194,-1.428495
-2.734869,-0.371432,-1.180591,0.304704,-1.543868,-1.763732,0.505021,-0.838541,-1.732837,1.085659
-0.393630,2.729989,-1.929364,-1.144221,1.720198,-1.164182,-0.993571,-0.577333,0.256813,1.404256
-0.751683,-0.618389,2.712332,1.593579,0.368824,-2.544791,0.188153,1.568068,1.151974,0.334688
-4.031938,-1.260953,-0.336589,0.301932,-1.713905,-0.225399,0.889622,-0.561131,0.484848,-0.052495
-0.468930,0.107532,-1.223623,-1.947172,-2.120816,0.373114,-1.502665,0.053557,-0.656793,0.384755
-1.864645,-0.566679,2.427595,-1.755598,-0.804803,0.023669,-0.712203,0.950214,0.914059,0.157438
-0.659073,-2.043036,-1.674150,0.741389,-1.972719,-1.916008,0.718926,1.308681,-0.084230,-1.621309
2.373948,-1.068902,2.110868,1.246134,2.910772,2.912454,1.593492,0.867795,-2.581465,1.328023
1.478946,-2.168857,-0.253450,-2.580204,1.944708,1.431694,-0.634172,1.224679,-2.641773,0.724425
0.514108,0.928917,0.660218,1.020217,1.968572,0.804353,-4.330557,0.573476,1.074620,1.443794
0.117489,0.784506,2.911639,-0.276667,-0.247175,-1.199143,0.840935,1.905401,1.670089,0.843723
1.502324,-1.809933,1.329643,0.348088,1.790037,-4.205028,-0.168234,-0.507784,1.107537,-0.774281
-0.713568,0.782515,1.396788,2.359753,0.009447,-2.901028,-1.096766,-0.200236,-0.672843,-0.000040
3.287043,-3.507686,-0.085158,-2.870627,2.082321,-0.393948,-1.240906,3.019217,-0.491482,-0.752849
-1.065599,-1.169274,1.672087,-1.734396,0.683320,0.762990,0.109515,-1.563136,-2.187915,0.319174
4.530705,-1.510061,0.033621,-0.107879,-2.416684,-0.690751,-1.538064,-2.233292,-1.136373,-0.348358
0.211672,-0.811664,3.463748,-2.872130,2.574560,1.761952,-0.696612,-1.923116,1.037273,-1.030407
1.376068,0.328404,1.005274,-3.044677,-0.417903,-2.362092,-0.999255,0.888075,0.480186,-0.019607
4.474708,-1.358595,1.892193,-2.239786,-3.611915,-1.626777,-1.336384,-0.847400,0.933728,0.803781
2.075952,-0.113232,1.906518,1.493904,-1.391152,1.758580,1.159538,0.297367,-0.558029,1.915365
-1.175364,-2.244148,-1.004292,0.250518,0.552250,2.354334,0.918934,-0.084676,-2.485147,-1.690586
0.510830,-1.105990,1.029610,-1.701774,2.637286,2.025380,-0.097669,-0.954674,-1.541592,0.279370
0.051890,-1.920854,4.420160,-1.692462,0.836391,1.025011,-0.603435,0.128008,0.676025,-0.395251
-1.912010,-2.605596,2.298162,0.081735,1.275727,3.238025,-2.651586,0.718285,1.811547,0.459286
2.110662,-1.807014,-1.191593,-4.335072,2.072371,1.100795,-0.087788,1.528448,-0.384696,0.723187
-1.881098,1.333242,1.088192,-0.194144,-1.391832,2.668953,0.586330,0.251183,-0.481467,-0.947783
5.612405,-2.321429,-1.388360,1.096038,-3.279517,1.848752,-0.221556,-2.065581,-0.863608,-0.001739
0.407294,4.158719,-0.429135,-0.436292,0.558314,-1.282155,-0.860774,-0.364283,-1.785005,0.246318
-1.144188,2.548693,-1.509967,-0.965930,-0.369128,-0.900955,-0.699057,0.066794,0.476638,1.059702
-1.930281,-2.374703,-2.219218,1.054428,-1.140112,0.087864,0.103509,-0.702910,-0.437136,0.159114
1.657761,-2.295659,-3.478532,1.479945,0.462017,-0.313839,0.491790,-0.473035,0.200046,-2.603480
0.425830,-1.725295,1.633388,2.049997,2.029365,3.503314,0.961425,2.590735,-2.128919,-0.665225
-1.736992,-2.060150,2.411627,-1.444951,1.199260,0.514363,0.317085,0.425022,0.770478,1.193576
-2.907341,-1.027249,0.072438,-1.083468,-0.204010,-2.203912,2.486265,-2.005950,-0.233850,0.477630
-0.815180,2.844463,1.599097,-1.052241,-1.154115,2.980864,1.276286,-0.362325,0.184309,-1.883333
-1.958224,1.791830,-0.864502,0.939934,0.909274,0.189382,-1.724806,0.281418,0.740304,1.400043
-0.524066,1.225620,-0.011557,3.282814,1.675206,-0.222327,1.000052,1.686074,0.468754,0.501106
2.669507,-0.231791,-1.312985,1.628199,0.444173,-2.636456,-0.091092,-0.386952,-0.767121,-1.493301
-1.220200,1.425013,-2.010578,-0.030359,0.558994,-1.359772,-1.323767,-0.047713,1.402395,1.324173
3.562359,1.323109,1.170061,4.443342,0.704904,-1.247353,2.549210,-2.444322,-0.591239,-0.059132
5.119345,-0.561598,2.159581,-2.476565,-3.714692,0.141605,-0.506885,0.077546,1.028944,1.225324
2.195199,3.593949,0.966599,-1.657756,0.723710,-1.044872,0.287068,-1.072806,-0.976374,-0.922008
-1.296187,2.770217,-2.680179,-0.951649,-0.178173,0.233200,1.137478,2.146013,-0.351521,2.505567
-3.875660,-0.831097,-0.344928,0.333506,-2.116009,-0.515721,0.761749,-0.656963,0.002463,0.285749
-0.594178,1.783869,-2.548943,0.953807,-0.496335,-0.336410,-1.286025,-0.277700,0.965627,-0.538401
2.467817,-0.148862,-0.757971,-0.941829,-1.241769,-0.875434,-0.610384,-0.335442,-1.186508,-0.115045
2.712148,-0.504586,3.216049,3.909647,1.390018,0.911001,-2.009836,1.013242,-1.534715,1.182878
3.252964,1.114173,5.254670,-0.576873,-1.976085,0.981605,-0.255554,1.623641,2.815336,0.239430
-1.007946,1.987056,-1.570611,0.172858,0.055025,0.452102,-0.812500,0.875072,1.429896,1.069235
0.862728,2.758274,-2.291514,1.555490,-2.499188,-0.295920,-1.163351,1.396069,0.939270,0.256270
-3.653532,-1.434497,0.526947,0.663488,-2.019486,-1.188114,1.075152,-0.876571,-0.077780,-0.426192
1.256993,-1.034288,2.516122,2.344180,0.868355,-3.109534,0.226450,-0.319055,1.121416,-0.327125
-3.798527,-1.524847,0.283251,0.608086,-1.956866,-0.694580,0.748264,-0.841231,0.152369,0.012618
-3.047518,0.462520,-1.871449,-0.152146,-0.999018,-0.229207,1.771408,-0.396612,-0.311084,1.575617
-0.002162,2.056541,0.098799,0.328253,2.196959,-0.868264,-0.827491,-0.825343,1.021677,0.731878
1.959926,-1.271677,-1.585036,-2.350144,-0.997731,-1.518164,0.151564,-0.340795,-0.742704,-0.552084
-0.821903,-2.757642,-3.065199,1.184513,-1.205833,-0.506762,0.405096,1.128898,0.043521,-1.341434
0.103056,2.617908,-1.902029,2.434268,0.488422,1.433450,-2.549187,1.484064,0.205339,0.544545
2.342832,-0.794160,-3.627728,-1.938676,3.091560,2.196937,0.239171,-0.619398,1.912337,-1.813951
1.240792,-0.945435,-0.317170,3.662035,3.133487,-0.198536,3.527105,1.253931,0.208862,0.766351
4.231646,0.429533,2.572770,-1.678870,-1.432606,-1.255468,-0.628415,0.132642,-2.515463,-0.114470
-0.407992,2.109929,2.197888,0.624091,0.007426,-0.121303,-1.242144,-1.606639,0.768636,-2.431341
1.230260,-0.081588,2.924587,2.760227,1.385691,-2.819077,0.332531,-1.065489,0.328407,-0.399571
-0.730406,-0.998578,-2.295462,-0.788841,1.577242,-1.305780,1.132439,-1.364257,1.471125,2.136567
0.525743,-0.372520,1.022909,-0.167859,0.768229,-4.098646,-0.751217,0.806437,0.618565,0.112686
0.082587,-1.462324,-1.414880,0.030112,2.110788,0.839849,-0.979900,-0.840577,-1.723009,0.212169
-3.274215,-1.181721,-0.386006,0.092609,-1.206536,-1.818541,1.509334,-1.065141,-0.428080,1.380394
-1.153170,1.428530,-2.359205,1.494189,0.980823,0.393914,-1.750724,0.972782,2.444459,1.593528
4.619643,-0.258129,1.977027,-1.885813,-2.370765,-0.756568,-1.031896,-0.229863,-0.865614,0.490376
-2.923855,0.150498,-1.418249,1.641279,-1.475642,0.227692,-0.386823,0.042599,0.453783,0.903318
0.164967,4.201892,2.227947,-0.731264,0.345992,-0.118588,0.378850,-0.223885,-0.282568,-0.181086
1.173363,-0.684370,2.048404,0.589980,2.419312,1.581587,1.348047,0.303589,-2.795497,0.621245
-3.542522,-0.718402,-0.363001,0.582198,-2.220288,-1.235013,0.829609,-0.673868,-0.779302,0.402351
0.087546,0.980747,-0.046668,3.637716,-0.432566,-0.688314,0.693467,-0.586710,-0.711124,-1.258626
-1.738879,-0.742989,0.556995,1.960670,0.615490,-0.051334,3.148091,1.197675,-0.308520,0.015068
-0.819269,-1.324405,2.927478,-0.982785,1.349128,2.250031,-1.411131,1.280877,-1.055431,0.457826
-0.223981,-2.587503,-2.759449,-0.143917,1.493223,-2.409023,0.278425,1.634048,0.792005,-0.183134
-0.386474,2.291188,-2.568519,-0.612615,2.067632,-1.079905,-0.946817,-0.379795,2.251951,1.449623
0.659436,2.238588,-2.691555,-0.098262,2.389736,1.306475,1.239781,0.656138,0.112944,-0.665668
-1.060894,0.725033,1.171457,-3.573383,2.319350,1.224739,1.671536,0.014312,0.949092,0.514804
-0.281894,-2.850358,-0.311103,2.039711,-0.264701,-2.497623,1.104255,0.405232,0.739850,-0.488272
-1.642534,-1.772318,1.874448,0.843204,0.752952,3.191169,-3.305707,0.512836,0.664999,1.239310
2.805945,0.782018,-1.375137,1.509756,-0.860046,-1.292982,1.528381,-1.924185,1.067164,-1.191834
-3.444174,-2.454704,1.664598,-0.711320,0.926628,1.424369,0.235697,-0.247011,2.675976,-0.058158
-0.965266,1.532441,-0.965336,2.351860,-0.405610,0.385850,-0.691266,0.758511,0.112971,0.844215
-1.048354,-0.731420,1.951801,1.859284,-0.120654,-2.783789,0.043396,0.715932,-0.136004,0.334610
6.840636,-2.064167,-1.199739,0.566589,-3.216037,2.575127,0.764877,-2.657432,-0.526866,0.562474
-2.911668,-2.596837,0.896655,0.544922,-0.016189,2.425617,-2.128395,-0.024352,1.175675,0.961776
-0.205733,2.253736,-3.291040,1.418530,1.582492,0.749771,-1.055759,0.379478,1.776757,0.325708
3.394286,2.729069,-3.243466,-0.731846,1.239055,1.154070,0.109969,-2.054787,3.071666,1.300882
-0.368989,-0.831697,2.171553,-2.663318,1.488709,0.477079,-0.596392,-1.032244,0.478830,1.190206
1.306896,0.644724,1.004032,4.588379,-3.104743,1.497136,0.005965,0.371069,0.705328,0.106140
0.601698,-0.528326,2.721711,0.236133,3.057167,-4.004458,1.734358,0.836663,0.721536,0.409648
0.175305,-0.545549,-0.232596,-4.348132,-0.425447,-1.953327,-1.694682,-0.216321,-0.202561,1.247132
-0.774701,-1.217383,-1.363567,-0.488103,-0.281518,-2.860047,-0.396280,0.366724,-1.924438,-0.633221
1.168212,-0.812836,2.591056,2.615753,2.422598,2.139426,-0.105227,2.010418,-0.464775,-0.611831
-3.989398,-1.262359,-0.034024,0.823477,-1.664949,0.834623,-0.078426,-0.420330,0.971757,-0.213232
1.664345,-2.603724,-1.370978,-2.085100,1.923453,-0.117303,-2.793393,1.884164,-1.809899,-0.650929
-1.687209,1.469740,1.945546,-2.370200,-0.520895,1.143909,0.806130,-0.017106,0.064794,-2.289059
-0.509147,1.754383,-0.870370,1.491276,-2.123838,-0.738224,-1.346744,0.232733,2.111512,-0.084360
-1.636088,-2.100470,1.490477,0.127577,0.389330,0.976603,-1.440150,-1.003663,-1.373199,-0.452377
3.192997,-0.667593,3.452782,0.918028,3.048553,-2.893898,0.285589,-0.124773,2.307422,0.339189
4.434501,-0.402825,3.900459,-2.276736,-1.994580,-0.971185,-1.272153,2.784940,1.893457,0.136681
-3.447043,-0.960423,-0.192927,0.897603,-2.538609,-0.929642,0.551541,-0.630101,-0.988390,-0.153350
1.874069,2.996140,1.360552,-2.717329,2.180493,-0.028966,-0.102410,-1.167060,0.268924,-1.092056
-2.917291,-2.941571,0.747848,0.666215,-0.100117,1.667433,-2.061226,0.371508,1.911520,1.106254
-2.111786,-0.284048,0.114387,1.325954,0.429246,-2.317086,-0.865558,-0.167287,-0.670536,0.039154
-1.377873,2.408720,-0.010952,-0.858117,-1.213900,1.541305,2.009685,1.238873,-1.788488,-0.993567
5.712725,-0.959783,-1.675529,-2.487433,-2.906184,1.200584,0.625372,-2.230013,0.256243,0.846394
0.256323,1.758250,0.522712,3.986202,-0.690667,1.181973,0.566875,-0.366536,0.107269,-0.612941
4.117597,-0.942106,0.615501,-0.591433,0.813165,-2.509954,0.980159,-0.521553,0.146175,-0.687515
3.050657,2.431775,-1.706740,0.124611,-2.064805,-1.292541,-1.078900,0.632117,2.030366,0.714223
-3.198555,-0.144306,0.605491,-2.635125,-0.073275,-0.566686,1.943269,-0.677298,1.878604,-0.861720
-0.806106,0.999988,-0.194085,2.543322,0.986786,0.062044,0.985793,1.687057,-0.584796,0.576330
0.401876,-1.055295,-0.651438,-0.354110,0.177366,-1.894303,2.922091,-1.246226,-0.796244,-0.439001
-3.375441,-0.592404,-0.036106,0.283303,-2.503654,-1.303427,0.161865,-0.863562,-0.355992,0.184163
0.419270,-0.338089,0.154754,-2.625610,-0.641365,-2.183610,-1.837069,-0.018586,-0.200649,-0.531888
-0.427363,1.387247,-1.540692,2.456461,0.389539,-0.658808,-0.954390,0.381367,0.848518,0.551361
2.990066,-0.653109,0.060465,-0.595151,0.770360,-2.077431,0.171948,0.516947,-0.757573,-0.498633
0.284644,-0.662076,2.275081,1.602996,1.755583,-3.554743,0.037400,-0.219431,0.550281,-0.532950
-1.476216,0.278572,2.944469,1.521101,0.372466,-2.271417,0.507520,1.182458,0.381402,0.406596
-0.150485,-1.645385,-2.084712,-1.061560,-0.673862,-0.612440,-1.713083,0.825007,-1.307368,-0.430537
5.652823,-2.210488,-1.288907,-0.269671,-2.802860,1.852445,-0.062224,-1.341386,-1.762608,0.023002
4.234794,-0.194613,4.431274,-2.286647,0.840894,-1.330656,0.347339,2.238136,1.398680,0.167234
-1.398389,2.461806,-1.049849,-1.382245,0.425599,-0.978713,-0.296997,-0.444810,-0.351371,-0.432718
0.170293,-4.202703,-1.570739,-0.593262,1.294757,1.300711,0.511012,0.159004,0.453722,0.457762
2.947030,-2.057607,3.016930,3.256630,-1.188667,0.708558,0.865039,1.585937,-1.600516,1.212896
0.797625,-0.858159,2.182606,2.496509,0.780173,0.970562,-1.662793,0.944778,-2.754636,0.850403
-2.117572,-1.529804,-0.964255,-0.158326,-0.041341,-0.460219,-0.810756,-0.185753,-0.825039,1.145570
0.418018,3.336945,-0.317323,0.745062,0.145656,-0.217716,-2.901707,-0.447813,-0.917856,0.008563
-2.470367,1.185795,-0.827584,0.228953,0.338274,-0.994527,-0.490939,-0.490437,-0.629001,0.253690
-2.843889,-1.014644,-0.584813,-0.745932,0.199662,-2.261629,2.577244,-0.810434,-0.487572,1.361439
2.862353,-1.586655,-1.154071,-1.824903,3.391426,2.456894,-1.260963,-0.399322,-0.566639,0.617722
1.377215,-1.211510,-1.093118,-1.076821,2.751639,0.769699,0.732348,0.695090,-1.158660,-0.699111
-1.802987,0.211427,0.008308,0.561972,0.419940,0.134234,1.659702,0.008437,0.286250,-1.575317
0.550333,-2.554589,0.073052,1.687038,1.508201,1.939660,-0.372960,-1.341058,-1.476792,1.624897
3.546384,-0.944157,1.062120,-1.825548,-0.280761,-0.657233,-0.779840,0.485935,0.832260,0.097893
-2.648955,0.765105,1.345771,-0.718190,-1.296819,2.436717,0.209631,0.167127,-0.051295,-1.237185
-2.406768,0.233709,-0.760459,0.775644,-1.662180,-1.613800,-0.890432,-0.697541,-1.308975,0.379602
0.649047,-2.349448,2.152698,1.115126,2.305559,2.471047,-0.144690,-0.550830,-2.317009,1.937515
4.659329,0.860245,2.290242,1.212506,1.104865,-1.530076,1.183174,0.094756,-0.269783,-1.488924
-2.222534,1.098464,-1.305666,0.200278,-0.403935,0.691725,1.139824,-0.048062,-0.231924,1.531666
-1.782609,0.412096,0.990579,-0.160501,0.528878,2.707629,-1.627922,-0.435840,0.383786,-2.515592
1.869874,4.463811,-0.204368,0.929595,0.167799,1.340036,-0.571481,0.955878,1.923258,2.760696
2.914590,-0.872328,-4.168625,-1.782491,0.205829,-0.479006,-1.058617,-2.055714,0.369150,-1.891035
-3.080002,-1.884768,0.196723,0.963999,-0.606323,1.733544,-2.299307,-0.049547,0.732913,0.352166
-1.596825,2.096512,-1.969427,-0.706085,0.367514,-0.801293,0.405781,-0.781296,-0.365076,0.834640
1.613544,-1.493993,-1.624117,0.128150,0.851761,-2.997617,0.236274,-0.159112,-1.481060,-1.285653
0.914439,-3.228941,-0.594925,2.221501,1.073558,2.292767,-0.100072,1.048224,-1.769323,-0.346593
3.129063,-4.130691,0.577544,-0.634015,0.933876,0.545959,0.586747,2.200323,-0.503451,-0.129721
-0.404795,2.127597,1.793317,-1.391326,-0.610985,2.831773,2.551496,0.697038,-0.479771,-1.437756
5.113077,0.478593,3.565218,0.067192,-2.688877,-0.884588,1.236101,0.894473,3.348897,0.438698
0.304830,-2.533801,-2.777251,-1.451264,-0.487270,0.132149,-1.852272,1.040210,-0.305028,-1.201578
-1.815097,1.105945,0.668377,-2.266946,0.483747,-1.518226,0.216601,1.021623,-0.014286,-1.395671
-0.078401,-1.485137,2.405094,1.662743,2.573454,1.104109,-1.367370,1.140100,-0.931584,-1.154449
-0.096440,2.504251,3.397212,-1.805992,0.959396,1.964769,-0.947230,-1.181789,1.156860,-2.176580
0.266396,2.442206,2.619559,0.116827,1.343184,3.322213,0.394649,0.808350,1.794827,-0.215271
2.639029,0.528896,3.284311,2.671640,1.508488,-2.596719,1.283021,-1.382040,0.019281,-0.409913
0.365297,2.182312,-1.116164,2.972253,-0.556537,0.183392,-2.549205,-0.644193,0.958189,-1.697928
-2.988187,-0.227539,-0.954716,0.776667,-1.793408,-1.388275,0.245835,-0.424119,-1.349331,1.212904
-2.619913,0.659714,-0.521199,-2.742800,0.512933,-2.817482,0.709288,0.252379,1.533584,0.627462
-0.201866,1.497357,1.895645,-0.621622,0.771918,-0.865486,0.808086,-0.398652,2.747473,1.140420
-0.888667,1.385594,2.988905,-0.515025,-0.057081,-0.304348,-0.668049,-1.143350,0.853773,-0.166868
-3.449659,-0.833002,-0.214665,0.498800,-1.941998,-1.154532,0.811330,-1.190663,-0.905365,-0.236349
5.573322,-1.328640,3.843919,-2.287017,-1.191200,-1.655949,-0.531651,0.097740,1.627157,0.944629
-1.400660,2.784803,-1.863265,0.077397,0.931675,-0.687595,-0.982193,-0.279392,1.097558,1.844908
-1.661332,2.664511,0.552902,-0.605137,0.212114,-0.738814,-0.961845,-0.288642,-1.662519,-0.556155
2.342349,0.505972,-0.857631,4.078970,-0.076369,-0.793884,2.042687,-0.984490,-1.427898,-1.065619
0.321145,3.687480,-1.635369,0.207183,0.701204,0.108563,-1.228261,0.798919,-0.979942,-0.576158
-3.335423,-0.908653,-0.326456,-0.114602,-1.438260,-1.521820,1.680457,-0.831108,-0.399642,1.271309
-1.112548,3.700154,-1.481511,-0.410808,0.540613,0.407180,-0.117920,0.155433,0.345404,2.243295
-2.167324,0.287616,-2.735770,0.542368,0.010362,-0.427816,-1.159304,0.480929,-0.171890,1.098197
-1.544612,-1.079324,0.952536,0.804585,-0.120738,1.208042,0.715786,1.495645,-2.500697,-0.543887
6.915309,-0.298601,2.830864,-1.917070,0.441550,-0.197128,1.588677,1.628092,2.479247,0.331761
6.746119,0.249160,1.020428,-1.267585,-0.752139,0.042792,0.481827,0.111516,-0.525346,0.522251
-0.946725,1.337175,3.100945,-0.126130,-0.409571,0.501173,-1.323711,-1.031204,0.251816,-1.436781
1.119727,-3.219995,-1.606989,-1.889459,1.909081,0.065616,0.720013,2.675825,-1.034054,0.130320
-3.685921,-2.578778,0.813412,0.610932,-0.749795,1.530781,-0.202985,-0.329116,1.547978,0.014884
0.045631,3.886933,-2.289711,-1.846550,-0.725390,1.158252,1.786201,1.665766,-1.336893,1.870106
4.410338,-2.954157,3.613918,-2.995585,-0.337475,-1.111298,-0.160888,1.270202,2.535757,1.543338
1.256285,0.961417,-2.508834,2.379298,-1.821759,1.113767,-0.961710,-0.195125,1.654076,-1.439243
-0.086756,0.247487,-0.819510,2.499524,-0.503827,-1.664847,-0.769461,-0.775447,-1.123782,-1.399599
-3.666681,-2.456648,0.756369,0.551397,-0.320133,1.735448,-0.082085,-0.487450,1.607045,0.191404
-1.044338,3.331480,0.679340,-2.340954,-0.965191,0.341721,0.943967,-0.001320,-1.209024,-1.356343
0.519437,0.565603,4.054604,0.783430,-1.187124,0.915855,-1.090582,0.514592,0.333066,0.973136
-0.473131,-1.435818,2.029590,-4.219469,-0.832628,-0.563066,0.740136,-1.193336,-0.557697,0.968435
-0.330337,-1.160999,1.311536,-1.955231,1.832282,1.537234,-0.318182,-2.087430,-1.916851,-0.567419
-1.245874,-3.065774,-0.382109,0.699374,2.152740,2.261253,0.120420,-0.746819,-0.719988,0.532643
-0.863361,2.360030,-1.929929,0.232277,-0.695974,-0.839949,-1.236033,0.572458,-0.584843,0.579453
-1.167151,0.432622,0.487712,2.369859,-0.207722,-1.899482,0.059622,0.507145,-1.177887,-0.776535
-1.116297,3.094294,0.210122,-2.882873,0.185567,-1.725019,0.842957,1.980480,0.834594,-0.592236
-1.935632,-1.333803,-0.401747,0.088653,0.853308,-0.380429,0.092762,-0.553843,-1.793887,0.550049
-0.987312,2.409594,-1.114318,0.613091,1.139699,0.206723,-2.027988,0.555282,-0.274967,1.512775
4.651071,-2.782675,-2.772393,0.963334,-4.025811,4.101999,0.195819,-0.233252,-0.198888,0.063768
0.431657,0.452779,1.862351,2.579588,1.618538,-3.045153,0.275118,-1.479705,-0.846059,-1.051498
-3.554505,-0.755110,-0.526426,0.241324,-1.967988,-1.418998,0.681219,-0.484947,-0.137101,1.172673
-1.299299,0.431995,-1.822903,-0.764219,1.344794,0.545060,-0.917634,0.269147,-1.181590,0.196902
-3.947138,-1.429800,0.206598,0.439605,-1.969179,-0.114054,1.028532,-0.953577,0.693651,-0.321628
0.861239,-2.108526,-3.197923,-1.622341,0.268138,-0.269765,0.354802,0.915386,-0.367510,0.745297
3.100381,-0.640280,0.262728,-1.225286,-0.882412,-1.902940,-0.911654,0.075302,-1.199491,-0.123524
-0.442259,3.667455,1.330335,-0.839633,1.594164,0.948092,0.515609,-1.161259,-0.288852,-0.088420
-1.343140,-1.161198,1.898937,-0.545641,-0.202492,0.917409,-1.866051,0.033927,1.907591,-0.375031
0.346420,2.139151,0.195578,4.267706,0.658766,0.291910,0.265147,0.198080,0.252742,-0.457061
0.840149,2.465073,-0.153964,1.944726,-0.168751,-0.784923,-2.524997,-0.313122,0.100204,-0.194279
-3.033864,-0.588718,-0.587574,1.096897,-2.687119,-1.062555,-0.415546,-0.688473,-1.317908,-0.115472
0.193462,3.541941,1.467788,-0.491430,1.086646,-0.158684,-0.426218,-2.047412,-1.242344,-2.494103
-0.799629,-0.647720,-1.039521,-2.184233,-0.414821,-0.920434,-1.021882,-1.434948,-2.060716,1.238315
-0.162297,-0.349661,-2.672845,0.568953,2.018862,-2.021335,2.374574,-0.077055,2.170337,0.872954
1.274427,-0.880440,0.856289,1.016775,0.691422,-3.192752,-1.228824,-1.057680,-0.387882,-0.323249
0.693185,-0.658257,0.016510,-3.327735,0.009538,-1.544650,-1.182269,-0.916047,-1.181282,0.665999
0.075508,-0.641601,-2.901675,-0.997077,2.385937,-0.135801,-0.124839,-1.079565,1.342671,0.454321
1.239984,1.353181,-0.894281,0.304287,0.108394,-1.151812,-2.987880,-2.276155,0.874244,0.610582
0.017299,2.343855,-1.118552,1.517846,-1.346719,0.814556,-0.004696,2.088057,-0.237121,0.911395
-0.556941,-0.462533,-1.206699,0.092276,1.619846,1.542872,-0.817842,-1.882095,-0.931818,0.114422
0.187129,1.763863,0.561076,2.178294,-2.739959,-0.318039,0.428113,-0.677988,-0.683039,0.667864
1.223554,-1.482382,2.134986,-0.432397,0.996244,0.754967,-0.819423,0.821192,-3.336084,0.311318
-0.746944,-0.947412,1.292697,0.292863,2.996267,-3.608920,1.206277,1.303717,0.688142,0.286651
-3.942834,-1.600432,0.034846,0.584356,-1.633529,0.251260,0.419942,-0.571193,0.951584,0.044836
-0.491205,-0.896071,2.899634,0.724770,2.640269,-2.852388,0.591073,0.477690,0.243217,0.536820
-0.025773,-2.025646,0.625131,1.931120,1.337598,2.381429,-0.372423,-0.572084,-2.175021,0.059589
-1.340198,1.877880,0.381419,-2.495950,0.325678,0.175680,0.850268,-1.251349,-0.166814,-1.664923
-0.813602,2.678715,-0.196420,0.548853,0.542771,-1.075748,-2.479410,-0.051762,-0.788755,0.277555
-2.342629,-0.035338,0.034907,-0.611569,-2.196035,-1.660412,-0.789905,-0.449435,-0.824909,0.465687
1.340751,1.050762,-3.104430,-0.886702,1.336892,-1.892707,-1.383815,-2.432833,-0.656051,1.944398
2.061063,-1.489147,-2.807799,-1.952714,1.869161,0.948794,-2.571092,0.505282,-1.091634,-1.606822
0.330967,-0.302622,1.222663,-4.102239,1.513863,0.414546,-1.336916,1.772483,0.481359,1.475223
0.421712,-1.445164,0.609557,2.861542,3.242314,0.191699,1.545860,1.016870,2.031072,1.208477
3.602297,0.307308,4.424802,-0.602305,-0.659356,-2.293083,-0.154184,1.966504,1.759263,-0.753004
0.549490,-3.388532,-0.693841,-0.869782,0.061899,-0.273101,-0.687960,3.042384,-1.607646,-0.901009
-3.242632,-2.477348,1.747572,0.237701,1.395555,2.632721,-0.066063,0.114821,1.826765,0.114242
-3.714218,-1.951258,0.548662,0.804611,-1.745051,-0.063308,0.915556,-0.973642,0.101771,-0.598308
-1.747271,-1.107713,1.114038,-1.359626,0.419789,0.549032,-1.376231,1.433609,0.056915,0.500366
0.285122,1.765513,-1.781799,3.551576,-1.040015,0.784574,-1.990100,-0.410189,1.161226,-1.948801
-1.957953,-2.005106,1.680263,-1.329956,-0.060656,1.209962,-0.797144,-1.319495,-0.356361,0.261827
-2.706673,0.072584,1.299530,-1.514312,-0.606582,1.021504,0.428620,0.193782,0.045403,-1.954098
6.325463,-0.193123,0.251246,0.453764,-0.103592,-0.055085,2.385184,0.025451,0.143888,0.086119
-1.831582,0.110261,-1.647548,1.424588,-1.143278,-1.098833,-1.053840,-0.116225,-0.924130,0.182190
7.055007,-1.242798,1.876852,-0.060902,-2.969850,1.341128,2.355212,-1.628145,0.715984,2.061894
1.460027,4.592945,0.819179,1.786146,-0.424502,-0.196775,-0.550558,-0.910639,-0.328023,0.738329
-0.237961,0.402702,2.151261,-1.404492,0.770471,0.565845,-1.461456,-2.024598,0.207004,0.907722
1.360996,0.474698,-0.664439,-5.172840,0.209153,-1.599339,-0.329833,-1.035606,0.951283,0.716567
4.933976,-1.972502,-2.297783,1.085434,-2.148390,1.460443,0.747610,-1.551371,-1.114837,0.039779
-2.533664,-0.952686,0.550821,0.172413,0.111089,-2.284652,0.598939,0.863379,-0.262512,0.982307
-0.489659,-2.491072,-1.276768,-0.095281,0.067609,1.989763,-0.775573,-1.640355,-1.515248,0.336120
-2.166792,-0.741952,0.123370,-2.015376,0.219883,-0.062741,1.562609,-1.968515,1.108625,0.997853
