12.090136,1.905167,0.063906,0.326802,3.804634,1.888748,0.663640,0.958854,0.140540,0.021953
0.637344,11.221177,1.778755,1.220346,0.252460,0.005561,0.784490,0.151625,3.710058,0.001629
27.945494,0.186139,2.329420,0.155100,10.373525,0.831096,4.512640,0.000760,9.259392,1.032800
4.677616,6.819503,3.933514,1.461043,0.031271,0.085371,5.202827,0.995387,0.001162,4.535210
6.575734,0.000149,0.335469,1.177720,3.001563,11.549975,0.215965,0.405328,1.933414,3.254350
0.046512,1.823278,8.951704,0.725147,3.800890,3.840374,6.637208,0.609513,0.111635,0.130575
1.223528,1.508488,0.050343,3.343626,2.630510,1.587954,3.316666,0.514706,0.015473,0.723179
3.140945,1.084985,7.013282,6.027293,0.963538,0.393651,0.358797,3.173184,0.143547,0.037835
8.647949,2.373592,0.111475,1.523288,0.001440,1.545998,0.121800,0.024104,0.007023,0.529444
2.008100,0.680944,5.039676,7.345736,0.074538,2.698810,0.527653,7.541008,4.368507,0.555869
0.489444,0.000277,0.074482,11.950943,5.404684,5.826982,0.210282,0.686977,0.645613,0.376873
0.155192,0.955595,1.929854,6.042787,1.478032,2.506707,1.943542,0.045763,0.029769,0.302409
5.091440,7.616330,0.008562,0.073410,2.723526,10.182179,1.510712,1.572652,3.775140,1.618519
4.009160,0.241378,3.875442,0.275827,0.633599,4.837855,0.003551,0.000984,1.575615,1.218433
3.063642,2.808868,0.923972,0.883923,0.532472,1.001153,0.301752,0.090767,1.981397,0.802196
1.579386,1.367068,8.390146,0.586190,6.064326,4.979248,1.262015,3.252323,2.093429,0.754464
6.243895,3.167408,0.811928,2.947556,0.424333,0.281470,0.718392,0.104177,0.114140,2.366014
5.161001,1.215721,0.438920,0.668214,1.283262,0.272167,0.951513,0.377327,0.034246,1.491795
12.532827,3.829407,1.003264,0.000669,0.041590,6.024439,0.237726,0.166585,1.190910,0.565065
2.468210,2.614306,2.373216,0.000043,0.360053,2.800628,0.492676,2.240438,2.009809,0.235033
0.296699,2.047463,1.203024,8.332121,5.659637,0.678820,0.427431,2.156442,0.006016,1.406797
0.190852,13.766245,10.785339,0.164537,0.520983,0.841939,0.011570,3.292584,0.212954,2.258645
15.716084,4.719279,0.052753,0.044431,1.515250,0.182593,0.379804,0.687095,1.969391,0.047374
0.094000,1.791136,3.688336,6.749845,2.023552,4.812340,1.040645,0.423431,1.940407,5.368742
0.183954,1.268124,6.857190,16.189116,0.039180,1.648534,0.236327,0.216778,0.409435,1.484296
4.456724,0.195703,3.217537,0.230056,1.187777,0.374951,0.242663,0.278249,1.131328,1.330685
1.277241,0.115919,0.287388,0.547914,0.068811,1.001794,0.399992,0.736615,4.507370,0.189154
7.894185,0.359439,1.183718,0.330464,0.108191,5.590197,2.001948,0.909192,0.329213,3.123974
1.214361,2.804559,3.820555,0.122641,0.041160,1.260715,2.651605,1.191802,2.408270,0.247902
0.068903,1.483498,0.074794,1.900237,3.670602,1.407372,16.885536,0.134243,0.104070,0.999471
1.712161,0.000179,8.913893,3.484379,1.989360,6.799295,0.108123,1.583645,0.193113,0.391858
14.325612,3.558271,0.221876,0.159950,1.769052,0.254812,4.004424,1.535466,0.679932,0.110396
4.577523,0.385006,16.338076,3.151489,0.434724,8.718158,0.832573,2.694651,2.156556,0.156507
0.039739,0.448677,0.010188,9.965058,2.021131,0.576884,0.021451,0.904740,0.248610,2.889482
3.530298,2.718060,0.219939,6.528970,7.599657,8.406237,1.154701,2.601216,0.180660,2.572557
5.836154,2.155823,1.141490,0.371688,0.166633,11.666667,0.009541,0.005983,0.011435,0.888967
1.165170,8.629289,0.028769,0.357615,0.601946,3.159553,9.719351,0.148884,0.054393,0.631825
2.289260,2.423954,1.886319,1.684399,0.358827,3.820725,5.495900,0.745412,0.049922,0.673610
3.140076,1.705762,3.168597,10.646649,2.577398,3.618945,0.806625,1.907712,1.216111,0.297132
5.448660,0.653966,1.601176,2.614989,0.510750,0.176548,5.188051,6.014389,0.265830,2.773736
3.797600,0.015296,0.002876,13.530956,0.582610,0.211219,0.316302,0.904996,3.363996,1.040653
3.123461,5.478014,0.696062,1.325056,0.561344,0.054836,4.865835,3.000404,2.107433,0.127045
0.861615,0.982376,0.304445,3.297203,0.969957,1.381303,0.073949,0.935405,1.411206,0.087947
1.957390,0.098841,0.024572,14.035604,0.841744,5.043828,3.397332,1.329409,0.954664,0.040964
2.046368,4.280000,5.407223,0.155355,0.032016,0.632876,0.118237,3.925940,0.393324,0.324075
6.657721,3.571237,0.489511,0.052344,0.317021,0.059016,0.253681,0.336893,0.121307,0.424765
8.524064,0.010121,0.635832,1.735150,0.325116,1.965766,1.977135,0.417574,0.000498,0.859051
6.183491,0.907495,1.110084,0.044304,2.133312,5.138354,1.768867,0.000145,3.713513,0.138740
3.653895,0.282324,1.536918,0.700909,0.027614,7.873932,0.038293,0.596661,0.382459,0.145739
7.550031,1.924543,0.386423,1.248980,0.084723,0.847294,0.063630,0.916239,0.207916,0.057757
4.468949,0.276923,17.937960,0.135245,1.410639,0.343021,0.047178,0.030358,1.417664,0.018971
0.004611,2.025333,7.412501,3.005008,2.575911,1.191531,0.007673,0.107204,1.983423,4.875864
4.433070,0.162656,13.457482,0.039403,1.387329,0.202595,1.582063,0.940819,2.369466,0.015084
2.012121,0.518580,1.308350,0.441001,0.140168,8.993872,1.488200,0.048837,1.075513,0.390956
2.913370,0.000811,7.171584,11.022321,3.773365,1.059807,2.968957,0.464108,0.008867,0.090609
3.029328,2.293421,4.545092,0.151391,0.156931,1.460891,2.331984,0.020288,0.022229,0.088596
0.054716,10.612466,0.280220,1.753488,7.613693,0.102269,0.409445,0.008605,8.018106,0.054407
2.066582,7.933311,0.074584,5.602909,1.776146,0.007369,9.498931,0.528988,0.003102,0.532385
0.977862,7.549007,6.461647,2.790430,0.219037,2.796242,0.071023,3.893641,0.009025,0.048782
10.751964,3.097920,0.445251,0.909553,0.076333,6.043383,3.738120,0.007350,0.483027,0.049364
5.151186,1.753905,0.763397,1.373827,0.143696,4.240489,9.970890,0.080309,0.007158,0.787776
1.131691,1.965994,19.593277,0.119388,0.130442,0.364250,0.577246,0.195833,0.149606,0.009840
0.627790,0.911568,0.647078,3.725308,0.353847,2.699014,0.214255,3.532087,3.055975,0.000000
0.149489,13.191410,0.252440,0.157534,0.417925,0.120092,2.001586,0.819384,3.716659,1.320222
0.135723,0.260530,0.672362,17.539761,1.690539,0.293082,5.885016,2.363114,0.646021,0.633674
15.387296,0.039409,0.012368,3.264838,3.058918,0.022075,1.297230,1.074108,0.300512,0.057681
1.516152,5.973635,2.054762,3.708464,2.691804,0.001947,0.309618,1.464214,0.351007,4.750201
1.623334,2.613694,2.417792,0.622533,1.712686,2.319728,0.003350,1.821180,0.958870,0.103696
0.767621,0.626658,0.000003,0.990415,2.431874,1.357169,0.009363,6.707159,1.208939,0.090207
0.025220,0.030060,1.976285,5.769342,0.150595,6.913944,0.001808,1.750381,0.066865,0.265923
0.329582,8.920916,2.700896,9.051071,1.775233,0.002242,0.005310,0.137432,0.002224,3.103416
4.316844,2.065160,2.669836,0.203696,0.254700,0.131811,0.229601,0.773093,0.181236,2.869039
0.000078,0.003777,0.224172,12.027262,1.483555,0.643734,6.270072,0.566136,0.175009,0.537171
3.502392,0.836860,0.147847,0.793890,0.103850,4.900676,1.830793,0.715120,2.650516,1.122574
0.567934,4.739128,3.298701,2.917132,0.030462,1.169688,0.552687,0.669187,0.189071,6.105963
15.965854,6.874279,0.648746,5.790011,6.760276,0.005958,0.029325,1.808800,0.461711,0.166294
5.500106,4.616597,3.141481,0.303167,2.799583,7.851368,1.063260,0.062314,0.124282,0.812056
0.015990,1.399114,1.442013,0.081863,0.001811,12.413515,1.193024,0.093752,1.384736,0.033708
9.993665,3.998319,2.285781,0.453641,3.054460,5.403424,2.158578,8.106904,12.034821,0.000120
4.169386,1.713999,0.116566,1.201892,0.016599,5.939107,4.216012,0.052560,1.181596,2.067555
2.836186,0.340097,2.317689,0.431039,4.306386,0.259198,9.638551,0.009663,0.046085,7.811107
0.998767,0.767418,0.902199,0.777200,12.566638,8.111395,1.195621,0.425412,0.000046,0.911882
7.115421,3.550569,0.078959,9.295580,1.770937,0.009263,0.144497,2.801867,0.093208,0.919122
15.019679,6.258574,1.172959,0.007040,0.240084,1.336823,0.319906,0.036962,4.882494,0.568749
12.057336,0.425926,0.168493,0.001964,3.411440,2.184510,1.868736,1.222151,0.345648,0.522650
0.022102,1.347324,0.749360,2.734342,1.657393,0.002458,2.955654,0.633263,3.980929,0.898493
0.439308,5.441521,0.176516,0.704121,1.888244,0.994123,4.197920,6.900961,2.502904,0.000007
7.912168,0.719413,0.007524,3.550905,9.266667,0.010148,0.810205,2.673021,3.240858,0.283294
2.722715,8.615484,1.389559,6.277304,0.013477,7.179422,7.287313,0.364523,0.000015,1.166333
0.600754,2.936558,5.967552,2.372981,0.538090,0.412149,4.066448,2.945504,3.231747,1.628657
12.567984,8.427231,0.575688,0.214876,0.653381,1.915733,0.278137,0.049443,3.149079,0.002223
0.004145,17.616245,0.750956,1.803939,2.247022,0.415995,0.006650,2.130218,0.061739,0.459184
7.773898,3.042910,0.007478,15.794364,15.231627,3.767111,1.260528,1.357983,1.143341,2.653400
0.197585,12.941396,1.672135,5.104104,0.078481,0.037647,1.579481,0.373962,0.188935,0.053416
0.132138,12.501662,2.548298,1.253042,4.731323,2.658412,5.818136,0.925780,0.270545,0.365516
0.020093,13.257314,0.359957,1.989159,0.798863,1.635525,3.080810,0.076020,1.855666,0.967232
1.138565,11.905560,0.319811,0.978339,6.695381,0.185685,0.492464,3.370078,0.376274,0.006541
1.339758,0.016112,7.602590,4.058386,0.012127,2.717479,6.443098,0.192567,2.200854,0.256183
1.361792,3.236351,0.537034,3.857898,1.825047,0.607495,0.434503,0.630468,1.319817,1.742575
12.502176,8.163817,1.286858,0.492258,0.686717,0.022305,0.949308,1.015179,0.863060,0.003057
2.007219,2.195174,0.641821,0.244427,3.069997,2.400821,0.791461,0.015152,2.961440,1.641314
2.958753,6.067693,20.621498,4.868142,0.210227,0.260298,5.609134,0.170997,3.575755,2.276854
1.353804,0.170335,0.034204,3.516121,0.229884,3.648889,0.049116,0.191278,0.046633,0.029691
10.593998,0.860110,0.017388,4.927402,0.049610,2.077451,0.394083,0.021665,2.719024,0.034458
0.548305,3.153962,6.337230,0.352229,1.739012,4.201545,0.040967,6.126989,1.799204,0.003585
0.000032,7.993001,0.019669,2.799878,2.752903,1.749282,1.990887,1.469811,3.256769,0.869735
4.518390,0.056114,15.788404,1.984700,0.990826,1.127154,1.539088,8.635465,0.011638,0.396979
0.140553,5.636121,6.631474,5.931547,3.798580,1.377330,0.195291,0.245922,3.052512,2.212936
5.070070,0.094825,16.762623,0.037823,6.775506,5.882686,0.053164,0.273457,0.855882,2.296196
7.538726,15.975851,0.490345,0.223185,4.149589,0.155453,1.541841,2.246957,0.000001,0.203125
8.557693,1.161530,0.862297,2.370417,1.598259,0.136590,0.536074,0.185406,0.012393,0.688543
0.127619,1.996906,0.023271,0.528666,0.020464,2.429961,5.917950,2.708836,0.636467,0.727324
24.341274,1.169192,12.343052,2.279116,8.606511,0.100303,0.024684,0.313177,0.053542,2.174280
10.297195,10.126863,1.412944,2.843100,0.911272,0.505402,2.933948,3.034421,0.003169,2.595985
1.318561,1.583719,3.164759,2.667296,0.045186,2.721235,9.263162,1.070541,0.000002,1.230494
0.173312,0.096698,4.864229,0.223715,0.607540,0.457423,3.217663,1.520247,0.193246,0.522614
8.233743,0.030582,0.715796,0.273142,0.163465,1.265402,3.790493,0.640561,1.234146,0.179436
13.209263,0.118978,1.950372,2.822847,5.979127,4.464894,0.759873,0.096353,0.169060,0.029421
6.340277,0.300124,8.304965,2.493059,15.017334,0.017946,0.013698,2.436604,1.967286,2.830915
2.635627,0.243004,15.478964,0.171841,0.117576,0.005499,0.781374,0.474884,2.006625,3.792973
0.549075,7.368443,0.977593,6.748621,1.523435,0.344404,0.425511,0.027899,0.422971,0.126828
6.770208,0.803932,20.570553,3.501083,4.317022,1.107443,0.200729,0.000018,11.014084,0.015006
0.547040,13.401034,0.298083,6.875828,6.011600,3.244252,0.346504,0.200658,4.029712,0.718991
0.333235,8.260745,6.494804,3.946504,1.426105,1.323929,0.430142,0.518322,1.690863,0.054943
12.991003,4.249771,1.423637,0.008079,0.727083,8.236286,0.001123,0.065914,3.089212,0.058096
0.181405,9.728972,2.983702,0.402401,0.525474,2.107879,1.441118,0.049663,3.156245,2.100257
5.747595,0.216279,2.485434,0.578529,0.517566,0.161481,5.267292,0.223721,2.446467,0.000001
1.702593,12.626171,2.758353,2.803961,6.585210,1.613850,7.593554,0.277117,0.004552,0.369605
0.097908,4.212999,0.064782,8.120117,0.243112,3.190783,0.687171,6.189464,1.260655,3.443248
2.477638,7.430776,1.768036,1.532178,1.310527,1.923157,0.554821,0.186583,0.013926,7.139997
2.336906,2.788923,7.024315,0.035423,1.298845,0.095751,1.179806,2.898229,4.068624,0.054891
1.804446,0.143402,2.717421,0.041982,0.747797,1.115415,0.393634,1.267521,1.756554,1.229395
0.465705,0.739169,5.098949,0.637180,0.062206,0.912934,0.351921,1.072644,1.042678,2.924146
11.836536,6.469602,0.076438,16.921856,0.483297,6.193234,1.154398,2.095871,3.133327,1.154425
14.292968,1.766911,7.951685,8.167827,0.587369,0.514300,6.875969,4.856519,1.343054,0.861063
0.366095,2.278187,0.140993,9.911857,10.290648,0.005784,0.822872,0.015993,0.004709,0.055292
0.044564,0.274605,5.229997,0.044981,11.179513,2.299031,0.762410,2.525248,0.066509,0.604199
1.664714,1.565325,1.833382,8.163595,2.783435,3.303488,0.016028,0.239928,0.045791,0.104670
10.992768,0.696284,0.037215,0.323947,2.978711,2.214884,0.864093,1.327690,1.035807,0.072639
0.307359,9.579088,1.288106,2.628769,2.874861,0.185109,0.365247,0.095928,0.555806,3.147555
5.527802,0.009378,3.413023,6.311351,0.821715,0.202822,0.000062,3.260763,3.736833,2.673373
0.768159,0.166981,0.387477,8.214001,0.898897,3.034592,0.009857,1.883371,0.617123,1.703110
48.579449,1.417720,5.591686,2.154337,11.642505,0.029793,2.380492,0.024659,4.474429,1.841561
0.847813,6.068621,2.743863,0.036059,0.562101,0.333068,2.905579,0.042694,1.128456,6.375674
0.036358,12.056937,1.638592,3.245526,0.384247,2.198180,6.704949,0.949166,0.471635,0.883714
1.337895,1.582393,7.028805,1.697367,0.724974,0.531620,2.064841,0.114610,2.024319,0.383103
8.476902,1.814770,0.056069,0.384422,0.839515,2.895853,0.198812,0.229148,0.487081,0.475032
2.554412,3.249685,0.284573,0.669992,0.108427,3.198394,0.494953,1.025711,2.706238,0.000012
15.076410,1.352515,12.888957,7.930130,1.373518,2.605583,0.396236,5.281531,0.058765,0.075488
0.243976,1.331804,0.006925,0.717730,11.336895,15.040440,1.056816,0.015326,0.997620,0.345644
3.980547,3.243618,0.922199,0.241857,0.006689,3.122485,2.181011,0.363603,0.357100,0.570140
4.958517,3.145793,0.000339,0.059245,0.061289,0.000185,2.643587,0.756753,0.279127,0.963288
0.469769,3.691556,0.746829,0.731472,0.095810,6.486552,2.828977,0.803814,1.150758,0.038238
0.997211,7.076784,2.312677,1.572466,0.247629,5.660147,1.955539,0.435995,4.248842,1.781067
0.336732,1.302400,0.005576,0.439154,1.199964,0.825875,0.109692,6.695723,0.134611,0.716831
0.288664,5.190590,7.016522,2.078629,0.144037,1.043983,2.422809,2.823382,0.162830,0.285843
12.371873,7.232340,1.274643,0.140680,0.106011,0.094086,4.977457,1.197762,0.855240,0.000165
0.043098,0.002358,0.014075,0.154769,7.921634,6.136115,1.601551,3.181186,4.473199,0.064884
4.549607,3.353818,0.259368,1.797946,0.822388,0.255614,0.061390,0.082034,0.047940,2.567989
3.412394,7.461614,0.142757,0.359153,0.276712,1.523278,0.000007,0.254325,0.534620,0.157635
1.653149,0.461777,12.850564,0.084491,0.000081,0.003407,1.560439,2.281932,0.213614,1.602974
11.954034,0.141166,0.000258,1.773194,0.227753,2.533791,0.170759,0.180954,2.363847,0.005448
0.427541,1.313857,0.439491,2.337602,0.152387,13.744561,0.105580,0.213511,0.195623,2.563509
0.948637,14.072358,5.027797,0.325427,0.105133,0.775785,0.396071,4.376063,1.577916,2.731959
3.109119,8.328243,0.802249,3.960023,0.712462,0.318645,0.006012,0.090621,0.388554,3.798746
0.012451,5.580841,10.313197,3.254094,3.187271,0.694259,1.700120,2.256669,0.004513,0.294797
0.336630,0.014081,2.628147,5.186511,1.555544,2.158085,1.055338,0.878003,0.003111,0.398613
1.954305,0.000969,9.629250,0.195839,0.512631,1.313528,0.010559,0.102892,4.876979,1.631148
1.390719,7.484539,0.302179,0.882905,0.192853,1.203344,0.450201,1.691853,1.712021,3.396606
0.789455,0.007593,10.924749,2.365619,8.199192,9.255481,1.418386,0.122242,0.321620,1.067986
0.072831,0.327728,19.106560,0.047343,0.078411,1.887924,1.470651,0.532828,1.227829,2.254072
0.002355,0.004017,1.010640,8.002372,0.933198,0.834979,0.000946,1.645900,1.255328,4.154174
8.810773,0.000001,0.855811,0.012615,1.149244,0.713285,0.571697,0.239813,2.035870,0.199023
0.502588,2.447448,3.134274,2.387685,1.136379,3.512246,0.746967,0.197334,4.123366,7.474581
3.189070,0.116113,0.662823,15.482690,0.095093,3.267281,0.960115,0.780923,0.144650,0.439534
3.701135,0.552310,3.037519,0.004546,2.249223,0.940891,5.594079,0.427160,1.345143,4.204717
0.326513,4.784194,17.395319,0.018597,1.136173,0.010068,0.092994,0.005844,2.682266,0.883165
1.095113,0.484695,0.646578,1.219487,0.200150,8.380243,0.136495,0.079856,0.094597,1.256381
6.171633,1.640347,0.935688,2.483365,0.654483,0.511363,3.694619,0.003681,1.187871,0.000451
0.088431,7.571530,11.554538,0.722716,1.131458,0.347679,0.002799,8.597696,0.099738,2.565306
0.997577,2.345855,1.939285,1.112797,0.752847,0.119268,0.226893,0.009436,2.422588,0.456978
1.413807,0.856911,4.147542,10.783182,8.652993,4.857556,2.335947,1.090156,0.054467,2.025608
1.589724,0.000180,1.831247,2.167137,0.801441,6.468336,0.387609,5.182696,0.355607,0.087055
0.002341,10.573353,0.446694,0.043229,0.931374,0.383967,0.002438,1.246243,0.001258,1.731053
0.915094,3.981287,1.192033,4.964268,2.180575,0.317356,0.200475,0.594746,5.951760,2.213481
12.913500,3.131706,1.313585,0.917538,15.149193,1.301713,0.269794,1.324880,1.647390,1.758282
9.324366,0.820599,9.636848,4.143552,0.131977,7.323342,3.788750,0.677303,0.355508,0.303919
0.810353,5.807465,2.261572,5.652686,0.705048,1.515230,10.402944,1.558702,0.670039,1.091955
3.223116,0.432489,14.618887,0.443015,2.430437,0.015063,1.182881,0.354839,0.981118,0.298635
0.001706,12.447594,0.048210,0.385084,0.257630,1.138592,1.341813,0.174105,4.036348,0.913694
1.893554,4.603933,0.403207,3.761388,0.139742,2.308595,0.004324,0.275726,0.669686,0.282466
0.033410,0.962231,4.451984,0.906876,0.858021,4.574798,4.851432,0.537190,5.534507,2.837107
48.453609,0.000601,3.802814,0.574218,1.679159,0.503297,10.938481,0.400411,12.309968,0.567889
13.738462,2.686630,0.026136,0.403256,2.115684,0.659414,0.172277,0.448228,0.280912,0.195445
3.313211,1.331018,2.904477,0.359981,0.091207,3.147810,4.070303,0.035214,0.421020,0.041295
6.293665,2.181341,2.431616,4.371380,0.545874,0.003875,0.060846,0.001301,0.622447,3.455876
4.103141,6.045828,2.542870,14.297848,0.119801,0.105835,2.549098,0.002672,1.554732,1.712234
2.158436,1.688005,10.186267,0.831839,4.634521,13.393649,2.843073,0.571609,4.212095,1.302556
0.746617,6.396884,3.406867,1.995807,1.856651,2.132980,0.339081,0.007067,4.102022,1.171394
4.948761,0.021172,0.013283,2.040291,0.040470,1.025487,0.229599,0.519441,1.065712,0.685381
2.214511,0.084853,0.949975,5.169410,2.391940,0.134068,0.983998,6.732941,2.818271,0.276512
0.862600,7.773854,1.076239,1.708140,0.201949,1.537138,1.956179,0.000038,5.342228,0.038185
5.054627,0.004068,13.649981,0.522891,11.150002,0.154328,0.562614,2.409045,1.154182,0.046437
1.522219,4.169762,4.687708,0.033275,0.414247,1.353073,1.359772,0.919582,0.058321,0.003397
0.353033,0.807562,2.894504,0.470016,0.276855,11.315805,0.055394,1.523070,1.218515,0.030158
17.325489,1.262722,1.235515,1.198897,18.996037,0.012298,3.455087,3.313690,0.144997,1.647241
0.624455,6.061791,2.672968,4.786554,1.829086,1.433388,0.022438,0.058216,0.453112,1.348545
6.673114,0.087560,2.874459,7.283215,6.589746,2.509466,3.415184,8.046804,0.243658,0.202929
11.536981,11.151585,1.135242,0.079560,0.146282,2.100434,0.024573,0.093669,3.194383,0.060828
2.112958,0.001220,0.481884,9.287865,5.007765,7.861625,3.138009,0.373386,0.492975,0.008808
0.331121,3.232549,10.295708,8.316065,2.357174,0.338604,2.822728,0.248792,0.042868,1.448820
0.389933,0.285018,1.311549,3.174851,0.061591,0.003192,0.136448,3.801533,2.308051,0.225922
4.353358,10.385550,3.981816,0.182216,1.802177,0.189876,0.130750,0.737236,2.025565,2.991490
0.431209,1.136041,5.728410,1.697062,0.616381,4.038524,0.240534,8.124354,0.282258,0.267645
1.335301,0.977248,4.271140,0.695825,0.236177,7.020009,0.291589,0.260458,0.381468,0.540142
21.101593,0.171274,5.302412,6.204257,0.513500,3.355297,0.471752,1.326811,0.231879,0.166286
1.543345,6.684915,0.088140,2.756876,0.021818,3.869063,3.580303,0.772498,3.980312,0.235881
2.919812,17.920588,1.980839,6.903208,0.110490,0.054596,6.554807,7.761792,0.866753,0.761550
10.762424,0.109004,4.287035,0.252481,3.303926,1.953686,0.219784,0.440090,0.391777,0.021698
2.403709,0.831298,9.755702,0.261906,2.462162,0.471467,0.070722,0.172310,0.056619,0.439955
2.997818,0.782387,0.083793,0.031551,13.235714,2.345142,3.302892,1.097312,1.221897,0.056386
6.736207,1.761347,0.015223,16.792412,6.003214,0.850516,0.717191,2.901324,0.572462,4.631072
19.379967,0.732167,5.662419,0.082281,0.235412,6.214881,0.256358,0.013740,2.751406,0.418854
8.323821,0.188380,0.466261,0.402583,4.104355,2.803241,0.041647,0.717624,1.359021,0.639222
23.727991,1.801803,0.746714,1.481005,16.461765,0.069722,0.832584,1.812710,0.022277,1.098245
0.080376,7.992369,0.797345,5.224277,0.079067,0.887007,1.090335,0.424945,1.438419,0.433064
9.606124,0.862209,0.276505,0.312622,0.707698,2.831664,0.212317,0.368017,0.273586,0.913924
1.785679,4.627810,1.475888,3.769344,0.241599,5.771179,1.123151,0.001223,2.266016,0.071275
9.602698,0.066675,1.414489,0.270303,7.099658,0.012173,1.439489,1.868176,1.639957,0.030159
0.000542,0.005489,4.878376,4.346632,0.133571,0.274061,6.478926,0.220817,0.104867,0.788903
2.874148,4.894666,2.400457,2.886926,3.658007,0.599359,8.100347,0.015124,0.001498,1.833394
1.501005,4.429132,6.587471,13.599059,0.120114,0.203051,0.078149,0.000353,1.273570,0.000376
0.466731,2.514178,8.934565,0.259182,0.033656,0.196170,0.002125,1.210127,0.988439,0.643242
0.889709,1.019526,15.670579,0.005446,2.139731,0.559359,0.000043,0.371531,1.516884,1.587310
2.763830,1.084356,0.326634,1.026897,1.808204,0.189184,0.834184,1.612486,0.144719,6.604335
13.234041,1.370082,0.070195,0.765955,4.671493,0.380918,0.418600,0.606679,0.023291,0.325449
0.885070,0.033291,2.796139,0.453491,1.132199,1.617571,1.991738,1.348592,0.014895,0.383601
11.761914,0.174611,0.422518,0.164397,3.574225,1.370108,0.785068,0.452147,1.108969,0.666958
0.009256,2.509407,5.979908,2.345726,8.055883,0.166411,0.423538,4.639503,2.403692,0.244693
0.068050,1.289855,0.665301,5.263190,6.742314,4.187859,2.001145,0.050338,0.072861,5.860135
1.071890,0.340615,3.491086,1.947821,9.213667,2.860769,3.451870,1.721856,1.974635,0.000173
1.531349,2.650366,0.088113,0.134818,0.018842,0.075483,0.105292,4.078553,1.051595,0.345734
54.134975,0.012689,1.446916,5.719249,4.001026,0.000301,2.194088,0.325865,3.638309,0.649265
0.344994,18.506758,0.050182,0.763814,0.371950,1.951481,2.183958,0.006591,0.100568,0.145491
2.614303,4.416072,2.143209,2.279205,1.957679,0.914554,0.163509,3.571948,1.103068,0.377877
8.253861,13.629342,1.528614,0.002712,1.716280,1.763015,0.971175,1.134382,0.263990,3.959507
9.333283,10.290587,1.213617,10.498621,8.198833,0.000394,0.017828,6.678245,0.036958,0.118234
12.889219,6.194524,1.436165,0.004072,0.065063,0.895457,5.022157,1.667217,1.417682,0.000934
1.319975,3.043843,0.738023,0.431408,0.025390,0.704856,3.342988,2.152140,0.118774,3.583074
2.735660,0.120477,0.140044,3.741775,0.277002,4.656351,0.782390,0.030451,1.130475,0.004349
5.456919,7.303284,0.081155,3.191322,1.246431,1.052115,6.627705,0.533917,0.006532,0.159302
9.533320,6.966429,0.702901,0.349373,0.000027,5.997869,3.468086,0.014752,2.072135,0.771951
1.124734,2.602222,2.645657,3.516662,2.461936,0.415349,3.971001,1.294796,2.051878,1.740619
2.955399,1.544960,13.631134,1.060401,0.175978,0.771748,0.291730,0.028321,0.436385,0.030229
3.813571,5.339444,1.010718,0.478459,0.580536,1.520919,1.081402,0.780904,4.948693,0.032959
9.597261,3.692285,2.848191,0.061334,1.407966,7.140243,1.269480,0.064640,1.817710,0.200885
1.648788,2.010114,0.000015,3.380854,2.742939,8.170135,5.828627,9.235806,4.712759,0.144751
0.480184,12.187946,0.358665,1.366857,1.015094,2.952489,6.747515,0.079822,0.128493,5.018478
1.472697,9.705152,5.750189,9.791633,2.019256,5.014966,0.024206,0.378887,4.799726,0.012841
0.205700,1.441799,0.547811,0.376970,0.600907,6.266467,2.714185,1.572064,3.037607,3.278410
19.386753,0.901692,0.046844,0.708131,0.360092,1.048393,2.623755,5.465652,2.025598,0.072263
0.543664,3.874383,12.865261,0.748444,0.319127,0.028278,0.860577,1.193118,1.030019,1.241318
0.164814,2.687711,1.642333,0.196894,7.074967,0.282706,0.295827,1.364805,1.682933,1.208861
1.293116,0.078240,0.129643,5.149006,3.353902,4.031591,0.583710,2.792220,3.444487,0.533937
2.257891,2.193549,10.801646,0.006910,3.960306,15.428184,3.963450,0.729293,1.974197,0.177969
0.106655,4.277001,0.296984,0.397685,2.788417,8.671055,0.178593,0.003715,3.840195,0.112741
0.014664,0.506151,2.137263,0.083862,1.006767,0.582812,0.739231,0.028264,0.701947,0.652300
0.124546,0.257878,0.101269,2.790281,19.824242,0.258285,0.018533,0.114453,0.100896,0.427170
1.087343,3.354326,16.473801,1.955914,1.305429,0.709016,0.004016,0.702944,0.119244,2.186186
1.003692,0.972897,1.525362,12.292618,0.090570,6.051723,0.262387,0.249189,1.403741,0.223549
0.749074,0.288672,1.869119,0.614138,0.433440,0.203363,0.753946,5.977226,0.334391,3.956521
0.684410,5.725276,5.022805,0.301277,4.036094,0.145776,0.027264,4.941653,0.443571,1.606590
3.690037,7.877380,0.069244,0.450749,7.162392,0.055597,11.808251,0.158677,0.116239,0.940354
2.687669,6.538316,0.384290,0.961864,0.508269,0.446265,1.720650,0.173682,0.793396,0.774506
0.189367,1.271223,0.267377,1.162231,0.210189,11.801442,0.932479,0.009681,0.163772,1.184216
0.046704,9.694510,0.699857,1.308942,0.167835,1.192427,1.707624,0.008751,0.024432,1.972908
0.512627,1.528216,0.444142,0.524373,6.028630,0.610795,0.161341,2.942407,0.138731,0.481875
1.436097,2.618922,0.688469,0.037053,10.215659,0.293689,10.390760,0.010263,0.188260,0.103995
11.720921,8.430666,0.447546,0.366741,1.817914,0.218827,0.014128,0.305724,1.561560,0.003584
0.016950,0.291308,0.041840,6.869140,12.062877,0.000374,0.043920,1.748662,0.095894,2.382912
5.981344,0.321638,7.357670,0.122399,11.623192,6.747478,2.033094,2.010483,0.000831,2.054120
13.001014,2.269705,0.102182,0.015111,1.319255,1.610313,2.738111,0.453441,0.005577,0.121044
0.532813,9.721199,6.565132,0.658852,0.015287,1.222962,0.426331,6.751441,0.193794,4.836978
12.019954,1.679720,0.992756,2.969340,0.914663,0.650627,3.571656,1.539725,0.521227,0.641694
1.780040,4.668008,10.283995,0.182963,0.171126,0.299166,1.034181,1.433624,0.527670,0.209216
0.404429,3.724475,1.704275,2.343314,7.629593,0.000236,6.841785,0.079141,0.760791,0.015951
1.438267,0.752779,16.749125,0.028019,0.129051,2.935397,0.009534,0.533971,0.001397,0.949213
0.202043,1.785738,8.153429,0.809634,0.216881,3.090934,0.149701,6.776989,1.937834,0.215027
0.102996,0.671679,7.966548,4.691505,0.048555,2.790588,0.001300,2.627593,2.397586,0.028189
0.447196,0.669901,1.473797,5.537050,0.371528,1.774045,0.232068,2.112500,0.307284,0.000515
0.390109,0.167711,15.257546,0.032138,0.999041,1.951826,0.653444,0.452475,0.526926,0.010501
7.033555,6.813407,6.144887,0.015850,0.970883,0.575221,0.355086,4.760733,0.556449,0.837868
0.122875,6.189229,0.386918,0.565914,2.885558,0.025835,1.680623,9.142451,1.550151,1.097382
9.347655,0.619310,0.002094,3.988576,11.269574,2.615898,1.048844,0.216229,0.239935,1.203389
1.025900,2.933892,24.510717,0.996714,2.456790,1.058359,0.162470,1.135091,5.494470,2.838202
0.039978,1.679132,20.960102,2.967253,1.951222,0.111741,0.015212,1.139634,1.971841,1.521300
2.684727,5.018189,0.769475,3.146920,3.949744,0.255192,0.895125,1.693539,0.600954,2.127156
13.205950,2.789948,9.335374,4.659172,0.161949,0.056979,0.352571,1.629270,11.366123,1.137209
3.589037,1.854995,2.779287,1.656816,8.191576,4.817341,5.000635,0.064187,0.230099,0.048248
0.000001,5.896275,0.446776,4.895989,3.029807,0.011372,0.549434,0.140063,0.632078,3.565493
1.947577,4.965664,0.385947,5.047975,0.000002,1.019229,3.822867,0.401117,1.057767,2.160884
5.728546,0.012136,5.865500,0.104066,7.123221,3.278056,5.478686,1.023787,0.075372,2.915902
0.543256,0.200138,0.077208,0.178977,2.608129,13.062217,1.707833,0.067612,2.399612,1.026238
4.206859,8.248229,8.002006,4.017292,2.528861,0.001379,0.034587,0.091412,1.818825,3.408797
0.245210,8.008140,1.389146,0.060890,0.013138,1.786303,0.373276,0.015724,0.000049,0.359612
6.003859,0.251747,0.718422,0.801194,1.041933,2.656834,0.370027,1.089749,0.030219,0.011631
0.663841,0.303738,8.688047,1.100618,0.753356,0.174374,0.592371,1.332898,0.659575,1.054212
0.160312,0.223982,6.207154,9.077609,0.599319,5.376060,0.935475,2.311115,3.250605,0.062812
0.217800,0.042439,0.157504,2.511475,0.102893,0.048286,1.054562,2.140672,2.178319,7.942436
1.279731,7.169031,1.259212,11.381027,0.119867,0.120794,3.148054,1.112787,0.994366,4.214218
2.149732,0.194327,5.807786,0.134938,2.199075,0.236711,0.002547,0.076872,2.283579,1.487560
0.074055,0.015888,7.233305,0.341039,1.310107,2.550694,0.073051,0.108586,4.864087,4.148658
0.478448,0.135605,0.246177,9.973516,0.047844,0.027897,0.150988,0.162405,2.682776,0.647739
3.138790,3.001704,0.001507,5.526252,3.083619,0.123901,2.556285,3.565246,0.000002,1.920280
3.323489,4.833383,1.616341,0.003571,1.027442,1.021998,0.001511,1.235509,0.297116,1.634271
7.033235,0.007386,0.387152,0.057457,0.625666,2.321158,0.892763,0.405376,1.914104,0.612604
15.518553,0.974486,0.041424,0.139366,3.750522,0.102927,0.512720,0.440752,0.034682,0.073846
1.315221,0.993326,0.826886,0.139622,5.371554,0.194342,0.589921,0.404970,0.364922,1.491210
2.551353,1.650102,2.671630,1.851404,1.052376,0.029342,1.230963,0.196229,0.571668,0.802130
19.300877,0.113289,9.041672,0.035964,3.064730,0.008830,2.098837,0.077985,1.548460,1.518883
0.089259,1.026155,4.480651,0.021380,1.021725,13.593665,0.017432,4.468574,3.528941,0.040170
0.028849,0.439296,4.255350,3.343838,0.119534,12.049394,0.671305,0.654535,0.207107,0.003116
2.390542,11.470591,2.835274,1.893420,0.080140,1.459498,2.633780,3.218956,0.162101,3.580010
2.012419,16.930542,3.791990,0.356653,7.597724,3.161590,3.302632,0.239624,0.699505,0.813904
13.746541,4.320010,0.011539,0.362833,2.891255,0.059170,0.638553,0.992765,0.292338,0.100810
10.269037,0.276026,0.186004,0.759121,4.439308,0.126711,1.314342,0.076338,0.004458,0.411363
0.840776,3.015354,0.038921,11.640665,6.460872,0.107120,2.240703,0.111155,0.041749,5.978167
7.891696,3.719200,0.033187,3.955726,0.000001,0.663289,0.460898,0.582219,2.742837,1.407912
0.063170,10.402768,0.307779,9.425076,8.616546,1.184893,12.113067,0.002264,1.024902,1.495777
0.059914,12.410877,7.650010,0.770957,0.048685,2.463544,0.021750,3.051627,0.027421,1.082881
0.706644,2.652150,0.000129,0.875054,0.166128,0.011234,0.040506,0.011901,0.002727,3.387623
2.491552,0.328807,11.776567,3.528322,0.239505,1.909626,3.112712,1.002057,0.822830,1.853873
11.550228,2.014695,0.051965,5.807954,1.556126,4.333763,1.915417,0.306624,4.127454,1.727598
0.031429,2.445605,1.077133,1.122576,0.027301,3.839006,0.755508,1.161585,0.652865,0.058391
19.117918,3.657876,0.141889,0.045636,2.360379,2.134557,1.670230,0.078373,3.594651,2.527533
7.540934,1.154084,9.156340,1.110326,0.852740,12.175655,0.014812,0.190059,3.243689,0.517589
2.309140,3.869160,4.219688,0.000719,3.082750,0.508569,1.602186,1.405120,0.571961,0.293757
0.000001,14.393965,1.183964,5.238517,4.137377,1.785293,2.655770,3.472322,0.101014,1.708640
0.461731,5.314723,0.659121,0.288751,1.269727,7.670788,0.922191,1.847290,0.394455,3.320930
0.103854,17.303766,1.469341,0.828358,0.076445,1.814996,1.347714,0.038791,0.011800,0.106495
13.738297,3.027970,0.000788,0.368149,4.176672,0.055625,0.007700,0.359683,0.715730,0.033864
13.757244,6.211220,5.307719,0.116437,0.452218,0.419999,2.134177,0.251780,0.295112,8.023201
2.575711,0.282637,10.054806,0.580351,2.867642,0.237861,1.124694,0.000423,0.821970,1.097566
0.001099,2.390158,0.484712,0.636168,0.098818,6.492240,1.477263,0.101689,1.613781,4.239903
1.264079,14.465041,1.267719,5.467357,0.061274,0.328905,3.932976,0.781737,0.020850,2.593535
0.000424,4.552613,4.035405,0.000766,0.469075,0.060123,1.338459,1.152523,0.016115,0.012423
1.124959,4.662958,5.547410,0.261313,3.021111,0.853920,0.016297,3.020639,1.099823,0.606973
14.165684,0.608054,3.671658,0.426861,4.151701,2.929499,0.209588,7.938703,0.367345,0.359653
4.385773,4.329070,0.013642,2.921106,0.651072,0.306530,3.541416,1.051863,0.113376,0.192521
0.592666,10.669065,1.021948,0.359765,0.066399,3.186066,6.895690,1.042820,0.633570,0.222795
2.788312,1.311327,0.519274,2.870106,3.471457,2.595362,1.349664,0.000018,1.147483,0.345330
12.641273,1.286011,0.038754,0.015927,4.062109,1.455120,1.143399,0.995898,0.045462,0.329158
5.776503,3.573365,0.587667,0.153417,0.000130,0.012016,0.758439,0.230894,0.056708,0.015808
0.487474,1.965729,0.010246,0.027738,13.206773,0.513733,0.703716,0.596115,2.259189,1.301306
9.965242,8.562297,0.439711,0.092478,0.006972,4.625193,2.532293,0.012577,3.147081,0.159901
2.559823,1.690138,6.045142,8.918402,2.338247,1.192924,0.208488,0.893176,0.707987,0.039901
14.223952,5.735058,0.616861,0.456988,0.394569,1.018507,0.850059,0.140859,1.167504,0.105133
0.378634,3.754353,1.661837,6.533868,0.185382,1.152622,2.780683,1.031855,0.123158,0.095649
4.061509,8.903504,6.800872,5.451146,1.377515,5.824269,7.661926,3.559037,2.276152,0.873594
1.185797,2.073983,13.823914,0.000335,13.842533,0.054699,1.112919,0.388750,1.374239,0.060889
1.997701,0.248623,2.011126,13.324983,1.759878,0.056689,0.966305,0.323643,1.584456,1.988605
0.008277,6.230295,2.639640,0.029662,2.938652,6.132090,1.879563,0.126863,2.740674,0.074101
1.289001,0.138729,4.614834,3.887336,5.031064,19.672857,1.356828,0.422175,0.582448,0.059912
1.044746,0.308641,0.000017,4.075173,3.385749,3.025468,1.414607,0.127880,2.552565,2.776455
14.889173,1.093900,0.092309,4.032907,10.136414,3.644656,2.514197,0.281623,0.010972,0.133066
2.203678,0.333307,2.850748,19.046638,2.606811,0.089841,0.693352,1.545885,0.066796,1.147441
0.220354,0.015724,5.801621,2.474152,4.154050,2.089722,0.511848,2.513465,0.964497,0.223401
13.170608,6.823749,0.510276,0.493735,0.698712,1.994560,0.571468,0.039031,3.082443,0.030830
2.802049,1.043790,2.104523,2.026431,14.691072,0.653297,1.471671,0.003577,1.678213,4.757394
5.875420,0.420622,0.702613,2.063967,0.016743,5.112542,0.036966,0.774098,1.059849,0.486384
5.719316,1.325694,0.475120,1.801991,0.219472,0.126118,3.225963,0.023456,1.962699,0.378073
21.604975,0.006224,12.603605,0.206780,5.549494,0.046331,0.892496,0.024246,2.936210,0.001035
0.904310,2.071314,0.025974,2.706892,13.432419,3.700557,4.342347,2.817119,3.764081,0.055206
4.003308,0.027827,0.405293,4.137809,0.513217,0.000093,6.217429,0.001818,0.191501,0.678895
12.808463,2.047393,0.011078,0.159947,0.426180,1.830974,4.383386,0.421623,0.051175,1.727517
1.287264,8.014657,0.185328,3.262132,1.381768,0.044522,0.013691,3.324187,0.272285,0.021592
2.568552,4.621255,0.170638,1.660923,0.077438,3.192486,1.717597,0.326093,1.392899,0.572504
0.011402,0.819761,2.626150,2.142964,2.026833,3.469543,0.139886,6.924633,0.947209,0.000118
1.385387,9.708818,1.452697,0.568999,0.100073,0.019213,3.818898,0.065617,0.555357,0.646075
0.214320,1.857863,0.021042,2.735067,0.042670,7.609220,0.152949,0.633293,0.103406,0.179206
9.410076,8.540876,4.075175,0.904166,4.050313,5.232388,1.503231,0.381072,0.200144,0.564854
1.174682,1.983542,3.525108,3.983459,0.064583,3.621275,0.000148,1.677850,0.617767,0.264805
10.852285,0.954117,2.050256,0.040155,2.375402,0.120618,0.001272,6.154186,0.646954,0.798733
19.778803,3.707507,4.778523,6.612547,5.855350,5.199527,3.386595,0.405497,0.173658,0.508763
8.062829,0.059257,0.123640,0.021268,0.007876,1.511528,1.364140,0.682087,0.013945,0.015906
0.656215,0.671687,0.836374,2.918246,0.129377,0.066867,3.807115,3.268054,0.635483,1.876231
0.538057,6.787985,4.139341,0.010013,0.082135,0.059361,0.683504,2.115260,5.234169,5.587289
0.086416,0.812227,6.735497,0.001495,3.851769,2.972081,2.058277,0.001447,0.256266,0.454243
0.181388,0.047358,3.996111,5.905564,0.367671,0.395262,0.104713,6.171914,2.458216,0.549433
0.797769,1.843938,0.474124,29.871824,0.478273,0.702808,0.454279,0.035336,1.279246,0.003873
0.223775,5.221777,5.820846,0.025640,1.798716,0.829453,1.810966,1.086344,0.013153,3.415119
14.798594,2.873575,0.375458,0.004256,1.374837,0.555089,4.330316,0.623696,0.285986,0.080864
0.834448,5.329322,3.068443,1.941311,1.297676,0.145734,0.586361,1.923409,0.905373,10.045213
1.467709,2.678622,9.766386,0.013401,6.346569,1.404167,0.005273,0.920110,3.499410,0.014469
6.353931,0.037505,3.475151,3.994725,2.226732,2.669521,2.940835,4.264888,0.415139,0.001494
0.439748,0.000034,10.666144,1.996785,3.272351,5.039423,0.189769,1.132432,1.666344,3.087648
0.005309,1.128982,9.159640,3.439264,1.882467,0.249512,0.628257,8.900389,8.304977,4.307954
3.147638,7.879683,0.802257,2.307901,0.945608,0.481883,0.468387,0.295235,0.568295,0.944344
0.250806,3.418171,20.877218,3.872787,7.704447,0.397202,0.587225,0.091925,1.803994,0.406270
3.406441,0.420375,0.000611,7.354915,6.544121,5.370807,0.049282,2.861817,0.072947,2.141466
17.595438,4.930185,19.491421,3.568016,1.754557,0.144182,1.924815,1.210779,2.718030,1.123345
1.498537,2.811856,3.055054,14.044442,0.896545,0.320968,5.510795,1.745093,1.245978,0.694537
3.881292,1.499699,4.262151,0.021200,1.122846,0.002843,2.198388,0.032261,0.152793,5.909085
0.023006,1.153262,9.046285,4.657752,0.567985,4.561730,0.536794,0.449766,3.380193,0.153793
0.126969,12.285942,0.747965,0.001771,10.171734,0.002147,0.084433,0.854129,3.826420,6.913259
1.690505,0.020259,3.259019,1.583828,4.939104,0.091523,3.346863,2.088968,0.018677,0.466761
20.780073,4.657516,5.311254,0.166465,8.527319,15.473538,0.001640,0.283129,1.087926,0.000607
4.901250,0.562114,0.080299,1.294852,1.820166,0.236300,1.926144,5.400520,2.919522,0.802290
0.015791,0.050533,0.048135,2.448133,1.307953,6.902390,0.435566,1.202605,6.049818,1.453267
14.221776,4.752771,0.129187,0.318411,2.507170,0.003109,1.326607,0.722846,0.409314,0.197578
0.095694,0.010844,8.478497,0.756826,0.009461,0.256403,2.292922,0.136626,2.911330,0.161443
7.226811,2.766215,0.489329,1.848665,1.851059,0.114688,1.550187,0.005597,1.262521,0.047672
50.871246,0.321396,4.541008,0.047345,5.889122,0.036415,0.017752,0.555112,0.003074,1.202973
0.829726,17.592915,0.731028,0.329633,4.235168,1.716953,1.603968,0.710499,0.281570,0.137308
0.621879,9.670394,2.220723,2.012155,2.971187,0.528117,3.988487,0.003991,0.099453,0.001998
69.325012,3.326318,0.166631,0.042471,0.487113,0.329520,3.955815,4.003827,0.088004,0.001157
0.498804,0.100286,6.626654,0.001652,0.666480,0.302400,0.101908,2.721955,0.066012,0.004522
0.430837,0.000496,14.739821,6.003858,3.910378,2.182472,0.199810,4.524017,7.036875,0.022112
2.506021,4.251308,19.854128,0.000266,0.300867,0.019744,0.315034,0.379711,0.038807,8.984571
3.915583,7.712268,0.678512,2.889892,0.463880,2.175578,5.389536,0.120893,0.509689,2.280054
2.383613,16.303034,1.314280,1.301425,2.391635,1.155251,2.751851,0.002956,0.006820,0.082187
1.830436,1.491010,11.400802,0.052106,1.529066,0.117092,2.228495,0.672461,3.117071,0.188519
0.562749,0.401421,4.437762,2.783157,0.117979,6.026081,0.082408,0.767224,0.493433,0.141835
1.345076,1.630386,2.065142,0.009851,2.172436,1.284338,0.072039,2.167848,2.559537,0.654403
0.299211,7.157226,1.156035,1.147272,5.265258,0.004961,5.531097,0.280687,0.033571,1.523506
3.553328,0.041392,2.987962,0.153845,0.979901,0.117825,0.677170,1.670556,1.444145,0.294232
2.904320,5.308608,0.336771,2.733976,1.751686,3.343313,1.308680,0.269098,3.491008,0.918832
4.242232,0.063918,3.291302,12.032680,0.781488,0.023949,0.653631,3.842281,0.853572,2.717210
4.587097,0.000002,3.212422,0.006351,1.033445,0.258237,4.815325,0.177635,0.688140,3.454715
15.382886,0.835545,0.020050,0.043552,4.132333,0.464877,1.124385,0.497511,0.000957,0.036876
2.425914,6.020552,2.091097,0.100844,7.223832,1.743409,1.165011,1.293674,0.004423,0.393536
9.921071,0.085293,0.598996,1.278765,7.352541,1.036712,0.164757,0.133352,2.083770,0.098157
8.421475,0.188952,0.861133,0.510947,3.661745,2.590522,0.008720,0.100881,0.732148,1.210333
0.461814,13.247400,7.673011,8.487234,0.022853,1.460140,3.238877,0.458436,3.374409,6.665918
2.426108,0.094377,10.035271,0.002111,15.486482,0.468345,0.754000,2.769442,1.375777,0.018565
15.677671,2.108346,0.013247,0.205938,2.516461,0.235734,1.323400,0.488851,0.034843,0.068985
0.001319,3.374542,1.772918,0.470684,2.007874,1.671770,1.097897,4.055645,0.219441,0.170513
3.723748,0.731145,0.478768,3.056526,2.153260,0.592687,0.186831,0.329590,0.187721,0.417928
35.507473,0.454346,0.930805,7.108382,10.987414,0.074476,1.389831,1.529011,0.098425,0.217061
10.503613,0.098521,1.054122,0.568770,11.179962,1.102804,1.403332,1.295799,1.535269,1.315539
2.807697,0.124568,4.256236,10.184655,8.758780,0.266656,0.060097,0.249013,0.912181,0.018462
4.532666,0.443017,0.331732,4.112627,5.371652,2.736639,7.865341,0.034082,1.525101,0.064420
2.203874,0.385350,9.695379,0.929685,0.144170,0.029808,5.631061,6.110801,0.001262,0.991151
10.730464,0.186494,0.369584,0.093835,2.177794,2.461314,0.987461,0.388462,1.126142,1.083030
0.324886,2.158852,2.908947,0.587020,0.018666,2.136061,1.655710,5.441636,0.086343,3.241605
5.998335,1.204976,0.520640,0.128991,1.545177,1.467719,1.941434,0.074466,0.310617,5.450985
0.467538,1.851024,5.930349,2.897076,0.036254,2.706828,2.044642,0.679061,2.926787,0.006296
1.238810,1.577807,0.049544,4.514903,2.991185,0.235785,0.029038,0.503098,0.021076,3.517340
3.206354,19.219320,1.251833,1.115800,0.983359,0.055725,0.269950,0.260073,0.008644,0.314219
0.009151,0.048016,0.829325,6.468077,0.482271,5.802294,0.003691,0.585328,1.590184,0.646536
0.108082,18.512390,0.040608,3.677217,0.297423,0.007217,0.002971,0.095670,0.006608,0.008007
12.557565,3.224513,0.002648,0.033085,2.850992,0.673963,0.073162,0.653468,0.839554,0.175709
0.673345,1.263379,2.533937,2.945628,2.205794,1.813336,0.226285,2.026708,0.265125,0.125151
2.389202,8.656387,0.205983,6.340178,2.347283,0.149423,6.517496,0.675358,0.031644,2.596070
6.916166,1.450336,0.233061,1.046387,0.092127,0.908993,2.153242,1.899417,0.005312,0.050623
3.049363,1.543705,4.031723,9.754859,2.648582,4.298666,2.206104,2.482278,1.974432,1.062813
14.416767,6.316094,1.281737,0.022526,0.083305,2.483339,0.145844,0.111548,2.968070,0.032939
6.471335,0.314171,0.127755,3.628464,3.644899,0.770267,4.220459,0.180199,0.021394,0.026276
0.353589,0.027094,13.827733,10.178618,0.212681,4.666490,1.590531,1.893327,5.929412,0.550070
1.397879,0.072418,1.477592,5.363963,0.314380,0.267276,0.348424,1.017372,5.571253,0.117242
0.415956,0.189547,0.343193,8.108987,0.231583,2.732428,1.149662,0.677202,1.440236,0.899096
0.882551,1.970046,7.476989,11.100629,3.212277,2.115450,0.740155,2.122202,0.004863,0.015861
11.497593,0.785431,3.643387,8.929360,0.555420,1.952137,0.954421,0.817347,0.934991,3.134079
0.112425,2.193462,0.138903,17.224749,0.311627,0.000328,0.936012,0.193817,0.227458,1.493982
1.021846,3.210152,0.837955,4.239251,0.006639,4.830132,3.033554,1.091367,0.085273,0.186548
0.160814,1.230878,0.217632,0.079427,6.478722,6.669895,0.568536,0.074811,6.484135,2.426219
2.909745,3.083182,0.703940,0.059718,0.397597,0.081507,0.024024,1.523594,0.000121,0.877657
0.049843,0.093151,12.625281,2.010397,1.424785,0.007884,0.051088,0.045742,3.543360,1.020530
0.039604,13.356538,2.636501,0.951040,2.067258,0.077818,1.331635,9.539392,0.624288,2.052108
3.955042,0.337800,4.516035,2.134220,0.250190,4.337125,0.063488,0.563807,0.066314,0.628526
1.521236,3.850154,1.714308,0.133020,4.740547,1.251719,0.368522,0.415627,0.137809,2.592490
1.292533,0.020088,15.969562,0.883662,0.074226,0.606625,0.016755,1.314928,3.085279,0.561781
0.451849,1.045841,2.237409,8.256250,13.287640,3.701989,0.183303,2.500631,0.415794,0.259433
3.034368,0.003714,0.503911,0.081625,0.053406,11.144567,0.059113,0.024504,2.402629,1.559270
0.023622,0.314444,3.906060,0.249941,1.564559,0.167379,1.913804,4.791698,0.102449,0.107333
5.402668,1.295697,16.243200,0.670442,1.698089,0.296765,1.047928,3.468443,0.417867,4.336097
1.239795,5.305233,15.017369,0.536094,0.003358,0.162330,0.940558,0.033347,4.703937,6.193147
21.901987,9.134439,3.474038,6.020112,9.082275,4.933537,0.694537,0.678910,0.551676,0.314293
1.405692,0.403376,3.209810,3.902577,0.831238,5.097186,0.073643,2.561016,7.482135,0.540777
0.028422,3.063724,4.507045,0.077063,6.026874,0.361406,0.192748,2.171867,1.406577,1.243083
0.623264,0.292035,0.163405,8.556853,1.865681,1.231011,5.665923,2.738271,0.112484,0.021400
25.317038,0.472540,0.076802,8.828013,0.633944,1.064734,17.049974,2.223990,0.507534,1.044805
0.764464,0.460273,0.608805,4.307923,3.291840,0.963655,0.487830,0.163058,0.085581,0.446896
0.060992,19.388708,0.081186,2.171688,0.222198,0.052879,0.807413,1.501233,0.017550,1.545384
1.096413,8.264089,9.069417,2.698342,2.688266,1.851385,0.176560,0.208675,4.287921,0.103912
1.886124,13.751794,0.318364,7.824492,2.128532,0.065903,2.622987,7.460568,0.464464,0.004637
0.051829,6.798676,4.927349,1.616222,0.059986,4.312963,0.021501,0.233350,0.074557,5.365314
3.444573,0.273917,0.331701,0.577318,2.411826,4.203513,5.496048,0.150867,7.375364,0.082432
0.202733,2.982715,8.055661,1.178438,0.526611,0.119986,2.974071,0.914190,0.005979,1.228224
0.000477,2.759430,0.326942,4.367003,4.428636,5.790592,0.618691,0.004150,0.871814,4.469408
0.014862,9.761497,2.840672,0.040651,0.524580,2.253509,0.879388,3.051725,0.001154,6.076604
1.687615,0.141532,14.867404,2.464772,0.039922,2.516162,2.118656,0.028264,2.149127,1.652577
1.622412,0.170900,2.587576,13.673791,1.994542,6.967114,0.053955,0.614858,2.288365,0.191384
0.416497,11.397731,1.505009,7.498821,0.559731,1.367806,7.407953,0.028816,0.203981,5.754472
26.369839,4.114091,6.313535,0.806469,7.338249,11.692484,1.732540,0.427198,0.001346,0.319355
8.474925,0.935741,0.001928,0.075167,1.864732,1.510521,1.405608,0.033837,1.314562,1.424294
2.798073,6.098944,0.139672,3.153352,1.219971,3.598018,1.571791,1.534008,14.155449,0.000437
0.214060,0.373215,1.285074,1.932545,3.899658,0.972040,0.463366,1.476293,2.765246,0.886757
4.000857,4.365247,0.454422,0.059871,1.744611,1.710770,3.723886,0.001168,0.095580,0.024401
0.005518,3.032361,0.367668,2.043950,6.701082,2.070183,0.694399,0.233354,4.140131,0.104377
0.507667,0.362402,0.477191,1.601300,0.085858,0.510972,3.334770,7.046149,4.003121,0.137932
0.012847,0.434006,0.000166,9.099816,1.994781,0.030061,2.575063,1.166649,0.254804,1.105490
0.049982,2.448492,0.630124,13.146511,2.928694,0.007890,0.022703,0.692718,0.721637,3.488012
13.748951,1.295993,0.036683,0.018569,4.248311,0.715093,1.189422,0.970261,0.001062,0.199793
0.023768,2.236226,0.240965,0.017011,1.031668,0.354612,6.900186,1.491674,0.126491,0.141235
0.162999,2.398255,19.499611,0.526502,4.386255,0.858624,0.545038,0.005665,3.206241,1.455836
4.601491,3.618246,3.675972,1.388765,2.833149,0.018632,0.533987,0.057665,1.117789,1.009365
15.890113,0.492923,3.140850,20.649073,0.069808,0.054420,0.084709,0.272012,12.970343,0.168027
0.166999,1.346172,5.475217,0.395648,7.854997,2.150491,0.483243,0.420998,2.565890,16.101368
3.751920,4.684283,0.195089,0.254865,2.401945,1.920098,1.010328,0.083752,3.646003,0.418309
10.915840,0.127767,0.200753,0.028879,4.119095,2.113295,0.670552,0.785809,1.268393,0.132395
1.959376,3.945194,2.872298,0.062888,1.030696,8.216042,9.533507,1.122788,1.273769,0.000966
30.767410,2.559509,0.001001,0.536708,12.058431,0.504280,1.255521,2.963967,3.128911,0.978148
15.563961,0.570890,11.073969,1.261643,11.993743,2.823050,1.345687,0.001561,0.065042,0.226522
21.328524,0.587803,3.078354,0.510589,16.379562,10.777285,1.454113,3.773696,0.873600,2.575821
38.811325,0.027503,16.315367,5.841911,1.750081,0.992394,0.233694,0.392362,0.012954,0.524829
13.755918,2.643228,0.215913,0.034819,0.784751,1.590289,4.556701,1.304085,0.089738,0.318830
8.246694,4.320713,2.330782,0.928717,0.018305,0.188969,0.113957,0.113190,4.044869,0.106130
1.133430,6.830620,2.064975,6.027417,3.672645,3.119784,1.363003,0.349536,2.760036,0.138980
14.455132,0.562458,0.137794,0.003960,3.180003,1.063664,1.500211,0.309620,0.000159,0.546462
5.834307,0.105773,0.567948,1.242235,0.003558,2.701316,2.666664,0.520769,1.974955,4.493977
37.661377,3.146549,8.626180,4.759128,12.192050,1.837585,0.734846,0.091013,1.613243,0.213870
0.778448,0.592855,0.220155,0.007934,0.782486,5.591635,0.475361,0.594457,5.245360,1.697573
0.043398,0.812220,6.541723,13.744779,7.389762,2.388380,0.793527,0.243042,0.379256,1.149967
81.960892,0.049811,0.081938,1.355583,0.000236,3.163802,12.364357,1.584039,12.615940,0.004585
0.092700,0.656731,8.753449,4.593317,0.598569,0.323701,0.983266,6.695931,0.889836,0.311567
0.900214,0.681725,4.993467,10.182302,4.073321,0.655554,0.149614,1.624269,1.593778,0.469246
3.903648,1.868378,26.590052,0.557341,1.876740,0.161758,0.115205,0.283798,1.461569,5.302849
48.970917,0.412075,6.013419,0.136799,5.054533,0.075521,4.278641,0.243748,0.943963,0.856953
1.742764,14.758932,0.791838,0.478659,0.324336,5.548321,0.781745,1.839870,1.698269,1.822670
2.611151,2.322451,5.835818,0.028179,2.983066,0.034010,2.069293,0.395367,0.510794,3.469851
2.985033,8.717276,2.323856,1.121466,0.270660,1.142104,2.112684,0.566815,2.655376,2.101517
0.061883,7.307545,1.614546,0.417934,5.826613,0.080178,0.383991,0.000080,0.534278,0.070377
2.262466,1.574889,4.876063,0.424695,0.021352,0.272837,4.855783,0.633583,0.284073,0.198253
8.217100,0.085851,1.287181,0.909967,10.424850,2.629919,5.152366,1.521310,0.000747,2.107934
0.401489,1.952121,0.458772,18.012426,2.556806,1.103569,0.103615,0.443060,1.489138,0.468852
1.453018,0.796823,4.680367,2.346422,0.143110,0.426013,0.137088,1.090687,1.335452,0.026412
0.790194,6.269312,2.429186,0.479616,2.080377,0.307625,1.702255,0.373948,0.221311,2.920519
2.880250,1.540917,0.178663,9.504671,12.338593,0.051717,1.346934,0.001331,0.102082,1.795236
8.714932,10.590308,0.911542,0.292484,0.001914,3.379573,3.469664,0.115632,3.707974,1.083030
2.791845,6.404035,0.097167,1.923961,1.468692,0.009230,0.280377,2.247387,0.112580,2.468249
2.827025,1.019999,0.029637,5.116121,3.589362,0.341704,0.894384,0.392325,0.453812,0.470728
9.480888,9.933526,1.713621,0.385889,0.406644,3.964186,2.928216,0.003943,4.872047,0.806146
0.450434,3.951926,1.036317,9.119700,1.617659,0.426783,1.756877,2.010886,14.025661,0.161433
1.723431,2.683109,0.238197,0.521689,0.404355,0.008188,0.044242,0.400883,1.759359,0.904947
0.014839,2.138764,11.145684,3.064599,3.100096,4.783038,0.003841,3.373601,0.271926,0.341938
11.026362,0.494153,0.112218,0.082905,3.546921,3.045273,1.212077,0.454234,0.565572,0.928999
17.830963,0.732448,5.417358,1.265884,8.626431,6.133277,0.611924,6.973837,0.001260,0.017087
1.602215,5.583493,1.373033,4.152710,0.000033,15.177188,6.757130,0.068601,0.027568,1.653754
14.159883,0.118329,2.677445,4.002830,3.936020,0.685787,0.001295,0.151229,2.297691,0.140258
0.013325,12.077559,2.395236,0.170470,1.555303,0.704919,0.975227,0.004093,0.693590,10.756442
1.892865,0.723709,10.646145,1.612919,7.297994,2.092787,3.183397,0.445693,1.783226,0.879292
0.232670,8.358426,2.510014,1.574259,4.769870,1.215324,0.005199,0.205966,8.556772,5.456185
11.183381,4.594141,3.435107,0.623529,15.613074,5.879624,0.815327,0.952971,0.645710,0.051961
0.997604,6.326782,2.597234,0.492647,2.981422,7.270463,1.638939,0.000041,0.036939,2.040598
7.479506,0.137961,1.393795,0.092845,2.383529,3.110751,0.255046,0.703151,3.002725,1.178656
0.154945,7.452839,3.722444,1.309242,2.959082,1.355320,0.987182,0.333313,0.065953,1.971933
0.565028,0.382404,7.356746,2.539495,0.136031,6.475959,0.035402,2.458837,1.327044,0.112016
16.256525,1.590002,0.113292,0.091163,2.937470,0.050805,0.791427,0.314868,0.235077,0.002756
0.219895,0.011563,1.497252,3.791478,4.497859,0.139214,2.258002,0.002868,0.431377,0.148037
3.476903,0.321125,5.893216,3.082123,0.647708,0.000560,0.507233,0.902906,0.835503,0.024787
0.434377,4.173996,2.802778,0.549658,3.891619,3.671088,0.516855,1.712647,0.007095,2.628644
5.635630,1.142550,4.455764,1.552850,8.472591,8.482389,2.539218,0.753068,6.663959,1.763644
2.187281,4.703940,0.064237,6.657452,3.781891,2.049748,0.402175,1.499840,6.978963,0.524791
0.264307,0.862887,0.435888,1.040843,3.875275,0.646984,18.753723,0.328875,1.154807,2.084542
0.013804,0.615449,8.477640,0.076545,0.061095,1.437943,0.707172,3.630553,2.789199,0.711868
2.256977,3.275856,1.767950,0.121165,3.204233,17.682257,0.028303,0.257845,1.226637,0.599511
0.509179,0.612330,1.951015,5.568433,0.000089,8.415961,1.202896,0.040094,0.452718,0.000000
10.804649,12.303859,0.007252,8.240501,4.336062,0.155195,1.539848,9.115668,0.241555,0.566781
1.135502,1.367203,2.795876,3.008130,0.466926,0.582154,0.011994,2.443394,4.786972,0.101872
20.527292,2.280284,0.001130,0.011638,5.840360,0.477137,2.365642,4.987594,1.291344,0.121353
0.044805,0.658799,11.997550,8.249133,6.628360,3.104475,0.485268,3.698374,1.075935,1.061739
1.893563,0.107849,1.010575,9.270060,0.174643,5.579479,0.998510,0.788677,0.230579,0.000384
20.023008,1.845781,3.580393,5.016642,13.045933,2.646403,1.785922,0.718086,0.871848,0.646064
4.309575,0.012821,3.634811,2.231750,1.935304,3.092604,1.344529,0.088427,0.311396,3.668624
1.381481,5.036202,1.008602,0.062759,0.304980,5.542888,0.844439,0.007170,6.175958,2.858081
0.260947,1.223214,1.060098,2.896034,6.955277,4.102164,0.009539,0.911402,2.376507,0.078048
0.002693,3.689680,19.537813,2.864428,0.699550,1.050648,0.364134,0.016386,0.457010,0.156223
3.655783,6.789128,5.281546,0.006681,1.627479,10.484807,7.030906,0.515933,3.281703,0.210944
4.454896,3.265301,1.419895,18.792845,4.294721,1.211750,0.007707,2.336152,0.147991,0.522999
3.538531,1.777534,1.184163,0.037692,1.937196,7.123309,0.343783,0.063093,0.231811,0.898292
31.499094,5.389034,1.927543,1.201298,10.755231,3.417884,0.049087,4.266625,0.745819,0.000003
0.165889,17.294945,0.184157,0.190351,0.311714,1.643920,0.740932,0.132702,3.186241,0.060673
1.309167,6.495838,2.280001,0.933020,0.136255,0.811720,0.488681,0.004461,0.227183,1.122968
3.725984,5.639214,4.924926,1.111818,1.299855,0.007720,0.010714,0.494083,0.191088,0.025317
2.748171,5.270051,12.100185,2.190237,0.213460,0.098495,0.241857,0.223762,0.040018,6.778107
0.181331,2.976644,2.667956,4.202488,4.118322,12.273210,0.924338,6.711910,4.532296,0.442524
3.017141,4.244220,5.815945,2.087883,1.438226,0.264570,0.100543,0.180644,0.593636,1.424624
8.452630,1.055241,0.005247,1.173902,0.041620,4.857227,6.181512,4.023835,0.054686,0.228131
0.664519,8.090969,2.557112,1.107211,1.331982,8.885548,1.628906,0.131280,0.033970,3.546944
3.834642,3.210654,0.747364,0.883477,0.826779,0.035866,2.974955,0.079196,0.548050,1.960121
0.274645,1.502143,0.000134,10.776866,2.806315,0.049429,1.000103,2.842845,0.219730,0.251107
7.126265,0.053727,1.723929,2.651030,0.197290,6.950900,0.008298,0.149732,0.588474,2.229947
1.488887,2.030662,4.042426,0.000922,0.312474,1.848979,1.752359,0.002276,1.966712,1.753434
12.690399,1.750618,1.369042,19.743290,0.496890,1.555889,6.498471,5.974708,0.349564,0.003497
26.207691,0.315392,4.663789,6.133375,13.798936,0.020052,0.256932,0.006013,1.058727,1.501418
4.818897,12.916471,0.934313,2.748155,0.523756,1.091757,0.082408,1.150912,0.953307,0.850098
1.680102,7.674100,7.183360,0.905636,0.031746,0.054382,1.293857,4.605372,0.123567,6.277865
15.020741,0.690722,0.118975,0.111227,4.477493,0.265968,0.580262,0.431600,0.000006,0.081653
0.353048,3.182189,6.497111,0.909749,0.246349,0.113172,1.653860,0.077117,0.932436,0.289875
6.090122,0.022160,0.574520,0.887042,1.541991,0.766384,0.372569,0.112521,1.407801,0.013235
7.355749,0.254607,10.342971,15.285343,1.932149,0.829922,4.039441,1.026660,2.355350,1.399200
10.581778,1.241382,27.611559,0.332783,3.904911,0.963548,0.065308,2.636209,7.926116,0.057327
1.015956,3.948390,2.466820,0.029880,0.003028,0.204396,0.660156,0.765750,2.044604,1.143263
0.744300,7.608075,5.251035,2.419549,6.245942,0.087568,1.353385,1.949008,0.882228,0.065674
13.348294,2.057781,0.277673,0.440217,4.078324,1.411614,1.155951,0.768377,0.006050,0.181639
1.580032,1.069752,6.330869,5.495178,0.754041,9.669199,0.051280,0.101796,1.257573,0.107010
14.428811,2.325160,0.080231,0.369768,3.829324,0.482441,0.559899,0.707670,0.023216,0.000159
9.287365,0.213925,3.502323,0.023148,0.998036,0.052536,3.137886,0.157301,0.096773,2.482569
0.000005,4.229362,0.009761,0.107750,4.826627,0.753882,0.684741,0.681191,1.043824,0.535646
3.841311,1.617164,2.512338,5.523179,0.995467,2.304821,0.022972,0.116141,0.551609,0.304797
0.675524,7.604589,9.395443,1.403072,1.454033,0.256808,0.164102,1.274411,0.001894,1.799446
0.010620,6.853442,3.617714,5.925658,0.238556,2.054780,6.498356,2.202446,0.042164,0.296529
5.488862,0.630690,13.160414,3.758464,9.557746,4.826530,0.057203,0.383654,3.657032,3.290418
1.539565,0.893847,0.100597,13.410499,9.818744,0.039417,12.440472,1.572342,0.043623,0.587293
17.906828,0.184499,6.619143,2.818604,2.052360,1.576201,0.394906,0.017594,6.327552,0.013103
0.166457,4.451801,4.830713,0.389489,0.000055,0.014714,1.542920,2.581290,0.590801,5.911417
1.513541,0.006657,8.553207,7.618855,1.920139,7.947195,0.110577,1.135266,0.107851,0.159657
0.533493,0.997157,5.269146,0.622270,2.487692,1.705063,1.282417,1.861197,2.164209,4.564918
0.276406,0.138771,1.046343,0.028177,0.590176,16.798901,0.564327,0.650340,0.382622,0.012698
0.006821,2.138392,2.001884,0.000907,4.455425,0.705346,0.960203,0.706570,2.968759,0.045016
10.720484,1.396464,0.149001,0.008576,1.455730,3.307092,2.278090,1.134526,0.183253,1.905488
1.329801,2.040697,5.565848,2.232600,0.962013,0.155168,3.065035,0.946304,5.975381,2.539331
21.341103,0.066631,3.908638,3.556293,5.620525,0.572395,1.064809,0.052837,0.749287,0.240469
8.548930,0.022650,2.011430,2.693796,2.177521,0.051844,0.149632,0.001815,0.205919,0.815983
0.027214,17.655895,4.963747,0.534748,0.119710,0.014063,0.143527,0.050124,0.079845,0.032792
1.376781,0.468362,4.195961,0.348076,5.853071,2.501416,1.817232,0.092167,7.814806,0.385945
12.549461,0.516102,0.131770,0.338954,4.929680,1.525257,0.688250,0.454098,0.607311,0.161886
0.007664,0.961865,0.002178,13.232976,0.187113,0.473776,0.480896,0.344229,0.505697,1.584139
3.023702,0.552033,0.310244,3.844226,0.378828,0.002635,9.910478,1.434424,0.095185,0.000227
0.671202,1.754049,8.570127,0.965866,1.820145,5.062641,1.991290,1.640646,1.113934,0.209605
0.050167,6.695170,7.614562,0.020712,2.229714,5.803390,0.077520,2.670113,0.627271,0.033538
0.149362,5.249540,6.597288,0.375297,4.275102,1.166194,0.896463,0.144244,5.071282,2.101407
0.434856,5.011277,7.244466,0.009655,5.710839,1.706878,1.537056,0.430518,0.012756,0.443114
1.125495,0.525674,1.372312,12.769065,5.379382,1.499985,2.794033,0.000205,0.900775,0.265023
0.079464,8.124539,0.096785,4.160421,0.070067,6.238119,1.219378,0.164213,0.547378,0.238409
2.697918,3.141110,3.513556,0.710992,0.566936,10.183558,10.927699,0.263001,0.442223,1.535890
7.873327,0.611552,1.891002,2.279364,0.739678,1.671803,2.335949,3.702486,1.138838,1.420468
11.862333,6.025569,2.770885,0.505975,0.858639,2.028828,0.055553,0.061014,7.160847,0.003382
0.931739,2.348376,0.931873,5.531246,0.164519,0.148880,0.477848,0.575338,0.012762,0.712699
1.099047,0.534976,3.809527,3.456939,0.014557,7.749479,0.001883,0.512558,0.018497,0.111964
46.794304,4.260787,1.439374,0.321024,10.342893,6.631277,0.585036,7.061944,0.277588,0.316377
8.477810,6.743560,0.803990,0.296940,0.000262,5.883618,4.530065,0.000593,1.382212,0.925013
0.042326,5.079328,10.830942,2.012227,2.504280,0.562157,1.114628,0.144004,3.156865,0.106086
11.521180,7.447815,10.520074,0.535598,1.535257,1.331878,0.012093,4.222151,9.435134,1.692293
0.136153,0.691720,4.715643,7.093264,2.216253,0.227604,0.355683,1.065527,0.229278,1.416590
1.707977,0.415669,1.008080,21.053225,9.639432,2.241416,0.000036,0.137692,0.497488,0.011266
0.362040,0.279128,7.407709,0.055759,9.346269,16.035683,3.007997,0.700005,0.520614,0.167811
0.030732,0.297623,0.054101,18.906254,0.181005,3.815485,2.871948,0.046795,0.041031,1.555339
0.600162,1.482021,1.859316,0.238245,0.079252,8.179870,0.157038,0.134486,3.703462,0.400969
1.364719,0.660703,6.713573,6.842164,5.868980,4.577142,0.011073,4.041780,0.216015,0.374337
15.915297,1.593551,0.001158,0.678114,2.772056,0.696596,0.006151,0.176677,0.944311,0.045468
2.770045,6.779381,1.879581,4.347643,3.699671,0.013760,7.803045,3.550076,3.275733,0.423708
2.846674,2.160135,3.785148,5.617847,0.271332,1.308529,0.649845,0.000293,0.004198,5.239792
0.259230,3.077859,0.757543,2.223904,4.510688,0.544975,1.813718,0.054165,4.458482,0.007117
2.676783,4.411974,2.221522,0.016276,0.151578,0.953754,2.074031,1.007339,1.885675,0.204645
10.195232,0.445681,11.921701,0.842775,9.293673,8.374648,0.081561,0.015568,5.324198,0.115049
19.664797,0.162268,15.213583,5.183526,3.978348,0.943200,1.618374,7.755891,3.585181,0.018682
11.882109,0.922413,0.037221,0.805691,6.444535,0.864234,0.304197,0.397027,0.976915,0.023516
3.512133,8.976856,1.851103,7.383874,4.754551,0.000839,0.010488,1.362028,0.072320,1.192586
8.510585,8.652839,0.559277,0.443842,0.010023,2.780334,4.248654,0.138019,3.653907,1.223797
4.459641,0.080683,0.013084,1.758155,0.184252,5.368890,0.749190,0.027985,0.449619,0.001533
1.898533,5.801931,0.000120,0.736364,1.473554,2.375620,4.038833,1.534807,3.198688,0.987174
32.635227,0.921183,2.807399,6.187325,8.445908,1.441401,0.391090,4.972957,0.065660,0.716384
0.065701,3.091444,0.273228,15.889809,0.477020,1.397060,0.321347,0.134348,0.011507,0.375697
16.954601,0.887565,0.378841,0.349793,0.661237,6.299870,0.960711,0.272018,0.021367,0.472676
9.306505,5.913530,2.912962,0.015528,4.263419,1.670662,1.164025,0.399572,4.122385,0.510115
10.230754,0.020824,0.366620,6.943884,0.005369,0.321133,3.776294,0.458733,3.529155,0.742562
0.649806,0.999976,0.037669,6.468486,0.973746,0.003849,0.971788,2.846161,0.341986,0.332156
0.161504,1.113647,0.424371,0.125394,0.031459,3.588383,8.538616,1.553078,0.634005,0.192722
11.393604,0.350942,0.001304,0.080261,6.268283,1.698922,0.026200,0.745739,0.126731,0.033916
0.175788,0.114304,0.023949,6.893828,0.411349,4.768151,3.374824,0.000345,0.040260,0.282905
0.182639,1.924455,2.373731,6.034199,0.151741,0.434028,0.910860,0.145441,0.719983,0.303998
8.940494,0.426552,0.003656,0.354205,0.593455,4.315721,0.029566,0.267235,0.573917,0.248635
0.081022,0.438344,5.175993,2.569596,3.082072,12.636200,0.001399,0.048150,0.302809,0.284035
2.179214,0.077602,8.669900,2.313747,0.138731,5.159337,0.257576,1.398207,0.145468,0.165320
0.022646,2.707293,4.346025,1.126909,0.454090,0.375083,2.934653,0.680636,1.709211,0.185362
31.954412,4.886257,1.661281,0.072722,7.856021,3.431554,0.003872,1.799316,3.106787,0.000529
17.933481,0.037874,19.636189,5.228754,0.707102,1.770645,0.120645,5.009252,1.956305,0.027967
1.955491,6.060488,1.102183,1.910602,0.181134,0.957878,0.088207,0.197856,0.123461,0.187245
0.029000,17.662716,2.467220,0.351960,1.676397,1.691849,0.261133,0.025282,0.205864,0.209546
8.684983,4.233745,9.101866,10.605637,1.412929,0.502055,0.748292,2.515197,2.561650,1.471117
0.636206,0.736437,4.763769,6.232558,0.608669,0.941991,2.764881,0.892605,7.588021,0.723185
4.484111,2.340302,0.929788,0.025067,0.001709,0.211802,0.657326,0.034504,0.680689,1.312330
0.174739,11.135204,0.100694,0.555117,0.021216,0.047400,8.419906,0.200536,0.842459,0.000073
6.102712,1.406109,0.684895,0.052420,0.114429,0.989085,0.241021,0.240529,0.395642,0.064359
8.087708,1.029503,0.342006,0.556415,0.039865,5.114964,6.642184,0.656804,0.237726,1.853516
8.193064,2.517475,1.331879,3.330273,11.501768,6.036328,1.590027,0.159458,0.321079,0.381580
1.896722,1.467756,1.194907,1.159543,7.571518,0.592436,0.536333,0.483150,1.342493,0.488756
3.250763,0.044701,0.000069,0.315813,0.176349,0.018019,2.754611,0.000071,0.081939,2.481624
0.302867,6.525926,0.005337,2.846096,2.274670,3.762281,0.139099,1.798436,2.180916,2.640292
12.576838,0.891433,1.128098,3.332626,0.078827,0.431955,0.608151,0.236133,0.692657,0.009583
7.016962,0.585386,1.811100,0.515797,1.681740,5.937588,0.043945,0.027931,0.002631,1.530626
5.792531,0.054620,0.578298,0.601623,2.762843,2.604349,0.792870,0.486563,1.713416,0.144098
0.421262,5.519908,4.634107,1.243505,5.315604,6.106073,0.020935,0.303414,5.368532,3.753963
21.709351,0.740021,5.245207,1.470172,1.220726,2.341134,1.399902,0.008979,0.072783,2.216893
4.939659,1.206622,1.704765,0.040111,0.163163,0.478483,1.299199,0.002310,0.053789,2.346001
3.177694,0.169823,0.981246,0.025761,0.279712,7.331254,2.650129,0.189956,0.147292,6.328201
3.496430,19.925611,0.041766,0.864146,0.028157,1.795698,0.326591,0.913702,3.698923,7.621442
8.494834,0.760956,17.377434,3.177276,0.042366,0.229447,1.120670,4.225960,0.136272,3.576012
9.486414,3.552351,0.038700,0.929294,0.367627,3.005175,5.286812,0.002455,0.537162,0.124021
2.549851,4.395364,3.878644,0.498555,0.135067,0.642071,0.164659,0.610423,0.133280,0.696624
2.603523,2.232016,2.637756,0.016423,0.725496,8.985706,0.055825,0.025317,2.193539,1.652903
0.836198,10.426060,0.353936,4.935066,1.152528,5.256780,0.010014,1.098773,3.130506,0.120127
9.791033,17.062605,0.333557,0.401976,0.872124,0.298071,0.344272,4.841421,0.253462,0.016828
0.163859,4.526668,3.215987,1.935789,0.373302,8.018940,6.510131,0.485862,0.230180,2.067142
26.143553,0.229051,12.710777,0.004515,7.230060,0.782495,1.527945,0.800081,11.215108,0.192456
0.092922,6.420148,7.713124,2.106167,0.237432,0.017463,3.430912,1.082038,0.093042,1.443789
3.294577,1.223114,0.446728,5.139042,0.234011,2.305010,0.046916,1.043714,0.000204,1.947897
0.006147,2.205632,5.784478,2.764715,6.622664,1.219056,1.869701,1.299827,0.867848,1.332752
0.009301,6.271271,11.541046,3.261608,0.920442,3.860317,0.897245,1.396625,1.338324,4.737499
0.070967,5.964370,6.862090,0.013649,1.804142,11.037097,0.155748,0.653429,3.221402,0.046342
6.964474,0.279731,10.786697,7.137660,2.275536,6.742951,1.646142,1.910033,0.000372,0.168029
0.133442,4.762486,1.245821,8.834286,0.309733,0.033633,6.498444,0.414984,0.918126,2.882960
8.929259,0.051774,0.911483,0.603211,3.216314,1.927308,0.060435,0.179877,1.820695,1.471136
6.863942,0.435222,0.271649,7.522954,0.263100,7.938208,0.503090,0.063695,2.351881,0.393709
0.040750,2.242077,3.593469,0.386414,0.595858,0.749066,0.653003,0.158923,7.548605,1.300558
0.789730,1.919871,8.933556,0.265250,0.003258,0.092628,0.446289,1.307249,0.728929,0.027845
11.900148,0.693893,0.046081,0.248801,3.771355,1.332944,0.658256,1.417679,0.819686,0.055861
31.061922,1.765284,14.775716,5.230445,1.418958,2.742168,0.282653,0.009553,2.647639,0.892324
1.961847,7.755130,3.471757,0.005990,0.868018,0.472787,0.964703,0.078060,1.204634,3.403687
2.760024,7.099620,0.305701,0.366191,0.044992,0.545846,0.925146,0.083314,2.763970,0.309308
5.486599,0.256007,0.735531,16.637997,0.005832,0.630251,4.172569,0.969220,2.038893,1.135545
0.103134,13.597508,2.674433,0.042925,0.491687,0.011786,1.508625,0.638272,0.960286,0.331958
11.125043,0.825650,0.106573,0.013134,2.068593,2.315937,2.823936,0.690741,0.159713,1.616225
1.237764,13.691138,2.194875,0.168763,0.292262,0.165796,0.013905,0.024159,0.119304,5.032372
4.697293,0.082723,7.484437,0.294163,0.000107,0.183026,1.343986,0.231293,0.029546,1.206036
2.385827,1.164941,0.907326,0.647357,0.014578,1.459366,0.512349,2.236953,6.253486,0.295813
47.821503,0.089163,8.013792,3.675157,0.194967,0.038859,2.523894,2.650684,6.146665,0.110065
45.510117,0.062080,1.041274,1.606771,0.565713,0.001831,0.232158,0.012436,0.275988,0.272747
0.896288,1.788037,9.615860,0.015909,0.167748,0.251175,1.752212,1.063383,0.063411,2.064340
1.253788,10.368371,2.582415,3.570056,3.644590,0.004305,0.518419,7.160040,1.069267,0.016983
13.586013,6.650095,0.661639,0.373238,0.562193,2.343291,0.041203,0.108317,2.396236,0.000222
0.002082,15.108249,5.242775,3.409745,0.526191,1.341548,3.190514,2.774776,1.787283,3.497296
19.451084,8.727043,13.060402,8.973532,0.113889,1.234984,0.025885,1.613414,6.430064,2.381892
1.578252,0.924322,6.294249,5.661061,3.318807,1.240476,0.924886,0.038074,2.735969,2.071421
0.007527,0.061250,0.671596,6.247622,0.253842,2.771714,0.592071,0.601319,1.262885,1.958877
13.444547,6.035121,0.572094,0.304039,0.102485,3.011779,0.006738,0.237608,2.582592,0.036635
1.090641,11.098761,0.461502,5.480067,0.931594,0.116774,0.891074,0.000002,1.461739,1.839665
0.269815,0.319907,16.439814,0.613762,1.409264,0.838790,1.189368,0.264805,0.110933,0.946993
0.223853,2.061574,4.119234,17.803919,0.693269,0.317043,0.547801,1.424051,0.311026,0.937866
0.109123,1.347919,1.720126,3.822928,3.357257,2.363088,0.101240,4.357365,3.674319,0.321964
1.552202,9.398969,0.146007,0.489124,4.634291,5.113267,0.014501,0.557739,0.518383,0.283709
0.745392,5.569742,3.724624,0.053953,0.484380,0.705515,1.527778,0.327708,0.342041,0.335765
1.362241,0.187162,0.237863,5.616230,0.043148,3.608034,0.003555,0.257196,1.387419,0.603006
1.246119,9.574656,0.044151,8.310956,0.034435,2.975692,0.710577,3.922300,0.696546,0.350743
3.746670,1.779032,0.161401,0.007859,0.728135,0.144726,0.008605,0.306742,3.218030,0.302554
0.974786,5.806145,1.241704,0.375880,1.298913,0.042734,4.112735,0.308338,0.075607,2.288490
21.632458,7.743279,7.686162,0.928013,16.207155,16.826395,0.038345,0.054406,0.039556,0.004066
0.186328,0.205009,3.468351,6.654274,2.619664,9.272956,0.075690,2.189528,0.715816,1.105649
12.634506,0.570191,0.277125,0.058237,3.872977,2.013554,0.464060,0.235174,0.018797,1.375163
1.688178,0.186620,3.322974,0.584031,1.808470,0.297091,0.842053,0.072440,1.396154,0.038771
15.579897,2.044328,0.042683,0.193253,3.877666,0.013008,1.057879,0.909309,0.481152,0.103444
0.741733,4.445882,10.226711,2.631991,0.071898,0.072773,0.125884,0.837931,0.135064,0.555467
9.612363,0.409959,0.069026,1.501326,0.778651,3.621181,0.831113,0.005670,1.438780,0.015258
0.195593,13.450228,1.769790,0.704984,2.541358,0.898879,0.265853,1.348522,0.083435,0.007818
1.804026,1.348380,3.605962,0.297724,0.041003,0.841639,3.482147,0.001151,3.638903,0.140648
0.120007,4.575965,0.038251,18.213318,0.433973,0.085212,0.070303,0.039236,0.063879,0.208904
0.705850,6.076583,0.023705,3.781957,0.028477,0.616103,6.375608,0.098045,0.010041,0.037744
9.204330,0.346589,0.345243,1.203182,7.220611,1.129023,0.172678,0.473995,1.736881,0.013334
0.037428,12.545345,2.154402,0.241504,1.180800,0.025181,0.181661,4.191897,1.543418,6.220550
0.639406,0.419541,1.080604,4.770874,0.172077,0.847199,1.044243,2.059076,4.246551,1.533424
0.026340,0.122263,7.144098,0.323707,4.075802,4.085794,5.638603,0.005937,4.710363,0.762049
1.624165,0.775175,0.733231,1.033831,0.478065,10.193667,1.510009,1.118687,0.150453,0.104490
0.480505,0.433302,0.000273,11.073818,0.000091,2.385942,1.397759,0.839141,1.395427,0.443555
0.005701,0.411652,8.419721,0.994162,5.692698,0.018442,0.015585,1.165461,1.802765,0.206408
1.537560,1.831100,0.799738,0.092591,0.011749,1.326672,8.927428,5.180881,0.764303,0.372811
0.000299,5.493656,1.251158,2.303857,1.813651,0.663501,0.000022,4.359983,0.056226,0.830641
0.310183,0.213937,1.456123,0.008515,2.623901,2.380455,0.668865,3.542282,0.868284,0.013092
0.035017,3.111212,0.314806,4.744967,7.507374,0.101149,0.183281,0.459667,0.466543,0.446042
1.497084,2.197457,4.558166,0.186967,0.992503,0.569975,0.671455,0.674356,11.129457,0.096919
0.557925,0.897590,1.671065,0.085769,8.977616,13.024304,1.455105,1.699677,0.473539,0.082169
15.545938,2.561382,0.001214,0.341471,2.668416,0.063132,0.176351,0.326261,0.905511,0.002010
0.241282,0.802944,8.407878,0.525292,6.971018,8.136117,0.349367,0.228188,0.059155,0.288176
0.000664,4.103242,0.390789,3.729225,1.789170,5.671205,0.138699,0.327280,4.730715,0.003551
1.796129,3.526432,0.145480,6.229766,0.106066,0.030863,0.722956,1.565874,0.027827,2.771969
0.661949,7.175513,0.038581,0.301239,0.294600,1.157234,6.147475,0.002679,0.622134,0.077037
5.487912,0.001249,0.001218,0.374016,4.822568,2.756969,0.623950,0.201991,0.680474,0.216864
1.797612,1.104102,9.637486,0.786240,1.787281,3.582341,1.914943,5.918676,0.430403,3.780685
4.247982,2.217558,7.883734,3.813091,3.493765,0.900210,6.610516,0.255310,1.191664,2.581877
0.109539,0.091580,1.494904,16.828362,2.291781,0.171848,1.787344,3.141695,0.231707,2.176282
0.177841,2.088499,0.371559,8.188425,10.512599,0.036748,2.389682,1.034025,4.125255,1.460418
12.976544,0.094438,19.578871,0.362772,0.434750,5.258231,0.023773,3.867138,3.095007,0.567015
0.301939,11.482152,0.481415,0.756521,0.003832,0.074584,0.473289,9.256103,2.584527,0.811817
10.514662,6.137251,3.054009,0.056502,1.947575,6.931218,0.004364,0.013184,3.337071,0.013051
13.795418,3.807407,0.301030,0.647399,3.045201,0.004008,0.838243,0.947980,0.010357,0.357973
3.052955,1.227028,1.241081,1.848582,0.176223,0.301437,1.894011,2.055234,0.003239,0.250366
0.081295,3.117037,3.174807,12.613693,1.081631,0.615556,3.960497,0.168255,1.348446,3.797824
3.833579,4.020452,2.823285,1.768782,0.003679,1.464009,0.635439,1.741068,0.126993,0.068553
7.326077,0.005268,1.688777,2.293142,0.367942,1.043471,0.183715,0.037552,0.002061,3.818500
40.011478,0.037297,0.063125,0.205901,0.010731,0.003034,5.689104,0.000648,0.020704,0.007416
3.354692,0.012158,2.714415,2.029452,1.307084,1.207434,1.110580,0.013508,0.854017,0.033193
49.773129,1.544547,3.522572,0.003709,8.820011,1.798625,5.547025,2.650856,0.512634,4.251407
2.131677,21.095144,0.671054,3.190319,0.180202,0.038720,0.303114,0.829264,0.107599,0.545130
0.056626,0.162169,4.627922,1.972598,0.593626,0.320180,2.135854,4.098996,0.042851,0.823959
1.852309,0.225338,0.441480,26.758270,0.043745,2.557884,0.108790,1.072479,0.904940,0.513468
24.344116,3.890764,5.279806,1.178166,4.615579,2.132895,0.558921,2.406752,1.242861,0.001582
6.419453,0.907610,0.303403,0.029726,0.012341,5.219633,0.358728,0.745423,0.068913,0.964927
0.239766,6.205438,1.630136,0.009078,0.004571,3.959158,0.601513,2.690766,2.295977,0.112976
4.694987,0.550492,0.015220,4.061739,0.048349,0.003936,2.441746,3.875050,1.229050,0.995710
