-1.947478,-0.182336,2.167925,-0.001152,-0.986595,-0.142132,-0.800060,0.653096,1.409101,-1.247298
-1.611546,2.797790,-1.888395,-0.610723,-0.624064,0.797998,0.824789,1.662903,-1.427852,1.705976
2.329111,1.986304,-1.667835,1.651729,0.144439,0.020758,-3.450407,1.646550,1.574754,-1.141139
-2.486201,-1.201558,0.999201,0.961504,-0.211160,2.612909,-2.842108,-0.087185,-0.198256,0.357490
-0.913132,3.351291,-0.996633,1.132460,0.198173,1.479843,-1.099110,1.374727,0.545943,1.365636
-1.076438,0.514891,-0.412066,2.536312,1.890791,-0.325406,-0.529759,-0.935583,1.945672,0.843025
-1.155738,2.787622,0.880517,-0.817910,0.237469,-0.354340,-1.694448,-0.923029,-0.994824,-1.294330
-2.429897,1.451392,-0.189858,-0.664312,-1.588333,1.354017,1.245283,-0.518563,-1.034434,-0.501190
7.923360,-1.068429,3.101565,-0.892982,-1.072698,-0.471103,1.865625,0.276267,3.131713,0.840061
0.019073,-2.470425,0.040389,-2.549067,2.050105,1.155022,-0.596242,1.516797,-2.301814,0.273279
1.238719,3.986033,0.551048,-0.652731,2.171155,0.548165,-0.474576,-0.944695,-1.013239,-1.078617
0.559990,2.770187,-0.112548,1.401209,-2.137202,-0.562395,-0.542142,-0.635779,-1.151740,1.160218
1.130949,0.055784,2.558271,0.178190,0.028480,-3.446275,0.098377,2.411615,0.247008,1.073510
0.870999,4.032216,-2.304887,-1.312404,2.176566,0.279181,-0.048100,0.070642,-0.087759,1.124948
-1.294727,2.137127,-0.829929,-2.441416,1.590213,-1.905915,2.172752,-0.487667,-0.114222,-0.742790
-1.955251,0.189338,2.071301,1.427112,0.805484,0.034089,-1.540219,0.885806,0.744258,-0.414346
-2.073451,2.040512,1.023799,-0.910343,-1.247833,2.465381,0.939807,-0.071886,0.111611,-1.224825
3.465348,-1.715775,0.128626,-0.585822,0.930110,-1.017757,3.641432,2.020536,1.496433,-0.970861
-1.449162,2.409195,1.225762,-1.255643,-1.297322,2.729772,1.426115,0.409705,-0.799484,-1.405906
-0.936387,0.665367,-1.436231,-2.495695,1.564135,-0.979216,-0.494306,-0.536636,-0.793654,0.704159
-1.144173,1.187449,1.507503,-1.620160,1.580961,-0.020874,1.172873,-1.036675,-0.782995,-2.473178
1.595886,-1.161376,-3.659470,1.263023,-0.740988,-0.687358,-0.629925,-0.393016,-0.615688,-2.871927
-1.749902,-0.497730,0.815021,-2.920699,-0.511910,-0.893105,-0.617020,0.723139,0.199508,0.545112
-0.354861,1.726771,-3.259275,-0.277151,0.398018,-1.858443,-0.517544,0.986304,1.381452,0.449227
3.336090,0.523366,-2.940800,1.570188,3.343620,3.057265,-0.286074,-0.195924,1.741241,-1.667400
4.850324,-2.212395,4.122597,-2.192772,-1.465309,-1.305194,-0.959038,2.425488,2.190824,0.397511
-3.195702,0.656806,-0.064630,-1.617455,-0.078871,-0.261716,-0.083047,0.769313,0.668591,-1.067710
-1.450653,-2.871609,-1.339045,2.814786,1.740857,0.200943,3.639018,-0.138277,1.141574,1.093405
-3.534431,-1.573248,0.115210,1.089914,-1.538777,1.428820,-1.121522,-0.108548,0.537216,-0.146221
-1.271181,1.570948,-2.952553,-0.281536,0.097127,-1.106669,-0.026380,0.639311,0.986216,1.270541
6.188031,0.662807,3.279019,-1.056114,-2.602007,0.570071,1.606198,-0.465721,1.340903,1.023520
4.142250,-0.599533,4.644063,-2.639823,0.371611,-0.762241,-0.136838,2.516078,1.532156,0.183807
0.414637,1.233175,2.651333,-0.528985,-1.878176,-1.503381,0.042796,-0.373622,0.617724,0.648107
-0.156842,-2.984972,-2.031270,-1.808166,1.216374,0.280029,-0.071007,2.576076,-1.295755,-0.097174
0.803975,-1.152602,3.150408,2.186011,0.318386,1.037265,0.316003,0.896114,-2.662564,1.519446
-0.744790,-0.684401,-3.759794,0.299657,-0.932979,-1.481349,0.585534,0.935574,1.536153,-1.043247
-3.359622,-2.195025,0.368352,0.076065,-0.969887,-1.253569,1.959829,-0.842014,0.196309,0.551068
-3.553671,-0.843771,0.126664,0.056272,-1.626342,-1.305824,1.412405,-1.360178,-0.451092,-0.052561
1.816023,-2.269361,-2.663552,0.055412,-2.486199,0.523516,1.649646,0.730515,-0.744699,-1.013769
0.585206,1.656736,-0.520102,2.375091,-0.333450,0.588348,-3.371301,0.582366,1.697201,-2.466133
-3.653037,-1.988549,0.210176,0.469953,-1.835228,0.189129,0.549167,-0.963693,0.571143,-0.305917
3.336800,-1.453838,1.451387,1.553403,-4.114528,1.668379,0.643591,0.347847,0.076371,1.870131
-1.158750,2.073823,1.429007,0.127227,-0.067008,0.606791,-1.849173,-1.421232,-0.109976,-3.298570
0.060700,-1.639612,-2.569437,0.004625,-1.704629,-1.083190,0.257004,-0.214744,-0.575028,-2.409779
4.809375,-1.968714,-2.871710,2.239008,-3.126747,3.368599,1.650173,-1.004472,-0.203391,0.316572
-2.155840,-2.281286,2.195836,0.547021,0.965641,3.412154,-2.179208,0.364494,0.876609,0.228668
-0.954541,-0.808725,1.245501,-0.457719,0.727028,-0.794190,-0.480748,-1.777434,-1.452435,0.292015
4.961691,-0.865216,-0.869174,0.053290,-0.876892,0.335888,-0.793840,-1.929448,-1.183506,-1.280379
-3.634512,-1.044865,0.127344,-0.241334,-2.028778,-0.937300,1.576877,-0.961409,0.282259,0.062179
1.016729,2.990941,-1.158351,0.918521,0.284767,1.095881,-0.174364,0.315806,-1.170510,3.253245
-1.029225,-0.636161,-1.536797,-0.141050,1.826903,0.055157,0.999077,-0.088410,-0.753404,0.276594
-3.237254,-2.672807,0.389461,0.430025,-1.685294,-0.109775,0.526958,-0.782735,0.533668,-0.145097
-3.281002,-2.763606,0.425879,0.977641,-0.422308,1.474105,-1.614475,-0.041693,1.413802,0.802334
-0.498947,2.104000,-3.545285,-1.658203,0.762437,-1.346594,2.268195,1.076384,0.390754,1.303766
1.196977,-3.188028,-0.852086,-2.490601,0.640157,-1.063215,-1.771089,1.573898,-0.751239,-0.043709
2.613133,-0.160538,-0.735348,-0.839967,-2.881776,0.067894,-1.333457,-0.796327,-0.894406,0.606786
-2.131758,1.370445,1.598627,-2.085296,-0.086422,1.918633,2.036862,-0.565032,1.478516,-1.318670
-3.806704,-1.823659,0.340230,0.460203,-1.365661,0.641687,0.751320,-0.572035,0.634401,-0.435439
-0.524614,4.214261,0.566765,-2.609225,-1.201653,1.047073,1.976780,0.944348,-0.195404,-0.766912
0.563108,3.055375,-0.091177,-1.572737,-2.939046,0.667232,2.540705,2.108185,-0.138712,-0.594243
-1.772919,2.468011,1.456955,0.142519,0.763232,-0.773996,-1.304066,-0.195757,-1.264363,-0.937438
3.932603,0.020578,2.794647,-0.697203,0.147204,0.673195,2.056815,2.340426,-1.403602,1.411393
-3.121653,-2.522490,0.914207,1.061696,-0.503662,2.080425,-1.759404,-0.001812,1.135475,0.782641
-1.639598,1.917655,-1.381231,-0.538885,-1.078080,-0.143680,1.253621,0.556234,-2.171160,0.188369
-3.597567,-2.743387,1.168772,0.211350,0.026070,1.819826,0.247316,-0.305921,1.696283,-0.112597
-2.181888,-1.415064,1.116284,0.095868,0.845425,-1.890995,0.139991,1.380870,0.691826,1.242614
-1.240763,2.351804,1.377366,-2.030055,0.352199,3.230428,2.674636,-0.237809,0.555053,-1.442980
-1.408521,2.760012,-1.826007,-0.379850,-1.469132,-0.408619,0.153645,1.297954,-0.585440,1.860153
0.081110,2.171671,3.177243,-1.951195,1.061931,1.733777,0.107380,-1.632365,0.944869,-2.391750
0.472270,-0.869846,-0.620521,-2.432808,2.461824,1.550046,-0.631342,-1.493886,-1.725645,0.927594
1.724313,1.200237,0.456459,2.103509,-0.667653,-3.240322,0.478314,-0.120932,-1.340625,-0.440891
-3.471494,0.190886,0.997863,0.088647,-0.747902,0.006339,0.733025,-0.381018,1.412516,1.139547
-0.757449,-2.043861,-3.976184,0.419139,-0.633935,-1.004025,0.495742,0.856852,0.941684,-2.144630
-3.340139,-2.473408,0.185212,0.666090,-1.858530,0.149040,-0.320912,-0.568722,0.746625,-0.133291
1.170004,-1.365568,-3.047134,-0.130257,-1.579464,-1.243075,1.484585,-0.063395,0.666210,-1.936514
-0.645566,2.576608,1.664526,-0.761786,-2.399100,2.040856,1.263815,1.842364,0.289830,-1.460312
-0.042045,1.472599,-0.083251,2.835375,0.404087,-1.339059,0.541722,-1.151782,-1.331382,-1.913091
-1.333958,-1.421639,1.374192,0.654790,0.891021,-1.694077,-0.978633,1.513823,1.130515,1.484609
7.272044,-1.146112,-2.149477,-1.033578,-2.127717,3.185171,2.660816,-1.481947,3.128139,0.168787
-2.378806,1.400098,-0.139301,-0.789249,-1.385872,-1.150786,-0.453082,1.208012,-0.114648,-0.996906
1.975773,-1.366894,-5.156550,-0.746557,1.369921,-0.402145,0.338844,-0.534472,1.208567,-2.296573
-0.154816,-0.529642,-0.177210,-0.919702,1.325830,0.812797,-0.163971,-1.435139,-2.598491,0.236311
-3.833540,-2.484523,0.958444,0.237742,-0.429062,1.609810,0.100933,-0.297569,1.803562,-0.174883
1.327794,-0.606221,-1.270074,-2.212054,0.876120,-0.396193,-2.592432,-2.522619,0.086470,-0.232203
4.346633,-0.600172,0.986963,-1.832349,-2.940358,-1.134142,-1.371551,-0.662251,-1.581378,1.044829
-1.694647,1.967829,1.743950,-2.077213,-0.899944,1.847721,1.494002,-0.726387,0.443697,-2.041361
-1.714669,-1.859241,2.472648,-1.088704,0.221057,1.710171,-0.335249,-0.124657,-0.622709,0.506163
-0.340745,1.505572,2.633979,-1.917907,0.515368,2.392964,0.960002,0.142063,1.369004,-1.986984
-0.302336,-1.169928,2.978746,-3.530797,2.377797,1.400705,-0.273241,-1.114162,0.121121,0.673416
-0.231146,0.063117,-0.740118,2.920147,0.986221,-1.354326,0.220207,-0.573058,-1.151957,-1.795017
0.829016,-1.836679,2.729847,-0.421441,-1.675194,-0.250063,-0.936406,2.312201,2.802837,0.130198
-3.069578,-2.878909,0.740244,0.743644,-0.330932,1.907878,-1.896217,0.149805,1.494588,0.948830
0.445223,-0.762802,0.343563,-0.091136,1.485966,0.883272,0.200489,2.270768,-0.641591,0.251398
0.755152,2.914332,-1.355041,2.813207,-0.211662,-0.452501,-1.585649,0.978922,-0.264712,-0.681381
-3.161754,0.532444,1.246721,-1.005449,0.154068,0.244604,-0.140840,-0.147399,1.219392,-2.139437
0.334952,2.025218,-2.023986,-1.161421,0.841307,-1.431787,-1.691380,-0.733434,1.807447,0.397149
5.960312,-0.037696,-1.356406,2.900863,-1.590823,3.177403,3.781947,-1.401476,1.432826,0.975694
-0.235861,3.885505,1.050597,-0.307233,0.004419,-0.165026,-1.099250,-1.203396,-1.906810,-0.638535
-3.759201,-1.930473,0.761161,0.601574,-1.135188,0.803556,0.960729,-0.630541,0.558815,-0.450364
2.516761,1.545295,1.965343,2.538912,-0.103561,-0.492513,1.470308,-1.168520,-1.336898,-1.160695
2.436143,0.175348,1.698252,-1.842070,-0.090374,-2.087284,-0.478124,1.225155,-2.055687,-0.355055
0.743207,-0.578735,1.159339,-0.702948,0.140122,0.803100,-0.501208,-2.013480,-2.060310,-0.042843
-1.898902,0.416486,0.584946,-0.046177,1.019182,3.301209,1.580590,0.216794,-1.316012,-1.666872
-2.127210,-0.732734,0.761070,1.261290,-0.484377,1.890485,-3.147792,0.173541,-0.227597,0.566301
0.602929,4.064081,-1.834823,0.448220,2.722580,0.329427,-2.033830,0.853743,0.420659,0.779865
-3.442045,-2.102913,0.536239,0.102224,-0.701722,-1.358091,2.049293,-1.583583,0.481439,0.193044
1.568188,-0.176981,2.668096,2.248176,1.983245,-3.521918,0.122513,-0.361254,0.476059,-0.599707
-1.342146,-0.856758,-0.278226,1.666569,0.538757,1.474575,2.263453,0.002204,-1.182802,-0.261383
-0.642547,0.081268,1.526182,2.724986,-0.511972,1.208720,-1.353682,1.041893,-2.134370,-0.338998
0.595534,-1.350745,2.123428,0.292624,2.459328,-3.682295,-0.535982,1.223522,2.043723,0.857111
-0.398212,3.197010,-1.975294,-1.023930,-0.641454,-0.461378,0.763086,3.564863,-0.185372,0.911698
0.227183,1.946333,-1.181609,1.467948,-1.215909,-0.927210,-1.073851,0.028459,3.043762,-1.021922
-0.395284,4.071295,0.591036,-1.214499,-1.030124,1.125056,2.917869,0.533235,-0.610965,-1.734059
-1.002001,0.223791,1.514192,-0.151302,-0.144055,1.054015,-1.031437,0.912350,-1.846351,0.372341
-0.910585,2.083625,-2.873479,-0.214507,1.488005,-0.810348,-0.471325,0.274170,0.493948,1.149081
1.131900,0.007067,1.002549,-1.667441,-0.854651,-2.011842,-0.621547,0.493204,1.308899,0.684679
-1.692340,3.177434,-1.258979,-0.157892,-1.710933,0.633775,0.660175,1.716136,-1.199451,0.503107
-1.586356,-1.166885,-1.487357,0.810614,1.409109,-0.023546,0.398819,-1.121641,-1.269960,0.121184
-1.285299,-1.813060,-0.971734,-2.669452,1.951630,0.576424,-0.296945,-0.198283,-1.017448,0.931657
-0.178769,-0.801816,-0.103225,-0.943872,0.300326,-1.989329,-0.439151,-2.081677,-0.324610,1.448659
-0.721871,2.270427,1.266299,-1.877622,-0.944852,2.931717,2.302173,1.480451,-0.761180,-1.651242
-1.771293,2.803601,0.355702,-1.310193,-1.288566,1.130628,1.332608,-0.478643,-1.053423,-1.144640
-0.650247,0.484134,2.201807,1.606632,0.088617,1.669010,-1.777421,1.205965,-0.343504,-1.027472
-2.166562,-1.236307,0.680812,0.747355,-1.567760,-1.173430,-0.746616,0.558101,0.063313,0.548715
-0.708967,-2.121149,-1.887786,-1.236072,0.187380,-1.559025,-0.052890,1.385569,-0.314992,0.308038
0.170090,4.054316,0.784979,-2.040432,-1.921123,1.948953,1.946925,0.646324,-0.562610,-1.115270
-0.795213,1.562205,2.392532,0.633848,1.580866,0.248979,-1.182238,-0.463229,0.062063,-1.752448
-3.946541,-2.280626,0.674591,0.860570,-1.125703,0.590523,0.119267,-0.684267,1.605299,0.036654
-1.890137,-0.411052,-2.978716,0.156798,-1.486610,-1.090410,-0.241359,1.006782,-0.590983,1.052615
0.221621,1.259933,1.733852,-1.354860,2.229179,-0.860850,-0.051080,-0.808398,1.357461,-2.501642
-0.116818,3.789101,1.739005,-3.157445,0.020061,-0.681023,0.672800,1.369331,0.365909,-1.801203
-2.812934,0.543198,-0.387905,-1.434929,-1.043184,-1.577837,2.200333,-1.132686,0.164872,1.428928
-0.747352,-0.421418,-2.649377,-1.724885,1.816756,-0.423329,0.740326,-0.946311,3.092714,0.503606
-3.947688,-1.813105,1.147330,0.039071,0.494304,0.567383,2.080970,-0.193084,1.194655,0.341305
6.615525,-0.169273,0.962456,1.149027,-1.949919,1.777851,3.832511,-1.481989,2.203652,1.850064
-2.501084,-0.043158,-3.101728,0.200568,-0.468116,-0.514510,0.462577,-0.155946,0.209337,2.313868
-1.716030,1.357308,-1.581776,-1.621329,0.297502,-1.389852,-0.748460,-0.399662,-0.071890,0.912327
8.089523,-0.355178,1.178559,-1.841072,-3.165694,0.867298,0.987334,-0.782039,0.363286,1.435352
-1.203846,-0.481225,-0.473715,-1.134068,-1.292936,-1.213331,-0.513885,-1.455289,-2.173503,0.931146
2.173980,-2.654342,-0.579517,-1.288465,1.830469,-1.870708,-0.209526,-1.688980,-1.703924,1.310183
3.706445,-0.803324,3.707180,0.804785,-2.529227,-1.996024,-0.445024,0.483780,-1.072215,0.001898
-0.260656,-0.396400,2.988853,0.411558,-0.338465,-1.908594,0.172427,2.639099,0.451267,0.406097
3.553687,-2.579933,-2.150138,-0.433225,0.317034,-0.262056,-1.398935,-1.445793,-0.278692,-2.873505
-3.205154,-0.582884,-0.506781,0.007089,-1.295772,-1.571851,1.432318,-1.532478,-0.884405,0.419007
1.066568,-0.936375,3.705537,2.473244,0.268448,2.009239,-0.582283,2.071712,-2.807264,-0.076186
1.258937,-1.309859,-1.826748,-1.463652,2.639246,0.900367,-0.892960,-0.621602,-0.466845,1.301810
3.767278,3.601126,0.821508,4.858759,-0.910589,1.026519,1.066874,-0.030109,1.481559,0.151730
0.848477,2.888552,-0.338071,-1.505460,-2.694930,-0.291618,1.117620,2.562493,-0.411101,-0.688911
0.859443,-1.307336,-1.834769,-2.142016,2.406758,-0.050669,-0.743077,-0.824990,0.332166,1.285875
1.362385,-1.468698,-3.152959,0.500285,1.053373,-1.733867,0.175660,-1.553143,-0.373259,-1.440648
1.516137,-1.804044,1.403377,-0.925409,0.727246,-0.266977,0.042113,2.736623,-0.632101,-0.071749
-1.180242,2.598439,-0.517753,-1.027762,-0.203404,2.543978,1.921942,0.254463,-2.605119,-0.971178
2.816164,-1.426679,1.629782,-0.554881,-0.171161,-1.845158,-2.310623,-0.538549,-0.525816,-1.216719
-2.039436,0.453865,-0.740452,-0.263657,0.832235,-0.660063,2.913688,-1.110190,0.133363,1.328991
-1.388634,0.356248,1.551851,1.040339,0.610558,1.417849,-0.971527,0.184367,0.949591,-1.630605
-3.620632,-1.803609,0.411202,0.996332,-1.122041,1.637456,-0.942724,-0.269623,0.795081,-0.287171
0.860554,-1.111418,-1.776527,-1.364113,1.921704,0.495195,-2.952023,0.230768,-1.631982,0.466600
3.385852,0.620710,2.658770,-1.633608,-3.813485,-0.040974,-0.413382,0.383275,0.111829,0.908628
-0.198808,2.578624,2.468416,-2.352715,-0.912361,2.075028,1.015417,-0.426074,1.099942,-2.260998
-2.023454,-0.162229,-0.249226,1.285280,0.034361,1.229079,-1.539813,-0.375399,0.505683,0.616816
2.464470,-1.734759,-2.086253,-0.502607,-0.805092,-0.799294,1.514170,1.645617,-1.816967,-0.859855
3.056533,-0.161772,-1.025848,-2.067049,4.456768,2.071110,1.029287,-0.295309,0.747131,0.121018
5.004536,-0.133240,3.894645,-2.838484,-1.646091,-1.041933,-0.523099,1.998940,0.561265,0.318289
2.346187,-2.183906,-1.090912,-2.050559,0.953015,-1.788386,-0.727967,1.115602,-2.887123,-0.143035
-3.457740,-2.773443,1.280470,-0.380135,0.412644,-0.764299,2.279178,-1.216753,1.405415,-0.020761
0.436208,-2.646994,1.087872,3.419788,2.703985,1.567770,0.514623,0.645752,-0.519699,0.876251
2.016731,1.809526,0.229656,1.894544,-2.126746,0.599229,2.200004,0.505962,1.077677,0.861477
3.348751,0.237911,0.641949,2.773018,4.142810,-2.244113,1.760613,-1.778833,0.383378,-1.784648
0.136181,-1.365208,-2.328146,-0.554129,-1.917363,-1.025355,-0.214709,0.842801,0.118421,-1.125764
-1.793244,-1.126082,-0.202776,-0.193742,0.845651,-0.017439,1.536078,-0.175053,-1.099420,0.566930
0.933215,-1.209376,-1.860501,-1.158852,-0.892700,-1.418521,-2.132817,-0.762816,-0.430661,-1.372348
4.867945,-2.496865,0.456523,-0.721157,-2.172370,1.590931,0.844549,-0.648607,-2.137012,0.953541
-0.362067,3.218500,0.060047,-1.727680,2.761541,0.048884,-0.966678,-0.710176,0.416863,-0.602704
-2.413654,2.404388,-0.130365,0.091526,-0.313066,-0.870437,-0.121996,0.530305,0.261170,0.942353
4.615043,-1.231554,0.995366,-0.976314,-4.069972,0.474760,-0.890666,-1.587741,-1.137763,1.711270
-3.371465,-2.771748,0.697837,-0.159178,-0.153970,1.529857,0.125258,-0.465732,1.494690,-0.010266
3.026442,-0.626187,-1.081050,1.929877,-0.035468,-2.583143,0.735598,-1.269909,0.664462,-2.638661
0.568676,-0.209759,3.541048,1.403541,0.966382,-2.704866,-0.301626,1.067950,1.542985,1.293732
6.448693,-1.356155,0.935406,-0.042804,-2.957257,0.246868,-0.205688,-1.468108,-1.015558,1.300062
1.239479,2.340900,-0.582843,-2.006610,3.064398,1.480527,0.610466,-1.741797,1.915800,0.601903
-0.002053,0.561813,1.395546,2.173085,1.352219,-1.707834,0.150951,-1.550141,-1.017198,-1.341436
1.213708,-2.032986,0.945492,-1.125839,0.047612,-0.321730,0.278378,2.763243,-0.421170,-0.121311
-2.571653,1.826879,-0.453738,-1.157092,-0.742043,-0.872646,0.508931,-0.687044,0.033957,-1.061916
-2.215003,1.869174,-1.335523,-1.111248,-0.914348,-1.091708,1.357983,-0.419816,-0.673512,1.811461
1.099104,1.333396,1.305211,-1.310222,1.555874,1.664170,-0.492048,-2.772626,1.613045,1.315085
-1.483203,-2.560762,-1.833874,0.760268,0.310320,2.522280,0.070987,-0.005513,-1.178148,-1.236446
-0.184831,2.034097,-2.942636,-1.032859,0.836542,-0.547864,-0.395351,0.955480,-1.081843,1.401442
0.715173,0.050967,4.354964,1.342602,1.053321,-0.740320,0.391533,0.184447,1.536877,-0.367125
-0.421540,-1.009069,3.295127,1.126969,0.071722,1.620036,-1.290038,0.214797,-0.691506,-0.127791
2.224734,4.800088,1.393225,-1.497733,-1.070414,0.047686,1.769680,0.542698,0.364740,-0.796746
3.098157,-2.637917,-4.300805,-0.699303,-0.976404,1.586007,0.148174,-0.699488,0.168759,-2.014039
0.206989,-0.130855,-2.264852,-0.062014,0.520831,0.320316,-0.788315,-0.773693,0.163826,-1.532709
4.049376,-1.164139,4.853635,-0.090743,-2.060885,-1.238935,-0.169702,1.663097,3.554485,0.871613
0.914440,-2.207154,-3.741949,0.708170,-0.910889,-0.700517,-0.139631,0.297573,-1.102962,-2.226173
0.774770,1.531117,-0.360432,2.689838,-0.760773,1.798001,-2.739214,0.472850,-0.396575,-0.413392
-1.126708,0.184353,1.074878,-1.881886,-2.203664,-0.479917,-1.627381,-0.543443,1.092015,-0.245389
-3.765738,-1.510324,0.270850,0.388828,-1.741048,0.206064,1.135632,-0.629953,0.313502,-0.616507
-3.679048,-1.320122,-0.058477,0.837997,-2.086120,0.370015,-0.377976,-0.627029,0.015637,-0.438432
-3.475441,-1.637475,0.163627,0.475522,-2.050351,-0.657961,-0.009751,-0.967992,0.289446,-0.077054
-1.452628,1.351103,-2.870361,-0.764480,-0.050725,-1.606348,0.464661,0.585909,1.108419,1.146050
-0.333283,0.210073,0.387172,-1.107329,-0.973756,-0.423382,-0.630871,1.552597,1.089348,-0.270532
-1.061007,-0.910191,-1.094452,-0.577565,1.936715,-0.164620,0.144548,-1.632434,-0.922958,0.610943
1.699624,3.574179,1.456397,-2.804822,-1.163776,2.096536,3.506780,1.805593,0.173057,-0.665659
3.276785,-0.042381,1.275465,-0.857339,1.417188,-1.320141,-0.509702,-1.214118,1.544853,1.069930
-1.728358,3.064411,-1.663053,-1.281044,-1.219884,-0.014525,1.896761,0.384951,-0.633475,1.536773
-1.488925,-0.320003,0.948899,-1.892252,0.102667,1.257512,-0.388956,-2.154925,-1.343020,0.087456
0.015398,1.452808,-0.604933,0.672770,-0.437990,1.112204,1.823617,1.288429,-1.951152,-0.810213
0.471027,0.693365,0.972831,2.626171,2.041254,-2.361830,1.047973,-1.309423,-0.455320,-2.222140
-0.262369,-0.330806,2.460248,1.961497,1.355211,-3.122977,0.603770,0.423295,-1.094793,1.158643
2.495812,-0.991105,2.218611,-1.946728,-1.146410,-0.583946,-1.769987,4.060181,1.394892,-0.544312
-0.588192,3.873344,0.783642,-1.562638,-1.720632,1.004326,1.754176,0.840572,-0.364846,-1.603874
-0.907165,-0.608363,-4.167043,0.344611,1.360650,-1.065729,-0.478230,0.187781,2.541557,-1.588962
0.595183,2.655145,-2.299895,1.875087,3.060493,0.554487,0.264007,-0.522240,2.711008,0.957887
-0.570362,0.479831,0.130119,3.724826,2.007710,-0.503165,0.964217,-0.476503,1.889127,-0.896404
1.051804,-2.874783,-2.697986,-1.891645,1.805326,-1.387111,-0.216182,0.832681,-0.164833,-1.545149
2.170290,-2.819567,0.434339,1.991792,2.337982,-0.360985,2.411928,1.321143,1.604735,1.283187
0.503667,-0.665185,-2.300183,0.064014,0.984549,1.588957,-0.500835,-1.757144,0.177118,-1.569683
-1.418483,-2.792080,0.481617,-1.996586,0.607463,0.346583,0.311622,1.327693,-1.040828,-0.108756
0.121712,-2.403355,2.717412,-0.433812,-0.913357,-0.764825,0.713461,2.514049,0.845275,2.300920
-3.600860,-1.922916,0.439193,-0.648816,0.241223,-0.543238,2.584183,-0.640279,0.669541,0.688292
5.212682,-1.085835,3.680943,-1.403986,-3.498488,-0.211503,0.566712,-0.220879,0.894992,1.644238
-3.462032,-0.564802,-0.501139,0.250191,-1.270435,-1.488743,1.403660,-0.652813,-0.868903,0.976294
2.854442,-2.089435,-3.246417,-1.554613,-0.305960,-0.263171,1.838674,1.018724,2.369305,-1.835836
0.855659,-1.845442,-1.246212,0.507670,2.104159,1.853435,-0.930431,-0.509494,-1.641791,-1.416145
1.537888,-1.486510,-0.166842,-0.570965,-1.409418,0.409746,-0.263395,2.311303,-3.360966,-0.927799
-1.765228,-0.489529,2.887912,0.882544,1.329720,-2.486392,1.264252,0.642122,0.147216,0.470542
-0.309282,-1.064469,1.735470,0.757519,1.335748,-3.460968,-0.074657,2.237525,1.273727,0.391740
-0.310172,-2.078021,2.449849,-2.266781,0.754116,-0.138004,-0.618285,-0.879184,1.570744,0.878803
0.404187,0.482038,-0.896533,3.475993,1.360030,-1.234956,0.433248,-1.943243,-0.448021,-1.997509
-2.509520,-0.878274,-0.063126,-0.828261,1.727778,-1.278626,3.814609,-0.700909,-0.437223,0.613997
0.433370,-2.821436,-0.894071,1.855898,3.044552,2.752456,2.616969,0.256040,-0.298104,0.532116
1.386265,3.307366,-1.851482,-0.453511,-2.549659,-0.275830,1.116415,2.880840,0.066780,1.325301
-0.390450,3.370536,-1.242886,-1.532048,2.596004,-0.338509,-0.584845,-1.522131,-0.208380,1.404549
-1.574542,-1.172396,1.060627,-0.880294,-0.912454,-1.629173,1.278967,1.462039,-0.081278,0.697486
3.563412,-1.289651,0.931796,0.279957,4.220407,0.253850,0.789182,1.462880,-1.071773,0.094751
-2.096452,1.864167,0.009886,-0.166959,0.090427,1.747828,0.758888,-0.273760,-1.168331,-0.501029
-3.597959,-2.838192,0.619642,0.773536,-0.875692,0.632915,-0.370114,-0.325833,1.837019,0.175509
0.550208,0.134358,4.635237,2.003711,0.610483,2.385500,-1.929808,0.351730,-1.098938,1.823049
-3.912689,-1.794457,0.351283,0.396524,-1.160830,-0.026459,1.086188,-0.857685,0.496087,-0.024978
-1.748459,1.998522,1.573782,0.364711,0.427252,-0.630492,-1.752020,0.578747,-1.137298,-1.075103
-3.154225,-3.497995,1.041309,0.460544,0.495525,1.420761,-0.872071,0.006951,2.200900,0.838269
-0.264171,-4.127892,-0.093042,0.207878,2.557398,1.878700,2.121930,-0.843976,-0.364702,0.952449
-2.569818,-0.019359,-0.114786,-0.781108,-0.954287,-2.761501,0.695732,-0.708133,1.209753,0.556152
3.447876,-1.163396,-1.397864,1.204374,-2.636954,1.376800,-0.386522,-2.432121,-1.066449,-0.162567
5.172599,-0.380258,0.241224,1.709806,-3.010331,1.944740,3.010684,-0.962668,0.670341,2.122286
-1.505975,2.765237,0.911918,-1.540255,0.768389,-0.045635,-0.907010,-1.573073,-1.112787,-1.858888
-3.539819,-1.228686,-0.062243,0.786071,-2.058359,-1.103703,0.728782,-0.968336,-0.734606,0.202144
0.594632,-0.164588,3.718566,3.190401,0.461180,2.160234,-1.261314,1.375033,-2.435368,0.743975
1.499644,-0.204271,-2.870793,-1.891116,0.653610,0.227873,-1.509074,0.006595,2.863690,-1.390555
-2.081741,2.190536,1.500983,-1.158773,-1.363692,1.718752,0.986001,1.027425,-0.317090,-2.165733
1.207827,-2.165981,-1.894544,-0.149478,0.825035,-0.824269,0.356857,-0.731595,-1.111574,1.286100
0.206190,2.701178,-0.988426,0.240604,-0.555354,0.006005,-1.548591,0.126019,-1.343653,-0.747979
-1.067605,-2.148950,-2.046429,0.252929,-0.160793,-0.681186,-0.673151,0.101312,-0.452720,0.947158
1.050013,-3.949363,-2.786476,-0.903201,-0.069686,-1.221226,0.442460,2.495255,0.360340,-2.065587
2.226827,-1.527686,-1.606415,1.358965,2.984256,0.469674,0.077669,-1.376920,-1.134377,-0.931343
-0.160415,0.331019,-2.679677,3.063711,0.130011,0.610072,-1.825955,0.528150,0.485328,-0.027278
-2.053811,1.804561,0.700611,-1.706805,1.339255,0.871678,-0.343234,-0.839400,-0.850290,-2.743471
-0.826840,-0.468052,0.008285,1.011025,-0.572378,0.594837,0.373973,1.671240,-2.576615,-0.177556
-0.135174,2.457684,3.342044,-1.023925,0.028422,0.445845,-0.043684,-0.523188,0.645564,-1.824049
0.018956,2.809056,0.730519,0.336447,-0.161406,-0.420178,0.301648,-0.175640,-1.047059,1.387061
-1.530111,2.079612,1.077587,-1.072416,0.068136,3.563374,2.172228,0.175580,-0.607083,-1.509455
4.447510,-1.003590,0.268108,1.335844,-1.515325,-0.886711,0.817566,-2.641020,-0.868040,-0.720938
-0.311582,-1.750468,0.300040,-3.513871,1.732933,0.303347,-0.715751,0.379109,0.618798,2.712580
3.114316,1.054656,1.038731,3.942887,3.403403,-2.448548,1.805829,-2.391518,0.050792,-1.470031
3.564834,0.597882,1.685786,-0.439128,1.030443,-2.142920,0.469227,0.790717,-1.720581,-1.161448
-0.061975,-2.057436,1.279664,-0.400187,1.505283,-1.872326,-1.278568,-0.394071,-0.024951,1.624157
-0.451384,1.171668,0.446448,3.048126,-0.627631,-0.774840,0.402191,-0.772148,-1.119930,-1.656037
-2.588967,-1.387572,-0.897523,-0.187788,-2.012147,-0.402597,0.962770,-1.395272,-1.568572,-0.329811
4.601775,1.563647,0.058243,-0.747416,3.072633,0.385148,2.393206,-1.168185,1.567687,0.089357
-0.071564,-1.734121,2.006247,2.611258,1.133921,1.186630,-1.157434,0.736951,0.141377,0.726813
-2.473881,1.094174,-0.404187,0.845532,0.099407,-1.482191,-1.269601,-0.883949,-0.525237,0.987862
-0.778703,-0.709902,-1.879070,-0.224902,1.920012,2.970706,3.225170,0.560114,-0.836483,-0.438746
-0.954523,0.902550,0.158980,-1.327205,0.984663,0.523520,-0.571140,-1.609527,-1.312492,0.035088
1.474201,3.213496,0.022874,1.395667,-1.183875,-0.007634,-0.560163,-0.251118,-1.982921,1.335901
-0.641322,2.784835,-0.324354,-0.524148,1.436420,-1.458790,-2.121635,-0.138335,-1.181693,-0.295004
1.396909,0.490645,0.741518,3.368264,0.800486,-2.687061,1.326247,-1.644888,-1.479246,0.033954
-0.820324,3.051603,1.537811,0.035513,1.252477,1.128100,-1.677824,-1.836918,-0.015113,-2.442845
-0.819170,3.787735,0.461276,-0.509333,0.898554,-0.716183,-0.167480,0.193229,0.564144,1.347772
-2.849683,-0.418774,-1.443895,0.063464,-1.246442,-1.819387,-0.228814,-0.044938,-0.808325,1.292626
-2.186703,-0.105794,-2.397745,0.477407,-1.211357,-0.041170,-1.077105,-0.168587,-0.774952,1.096518
-0.613530,3.926679,-2.048596,-0.699263,-0.609900,-0.228532,1.164855,2.910463,0.341548,1.936874
-1.312103,1.060970,1.517322,1.562545,-0.185934,0.548063,-2.775532,-0.123801,0.132012,-1.726568
4.395967,-0.268902,3.623082,-3.014362,0.368670,-1.159098,-0.447811,3.322572,0.561533,-0.141018
-3.846807,-0.767205,-0.309639,0.361956,-1.885203,-0.844929,0.911504,-0.579204,-0.172449,0.493413
2.209083,4.182308,-0.044114,0.284478,1.065697,0.996992,-0.985343,-0.410075,0.074067,2.806135
1.192650,-2.433820,-3.722071,-0.956151,-0.070545,1.078917,-0.526730,0.289895,2.829056,-1.680300
5.782930,-0.517149,-1.407483,0.583258,-0.945922,0.296243,-0.065777,-3.187614,0.265695,0.214592
3.363384,-0.457672,1.134928,-0.675275,-0.339621,-1.816982,0.114789,-0.193576,-2.096227,-0.243152
1.175634,-3.978983,-2.683782,-0.628273,1.112185,0.318763,-0.800974,1.915569,-0.865253,-1.369881
-2.038325,0.663754,1.429962,0.674279,-0.708020,0.065217,-2.177867,0.105467,0.046131,-2.136814
0.574836,4.248983,0.146807,-1.562885,0.762169,-1.711986,-0.178287,-0.284012,-0.935266,-1.497512
4.584866,0.150973,2.516188,-2.268407,-2.515421,-0.578102,-1.473665,1.231758,0.372795,0.058604
-3.629187,-2.642872,1.290956,0.951204,-0.924401,0.142305,0.857927,-0.659366,1.367336,0.133418
-3.637227,-2.403764,0.463460,0.985906,-1.043406,1.258436,-0.867883,-0.277472,1.442049,0.193075
0.969608,-1.190104,4.006572,-1.024295,-0.197394,1.307760,-1.460131,-1.155835,0.018165,0.238834
-0.000814,-1.779943,-2.988102,-0.482921,2.116950,1.373544,-2.009931,0.128225,-0.091401,-1.115683
-0.740610,1.077749,0.709834,-1.632771,0.807150,2.106720,-0.412358,-2.438684,-0.148564,0.238167
-0.633629,-1.397188,-0.677325,-4.244118,1.599002,1.050492,-0.321585,-0.664134,-1.220090,0.681718
-0.077522,-0.466765,0.839603,-2.553123,2.947797,1.104627,0.098406,-1.809612,-1.135014,1.063458
-1.912539,2.564491,-0.386731,-0.784001,-1.656312,1.105962,0.921102,0.365987,-1.549789,-0.289508
-1.363857,0.786075,-3.666844,-0.237557,-0.717577,0.278498,0.117146,0.888291,-0.730798,1.098456
-1.708648,-0.438878,0.475776,2.229202,0.128798,0.329019,-1.962887,-0.190072,0.326816,0.086202
3.625591,-1.495430,-1.302941,0.956862,-3.330736,0.744318,-1.314035,-2.186240,-1.294861,-0.094982
1.206693,-0.819021,-1.312368,-3.179797,2.738396,-0.177717,-0.199107,0.699058,1.587540,1.943559
4.499012,-1.059649,2.951801,-1.643480,-3.755290,-0.038443,0.139089,0.701303,1.722040,0.649627
-1.167152,0.432621,0.487707,2.369850,-0.207728,-1.899537,0.060058,0.508847,-1.177995,-0.778286
0.591190,1.590889,0.346334,1.212316,-0.536730,-1.166301,-1.269241,1.793314,2.516547,0.246637
2.063408,-2.486064,-2.635968,-0.218126,1.306786,-1.548550,0.322596,0.562233,0.772509,-1.805898
0.810537,-0.588361,-1.043907,0.253741,2.382891,-3.319782,-0.564894,-0.313729,-0.038835,-1.184040
-3.473037,-1.848624,0.496587,1.014536,-1.161152,1.794863,-1.232760,-0.183202,0.573235,-0.203788
1.351745,0.357344,-3.748136,0.740447,-0.837482,-2.116575,-0.680969,-1.021332,1.517368,-2.695547
-1.965010,-2.070355,1.657917,-0.608484,0.596074,1.560073,-0.517252,-0.777411,-0.271338,-0.966719
0.277525,3.984867,-1.015656,1.181114,0.458180,0.970229,-1.974759,0.843348,-1.006581,1.081979
-1.664921,0.740724,1.061287,-0.605644,0.545751,1.665474,-1.396438,-2.245915,-0.189080,-1.387045
-1.185223,3.105736,-0.847170,-3.069376,0.867766,1.519543,4.099361,1.399651,0.334677,0.323998
4.538169,-1.901617,0.356967,-1.927440,-4.091450,0.087362,-0.945135,-2.400583,-0.602164,0.849827
0.223337,-1.206226,2.370147,0.253474,1.357970,-2.766253,-0.359268,0.553029,1.395054,1.902077
-2.232955,2.181519,-0.426102,-0.686545,-1.003864,1.570843,1.876152,0.885535,-1.395904,-0.834629
-0.115296,-0.068337,2.353075,2.303453,3.138688,-3.368625,1.138823,-0.199377,-0.470422,-0.657847
4.435490,-2.074051,-1.988392,2.601332,-2.675459,3.237393,2.858073,0.141293,0.582397,0.140105
1.268943,2.350211,-1.848776,0.710437,1.557147,-0.661789,-2.276652,0.187399,2.018462,-0.808785
3.720613,-0.167806,3.890098,-2.706493,-1.492665,-1.210500,-1.557150,3.008332,0.212416,0.159806
-1.309097,2.258066,-3.238721,-0.631569,0.674762,0.101474,2.105918,1.901624,-1.028389,1.958029
0.932907,-2.423395,-3.205159,-0.730017,3.371483,1.246419,0.291503,-1.099591,2.403993,0.855524
-0.505428,0.447857,0.928375,1.185470,0.353456,-3.196716,-0.114762,1.151222,-1.497858,-0.069508
-3.592470,-1.643312,0.131410,0.583255,-1.754131,-1.176864,0.898682,-1.007933,-0.412602,-0.058149
0.000432,2.565263,-2.531181,1.199844,-0.227083,-0.344301,-1.619312,-0.286718,0.470314,0.092594
0.833305,-0.602224,3.147240,-2.571034,0.826306,-0.974055,0.158312,1.347388,0.883260,0.503786
-0.420888,3.529252,-1.466638,0.474582,0.443524,0.392881,-1.533544,0.463491,-0.496401,-0.131764
4.039652,-0.069972,1.569040,-1.902053,-0.005126,-1.843101,0.294416,1.306279,-0.800243,0.013590
0.377021,2.997342,-1.199113,-0.903315,-2.501698,-0.728266,1.106505,2.373831,0.000441,0.447606
-1.224644,3.313798,0.918053,-2.125987,0.363453,-0.208885,-0.025696,0.080755,-0.058027,-1.810265
-2.317039,0.892691,-1.082321,-1.361463,-0.399379,-0.980442,1.769658,-1.643708,-0.368402,0.042227
-0.624642,2.814437,-1.810281,-0.329574,1.659607,-0.128255,-1.924001,0.968591,0.183286,0.249566
3.303472,-1.358881,4.180711,-1.480462,-1.345347,-1.884375,-0.409219,2.448619,0.341763,0.287594
-0.810226,-0.225843,2.892430,-0.535079,-0.469212,-0.540899,0.497381,0.073172,1.316623,-1.979915
-0.090146,2.511384,-1.410444,0.365281,1.237218,-0.666364,-1.435846,-0.138605,1.921129,1.622700
-3.633244,-1.528775,0.031535,0.957418,-2.286434,0.517371,-0.444695,-0.352435,0.456103,-0.327867
1.742694,0.035118,1.757279,1.187439,0.097778,-0.054770,0.085886,0.932394,-1.348149,1.190268
-1.815751,0.919801,-0.171114,1.480558,-1.336508,-1.542522,-2.212908,-0.396580,1.722480,-0.251186
0.865272,2.911909,0.786772,0.923167,3.035933,-0.591188,-0.797977,0.391569,-1.297617,0.469320
3.087887,0.741672,0.895372,4.124464,-0.037702,-0.653767,0.803281,-2.608379,0.459912,0.505927
1.031234,3.270108,3.236811,0.878132,-0.404006,-0.396767,0.761435,-0.674186,-0.329074,-1.433977
-0.304033,1.407025,1.539131,1.125701,-0.113937,1.438435,-0.169776,-1.222195,-0.046249,0.305417
-3.249431,-1.196903,-0.536978,0.186102,-1.859969,-1.744880,1.121834,-0.848195,-0.591503,0.643005
2.400415,-1.102864,-1.453679,-0.269598,-4.088929,1.793868,1.748063,-0.738442,1.052079,1.758996
0.404914,-0.828811,3.150307,3.164588,1.452908,1.442493,-2.324918,0.574307,-2.263976,1.059075
-1.668198,1.709343,-1.617799,2.004574,-1.275892,0.672638,-1.088505,0.841248,-0.787398,0.739682
-1.082969,-1.105094,0.315600,-2.717582,-1.081788,-1.760325,-1.100001,0.906461,-0.699307,0.318170
-3.939953,-1.778528,0.142032,0.504595,-1.664876,0.090493,0.744289,-0.475871,0.707689,-0.318590
-1.127991,-1.481618,0.278370,2.406295,1.211468,1.766878,1.837994,0.449831,0.436578,1.174670
-2.082130,-0.627506,0.017488,1.344981,-1.161951,1.498682,-1.120461,0.234483,-1.929009,-0.357299
-1.116325,-0.858969,-3.557524,-0.549229,2.256355,1.989896,-0.459862,0.057053,-0.699623,0.397793
5.283883,-1.113438,2.175903,-2.473649,-2.603273,-1.517594,-2.158211,0.786961,0.473581,0.141449
-3.594141,-1.505753,0.213723,0.179229,-2.116124,-0.718527,0.586295,-0.855029,0.258193,0.260930
1.469246,4.369447,-1.653931,0.946666,1.098361,0.300245,-2.809515,0.246625,0.435840,0.101096
2.914595,-0.872332,-4.168617,-1.782493,0.205798,-0.478999,-1.058652,-2.056390,0.368313,-1.888393
-2.691477,-0.199896,-0.857657,0.482597,-1.532061,-1.877235,0.442869,-0.602612,-1.490560,1.174289
4.081755,-1.884030,-1.949561,-0.835467,2.024763,0.731721,0.167451,-1.646789,0.717902,-1.296976
-2.510296,-1.187032,-0.317237,-0.881903,1.756184,-2.326204,2.546267,-0.980523,0.876912,1.725629
-0.945952,-0.604644,1.854781,-2.927119,1.519439,-0.144511,-0.282254,-0.253959,-0.100052,0.172361
3.129760,-1.553614,2.370178,-1.207527,-1.883147,-2.494828,-1.842211,0.189135,-0.916185,0.020130
0.807502,2.225502,0.708052,-1.362432,0.547005,-1.336723,-1.387194,-0.134211,0.608583,1.159884
1.593255,-0.026125,0.071202,-3.871960,-1.117725,-1.751519,-1.688278,1.007303,1.586172,-0.137073
0.097497,-3.174888,-2.134115,-1.203000,0.782356,-2.433080,-0.077500,1.595308,-0.378233,-0.512318
-0.788003,-1.485706,-1.414840,-0.358946,1.093151,-0.360453,-1.550191,-1.270516,-0.940665,0.769156
-2.387355,-0.846547,1.764661,0.086947,-2.209558,0.049464,0.397198,0.986465,0.645400,0.102562
-1.364817,3.053967,1.045598,-2.259252,-0.847644,0.834370,2.430175,1.565973,-0.042661,-1.601583
-1.314468,1.959554,-0.505952,0.524221,0.665657,-1.969207,-1.313581,-0.836268,-2.064694,0.712868
-0.807008,1.392627,1.118219,0.897169,-1.431257,1.958739,0.326106,1.590333,-0.164247,-0.543808
-1.116507,-1.738393,0.571548,-0.255659,0.400722,-1.756218,3.503290,-1.324383,-0.628064,1.052553
2.572016,-1.447897,-2.223145,3.259561,0.877971,0.323754,0.564884,-1.286825,0.053923,-1.717344
1.402529,-0.015683,2.611548,0.112094,-0.099120,-1.447865,1.473903,0.545068,-1.461489,-1.280241
4.221251,-1.320461,2.703425,-2.204220,-1.387018,-1.806694,-2.090044,1.768968,0.882525,-0.062283
-3.609832,-2.039115,1.028707,0.208277,-0.194367,1.986347,0.311087,-0.122170,0.894879,-0.391221
2.129826,-2.027654,0.631803,2.600996,4.147730,2.906971,1.872276,2.618909,0.605370,-0.242182
1.109239,-1.431573,-2.636199,-2.241251,0.374887,-1.622564,0.322049,0.775416,0.977740,0.120044
-0.602492,-0.966233,-0.083157,1.046747,0.725322,-3.294182,-1.017424,-0.181356,-0.272368,-0.620885
-1.114305,2.582984,-0.312663,0.404568,0.530244,1.522530,-1.362775,0.125923,0.618204,-1.294193
0.500965,2.806298,-2.504329,3.059265,1.183330,1.258601,-0.007153,1.314603,1.733525,0.327941
0.911036,1.800303,-0.593968,3.181604,-0.200030,1.686633,-2.320067,1.758668,0.899975,0.074533
-1.337857,3.360544,-0.244390,-2.767887,0.215154,2.645329,3.426924,0.472746,-0.014747,-0.099765
-0.540293,3.157759,1.209881,-1.131260,-0.618637,0.739521,0.376658,-1.336580,0.252457,-1.646747
-1.004902,-2.078041,-2.357870,1.011384,-0.210972,-0.483023,-0.767926,0.253829,0.098540,-0.577733
-0.246893,2.775476,0.825089,-1.618466,0.184244,0.173685,-0.561913,-1.213075,-0.231122,-2.948552
1.470867,3.085261,-0.612226,1.763407,0.822178,-2.084975,-2.392812,-0.017342,-0.948557,-0.105021
0.630344,-2.353359,-1.296704,2.292845,1.049770,0.793390,1.935306,-1.515432,0.111411,1.140544
-1.066602,3.095284,1.249791,-2.097993,-1.338773,1.933722,1.868663,1.788590,-0.667788,-1.756785
0.850908,4.124030,1.134255,0.849860,-0.804931,0.225038,-0.041104,-1.125472,-0.675825,-1.153365
-0.182351,0.672800,-1.009473,-4.197092,-0.021028,-0.776594,0.462531,-0.498080,-0.694773,1.800899
-0.251173,-0.836267,2.132482,-2.229794,0.860419,-0.124196,-1.024425,2.079616,0.485246,0.607325
2.511312,0.063434,-0.895536,-1.083723,3.177360,2.538809,-0.247839,-0.534214,-0.060384,-0.477102
2.583467,-1.783238,0.368351,0.346599,-1.377182,-0.732016,0.223864,1.198069,-1.268192,-0.472386
0.058424,1.644072,-2.230885,1.287073,-3.010641,-0.238173,-0.124219,1.778024,1.181698,-0.082769
0.977396,-0.845029,-0.740998,0.255581,1.478786,2.976960,2.795010,0.627426,-1.396081,0.460877
1.441305,1.079419,-2.461054,-3.002686,0.117053,-1.184497,-0.735381,-0.086017,1.507769,0.467791
1.613271,-0.421352,-0.003007,-1.197462,-3.164828,-0.067645,-1.715761,-1.116857,0.867744,0.261416
2.238202,0.844741,0.044910,2.343747,1.871672,-3.962283,1.060702,-0.849023,-1.383013,0.051347
-0.417931,-0.327532,1.442690,0.799191,-0.939995,0.755431,-0.324362,-1.085422,-0.471202,0.192014
-2.519277,-1.850835,1.197738,0.698498,0.788427,2.964745,-2.875340,0.271968,0.683616,0.676975
-0.840878,-1.690444,-0.513354,-2.791966,3.345223,0.499780,3.828673,0.491703,0.532190,0.408516
-0.838976,1.283212,-3.283796,1.439314,-0.380399,0.252836,-1.528748,1.376341,1.279173,0.232737
-1.453022,1.875788,-1.051767,-0.716002,-0.376062,-2.101902,-0.855257,-0.385391,-1.351991,-0.466378
-0.260859,3.050973,-0.797315,-1.075643,0.819039,-1.290437,-1.375901,1.108272,1.557736,0.777598
-0.620873,-0.838680,-0.049493,-2.742743,2.239278,0.991873,-0.421725,-0.999912,-0.343049,1.956600
0.190321,-3.571625,-0.832464,0.539739,2.630537,3.709188,1.372127,0.792286,-1.126797,-1.024877
-2.191550,-0.494503,1.636048,1.521653,-1.282999,0.282796,-0.351000,0.628730,0.779153,-0.453420
4.227331,-0.434419,-0.758814,-1.871861,-3.233419,1.140023,-0.944114,-3.185233,0.277931,0.567342
3.586810,-0.474187,-2.044620,0.230515,-0.244344,-0.686906,1.155863,-0.988792,-1.103171,-0.781640
-0.834005,3.408265,0.865381,-1.880719,-1.782399,1.073665,1.296629,0.719799,-1.019727,-1.211257
1.458601,1.149683,0.383200,3.328421,1.792770,-1.943816,0.192914,-0.361588,0.348580,-1.273054
-1.022487,2.684397,-0.486180,0.418330,0.859866,-0.839335,-2.054131,-0.081844,0.188078,0.853054
1.372169,-1.410347,-0.880620,-0.520918,1.118458,-0.202757,-1.963916,-0.702169,-1.217992,-1.535647
1.896481,-0.582452,-1.993004,2.101802,-0.857992,-0.192301,-0.274672,-0.463445,-1.047081,-1.595471
0.494785,-4.307226,-1.291057,0.740182,2.404387,0.971206,0.101023,-0.277200,-1.095025,0.173991
-1.161456,-1.639448,-0.670088,-1.328623,-1.200990,-1.748654,-0.539894,0.249732,-1.084033,0.668407
0.304117,-0.124249,1.251291,-2.575537,1.755232,1.003235,-1.674335,-2.921720,-1.078415,1.148179
0.301539,0.005126,3.733578,-1.694906,0.873169,0.221905,0.298663,-0.745288,1.063104,-0.107577
1.714705,-0.916905,-1.042274,2.001235,-3.104708,-0.383565,0.319548,-2.032951,-1.529491,0.523512
2.255831,-1.146670,1.163517,1.315037,-1.397687,-0.442121,-1.498936,0.892864,-2.196544,-0.017052
1.236094,-0.081372,0.151979,2.454593,2.570321,1.265994,-0.363184,-0.044365,-0.588326,-0.114000
-2.394943,2.124953,-0.944929,-1.288972,-0.828980,1.145547,1.691118,0.250822,-1.165576,0.586621
-1.628335,-1.151294,3.150346,-1.463654,0.297187,1.879077,-0.739797,-1.071152,0.997417,-0.686447
0.397006,-2.334887,0.951188,-0.832410,0.302591,-0.466495,-1.106935,3.180482,-0.475566,-0.671342
0.372963,0.427277,-1.171343,-0.267582,1.451873,1.236272,-0.269109,-1.125246,-1.801813,-0.516109
1.275666,0.513573,-0.538764,-0.784621,1.410628,1.744748,-1.619958,-2.109101,-1.481421,1.249359
3.780611,-2.617908,-2.428311,-2.932723,0.021608,0.682418,-0.179122,0.392425,0.795366,-1.365307
-1.171544,3.903411,-0.588241,-0.925724,1.354808,-0.674072,-0.111849,-0.598883,-0.041685,1.162588
3.147091,2.034633,-0.977235,4.848753,0.850824,1.956991,2.512018,-1.210940,1.257453,-0.780424
0.204821,-3.169813,-1.438807,-2.398154,0.233372,0.999332,0.276264,0.960787,-0.592197,1.611561
1.311039,3.973903,2.128727,-1.208284,1.813844,-0.213222,-1.600812,-0.399384,0.216830,-1.878289
4.101905,-0.094023,3.016395,-1.116078,-3.087000,-1.765284,-0.907467,-0.269498,2.714160,1.168355
-1.701220,1.524621,-1.988159,0.154459,0.776295,-1.574502,-0.993568,0.525169,0.151076,0.763161
-0.704275,0.819328,-4.734193,0.003630,0.665043,0.510719,0.846969,0.758592,1.890524,1.238997
3.383921,0.272047,3.053357,-1.594167,1.477919,-1.645306,0.239193,0.855623,-1.661502,-0.448214
4.307855,0.462341,-0.129809,-0.612390,3.456213,-2.039401,1.144195,0.347751,1.581788,-0.660056
3.187176,-0.754664,-0.121304,-1.906715,-2.240513,-0.612309,-1.786740,-0.704991,1.143311,0.145286
-0.026303,-5.197433,-1.095238,1.249820,2.080446,1.359846,2.154837,0.192626,0.442270,0.470810
-1.887747,1.895660,-0.034798,-2.640234,1.609842,-0.201180,1.240167,-0.812551,-0.935573,-0.826400
2.489630,-2.727773,0.090942,-0.777551,1.323124,0.756133,-1.718348,2.732792,-1.097848,-0.473407
-1.166962,1.798981,-0.732832,1.964150,-1.350947,0.779411,0.659350,0.794911,1.148629,1.319309
-1.000564,2.324153,-1.106758,0.445548,0.976081,-0.794227,-2.442820,0.857886,-0.745609,0.441436
4.405381,-2.522120,-0.173520,0.448204,-3.244265,1.756065,1.052142,-0.563815,-1.306210,1.736465
-0.892754,-0.141057,1.118194,3.296211,1.412540,1.222630,0.335229,0.656975,-1.145177,0.721897
1.071293,-2.123116,1.188814,-1.397881,-1.288203,-0.209771,-1.469810,3.112210,-1.157429,-0.107123
-0.979269,3.542542,-0.406505,-2.751256,0.188458,1.779053,3.426642,2.077620,-0.480481,-0.461140
-1.500636,1.154981,-2.221451,1.344879,-0.896700,0.137625,-2.119978,1.324921,0.427497,0.442709
-3.082058,1.199923,-1.243676,-0.116059,-1.513057,0.254120,1.322785,0.078619,-0.608118,0.793537
-1.392023,2.462569,0.882224,-1.059215,-1.355120,-0.316124,0.061553,1.104255,0.339364,-1.210630
2.932878,-1.048763,1.585030,-1.904326,0.590245,-0.098377,-1.170474,1.461413,-1.105801,0.802357
-2.393257,-0.483998,0.775926,1.828800,-1.914246,0.094724,-1.540948,0.081540,0.251294,-0.626144
-1.013887,2.954276,-1.029491,1.762773,0.166705,1.211096,0.132537,-0.096769,1.140201,1.709057
1.203498,-3.539063,-0.121340,-1.283706,2.890405,0.954301,-0.696775,-0.886336,-1.520905,0.499752
-2.732836,1.014289,0.063160,-0.393035,-0.984198,-1.527944,0.371142,-0.907186,-1.564217,-0.261443
4.879005,-2.427345,-2.149864,1.814329,-2.634253,3.539154,1.995588,-0.919271,-0.004017,0.363075
2.279707,-1.936537,1.078226,3.799704,3.670794,2.331841,2.566672,2.452657,-0.117491,1.000571
1.205090,-1.113443,-0.885529,1.874803,-1.559219,-0.673668,0.738069,-0.614598,-1.029071,-0.683166
-0.772877,2.108515,1.713133,-1.209956,-1.413305,3.452468,1.067765,0.131992,-0.101731,-1.166082
4.786195,-0.173676,-2.038414,2.395951,-0.848215,1.190087,3.734500,-0.363413,1.267260,-0.298026
-0.395548,-1.003803,-1.564443,-0.676322,-0.665401,-0.539816,-0.129238,-1.961539,2.039135,-0.703007
-1.459887,2.450800,0.272340,-0.313693,0.634817,-0.459923,-0.827114,-0.481910,-0.994511,0.561747
-0.224349,-1.326700,-0.351153,1.318025,-1.115457,-3.219266,0.071781,-0.327571,0.480697,-0.799141
1.052329,-2.082066,-2.455728,-0.087568,-1.016404,-2.359802,0.033621,0.047760,0.931849,-3.002882
-1.540652,-0.991337,-3.094958,0.747308,0.292344,-0.131192,0.383742,-0.417439,0.883405,0.604848
0.358997,0.092861,1.752623,1.646836,1.426062,1.813218,-2.260901,0.547473,1.425333,2.385880
-0.426882,3.049937,2.178151,-0.307579,0.406488,-0.747826,-1.490396,0.212065,-0.959464,-2.254511
-3.482351,-3.351288,1.141726,0.195677,0.266905,0.647352,0.153875,-0.521429,2.561959,0.356132
-1.715319,-1.046530,-0.077266,-0.818231,-1.521005,-2.423701,-0.300323,1.391736,-0.893060,0.543411
-3.210175,-0.763518,-0.247757,0.656025,-1.635105,-1.476807,0.740893,-1.270567,-0.896133,0.260922
-2.131267,-1.789452,1.313349,0.685159,0.611646,2.576121,-3.186590,0.487813,0.919213,0.785153
-3.256404,-0.387277,-0.962610,0.670949,-2.220798,-1.196107,0.218080,-0.674990,-1.016612,0.962320
-1.352197,-1.055003,-0.017307,1.056898,0.025782,-2.668922,0.282983,-0.482475,-1.373623,1.303030
1.744078,-1.718839,1.487320,2.592533,3.021836,2.779145,0.237944,-0.476452,-2.159183,1.456810
-1.008354,0.317534,-2.585063,-0.569416,0.740718,1.356061,1.133288,-0.621125,2.705768,1.427560
2.133116,2.847307,-0.364710,1.150452,1.656144,-0.804110,-3.340579,-1.053587,0.853999,-1.870521
0.712974,3.352869,-1.672548,2.175957,0.865976,2.817216,-2.279428,2.082987,0.000580,0.987060
-0.276925,0.045790,-2.568385,0.381486,-1.572670,-0.353396,-1.128930,-0.840105,0.940923,-0.737831
-0.587159,1.939208,0.582829,0.688092,0.519720,-2.618090,-0.731194,0.693926,-1.601981,0.718909
-0.948681,2.214645,1.284165,-1.241877,-1.546552,2.871386,1.216333,0.114609,-1.056610,-1.532305
2.172663,-2.126175,3.944799,-1.312203,1.865447,-0.437812,-0.387885,0.418801,-0.868765,0.992193
1.137043,0.628465,-0.418427,4.599461,-0.090589,-0.474387,0.259672,-1.580896,-0.656798,-0.601003
-1.824097,-1.353457,0.005138,0.244237,-1.312335,-2.175237,-0.057909,-0.465092,-1.274735,1.050559
5.328088,-1.036433,4.275167,-1.544852,-1.532962,-0.734333,0.770857,1.257959,2.658145,1.013715
-1.837904,0.034073,1.180106,2.192553,-0.912986,0.761657,-1.428228,0.529449,-1.208169,0.050483
-0.071661,-0.729361,1.263600,-2.349282,-0.214407,-1.735317,-1.734161,-0.550641,-0.906669,1.201910
-0.453755,1.146455,1.128664,2.563689,1.188244,-1.777761,0.641473,0.010608,-1.083547,-1.355251
-2.035342,-2.870939,2.144496,0.575582,0.727522,2.883545,-2.266359,0.396813,1.354695,0.442512
-3.450495,-2.930184,0.661556,0.649816,-1.151099,0.523616,-0.489613,-0.179594,1.688493,0.124468
0.885337,-0.315324,2.956994,2.081556,1.791733,2.106481,-1.368863,-0.006535,-1.539510,2.253823
3.884521,-0.602566,3.415192,-0.896025,-3.555319,-0.410627,-0.996481,-0.271385,0.112740,0.845538
-0.646339,-1.221143,-2.838720,1.212866,0.194912,-0.788384,0.487701,0.406330,1.915137,-1.094673
0.736359,2.257220,-0.710428,3.579408,-0.509001,1.511665,-0.545576,1.045335,-0.315779,-0.895582
-2.205740,-0.133667,-1.701690,0.158448,0.604616,-1.942698,1.522182,-0.132010,-0.571326,1.968590
-3.828047,-2.297704,0.665747,0.836698,-1.326326,0.011765,1.119745,-0.862173,0.900786,-0.414259
-1.837938,-1.693223,-0.546746,2.602307,-0.318685,0.205177,1.577489,-1.062557,-0.630813,0.447609
0.755016,2.677662,1.410288,-1.273037,2.285277,-0.365533,2.046411,-1.249295,2.747359,0.217735
-3.015172,-2.964497,0.789451,-0.172001,0.077408,1.601030,-0.779207,-0.126636,1.880980,0.213000
2.874497,-1.828134,1.542579,0.465091,2.752880,0.552758,0.106650,2.541650,-1.407068,-1.960434
-3.803827,-1.619859,0.603807,-0.427388,-0.477063,-0.949796,2.192692,-0.801465,0.464234,0.205368
-1.664572,2.199429,-1.477521,-0.400773,-1.073472,0.594758,1.102695,1.428825,-2.117807,-0.041892
0.819888,-1.529972,-3.979599,-0.200592,1.063869,0.700651,1.057687,0.444578,3.021451,-1.680998
-2.157039,-2.961083,2.416993,-0.893046,-0.283394,1.703089,-0.940026,0.649825,1.896827,0.710880
-0.145707,2.444252,0.802341,-1.384675,0.286086,-1.687126,0.754372,-0.902504,-1.508727,-2.705240
1.558154,-0.825194,-3.126873,0.951857,0.094783,-0.422044,-0.522773,-1.388996,0.043006,-2.218807
-1.863512,-0.702191,1.602303,0.310400,-0.616441,0.922758,0.213094,0.049744,-0.764454,1.285795
-0.654036,1.089384,-1.580130,0.099374,-0.368531,-1.560048,-1.884547,-1.919883,-0.315064,1.181376
-0.836776,2.535785,1.639227,-1.362561,-2.398922,1.536906,1.156295,2.066683,-0.238808,-2.061926
0.960347,1.716883,-2.697395,1.982991,0.677444,1.309617,-2.987229,1.993196,2.222658,-1.842512
-1.570909,3.195188,-0.362232,-2.121957,0.185897,-1.153636,1.769014,-0.679235,-0.244927,-1.409909
-3.648407,-2.176155,0.372904,0.908178,-1.479401,0.972770,-0.511720,-0.370106,1.016490,-0.163381
1.666526,-0.418445,4.137072,0.763632,0.884676,1.845020,0.242751,3.008330,1.745498,0.858832
-0.183676,1.514742,4.122409,0.201186,0.371600,1.202077,-1.307512,-1.089436,1.032846,-1.165849
2.691109,-0.257935,-4.049297,0.237507,-0.991240,1.079015,-0.823644,-1.340307,2.039764,-1.601927
6.195087,-2.408870,-1.485641,-1.046852,-3.499631,2.562200,1.150307,-1.999982,0.325463,1.594692
-0.902008,-1.047934,1.583718,-2.241875,1.391502,1.156370,-0.991879,-2.260206,-1.136796,0.212329
-0.643753,3.750309,-1.279624,-2.753637,0.442997,1.065907,2.952740,2.210447,0.202143,1.308749
-0.246742,-1.035615,1.386714,-1.426646,0.292304,-1.625468,-0.581731,0.839046,-2.381076,-1.658743
0.051624,0.239983,0.025105,3.152502,-0.223371,-0.662907,0.084356,-1.850066,-0.697943,-1.074862
2.801810,-0.443705,-0.852233,1.079556,-3.982059,2.161105,1.050345,-1.258284,-0.012854,1.375525
-1.218622,-1.850750,2.060036,-1.796674,1.441833,0.459404,0.027679,-0.515894,-1.163622,0.969784
4.864391,-0.535295,1.964476,-1.435847,-4.499707,0.434675,-0.949712,-0.969692,0.473339,1.178506
-3.566269,-0.772758,-0.082337,-0.100681,-0.855001,-1.343403,2.174943,-0.762452,-0.432748,0.855219
3.030266,-1.373320,-2.255261,-2.075766,0.768427,0.466767,-1.066649,1.325541,1.397946,-0.758151
3.995406,-1.869476,0.484304,-1.259416,-1.571598,-1.633906,-1.717592,-2.658382,0.660407,0.373552
-3.154709,-3.469569,1.078930,0.402879,0.099085,1.529293,-0.965913,0.088396,2.142985,0.912224
-0.709442,0.039639,0.902019,1.310942,1.103974,0.059857,-0.742374,1.879551,-1.876709,-0.325445
-1.202886,3.785294,0.017130,-1.808010,-0.757814,-0.016273,1.416908,-0.197809,-0.993539,-0.889621
-0.721994,2.363531,3.052684,-1.851935,0.603703,0.310158,-0.476322,-0.939750,0.307425,-2.400576
3.877495,-1.979328,-2.527197,0.966612,-3.605611,2.770092,-0.058367,-1.074553,-1.272313,0.159429
1.123616,2.730350,3.422681,-0.352213,-1.221739,1.458955,-0.070756,-1.383237,0.759912,-0.591327
-1.161347,0.468943,1.561568,0.245118,1.811299,-2.952287,1.300581,1.543619,0.725846,-0.424386
-3.575492,-2.071904,0.602452,0.409321,-1.403085,-1.188954,1.478551,-1.165597,0.438750,-0.248697
0.458105,-1.070410,-2.933925,0.228635,-0.985070,0.082396,-1.107093,-0.802289,-0.635760,-0.892344
-3.104414,-0.633953,-0.199279,-0.147248,-1.292258,-1.714506,1.602092,-1.645894,-1.118784,0.415752
3.595914,-0.308718,-2.819480,1.822257,-0.411114,1.530919,0.493496,-1.303855,0.074016,-1.702103
-0.490997,1.896065,-1.849364,1.862857,-0.079949,1.167620,-2.326424,1.435773,0.357503,1.354160
-1.678874,-0.518557,-1.786569,0.882724,0.611444,1.310986,1.213995,-0.315062,1.097266,0.886656
2.171734,1.871872,2.883927,2.656885,-0.420146,-2.243509,1.673139,-0.736093,-0.585477,0.009130
-0.280295,1.344631,2.124535,0.654262,-0.342062,2.242925,-0.129938,-0.429501,-0.622501,-0.778037
1.533417,-1.289124,-0.513141,-2.716371,-1.156577,-0.023723,-0.639700,0.805510,-0.238621,0.317249
-3.316012,-2.430292,1.004041,0.702602,0.055796,2.421956,-1.379932,-0.187913,1.213218,0.064918
-0.774250,-1.881632,-2.144926,0.267525,0.282076,-1.335739,0.495586,-0.523652,-0.113466,0.644259
1.684749,0.170913,-1.083255,3.635530,0.172333,0.260601,0.447870,-1.422108,0.969071,-1.160870
-3.823018,-1.417919,0.012360,-0.069042,-1.895453,-0.189130,0.321702,-0.647016,1.037596,0.140825
0.573900,1.579426,3.275393,0.368915,1.123596,0.124078,-1.571204,-2.443075,1.453700,-1.814297
1.441192,-3.908473,-2.863787,-0.859822,0.312833,-0.052092,-1.314506,2.170601,0.146606,-2.553859
-0.325829,3.817647,-1.027552,-2.493699,0.782884,0.787701,3.976060,1.881340,0.027444,0.423820
-1.272957,-4.039857,1.003531,2.723018,1.293494,1.470888,1.032564,0.998848,0.532383,1.488470
-1.517937,2.626302,-1.268509,0.058884,0.026459,-0.479949,1.154619,1.831360,1.218534,0.848563
-0.413237,-1.943377,-0.465999,-1.148537,-0.876700,-0.139078,-0.389460,2.840726,-2.101836,-0.029572
0.022281,-1.565328,0.772388,1.728824,-0.553666,1.885587,-0.915184,0.242986,-3.082573,-0.714276
2.129004,-0.867303,-1.928183,-0.706961,1.196503,0.467391,-1.830559,-1.609780,-0.168079,-2.136010
-3.735662,-1.814574,0.406412,0.431027,-1.736890,0.312107,0.669434,-0.560799,0.591386,-0.336992
-1.093096,2.165757,-2.266346,1.921389,0.806227,-0.308739,-1.578442,1.033732,1.738081,0.354578
1.917466,-0.761272,1.432497,1.112678,-0.018403,-3.868579,0.309429,0.402549,-0.637024,-1.363874
1.399001,-0.514414,2.529850,2.227078,0.356547,-3.405273,1.240896,0.448875,1.221669,-0.097368
2.417536,4.790007,-0.615324,-1.878175,-2.048891,0.010299,0.771843,2.323885,1.211879,0.887914
-1.882722,1.553356,0.241107,0.190877,-0.666924,-1.420012,-1.010379,-0.539047,1.173842,-0.638808
0.866041,1.041766,-0.728772,-0.610914,0.778229,-1.242951,0.837769,-1.236468,3.131655,2.328112
-2.248781,2.070958,-1.526633,-0.178084,-1.834871,0.417139,0.606081,0.256043,-0.541574,1.380700
0.830240,-0.238567,0.344273,-1.887023,2.262053,2.121008,0.918985,-1.797828,-0.573671,-0.335205
-1.371168,0.838792,0.292393,-2.352043,-2.258087,0.447498,1.226516,-1.355885,-0.333028,-0.502739
-3.505158,-2.573634,0.502041,1.077413,-1.141343,1.080204,-0.896896,-0.243942,1.344332,0.506112
-1.319914,0.780149,-2.579807,-1.145433,-0.154068,1.405770,-0.211681,0.442648,1.007249,2.453531
-0.982105,-2.896586,-1.135428,0.387039,-0.925438,0.125924,-0.464987,1.541978,-0.900240,0.606612
-0.422893,0.814316,2.882592,0.064658,1.767677,-0.070003,-0.997759,-0.126826,1.377654,-1.587148
0.977429,-1.204633,-0.641888,3.232329,-1.953977,0.506441,0.169965,0.902350,1.132736,-0.867893
3.943685,-0.702857,-2.140788,1.790567,-2.717383,1.859381,2.521757,-1.029084,1.409575,-0.459899
0.952734,3.396816,-3.411321,0.327010,3.205440,-0.164697,-0.620863,0.617070,1.864456,0.399792
-1.577967,-0.504809,-3.376898,0.760427,0.143634,-0.787748,-0.721424,0.464385,1.668468,0.607968
1.567132,-1.361321,-2.832300,-0.966508,0.276756,-1.677104,-0.790237,-2.056727,-1.101156,-1.607724
-1.625690,-0.901730,2.506781,0.345834,-1.535473,0.014823,-1.413477,0.756598,2.075833,-0.731141
-0.097889,3.073235,2.242847,-1.809638,-1.123174,2.416578,1.848932,0.238820,0.230428,-1.741255
-1.041936,-0.076433,-1.794952,-2.484595,1.073197,-0.346793,0.420343,-0.454273,-0.960017,-0.357307
-0.904767,1.897638,2.373906,-0.699713,-0.526515,3.417900,1.263695,0.891403,1.251467,-1.272149
-0.500460,2.858036,-1.402231,-0.843115,0.234063,-1.110469,-1.685350,0.277543,0.465407,0.640793
6.108974,-0.811796,-0.336728,0.203805,-2.057204,0.758085,1.254084,-2.779521,0.553476,-0.316243
0.149123,-0.988263,0.931411,0.232917,0.460127,-1.094511,-1.016860,-0.033776,-0.769864,0.343187
0.329777,-2.529441,-2.411053,-0.900068,-1.473334,-1.245244,1.048043,0.885476,0.834289,-1.902595
3.574020,-1.169059,0.759457,-1.383128,-1.223143,-2.057426,-1.822328,-1.612673,-0.681987,0.518613
0.134819,-0.083889,0.832863,1.271482,2.742846,-3.673841,0.434952,-1.268502,-1.093854,0.005484
-1.065446,1.122426,-1.185054,0.757435,0.975122,-2.435221,-1.590127,0.939683,-0.165749,-0.177851
-0.510619,2.550046,-2.086582,0.421102,-1.324175,-0.876519,-0.830597,3.212256,0.891630,0.415000
2.855985,-0.757493,1.336683,2.905703,3.798950,2.871253,2.218958,0.908200,-0.830710,1.555816
-1.431785,2.384495,-1.470342,-1.037692,1.167203,-0.343053,-1.433079,-0.547255,-0.449004,-0.078933
-3.364288,-1.979685,-0.037610,0.527749,-1.634403,0.870746,-0.489908,-0.414756,0.367055,-0.284981
1.346022,2.994989,-0.773670,0.810408,0.048739,0.779349,-0.037638,0.343532,-1.997600,1.885632
5.935478,-1.033487,-1.187259,-2.577910,-3.614721,1.983446,1.215689,-0.552879,0.338555,1.911756
-2.330612,2.409660,0.359178,-1.050822,-1.288751,1.968775,1.715555,0.391657,-0.818727,-1.163898
-0.349402,0.955337,0.667116,0.664692,0.543871,0.932124,-0.731711,-1.085963,-1.291038,-2.338172
-1.551403,-0.967949,-3.800823,-0.703737,0.231445,0.441929,-0.237892,1.325297,-1.040267,0.655589
-0.715591,1.450961,-1.836643,2.311473,-0.948188,0.540980,-2.406862,1.643024,0.373899,0.264922
-0.371175,-2.856426,0.677498,2.370626,0.854602,1.390004,-0.216074,1.086528,-0.677660,0.310747
-2.720423,-0.702780,0.000975,-0.684115,-1.184729,0.174820,0.729377,0.001003,-1.095324,-0.740177
-3.114050,1.576493,-0.634540,-0.641955,-0.461280,1.416480,2.518103,0.030145,-0.151644,-0.612650
-3.067080,-0.255244,-0.513066,0.876461,-2.687278,-1.215334,-0.040192,-0.509629,-1.583643,0.142086
-2.458329,0.060219,0.082072,-0.240704,-0.827825,1.849047,0.342349,-0.289918,-1.271123,-0.794360
1.042538,-1.607093,-0.343311,2.613794,3.149372,3.680723,2.358147,1.719745,-0.124574,-0.372371
-2.951539,-2.079964,0.373524,1.091709,-1.043144,1.766700,-2.295564,0.203428,0.482215,0.750588
-1.269467,-0.903620,2.363376,-1.048556,0.320600,0.424682,-0.194010,1.567376,0.769580,-0.881163
1.563562,-0.692406,-0.090528,1.385409,3.074289,-3.380709,0.523907,-0.143830,0.459804,-1.989201
-2.033709,1.619061,-1.144962,0.410140,-0.179535,1.281475,-1.192780,0.600718,-0.237984,0.377175
0.127377,-2.074131,-1.739015,-2.646496,0.754706,-1.347629,-0.262230,2.858418,-0.265592,-0.956856
1.009646,0.337324,1.719423,-0.724122,-0.549109,-1.437465,-0.612445,0.568755,1.369787,0.225689
1.664808,-0.492637,-3.331491,-0.527251,2.663873,0.967118,-0.154199,-2.675833,0.893791,-1.748224
5.181129,1.179007,0.703428,4.315516,0.686709,-1.671630,2.971747,-1.628451,-0.344700,0.941263
-0.291427,-2.480484,-0.978250,2.146090,3.003965,0.764624,2.597617,-1.175011,1.068767,2.022460
-0.164621,2.693666,2.021054,-1.278775,1.003894,1.339075,0.588648,-0.578737,0.768928,0.601474
-1.748365,-0.882921,-1.900947,-0.271649,-0.253944,-0.431446,-0.944079,1.210262,-1.629973,-0.257452
-3.392817,-1.887984,0.043666,0.965883,-1.474418,1.388159,-1.398789,-0.077960,0.774510,0.193488
-1.568460,-0.231590,-1.058915,-3.247600,0.892543,0.832966,-0.597808,-1.010606,-0.630473,0.980737
-0.547251,-1.578636,2.558356,-3.473213,2.058994,1.639274,0.192660,-0.622366,0.495712,0.624841
-0.289462,-2.657923,-1.920055,0.662903,3.191345,2.839143,1.523063,-0.311752,-0.851565,0.189537
-2.734441,-1.972860,1.170582,0.762928,0.361718,2.911020,-2.282999,0.329415,0.634516,1.016060
0.532977,-0.240372,-0.579401,1.622331,-0.143979,0.151497,-2.485198,-1.303746,-0.990899,-1.012190
4.021275,-1.428967,-2.298240,1.137211,-2.380251,1.095000,-0.328227,0.211510,-1.805180,0.092855
2.819116,-0.932934,2.625030,2.417105,3.071118,2.834914,-0.107867,0.614175,-2.006478,0.852003
-2.823336,-1.065261,1.623390,-0.505579,0.875912,0.355397,0.716538,-0.843333,0.246721,-0.926925
-0.783011,1.915533,-0.380581,-1.009297,-1.471952,-0.975874,-0.585965,-1.281524,1.151736,0.906526
1.732392,2.846388,-0.775622,2.004922,-0.138762,-0.656297,-1.006310,-0.534480,-1.789229,0.927505
-3.346864,0.512398,-0.413532,-0.212822,-1.302117,-1.398375,-0.482107,0.056194,0.646126,-0.643069
-0.879284,0.271905,0.235490,-3.170973,-1.275107,-1.003176,-1.123015,-1.467155,-0.883997,0.079087
-1.391035,-1.875111,-2.448925,-2.367334,0.952235,0.469678,-1.201915,-0.765521,-0.423067,1.638779
-1.682579,-2.165340,-0.666443,-1.987935,1.100293,0.955029,1.606942,-0.206353,-1.107080,0.249806
-2.843125,0.043272,-1.471016,-0.229913,-1.158385,0.397414,1.217406,-1.013398,-1.020494,0.561619
-1.476526,0.493831,1.083918,-1.242295,0.606653,0.774235,-0.548708,-0.337007,0.646074,-2.260687
-3.239473,-3.110280,1.024099,0.247243,-0.909434,0.003918,0.176357,-0.625189,1.630479,0.155385
-0.040971,0.082809,-1.720942,0.359470,-1.580584,0.129901,-1.709404,-1.301919,0.641832,-0.421964
1.031820,-1.634495,3.652746,-3.366483,2.163535,1.329638,-0.700188,1.915709,0.717825,1.737304
0.730548,-2.286311,-1.975536,-0.425581,-2.571455,-0.338271,0.757971,0.214709,-0.540816,-1.445548
2.196668,-1.084886,1.188981,-2.539987,2.742092,1.053356,-0.925223,-1.308085,-2.326056,1.092066
0.190199,-0.774758,-1.150428,-1.231929,2.624157,1.336199,0.383386,-0.478368,0.461442,0.889300
1.049668,-1.624071,-2.867910,0.162043,-0.826868,-2.100607,0.007450,-0.161792,-1.780893,-2.029244
-0.682972,2.148839,-0.339709,1.804086,0.161650,-0.072315,0.048335,-0.485722,-0.507990,1.043585
1.768268,-0.850930,-2.109566,2.057561,-3.194370,1.825962,1.545118,-0.832799,-0.543367,1.014912
-0.015748,-0.696306,2.532168,-0.972984,-0.697124,-1.202935,0.384752,0.190401,-0.868223,0.549460
1.080998,-4.078166,-1.288458,-1.226302,-0.579377,-0.875360,-0.234175,2.473011,-0.210678,-2.415898
-0.501500,0.535040,0.541713,2.952282,0.644258,-1.930339,0.155191,-1.704342,-1.233427,-1.183414
-1.480169,0.230843,1.176887,1.859403,0.852293,-2.428413,-0.336844,0.195083,-1.222129,-0.571010
1.711549,-0.052106,3.306971,1.420331,-2.029964,-1.427983,-0.662090,0.329651,0.490698,0.321751
1.495159,2.885353,-3.844223,-1.125377,1.347755,-0.474003,0.176629,1.088853,3.802064,-0.345849
0.410645,-1.833215,-1.065253,-1.031993,-1.104962,0.692063,-2.193585,1.458651,-2.509566,-0.482239
0.794086,0.065879,2.621238,1.256989,0.359015,1.040202,-1.348880,0.865503,-0.429155,0.343718
-1.054515,-0.515041,-0.840602,-0.282916,3.406374,0.423838,1.756140,0.457922,0.512432,-1.097466
4.720495,-0.751899,2.335081,-1.896386,-3.120202,-0.876647,-0.434973,-0.072914,-0.909806,1.055623
1.730134,2.237411,1.021981,0.681105,0.271882,-1.045184,-0.816123,1.355740,1.422601,1.750629
3.214624,-1.399420,1.459485,0.367725,4.876737,2.754472,1.571610,1.683583,-1.563989,1.882202
-0.745613,-0.833876,-2.290031,-0.434766,0.919627,-0.249750,-1.548068,0.274245,-0.700321,-0.220551
-1.943798,1.663097,0.209406,-1.462144,1.253072,-1.606494,-0.045393,-0.649894,0.513722,-0.425114
4.161010,-3.009399,-3.470780,0.009339,-0.733469,0.600776,0.717350,0.755795,1.193428,-2.537401
-3.592465,-1.742213,0.101144,0.595704,-2.037089,-0.804081,0.848622,-1.030315,0.025635,-0.292873
3.963468,0.068008,2.457865,2.982162,3.621505,-3.566546,1.883838,-1.769149,0.570299,0.203758
3.948598,-0.797268,0.315452,-0.629434,-0.523151,-1.902448,0.180416,-0.447312,0.820814,-0.452230
-3.062900,-1.208660,-0.228681,-0.053527,-0.869835,-2.176797,1.904246,-1.290361,-0.520905,0.627283
1.350389,-2.265319,-0.223129,-1.521294,1.517358,-0.562823,-1.891939,1.258111,-1.092803,-0.284493
0.029520,-2.339510,-0.973859,-1.132365,-1.161292,-1.967667,-0.907186,1.235329,-1.845648,0.229881
0.151364,3.693655,-1.923556,2.296837,1.540969,2.634272,-1.014321,1.405817,0.361556,1.391645
0.226301,-1.862805,-1.958943,-0.797090,0.577105,-2.057083,2.641370,1.898682,-1.372333,-0.082793
0.137001,-1.445641,2.099897,-0.517402,-0.368322,-1.747825,-0.454483,1.555550,0.653923,-0.214000
-0.776058,-0.784869,-1.115296,-0.611168,1.948454,0.996002,-0.836152,-2.162487,-1.219702,0.592129
6.455017,-1.620010,0.308964,-0.009935,-2.938990,0.694962,0.221526,-2.149193,-1.112565,1.277637
1.276275,-3.415124,-2.924269,-1.700547,0.951253,-0.299609,0.829466,2.128955,-0.661222,0.467161
-1.962812,-0.738542,-0.375959,-1.181195,0.655083,0.372073,0.012418,-1.703844,-1.430638,0.265210
7.909348,-1.610608,0.408310,-0.543056,-2.524524,1.082160,1.936050,-1.910024,0.849788,0.845777
-0.495413,3.313771,1.453883,0.187690,0.045551,0.445916,-0.090545,-1.235447,-1.695307,-1.702497
-3.960344,-1.887334,0.627763,-0.886247,0.042240,0.297487,2.241408,-0.672198,1.587233,-0.181426
1.913359,2.806584,-1.556171,3.125310,1.271166,2.269375,-2.809878,1.583258,0.803885,0.716237
-1.217061,3.161145,1.321315,-1.746600,-0.708228,0.410207,0.912733,-0.416813,0.180753,-2.222692
-2.231604,1.155519,0.538902,-0.206570,-0.146469,1.683036,0.964854,-1.080646,-1.510035,0.048549
0.401902,0.300035,3.983119,1.603070,1.241564,-2.381903,1.141935,1.324972,0.500508,-0.442428
-1.852145,0.671610,0.857699,2.548223,1.027084,-0.755731,-0.646678,0.192459,-0.452642,-1.351548
0.253736,0.656487,-0.491849,-3.509960,-0.479696,-1.913631,-0.197300,-0.945172,-0.577629,1.024961
-0.099846,-0.701481,-3.116008,1.260651,0.451675,1.428093,1.239132,1.296103,-0.167126,-1.371683
-0.403908,3.312006,-0.408080,-0.240226,0.763248,0.711543,0.252360,-0.907268,-1.494513,0.148174
-2.547780,-2.841646,0.515100,0.654220,0.080658,1.922817,-2.615346,0.537181,0.920020,0.869312
-1.860487,1.458911,-0.378662,0.313680,0.169683,1.650522,-0.659872,-0.351399,0.309567,-2.632951
-0.005441,-0.593743,-0.358837,-2.249600,2.900639,0.501270,-0.642802,-2.156521,-1.498490,1.214603
0.886474,2.607205,-1.959469,2.632969,2.483253,0.660837,-1.221739,1.491525,2.231131,0.730223
-1.267616,-0.058438,1.672075,1.604874,0.379149,-3.113700,0.861426,0.505613,-1.114450,0.559476
-0.156723,-1.976505,-2.697464,-2.645698,2.549716,0.116740,1.709945,1.327849,0.207974,0.824247
-1.059306,3.419199,-0.668649,-1.490399,0.474243,0.143586,-0.021490,-0.624045,0.558771,0.316266
0.199089,2.197808,-1.168749,1.180410,-0.002359,-0.049101,-0.445204,0.303910,1.624172,2.259676
4.352722,-1.897120,-0.082242,-0.858667,-2.277542,-0.563278,-0.177386,-2.450523,-1.606511,-0.146720
0.568703,-2.526213,-3.194255,-1.164122,2.176661,-0.520264,2.208399,1.601786,0.674055,0.048542
-2.242553,2.150340,-0.773734,-0.996522,-0.764004,0.632665,0.407609,0.684948,0.023030,-0.337721
-1.635785,2.363406,0.244263,-1.718934,1.861875,-1.351191,0.073578,-0.480646,0.772670,0.452799
-1.501827,-0.403055,1.777826,0.198350,1.553933,-3.430123,0.518128,-1.228691,-1.009674,1.045710
2.012857,3.326360,-1.014770,-0.735738,0.026948,-1.354508,-0.222120,-0.558237,-1.216318,-1.106689
-0.656210,0.708800,1.660293,1.671061,3.251442,-3.106284,0.553860,-0.203072,-0.964981,-0.577709
-1.539385,1.005409,-1.385981,-0.777635,1.481356,-0.510761,2.122997,-1.069623,0.231781,1.720973
-1.050999,2.836933,0.378923,-1.364402,2.692739,-1.494667,0.407029,-0.600504,1.317616,2.142956
-1.724203,-1.299726,-1.518942,0.486638,-0.912690,-0.404664,2.589274,-0.207135,-0.845800,-0.691625
3.353393,-2.056819,0.116379,-1.031100,4.049082,-2.211623,1.536477,0.555839,2.706346,-0.994402
-0.471351,3.513050,1.607464,0.314389,0.248685,0.119970,-1.422410,-0.186426,-1.050926,-0.138087
0.607440,-0.179749,0.661714,1.845229,0.060284,-0.455608,-0.529162,-0.259840,1.035354,-0.489754
-1.265820,-1.111379,2.484347,-1.297047,-0.090280,1.109163,-1.031546,-1.045085,-0.503436,-0.412172
0.564890,-1.291343,1.563549,1.915872,-0.762458,-2.526076,0.488485,-0.445493,-0.878925,0.481389
-2.130466,2.721391,-0.359646,-0.815937,-1.016132,0.996681,2.570379,1.438281,-1.036598,-1.079535
0.159197,0.190527,1.661054,2.843107,0.431215,0.798489,-2.965334,0.163159,-0.377536,-0.451124
-0.445331,0.608097,0.052066,2.614655,0.904735,-1.125844,0.482449,-0.212110,2.076096,1.260135
-2.367652,0.475191,0.040916,2.330805,-2.274152,-0.705563,-1.772946,-0.587367,-0.202141,0.202681
-1.616466,-0.796615,2.661703,0.141603,-2.299333,0.089094,0.677184,0.778067,1.543473,0.058354
2.846135,-3.007082,-3.456676,-0.904170,-0.928248,-0.687921,1.020828,0.762494,1.815614,-3.038662
2.089792,-0.472871,-0.696171,2.681783,2.095255,-2.362630,0.359260,-3.238720,-0.103052,-1.680573
0.130030,3.228647,-0.280265,0.541030,0.897791,1.159392,0.238291,-1.113193,2.061826,-0.810254
-3.570912,-1.385796,0.090764,-0.221683,-1.280964,-1.639063,1.617584,-0.794623,0.336561,1.151458
-1.926574,0.454839,0.621053,-1.784805,0.437646,0.581176,1.213650,-0.841923,-0.436137,-1.891551
-0.549309,1.311950,-2.664869,-1.116166,1.879378,0.870310,1.361284,-0.957669,-0.322226,-0.109220
-0.454436,-2.120100,-4.482402,-1.082597,0.855628,0.494844,-0.401393,0.692640,0.169005,-0.420466
-3.562243,-2.739949,0.796021,0.365050,0.121360,1.926383,-0.836450,-0.201590,2.118101,-0.035400
-3.962963,-1.490079,0.120939,-0.016202,-1.651600,0.193548,0.609611,-0.879679,0.864527,-0.234839
-0.683658,-1.613495,-1.841523,-0.023884,2.341219,-1.347729,1.448186,-1.298501,0.516011,1.038816
-3.870380,-2.160141,1.032638,-0.345234,0.192793,2.145125,0.350373,-0.219024,1.961309,-0.362294
-0.327888,-0.542473,-0.806786,-0.974519,1.400436,0.266406,-0.336338,-2.825985,1.259578,2.380059
0.884905,0.966363,-0.541303,3.072156,0.202188,-1.591012,1.661698,-0.428381,0.292436,0.459492
1.446067,2.168502,3.282676,-1.415000,1.338341,2.691850,-0.918520,-2.583842,2.030925,-0.669313
-3.716843,-2.338846,1.088832,0.542073,-0.640820,1.503678,0.186972,-0.261768,1.290066,-0.278310
-3.748363,-2.722481,0.893980,-0.426808,-0.305651,1.291868,-0.013171,-0.296599,2.352023,-0.415939
2.485961,3.790163,-2.093998,1.434874,2.893760,0.184931,0.723034,0.349262,4.017462,0.602282
-2.801760,1.617637,0.454553,-1.728431,-0.481498,-0.546738,1.134309,0.464125,-0.168115,-1.142425
0.048056,-1.041412,-2.064166,-1.500845,1.323449,0.474413,-2.479343,0.411675,-1.604023,0.056931
-0.837975,-0.428891,2.312872,1.726519,0.903780,-2.791137,0.296545,0.508242,0.021880,-0.245916
3.307375,-0.359916,4.138012,-1.639158,-3.062837,-0.844355,-0.664489,1.182472,0.840622,0.245974
-1.627442,2.414138,0.190638,-1.744436,0.863675,-0.987465,0.702189,-0.757183,-0.881113,-0.629402
-0.957728,-0.763467,-1.456141,-1.937047,0.216875,1.682424,-1.020671,-0.590742,-1.705166,1.112547
1.997706,-1.524054,-2.464941,0.597190,-3.760208,2.460344,-0.855759,-1.283444,-1.049766,0.630206
-3.393994,-2.351693,0.191561,1.220555,-1.474690,0.830031,-1.256673,-0.141059,0.945239,0.403889
-0.601901,2.122184,-0.112546,-0.299354,-2.013491,-0.002732,-0.113101,-1.192289,1.499384,0.841606
-1.731506,-1.220114,2.824389,1.125877,2.103972,3.615441,-1.485802,0.756395,0.130099,-0.601236
1.021812,1.624265,0.252496,-2.371001,2.189138,1.465380,-0.500902,-2.504462,0.365378,1.181513
-0.497982,0.669375,2.371483,-1.427126,1.753076,3.945359,2.359010,0.415423,-0.065897,-0.698942
-0.500374,0.982396,-2.733929,2.265682,-1.224137,-0.146377,-0.223029,2.115578,1.092242,-0.185114
1.042022,0.734314,-0.378631,4.889691,0.046798,0.787952,1.025789,-1.730367,0.516707,-1.151356
4.762767,-1.644793,0.432854,-0.191137,-3.442002,0.476645,-0.423705,-1.487294,-1.970562,0.895285
0.820083,-1.995760,-4.499919,-1.237440,1.055673,0.350274,-1.610480,0.938432,0.942643,-1.425661
-0.998563,2.108829,-2.231326,0.502233,-0.302124,-0.694936,-1.776334,0.292007,0.951114,0.562918
-3.030195,-0.882356,-0.463789,0.847928,-1.969862,-1.625196,0.320301,-0.569722,-1.094646,1.012381
-2.270391,0.998191,-1.243388,-2.002142,0.459802,-2.426840,1.075090,-1.301120,0.220614,0.390441
0.617247,0.790066,4.103503,-0.312617,-1.433610,0.755823,-0.961122,0.330903,1.187508,-0.600457
1.980705,-1.150344,-3.862164,-3.140661,2.290657,1.342014,0.868550,0.424967,-0.105784,-0.766361
-2.772149,-0.812530,1.995949,-2.261094,2.048034,1.453554,2.581830,0.718526,1.428162,-0.146351
-2.042574,-1.271461,1.419246,0.801638,-1.540855,0.201438,-0.499287,0.106357,1.132938,-0.303274
-1.806069,1.903648,0.571402,-0.378209,-1.579352,1.967727,0.876087,0.265749,-1.771343,-1.401684
-0.175901,0.808949,-1.519719,0.903937,1.071186,1.020700,-0.625122,-1.248492,0.439089,1.265592
0.024973,-0.896513,1.116855,0.356643,1.096389,-3.019859,0.628919,1.268013,0.350769,-0.386001
-1.118365,0.182599,-1.365731,1.106066,0.362623,-2.017716,-1.889260,-0.866882,-1.281061,1.036046
-0.925536,-2.167384,-3.009599,-0.724384,-0.991680,-0.803363,0.288104,0.833193,0.824649,-0.344952
-1.824362,-1.650268,2.967976,0.288262,0.524869,1.761635,-0.826181,0.171662,1.766899,-0.949461
2.780272,-2.416915,-2.800077,-2.959101,2.377510,0.234672,-1.726690,2.033931,0.432620,-0.627711
-1.931284,0.977229,-1.066107,-1.077296,0.632638,0.346753,0.186641,-1.819604,-0.623772,1.618415
-3.221940,-3.306368,1.678578,0.362708,0.871390,2.076926,-0.245716,-0.020637,2.068170,0.642572
-0.540496,3.463928,0.739193,-0.614032,0.794970,0.155644,0.221837,-1.358409,-1.091344,0.249906
-2.131678,-0.551237,0.771002,1.927198,-1.380376,-0.058427,-1.923866,0.211906,0.881397,0.027696
-3.280383,-0.473011,-0.728788,0.820184,-2.510086,-1.200830,-0.069498,-0.478443,-1.199199,0.435589
-1.079967,-1.823842,2.962989,-2.898271,1.043784,2.804049,0.026130,-0.044646,1.071879,0.362129
-0.371421,3.665982,-1.015655,1.021327,-0.423034,0.527315,-1.097668,1.628588,0.884569,1.113670
0.041744,2.477831,2.928416,-1.405539,1.963336,-1.471186,-0.095714,0.865887,1.882548,-0.432472
0.711209,1.926844,0.138078,-3.388184,3.053505,1.922328,0.335150,-1.362573,0.799898,1.490191
4.627682,-0.535087,-1.425385,-0.453108,-1.264652,0.493278,0.206666,-0.465175,-1.742167,0.289981
-0.752549,2.261319,1.856798,-1.147564,-1.300891,3.366814,1.435119,0.443430,-0.260977,-0.990754
0.022444,-1.368054,2.055953,-2.328985,-0.689793,0.494704,-1.651499,2.133159,0.639960,0.396919
0.941566,-0.701594,2.088998,0.735222,-1.044175,-3.051388,0.618589,1.732043,-0.092088,-0.820326
1.016216,-1.795748,0.306873,-3.135689,0.424801,-1.530230,0.981182,-1.013148,-0.964233,1.756043
3.634558,-1.299531,2.134527,-0.297125,-1.822442,-0.060973,1.617537,0.909230,2.682582,1.315148
-0.637104,0.431330,2.168910,-0.858072,1.914641,1.976919,-1.321022,-0.686429,-0.420220,-1.493400
-0.656909,0.252378,2.902468,-0.666615,-0.900137,-0.986610,0.308770,0.840875,0.433995,0.383200
0.938977,-0.369990,2.628469,-1.801210,-0.221607,-1.270227,-0.746635,2.075721,-0.440342,-0.316398
-3.558543,-2.273726,0.818099,-0.182941,-0.607780,2.172262,-0.137149,0.043938,1.672494,-0.234669
1.430382,2.823725,1.832828,0.771314,0.495337,-0.148497,0.104645,-1.560546,-0.663875,-1.405440
1.828714,-1.425280,-3.232140,1.257146,0.605777,-0.106443,-1.146857,-0.800550,0.494035,-1.359447
0.545931,3.615716,1.551261,-0.350937,1.947802,-1.894843,-1.152683,-0.863421,-0.937189,-0.076773
-2.393935,1.715129,-0.605971,-0.662202,0.527972,-0.197287,0.372864,-1.593355,0.011929,-0.790461
-1.133875,2.330607,-1.629631,0.753190,0.668641,0.597654,-2.548942,0.785784,1.185462,1.476285
-0.194861,-1.859627,-1.662979,-1.695992,1.110727,-1.067803,-1.331746,2.006718,0.061174,-1.230110
-2.572524,0.833219,-0.191616,-1.040502,0.105119,-0.318428,-0.254779,-1.371053,-1.191653,-0.532619
-1.848017,0.031292,1.570346,-0.321309,-1.273965,0.208449,-1.170669,1.317315,0.775754,-1.927739
2.593687,-0.134870,-0.723381,5.042188,0.686392,1.215576,1.262131,-1.424235,1.058855,-1.523355
0.528217,-1.321137,0.290513,2.641552,3.571458,0.427989,3.803172,1.395506,0.465156,0.518012
-2.334635,1.646835,-0.186078,1.011251,0.073719,-0.829662,-1.983976,-0.062729,0.039971,0.547267
-2.936099,-0.143520,-0.105439,0.217554,-1.091273,0.247264,-1.397491,-0.828858,0.486781,-1.556686
-4.108025,-1.298182,0.168997,-0.019059,-1.413304,0.078613,1.264073,-0.585279,0.876804,0.033404
-1.473080,-0.369020,-2.122897,-1.933721,-0.398313,-0.714753,1.333127,-0.910059,-1.516264,2.222048
-2.370117,0.565885,0.813708,0.240074,0.373044,2.342740,-1.179437,-0.554375,-0.203569,-2.203040
-1.798679,1.653549,1.621460,-1.522810,-0.184552,0.726281,-0.257700,0.242384,-0.000208,-2.408719
-2.971913,-2.524845,0.769137,0.747163,-0.271476,2.296653,-2.285915,0.152510,1.046364,0.661981
4.713269,-0.866283,-1.428745,0.651966,-0.608758,0.070662,0.846298,-1.496769,-1.154374,-0.896414
2.083525,2.189831,-0.812332,2.927744,-0.633756,2.203830,-2.084636,1.621507,-0.463996,1.187101
-1.098582,1.739785,-2.088129,1.649887,0.364814,0.497812,-0.632847,-0.185834,-0.376694,0.628490
3.218239,-1.034082,3.214862,1.754319,0.238742,-0.856171,0.435580,-1.182881,0.007251,2.773075
-0.811785,0.742362,-2.682040,1.133860,-1.128682,-0.881954,-0.703855,0.632168,2.398257,-0.997701
1.293175,-1.071414,-2.982849,-1.781298,-0.200999,0.602036,-1.763752,-1.043119,0.074465,0.339437
0.173600,-0.187489,1.526828,1.944311,2.113584,1.720572,-0.448773,0.641293,-2.968788,2.058531
-3.409500,-0.969947,-1.219215,0.255967,-1.433545,0.286482,1.305170,-1.276289,-0.004667,0.135887
4.200973,-1.081766,1.077055,-2.019022,-0.283765,-2.534031,0.271800,-0.607750,0.956504,0.260386
-1.971151,1.388622,-0.998647,-0.384942,-0.593310,-0.512049,0.373745,-0.376746,-2.510360,-1.482684
-1.672518,-0.744246,1.435308,0.981995,0.065767,-3.056820,0.586735,0.617187,0.137979,0.952173
-0.363514,3.535765,-1.596354,1.119395,2.175158,1.630466,-2.412244,0.961152,0.520103,0.606240
-2.293406,1.607833,-1.329464,-0.653432,0.767588,-1.276960,0.232701,-1.757787,0.143942,1.271241
3.688524,-0.632848,-1.228423,-0.758780,-1.592232,-0.098907,-1.304696,-1.965228,-1.339716,-0.091882
-1.741792,1.025991,-1.869350,0.077807,-1.219842,-1.956606,-0.931569,0.740943,-0.280851,1.051434
