0.00035, 0.00002, 0.00005, 0.00010, 0.00116, 0.00043, 0.00544, 0.04288, 0.00894, 0.02997
0.00122, 0.00009, 0.00178, 0.00057, 0.00495, 0.00344, 0.01443, 0.24202, 0.02163, 0.12779
0.00014, 0.00000, 0.00016, 0.00006, 0.00020, 0.00003, 0.00104, 0.00330, 0.01046, 0.02766
0.00030, 0.00008, 0.00017, 0.00001, 0.00142, 0.00044, 0.00966, 0.05717, 0.05225, 0.01637
0.00090, 0.00005, 0.00100, 0.00020, 0.00243, 0.00075, 0.00457, 0.06780, 0.01699, 0.12683
0.00018, 0.00000, 0.00028, 0.00002, 0.00088, 0.00029, 0.00271, 0.00320, 0.01837, 0.01675
0.00103, 0.00001, 0.00091, 0.00020, 0.00252, 0.00035, 0.00725, 0.02193, 0.02510, 0.06998
0.00036, 0.00003, 0.00018, 0.00005, 0.00391, 0.00042, 0.01754, 0.22266, 0.09790, 0.07275
0.00051, 0.00035, 0.00046, 0.00007, 0.00075, 0.00020, 0.00569, 0.00639, 0.00968, 0.00436
0.00031, 0.00015, 0.00033, 0.00040, 0.00187, 0.00097, 0.01738, 0.14647, 0.00746, 0.01692
0.00153, 0.00004, 0.00168, 0.00012, 0.00425, 0.00132, 0.01147, 0.03064, 0.13041, 0.10866
0.00118, 0.00003, 0.00107, 0.00008, 0.00091, 0.00073, 0.00521, 0.02159, 0.01180, 0.05543
0.00081, 0.00009, 0.00058, 0.00032, 0.00399, 0.00307, 0.01382, 0.10006, 0.00207, 0.04358
0.00215, 0.00011, 0.00250, 0.00012, 0.00211, 0.00108, 0.00417, 0.03163, 0.06419, 0.14601
0.00136, 0.00003, 0.00150, 0.00052, 0.00614, 0.00097, 0.01935, 0.05935, 0.02811, 0.07329
0.00027, 0.00001, 0.00020, 0.00003, 0.00006, 0.00002, 0.00053, 0.00042, 0.00114, 0.00226
0.00009, 0.00010, 0.00001, 0.00006, 0.00690, 0.00028, 0.02106, 0.33525, 0.15125, 0.14656
0.00019, 0.00020, 0.00009, 0.00029, 0.00068, 0.00144, 0.01747, 0.04702, 0.00201, 0.01910
0.00014, 0.00017, 0.00001, 0.00017, 0.00930, 0.00010, 0.03074, 0.50293, 0.13552, 0.16833
0.00074, 0.00001, 0.00072, 0.00007, 0.00263, 0.00117, 0.00887, 0.01427, 0.05016, 0.01725
0.00003, 0.00010, 0.00005, 0.00026, 0.01091, 0.00303, 0.04303, 0.19790, 0.09762, 0.14036
0.00003, 0.00014, 0.00000, 0.00049, 0.00107, 0.00240, 0.01943, 0.02960, 0.00278, 0.02585
0.00094, 0.00005, 0.00058, 0.00008, 0.00124, 0.00116, 0.00254, 0.04723, 0.00056, 0.01947
0.00052, 0.00002, 0.00065, 0.00012, 0.00134, 0.00013, 0.00266, 0.02156, 0.01555, 0.08851
0.00030, 0.00003, 0.00021, 0.00002, 0.00071, 0.00008, 0.00400, 0.02615, 0.04330, 0.05045
0.00104, 0.00020, 0.00046, 0.00003, 0.00067, 0.00078, 0.00377, 0.03457, 0.00161, 0.00866
0.00010, 0.00000, 0.00009, 0.00012, 0.00295, 0.00099, 0.00850, 0.10247, 0.02357, 0.08163
0.00128, 0.00018, 0.00111, 0.00003, 0.00074, 0.00134, 0.00866, 0.01141, 0.01286, 0.00718
0.00008, 0.00000, 0.00003, 0.00002, 0.00025, 0.00005, 0.00179, 0.02242, 0.01274, 0.00797
0.00067, 0.00004, 0.00079, 0.00015, 0.00185, 0.00074, 0.00376, 0.05654, 0.01237, 0.09449
0.00079, 0.00032, 0.00017, 0.00000, 0.00480, 0.00064, 0.02842, 0.09113, 0.05796, 0.04921
0.00096, 0.00020, 0.00070, 0.00003, 0.00054, 0.00079, 0.00304, 0.03525, 0.00075, 0.00805
0.00128, 0.00003, 0.00043, 0.00003, 0.00029, 0.00059, 0.00109, 0.00815, 0.00132, 0.01074
0.00008, 0.00011, 0.00014, 0.00029, 0.00167, 0.00131, 0.01201, 0.15160, 0.00899, 0.01543
0.00079, 0.00014, 0.00056, 0.00019, 0.00572, 0.00065, 0.04347, 0.05835, 0.04920, 0.02467
0.00004, 0.00001, 0.00003, 0.00011, 0.00031, 0.00022, 0.00382, 0.00522, 0.00669, 0.02102
0.00055, 0.00006, 0.00063, 0.00000, 0.00062, 0.00119, 0.00362, 0.00759, 0.01108, 0.00177
0.00066, 0.00001, 0.00057, 0.00002, 0.00067, 0.00062, 0.00589, 0.01041, 0.02399, 0.00708
0.00011, 0.00002, 0.00002, 0.00003, 0.00163, 0.00012, 0.01138, 0.12866, 0.00673, 0.01265
0.00005, 0.00002, 0.00003, 0.00018, 0.00036, 0.00059, 0.00560, 0.00808, 0.01088, 0.03181
0.00024, 0.00002, 0.00014, 0.00004, 0.00037, 0.00026, 0.00295, 0.03256, 0.02485, 0.01058
0.00050, 0.00012, 0.00023, 0.00008, 0.00689, 0.00240, 0.03902, 0.08040, 0.06094, 0.08529
0.00009, 0.00012, 0.00003, 0.00046, 0.00691, 0.00261, 0.02887, 0.12412, 0.03014, 0.14115
0.00002, 0.00012, 0.00000, 0.00047, 0.00225, 0.00289, 0.02154, 0.06892, 0.01011, 0.03594
0.00057, 0.00019, 0.00011, 0.00002, 0.01527, 0.00130, 0.06141, 0.28685, 0.16827, 0.07375
0.00048, 0.00009, 0.00034, 0.00001, 0.00243, 0.00052, 0.01474, 0.08952, 0.09909, 0.01261
0.00037, 0.00001, 0.00030, 0.00010, 0.00867, 0.00305, 0.02142, 0.07447, 0.19480, 0.03206
0.00015, 0.00009, 0.00004, 0.00006, 0.00275, 0.00057, 0.02328, 0.03730, 0.08904, 0.01788
0.00047, 0.00004, 0.00039, 0.00001, 0.00030, 0.00048, 0.00291, 0.02006, 0.01326, 0.00787
0.00112, 0.00011, 0.00132, 0.00032, 0.01368, 0.00718, 0.03417, 0.14866, 0.08299, 0.31497
0.00025, 0.00000, 0.00033, 0.00002, 0.00092, 0.00069, 0.00321, 0.00965, 0.01836, 0.00400
0.00026, 0.00003, 0.00021, 0.00003, 0.00006, 0.00020, 0.00175, 0.01410, 0.00971, 0.00550
0.00042, 0.00009, 0.00035, 0.00000, 0.00058, 0.00047, 0.00301, 0.00952, 0.00945, 0.00630
0.00138, 0.00007, 0.00185, 0.00036, 0.00309, 0.00160, 0.00610, 0.13812, 0.00901, 0.09714
0.00016, 0.00002, 0.00016, 0.00004, 0.00012, 0.00006, 0.00160, 0.01291, 0.00021, 0.00219
0.00011, 0.00001, 0.00006, 0.00001, 0.00108, 0.00028, 0.00619, 0.03797, 0.02414, 0.01198
0.00010, 0.00007, 0.00001, 0.00009, 0.00983, 0.00089, 0.02661, 0.35134, 0.24505, 0.13056
0.00016, 0.00001, 0.00006, 0.00005, 0.00072, 0.00014, 0.00450, 0.05686, 0.02808, 0.01968
0.00109, 0.00005, 0.00105, 0.00026, 0.00363, 0.00029, 0.01700, 0.36497, 0.04522, 0.17690
0.00062, 0.00005, 0.00058, 0.00019, 0.00293, 0.00034, 0.02087, 0.42477, 0.01480, 0.08607
0.00109, 0.00001, 0.00094, 0.00017, 0.00128, 0.00015, 0.00372, 0.01058, 0.01645, 0.04518
0.00015, 0.00013, 0.00019, 0.00026, 0.00502, 0.00224, 0.04343, 0.20610, 0.01726, 0.01623
0.00049, 0.00006, 0.00034, 0.00000, 0.00118, 0.00071, 0.00542, 0.02605, 0.02151, 0.01290
0.00204, 0.00001, 0.00145, 0.00037, 0.00073, 0.00051, 0.01148, 0.17455, 0.00146, 0.02569
0.00039, 0.00004, 0.00030, 0.00005, 0.00117, 0.00039, 0.00831, 0.08041, 0.06774, 0.01922
0.00105, 0.00022, 0.00122, 0.00008, 0.00175, 0.00197, 0.00666, 0.06437, 0.00254, 0.02323
0.00014, 0.00021, 0.00001, 0.00021, 0.01822, 0.00091, 0.04475, 0.61221, 0.37973, 0.20792
0.00119, 0.00008, 0.00148, 0.00039, 0.00432, 0.00252, 0.00844, 0.16633, 0.01679, 0.15282
0.00014, 0.00017, 0.00002, 0.00001, 0.01514, 0.00206, 0.04752, 0.22511, 0.36708, 0.14735
0.00015, 0.00005, 0.00017, 0.00031, 0.02384, 0.00776, 0.05734, 0.30641, 0.55830, 0.05469
0.00083, 0.00006, 0.00036, 0.00057, 0.00019, 0.00056, 0.01766, 0.01277, 0.00230, 0.00337
0.00092, 0.00010, 0.00068, 0.00001, 0.00096, 0.00168, 0.00412, 0.01521, 0.01394, 0.03364
0.00001, 0.00010, 0.00000, 0.00029, 0.00176, 0.00187, 0.01642, 0.04516, 0.00273, 0.03143
0.00020, 0.00003, 0.00017, 0.00001, 0.00006, 0.00013, 0.00084, 0.00692, 0.00321, 0.00330
0.00001, 0.00009, 0.00000, 0.00039, 0.00152, 0.00199, 0.01730, 0.04083, 0.00409, 0.02029
0.00023, 0.00011, 0.00004, 0.00012, 0.00523, 0.00002, 0.02402, 0.43180, 0.05563, 0.14654
0.00053, 0.00003, 0.00037, 0.00049, 0.00054, 0.00053, 0.01563, 0.01025, 0.01514, 0.02195
0.00113, 0.00019, 0.00094, 0.00015, 0.00221, 0.00189, 0.00796, 0.07341, 0.00341, 0.02703
0.00062, 0.00057, 0.00017, 0.00014, 0.01528, 0.00192, 0.05790, 0.44069, 0.31826, 0.09226
0.00024, 0.00000, 0.00020, 0.00016, 0.00212, 0.00054, 0.00505, 0.05335, 0.00725, 0.06621
0.00001, 0.00008, 0.00001, 0.00029, 0.00163, 0.00167, 0.01421, 0.02671, 0.00826, 0.04739
0.00051, 0.00005, 0.00023, 0.00007, 0.01416, 0.00382, 0.04770, 0.19216, 0.31213, 0.04050
0.00030, 0.00002, 0.00020, 0.00004, 0.00068, 0.00031, 0.00598, 0.06763, 0.04602, 0.01914
0.00003, 0.00004, 0.00006, 0.00015, 0.01209, 0.00357, 0.03188, 0.05593, 0.22155, 0.05206
0.00035, 0.00002, 0.00017, 0.00003, 0.00132, 0.00043, 0.01062, 0.02985, 0.01947, 0.01029
0.00016, 0.00015, 0.00005, 0.00008, 0.01014, 0.00048, 0.02881, 0.43617, 0.23450, 0.18817
0.00044, 0.00008, 0.00040, 0.00000, 0.00553, 0.00164, 0.02373, 0.11171, 0.15842, 0.02223
0.00015, 0.00015, 0.00002, 0.00006, 0.00656, 0.00009, 0.02412, 0.36940, 0.14380, 0.12808
0.00124, 0.00005, 0.00124, 0.00020, 0.02062, 0.00905, 0.05220, 0.23267, 0.49983, 0.05374
0.00010, 0.00006, 0.00007, 0.00041, 0.00011, 0.00093, 0.01317, 0.00479, 0.01151, 0.01105
0.00067, 0.00007, 0.00025, 0.00002, 0.00046, 0.00074, 0.00228, 0.02647, 0.00043, 0.00700
0.00058, 0.00009, 0.00041, 0.00000, 0.00102, 0.00070, 0.00473, 0.01532, 0.01463, 0.01113
0.00030, 0.00009, 0.00026, 0.00016, 0.00068, 0.00058, 0.00879, 0.06839, 0.00039, 0.00287
0.00084, 0.00003, 0.00082, 0.00009, 0.00041, 0.00007, 0.00087, 0.00535, 0.01604, 0.04478
0.00007, 0.00005, 0.00001, 0.00018, 0.00444, 0.00142, 0.02196, 0.16076, 0.04065, 0.10220
0.00064, 0.00001, 0.00068, 0.00013, 0.00091, 0.00002, 0.00300, 0.00830, 0.02115, 0.04438
0.00118, 0.00047, 0.00024, 0.00003, 0.01751, 0.00171, 0.08537, 0.41609, 0.23773, 0.11774
0.00268, 0.00007, 0.00226, 0.00010, 0.00261, 0.00160, 0.00688, 0.02517, 0.09248, 0.07766
0.00019, 0.00001, 0.00007, 0.00007, 0.00109, 0.00022, 0.00565, 0.06916, 0.04330, 0.02252
0.00054, 0.00008, 0.00020, 0.00048, 0.00039, 0.00030, 0.02102, 0.00584, 0.01325, 0.00533
0.00076, 0.00002, 0.00038, 0.00026, 0.00007, 0.00007, 0.00801, 0.02430, 0.00068, 0.00248
0.00030, 0.00007, 0.00016, 0.00007, 0.01555, 0.00408, 0.05039, 0.23498, 0.36011, 0.04292
0.00014, 0.00018, 0.00000, 0.00014, 0.01399, 0.00039, 0.04076, 0.50369, 0.17350, 0.12288
0.00033, 0.00004, 0.00016, 0.00001, 0.00050, 0.00031, 0.00354, 0.01019, 0.01024, 0.01360
0.00209, 0.00012, 0.00225, 0.00024, 0.00160, 0.00026, 0.00314, 0.02706, 0.02197, 0.11489
0.00054, 0.00003, 0.00066, 0.00000, 0.00199, 0.00155, 0.00853, 0.01234, 0.04777, 0.01217
0.00001, 0.00010, 0.00003, 0.00023, 0.00161, 0.00099, 0.02117, 0.01124, 0.02154, 0.01950
0.00023, 0.00005, 0.00009, 0.00007, 0.00507, 0.00026, 0.02093, 0.10321, 0.03839, 0.01641
0.00055, 0.00006, 0.00023, 0.00007, 0.00068, 0.00063, 0.00451, 0.00671, 0.00714, 0.00245
0.00044, 0.00016, 0.00054, 0.00007, 0.00240, 0.00073, 0.01240, 0.02853, 0.01324, 0.02419
0.00102, 0.00006, 0.00153, 0.00060, 0.00612, 0.00345, 0.01227, 0.26555, 0.01537, 0.16856
0.00018, 0.00000, 0.00026, 0.00009, 0.00040, 0.00004, 0.00235, 0.00473, 0.01487, 0.03568
0.00120, 0.00009, 0.00098, 0.00028, 0.00341, 0.00012, 0.02482, 0.53078, 0.05133, 0.18436
0.00029, 0.00010, 0.00016, 0.00009, 0.00050, 0.00019, 0.00916, 0.04290, 0.00263, 0.00436
0.00109, 0.00006, 0.00119, 0.00017, 0.00155, 0.00031, 0.00293, 0.03755, 0.01415, 0.09475
0.00050, 0.00003, 0.00013, 0.00005, 0.00061, 0.00049, 0.00203, 0.01619, 0.00200, 0.01547
0.00141, 0.00005, 0.00163, 0.00048, 0.00332, 0.00163, 0.00886, 0.22153, 0.00393, 0.10423
0.00025, 0.00000, 0.00020, 0.00002, 0.00321, 0.00117, 0.00946, 0.03577, 0.08422, 0.01175
0.00014, 0.00003, 0.00029, 0.00015, 0.00809, 0.00354, 0.01925, 0.04777, 0.13047, 0.01508
0.00026, 0.00002, 0.00021, 0.00017, 0.01000, 0.00405, 0.02382, 0.06322, 0.19483, 0.02630
0.00013, 0.00020, 0.00003, 0.00016, 0.01045, 0.00007, 0.03981, 0.76994, 0.08396, 0.21449
0.00073, 0.00002, 0.00054, 0.00007, 0.00383, 0.00056, 0.01886, 0.30267, 0.10384, 0.12877
0.00026, 0.00009, 0.00006, 0.00001, 0.00047, 0.00014, 0.00359, 0.03259, 0.00898, 0.01214
0.00050, 0.00005, 0.00029, 0.00002, 0.00032, 0.00059, 0.00126, 0.01423, 0.00090, 0.00992
0.00003, 0.00005, 0.00007, 0.00005, 0.00058, 0.00045, 0.00232, 0.03066, 0.00054, 0.00183
0.00066, 0.00010, 0.00052, 0.00015, 0.00430, 0.00009, 0.02508, 0.45476, 0.07808, 0.17335
0.00009, 0.00003, 0.00013, 0.00018, 0.00212, 0.00075, 0.00912, 0.02033, 0.01057, 0.03554
0.00031, 0.00003, 0.00024, 0.00003, 0.00006, 0.00026, 0.00191, 0.01679, 0.01445, 0.00432
0.00021, 0.00003, 0.00026, 0.00016, 0.00169, 0.00127, 0.00465, 0.06496, 0.00440, 0.02819
0.00001, 0.00010, 0.00001, 0.00040, 0.00663, 0.00272, 0.03097, 0.04824, 0.02528, 0.06928
0.00039, 0.00002, 0.00036, 0.00058, 0.00656, 0.00237, 0.02024, 0.22108, 0.03160, 0.22595
0.00116, 0.00004, 0.00129, 0.00010, 0.00409, 0.00347, 0.01476, 0.04291, 0.05267, 0.04948
0.00027, 0.00000, 0.00038, 0.00006, 0.00193, 0.00043, 0.00738, 0.00270, 0.03087, 0.01765
0.00063, 0.00008, 0.00064, 0.00001, 0.00141, 0.00137, 0.00998, 0.05050, 0.04432, 0.01420
0.00160, 0.00063, 0.00043, 0.00002, 0.01658, 0.00266, 0.08262, 0.39380, 0.23423, 0.16632
0.00053, 0.00007, 0.00065, 0.00016, 0.00310, 0.00237, 0.00886, 0.07838, 0.01404, 0.09553
0.00084, 0.00002, 0.00084, 0.00013, 0.00150, 0.00050, 0.00376, 0.02431, 0.00782, 0.04465
0.00103, 0.00036, 0.00030, 0.00000, 0.00871, 0.00118, 0.04554, 0.17942, 0.10538, 0.08940
0.00063, 0.00001, 0.00040, 0.00003, 0.00455, 0.00173, 0.01687, 0.05436, 0.11635, 0.01666
0.00026, 0.00001, 0.00035, 0.00018, 0.01241, 0.00427, 0.03051, 0.07512, 0.24231, 0.03545
0.00066, 0.00001, 0.00026, 0.00022, 0.00006, 0.00007, 0.00610, 0.00768, 0.00057, 0.00104
0.00115, 0.00008, 0.00088, 0.00011, 0.00157, 0.00169, 0.00599, 0.04904, 0.00173, 0.02536
0.00001, 0.00011, 0.00000, 0.00035, 0.00155, 0.00177, 0.02077, 0.01855, 0.01209, 0.02504
0.00076, 0.00001, 0.00068, 0.00001, 0.00136, 0.00106, 0.00718, 0.01486, 0.04601, 0.00798
0.00115, 0.00015, 0.00060, 0.00013, 0.00246, 0.00065, 0.02034, 0.07205, 0.01529, 0.01038
0.00020, 0.00002, 0.00025, 0.00015, 0.00978, 0.00391, 0.02204, 0.08389, 0.17409, 0.03594
0.00118, 0.00002, 0.00114, 0.00003, 0.00013, 0.00021, 0.00143, 0.00539, 0.00726, 0.01772
0.00062, 0.00000, 0.00063, 0.00029, 0.00220, 0.00085, 0.01219, 0.26875, 0.00917, 0.06800
0.00021, 0.00002, 0.00025, 0.00009, 0.00727, 0.00291, 0.01805, 0.04214, 0.13741, 0.02112
0.00001, 0.00007, 0.00000, 0.00015, 0.00193, 0.00088, 0.01368, 0.01068, 0.01850, 0.01817
0.00029, 0.00007, 0.00032, 0.00013, 0.00065, 0.00070, 0.00857, 0.07632, 0.00047, 0.00327
0.00115, 0.00008, 0.00057, 0.00012, 0.00879, 0.00076, 0.04717, 0.55733, 0.14631, 0.13113
0.00012, 0.00010, 0.00002, 0.00016, 0.00061, 0.00034, 0.00988, 0.00571, 0.01040, 0.01045
0.00069, 0.00001, 0.00113, 0.00012, 0.00755, 0.00456, 0.02123, 0.06228, 0.11768, 0.05519
0.00003, 0.00005, 0.00000, 0.00004, 0.00111, 0.00024, 0.00813, 0.05943, 0.01783, 0.02552
0.00010, 0.00001, 0.00004, 0.00002, 0.00053, 0.00010, 0.00301, 0.03944, 0.02707, 0.01153
0.00020, 0.00004, 0.00017, 0.00004, 0.00089, 0.00041, 0.00366, 0.00199, 0.01595, 0.00479
0.00092, 0.00008, 0.00030, 0.00004, 0.00043, 0.00095, 0.00586, 0.01548, 0.01481, 0.01721
0.00023, 0.00016, 0.00008, 0.00006, 0.00742, 0.00023, 0.02731, 0.42871, 0.18149, 0.18303
0.00008, 0.00000, 0.00006, 0.00000, 0.00093, 0.00040, 0.00263, 0.02061, 0.01324, 0.01565
0.00044, 0.00004, 0.00017, 0.00031, 0.00025, 0.00072, 0.01675, 0.09907, 0.00593, 0.00471
0.00045, 0.00008, 0.00047, 0.00016, 0.01051, 0.00342, 0.02604, 0.12263, 0.26219, 0.03167
0.00087, 0.00014, 0.00034, 0.00003, 0.00055, 0.00087, 0.00323, 0.02838, 0.00239, 0.00965
0.00067, 0.00000, 0.00033, 0.00019, 0.00028, 0.00014, 0.00896, 0.03709, 0.00205, 0.00288
0.00077, 0.00007, 0.00092, 0.00000, 0.00256, 0.00195, 0.01244, 0.01570, 0.06247, 0.01998
0.00130, 0.00011, 0.00092, 0.00003, 0.00106, 0.00066, 0.00967, 0.01748, 0.01988, 0.00481
0.00033, 0.00002, 0.00033, 0.00005, 0.00060, 0.00025, 0.00834, 0.01899, 0.01496, 0.01839
0.00001, 0.00014, 0.00004, 0.00043, 0.00579, 0.00243, 0.04485, 0.03205, 0.05049, 0.04606
0.00000, 0.00003, 0.00000, 0.00008, 0.00066, 0.00060, 0.00472, 0.01716, 0.00369, 0.00860
0.00026, 0.00002, 0.00028, 0.00001, 0.00295, 0.00131, 0.01439, 0.03686, 0.02712, 0.00786
0.00001, 0.00005, 0.00000, 0.00010, 0.00039, 0.00045, 0.00675, 0.00373, 0.00700, 0.00627
0.00046, 0.00021, 0.00014, 0.00005, 0.01479, 0.00133, 0.07077, 0.22224, 0.13655, 0.04618
0.00132, 0.00004, 0.00158, 0.00020, 0.00268, 0.00061, 0.00861, 0.00961, 0.06848, 0.08607
0.00098, 0.00006, 0.00104, 0.00014, 0.00164, 0.00070, 0.00359, 0.04065, 0.01161, 0.09245
0.00092, 0.00008, 0.00026, 0.00002, 0.00978, 0.00274, 0.04533, 0.25547, 0.14840, 0.10691
0.00036, 0.00005, 0.00031, 0.00003, 0.00136, 0.00046, 0.00786, 0.06907, 0.07106, 0.01459
0.00004, 0.00019, 0.00000, 0.00058, 0.00066, 0.00195, 0.02812, 0.01069, 0.02577, 0.02520
0.00076, 0.00014, 0.00069, 0.00009, 0.00215, 0.00126, 0.00757, 0.04342, 0.00243, 0.02718
0.00078, 0.00012, 0.00016, 0.00002, 0.00680, 0.00086, 0.03566, 0.20409, 0.12137, 0.06233
0.00123, 0.00000, 0.00138, 0.00027, 0.01913, 0.00566, 0.03509, 0.22449, 0.42260, 0.13111
0.00019, 0.00004, 0.00019, 0.00029, 0.00228, 0.00077, 0.02013, 0.01424, 0.02019, 0.01728
0.00015, 0.00007, 0.00019, 0.00015, 0.00096, 0.00100, 0.00950, 0.10009, 0.00135, 0.00536
0.00056, 0.00000, 0.00054, 0.00020, 0.00335, 0.00056, 0.00665, 0.06312, 0.01500, 0.09060
0.00148, 0.00006, 0.00176, 0.00027, 0.00423, 0.00301, 0.01261, 0.09178, 0.01202, 0.09812
0.00085, 0.00010, 0.00060, 0.00059, 0.03482, 0.01177, 0.07045, 0.49605, 0.77245, 0.15760
0.00008, 0.00012, 0.00001, 0.00007, 0.00475, 0.00025, 0.01402, 0.15867, 0.07233, 0.04165
0.00101, 0.00006, 0.00122, 0.00025, 0.00256, 0.00117, 0.00475, 0.10557, 0.00669, 0.08035
0.00026, 0.00005, 0.00023, 0.00005, 0.00015, 0.00001, 0.00304, 0.00130, 0.00374, 0.00542
0.00036, 0.00010, 0.00019, 0.00002, 0.00096, 0.00029, 0.00569, 0.02821, 0.03393, 0.00697
0.00162, 0.00001, 0.00156, 0.00036, 0.00166, 0.00010, 0.00601, 0.11507, 0.00486, 0.09159
0.00002, 0.00006, 0.00000, 0.00006, 0.00140, 0.00021, 0.01319, 0.07164, 0.03456, 0.03445
0.00000, 0.00001, 0.00001, 0.00010, 0.00115, 0.00059, 0.00484, 0.01542, 0.00314, 0.02410
0.00096, 0.00027, 0.00033, 0.00003, 0.00094, 0.00110, 0.00552, 0.03792, 0.00204, 0.01067
0.00006, 0.00011, 0.00000, 0.00045, 0.00131, 0.00247, 0.01726, 0.04256, 0.00446, 0.02065
0.00042, 0.00001, 0.00042, 0.00002, 0.00004, 0.00024, 0.00013, 0.00043, 0.00162, 0.00459
0.00071, 0.00001, 0.00027, 0.00002, 0.00024, 0.00025, 0.00065, 0.00449, 0.00154, 0.00989
0.00016, 0.00001, 0.00004, 0.00006, 0.00075, 0.00008, 0.00497, 0.06370, 0.02091, 0.02458
0.00013, 0.00001, 0.00005, 0.00002, 0.00023, 0.00005, 0.00192, 0.02264, 0.00922, 0.01014
0.00032, 0.00004, 0.00027, 0.00002, 0.00002, 0.00017, 0.00038, 0.00110, 0.00174, 0.00367
0.00065, 0.00004, 0.00082, 0.00015, 0.00181, 0.00074, 0.00358, 0.05519, 0.01086, 0.08371
0.00018, 0.00001, 0.00007, 0.00005, 0.00096, 0.00043, 0.00127, 0.02648, 0.00373, 0.01086
0.00015, 0.00000, 0.00023, 0.00019, 0.01075, 0.00422, 0.02088, 0.11171, 0.24096, 0.03114
0.00042, 0.00011, 0.00025, 0.00009, 0.00587, 0.00017, 0.03120, 0.59146, 0.03261, 0.13987
0.00007, 0.00007, 0.00007, 0.00007, 0.00498, 0.00115, 0.01421, 0.01385, 0.08006, 0.01627
0.00172, 0.00009, 0.00225, 0.00035, 0.00336, 0.00262, 0.00958, 0.15012, 0.02304, 0.12843
0.00030, 0.00008, 0.00026, 0.00023, 0.02237, 0.00790, 0.05949, 0.34254, 0.57961, 0.05507
0.00081, 0.00002, 0.00047, 0.00012, 0.00177, 0.00007, 0.01657, 0.24111, 0.00428, 0.03377
0.00008, 0.00010, 0.00010, 0.00051, 0.00230, 0.00151, 0.03235, 0.01866, 0.03384, 0.03048
0.00038, 0.00001, 0.00044, 0.00025, 0.00163, 0.00078, 0.01531, 0.06562, 0.00136, 0.00728
0.00041, 0.00006, 0.00027, 0.00013, 0.00217, 0.00131, 0.00347, 0.08343, 0.00539, 0.02141
0.00075, 0.00008, 0.00065, 0.00017, 0.00390, 0.00018, 0.02118, 0.42637, 0.05590, 0.17523
0.00007, 0.00001, 0.00008, 0.00019, 0.00039, 0.00042, 0.00553, 0.00656, 0.02098, 0.04496
0.00141, 0.00006, 0.00166, 0.00005, 0.00134, 0.00048, 0.00209, 0.01738, 0.04218, 0.08759
0.00006, 0.00002, 0.00006, 0.00011, 0.00033, 0.00014, 0.00486, 0.00340, 0.01030, 0.01760
0.00001, 0.00008, 0.00000, 0.00029, 0.00099, 0.00147, 0.01142, 0.02385, 0.00143, 0.02123
0.00092, 0.00025, 0.00096, 0.00003, 0.00132, 0.00143, 0.00661, 0.04239, 0.00034, 0.00467
0.00004, 0.00005, 0.00002, 0.00002, 0.00532, 0.00105, 0.01915, 0.07485, 0.17104, 0.04901
0.00013, 0.00009, 0.00020, 0.00015, 0.00118, 0.00087, 0.00907, 0.14564, 0.01278, 0.02872
0.00191, 0.00032, 0.00154, 0.00033, 0.00519, 0.00510, 0.02068, 0.18954, 0.00716, 0.05859
0.00056, 0.00008, 0.00075, 0.00002, 0.00291, 0.00273, 0.01164, 0.03105, 0.05709, 0.00788
0.00149, 0.00019, 0.00045, 0.00002, 0.00375, 0.00189, 0.02037, 0.05045, 0.03860, 0.06143
0.00061, 0.00004, 0.00059, 0.00006, 0.00093, 0.00101, 0.00487, 0.04166, 0.00062, 0.00704
0.00004, 0.00015, 0.00001, 0.00016, 0.00248, 0.00198, 0.01803, 0.06759, 0.01239, 0.03853
0.00018, 0.00016, 0.00013, 0.00001, 0.00295, 0.00033, 0.01536, 0.04866, 0.10071, 0.01763
0.00098, 0.00005, 0.00034, 0.00013, 0.00262, 0.00030, 0.02836, 0.21692, 0.00713, 0.01493
0.00064, 0.00005, 0.00090, 0.00009, 0.00088, 0.00080, 0.00748, 0.02441, 0.00278, 0.00867
0.00046, 0.00013, 0.00052, 0.00008, 0.00215, 0.00071, 0.01028, 0.03004, 0.00630, 0.02933
0.00097, 0.00005, 0.00083, 0.00004, 0.00537, 0.00302, 0.01384, 0.03502, 0.10812, 0.01426
0.00004, 0.00006, 0.00007, 0.00031, 0.00166, 0.00107, 0.01843, 0.01368, 0.02712, 0.03188
0.00092, 0.00000, 0.00126, 0.00007, 0.00475, 0.00285, 0.02294, 0.04656, 0.06849, 0.01604
0.00088, 0.00015, 0.00072, 0.00006, 0.00655, 0.00118, 0.03433, 0.13586, 0.10935, 0.01504
0.00090, 0.00005, 0.00143, 0.00053, 0.00513, 0.00330, 0.01628, 0.18423, 0.02341, 0.12668
0.00220, 0.00006, 0.00274, 0.00014, 0.01149, 0.00500, 0.02661, 0.11792, 0.26655, 0.18055
0.00058, 0.00009, 0.00056, 0.00011, 0.00128, 0.00201, 0.00696, 0.07932, 0.00239, 0.01005
0.00070, 0.00001, 0.00064, 0.00011, 0.00006, 0.00018, 0.00536, 0.01382, 0.00136, 0.00142
0.00043, 0.00001, 0.00029, 0.00002, 0.00360, 0.00069, 0.01361, 0.17194, 0.11419, 0.08316
0.00029, 0.00005, 0.00027, 0.00001, 0.00000, 0.00018, 0.00084, 0.00506, 0.00219, 0.00232
0.00129, 0.00016, 0.00084, 0.00012, 0.00747, 0.00358, 0.03661, 0.12823, 0.09219, 0.09966
0.00030, 0.00003, 0.00022, 0.00004, 0.00060, 0.00050, 0.00322, 0.02546, 0.02901, 0.00917
0.00068, 0.00001, 0.00060, 0.00017, 0.00085, 0.00001, 0.00243, 0.01323, 0.00585, 0.04013
0.00079, 0.00018, 0.00084, 0.00001, 0.00057, 0.00058, 0.00437, 0.01087, 0.01330, 0.00399
0.00122, 0.00016, 0.00133, 0.00005, 0.01393, 0.00494, 0.05058, 0.22700, 0.29774, 0.02864
0.00068, 0.00002, 0.00051, 0.00008, 0.00119, 0.00038, 0.00508, 0.00878, 0.00867, 0.01982
0.00043, 0.00006, 0.00014, 0.00000, 0.00917, 0.00180, 0.03878, 0.27179, 0.17869, 0.07251
0.00154, 0.00040, 0.00049, 0.00001, 0.01617, 0.00322, 0.08875, 0.30340, 0.16973, 0.17204
0.00082, 0.00000, 0.00079, 0.00026, 0.00862, 0.00198, 0.02329, 0.07102, 0.13415, 0.15056
0.00054, 0.00002, 0.00041, 0.00002, 0.00001, 0.00030, 0.00120, 0.00377, 0.00163, 0.00075
0.00099, 0.00017, 0.00060, 0.00017, 0.00205, 0.00045, 0.02316, 0.02169, 0.03074, 0.01306
0.00003, 0.00005, 0.00001, 0.00007, 0.00055, 0.00071, 0.00419, 0.01031, 0.00216, 0.01827
0.00013, 0.00012, 0.00003, 0.00009, 0.00695, 0.00012, 0.03010, 0.51404, 0.09745, 0.19316
0.00008, 0.00001, 0.00009, 0.00004, 0.00395, 0.00144, 0.01270, 0.03425, 0.05726, 0.00902
0.00117, 0.00004, 0.00101, 0.00012, 0.00070, 0.00008, 0.00123, 0.01085, 0.00486, 0.03463
0.00008, 0.00005, 0.00009, 0.00003, 0.00045, 0.00040, 0.00173, 0.01895, 0.00059, 0.00313
0.00002, 0.00012, 0.00001, 0.00042, 0.00240, 0.00269, 0.01921, 0.07109, 0.01014, 0.05193
0.00009, 0.00005, 0.00005, 0.00005, 0.00398, 0.00091, 0.02217, 0.01864, 0.09358, 0.02195
0.00028, 0.00001, 0.00028, 0.00002, 0.00007, 0.00005, 0.00015, 0.00097, 0.00277, 0.00811
0.00003, 0.00007, 0.00004, 0.00013, 0.01179, 0.00209, 0.03729, 0.25644, 0.09786, 0.20226
0.00056, 0.00005, 0.00023, 0.00014, 0.00153, 0.00033, 0.02018, 0.12934, 0.00119, 0.00757
0.00018, 0.00006, 0.00001, 0.00008, 0.00349, 0.00061, 0.01527, 0.09012, 0.02856, 0.08934
0.00110, 0.00004, 0.00125, 0.00014, 0.00282, 0.00181, 0.00857, 0.04078, 0.01608, 0.07588
0.00014, 0.00028, 0.00002, 0.00026, 0.01707, 0.00041, 0.04372, 0.63525, 0.26104, 0.18617
0.00041, 0.00014, 0.00006, 0.00014, 0.00373, 0.00059, 0.03722, 0.04712, 0.12311, 0.02171
0.00171, 0.00024, 0.00144, 0.00021, 0.00996, 0.00600, 0.03527, 0.07092, 0.08016, 0.08341
0.00011, 0.00011, 0.00016, 0.00061, 0.00535, 0.00231, 0.04945, 0.03285, 0.05099, 0.04463
0.00043, 0.00005, 0.00022, 0.00048, 0.00010, 0.00073, 0.01751, 0.01380, 0.00277, 0.00335
0.00062, 0.00004, 0.00066, 0.00008, 0.00223, 0.00128, 0.01023, 0.02765, 0.01232, 0.00580
0.00037, 0.00003, 0.00019, 0.00042, 0.00025, 0.00062, 0.01125, 0.00835, 0.00455, 0.01211
0.00049, 0.00001, 0.00024, 0.00001, 0.00294, 0.00098, 0.01713, 0.07487, 0.05813, 0.01177
0.00044, 0.00008, 0.00046, 0.00012, 0.00897, 0.00188, 0.02435, 0.05671, 0.18621, 0.04649
0.00066, 0.00005, 0.00047, 0.00004, 0.00019, 0.00026, 0.00216, 0.00407, 0.00135, 0.00263
0.00094, 0.00002, 0.00078, 0.00010, 0.00117, 0.00033, 0.00388, 0.00857, 0.01002, 0.03212
0.00019, 0.00013, 0.00006, 0.00008, 0.00992, 0.00056, 0.03759, 0.34628, 0.13694, 0.07616
0.00048, 0.00000, 0.00053, 0.00019, 0.01127, 0.00477, 0.02233, 0.13822, 0.28754, 0.04654
0.00171, 0.00002, 0.00137, 0.00013, 0.00162, 0.00110, 0.01224, 0.03995, 0.01735, 0.07228
0.00171, 0.00003, 0.00138, 0.00021, 0.00124, 0.00015, 0.00403, 0.00820, 0.02860, 0.05384
0.00069, 0.00006, 0.00042, 0.00049, 0.00080, 0.00050, 0.02389, 0.01427, 0.01122, 0.01072
0.00032, 0.00001, 0.00044, 0.00015, 0.00778, 0.00206, 0.02255, 0.05807, 0.16999, 0.15724
0.00135, 0.00006, 0.00159, 0.00024, 0.00212, 0.00062, 0.00415, 0.04875, 0.02183, 0.12802
0.00036, 0.00006, 0.00036, 0.00014, 0.00144, 0.00121, 0.00394, 0.06158, 0.00318, 0.02130
0.00025, 0.00002, 0.00026, 0.00004, 0.00067, 0.00044, 0.00179, 0.01810, 0.00298, 0.02590
0.00167, 0.00010, 0.00217, 0.00064, 0.00719, 0.00377, 0.01592, 0.25556, 0.03720, 0.26447
0.00022, 0.00008, 0.00013, 0.00014, 0.00058, 0.00015, 0.00461, 0.01104, 0.00227, 0.01904
0.00069, 0.00014, 0.00052, 0.00011, 0.00096, 0.00092, 0.00465, 0.05865, 0.00015, 0.01286
0.00041, 0.00007, 0.00036, 0.00001, 0.00016, 0.00046, 0.00097, 0.01377, 0.00016, 0.00445
0.00112, 0.00006, 0.00118, 0.00018, 0.01438, 0.00565, 0.02727, 0.16324, 0.16330, 0.29787
0.00001, 0.00005, 0.00000, 0.00008, 0.00143, 0.00098, 0.00931, 0.04562, 0.01260, 0.02032
0.00065, 0.00013, 0.00026, 0.00009, 0.01566, 0.00388, 0.04962, 0.28187, 0.37031, 0.09268
0.00052, 0.00002, 0.00031, 0.00027, 0.00027, 0.00024, 0.01016, 0.01776, 0.00201, 0.00275
0.00004, 0.00010, 0.00003, 0.00016, 0.00068, 0.00045, 0.00749, 0.04528, 0.00887, 0.02596
0.00024, 0.00019, 0.00005, 0.00026, 0.00182, 0.00064, 0.01123, 0.04849, 0.00743, 0.04249
0.00186, 0.00003, 0.00180, 0.00054, 0.00399, 0.00020, 0.01078, 0.05117, 0.01948, 0.12011
0.00040, 0.00005, 0.00014, 0.00000, 0.00008, 0.00020, 0.00038, 0.00598, 0.00107, 0.00418
0.00049, 0.00005, 0.00040, 0.00004, 0.00005, 0.00041, 0.00191, 0.01229, 0.01193, 0.00372
0.00023, 0.00003, 0.00021, 0.00001, 0.00010, 0.00020, 0.00145, 0.01337, 0.01172, 0.00370
0.00091, 0.00002, 0.00049, 0.00001, 0.00634, 0.00322, 0.02159, 0.14280, 0.21259, 0.02771
0.00004, 0.00003, 0.00003, 0.00006, 0.00061, 0.00013, 0.00364, 0.01185, 0.00577, 0.00675
0.00063, 0.00003, 0.00052, 0.00037, 0.02893, 0.01089, 0.06227, 0.45705, 0.67927, 0.14856
0.00010, 0.00004, 0.00024, 0.00025, 0.01645, 0.00646, 0.04060, 0.17171, 0.35673, 0.03771
0.00032, 0.00003, 0.00047, 0.00040, 0.02988, 0.01136, 0.06628, 0.33620, 0.68775, 0.06679
0.00112, 0.00000, 0.00073, 0.00015, 0.00134, 0.00020, 0.01278, 0.20661, 0.02788, 0.07970
0.00049, 0.00003, 0.00067, 0.00015, 0.00152, 0.00089, 0.00337, 0.06901, 0.00616, 0.05173
0.00008, 0.00001, 0.00004, 0.00000, 0.00000, 0.00006, 0.00020, 0.00003, 0.00015, 0.00013
0.00032, 0.00003, 0.00010, 0.00001, 0.00481, 0.00089, 0.02323, 0.17340, 0.11095, 0.04735
0.00062, 0.00011, 0.00061, 0.00018, 0.00362, 0.00229, 0.01614, 0.05897, 0.00856, 0.02469
0.00042, 0.00010, 0.00011, 0.00001, 0.00032, 0.00047, 0.00243, 0.01499, 0.00235, 0.00562
0.00043, 0.00001, 0.00020, 0.00027, 0.00008, 0.00024, 0.00821, 0.00429, 0.00192, 0.00269
0.00013, 0.00001, 0.00011, 0.00004, 0.00082, 0.00031, 0.00219, 0.01552, 0.00375, 0.02551
0.00002, 0.00009, 0.00000, 0.00030, 0.00016, 0.00119, 0.01103, 0.00418, 0.01253, 0.01580
0.00001, 0.00010, 0.00001, 0.00023, 0.00224, 0.00127, 0.02064, 0.01436, 0.02695, 0.02689
0.00010, 0.00001, 0.00004, 0.00003, 0.00062, 0.00011, 0.00331, 0.03719, 0.03022, 0.01062
0.00002, 0.00008, 0.00002, 0.00043, 0.00067, 0.00132, 0.01517, 0.01137, 0.03405, 0.05961
0.00023, 0.00004, 0.00015, 0.00003, 0.00600, 0.00111, 0.01674, 0.11542, 0.16542, 0.03386
0.00200, 0.00010, 0.00208, 0.00020, 0.00166, 0.00036, 0.00365, 0.03311, 0.01621, 0.11444
0.00019, 0.00005, 0.00017, 0.00008, 0.01390, 0.00423, 0.03401, 0.19474, 0.40417, 0.09026
0.00083, 0.00001, 0.00124, 0.00059, 0.00665, 0.00300, 0.02858, 0.53774, 0.02563, 0.17530
0.00068, 0.00006, 0.00017, 0.00003, 0.01058, 0.00307, 0.03477, 0.27982, 0.24998, 0.06691
0.00093, 0.00016, 0.00095, 0.00015, 0.00309, 0.00213, 0.01266, 0.06661, 0.00172, 0.02569
0.00062, 0.00003, 0.00041, 0.00009, 0.00329, 0.00012, 0.01871, 0.40041, 0.03337, 0.11717
0.00026, 0.00004, 0.00027, 0.00044, 0.00191, 0.00081, 0.02731, 0.01506, 0.02545, 0.02143
0.00027, 0.00014, 0.00001, 0.00016, 0.01282, 0.00055, 0.03850, 0.14407, 0.09859, 0.03289
0.00032, 0.00000, 0.00037, 0.00010, 0.00051, 0.00008, 0.00145, 0.00678, 0.02206, 0.06052
0.00117, 0.00008, 0.00053, 0.00009, 0.00087, 0.00128, 0.00342, 0.04381, 0.00266, 0.02147
0.00150, 0.00009, 0.00229, 0.00071, 0.00595, 0.00434, 0.01872, 0.27192, 0.02169, 0.13418
0.00037, 0.00005, 0.00046, 0.00011, 0.00786, 0.00270, 0.01838, 0.08347, 0.17539, 0.01779
0.00063, 0.00004, 0.00026, 0.00032, 0.00034, 0.00031, 0.01298, 0.02493, 0.00202, 0.00425
0.00040, 0.00002, 0.00035, 0.00003, 0.00013, 0.00016, 0.00158, 0.00420, 0.00195, 0.00362
0.00099, 0.00004, 0.00091, 0.00011, 0.00034, 0.00011, 0.00077, 0.00475, 0.01407, 0.03981
0.00098, 0.00008, 0.00097, 0.00004, 0.00048, 0.00103, 0.00266, 0.02977, 0.00097, 0.00976
0.00184, 0.00008, 0.00168, 0.00015, 0.00044, 0.00030, 0.00106, 0.00588, 0.01814, 0.05034
0.00011, 0.00002, 0.00005, 0.00010, 0.00022, 0.00032, 0.00597, 0.02829, 0.00105, 0.00157
0.00087, 0.00004, 0.00134, 0.00043, 0.00378, 0.00211, 0.00773, 0.17198, 0.00503, 0.08378
0.00034, 0.00000, 0.00045, 0.00038, 0.00723, 0.00170, 0.01339, 0.15362, 0.03101, 0.21114
0.00115, 0.00002, 0.00118, 0.00006, 0.00450, 0.00241, 0.01171, 0.04736, 0.12923, 0.03595
0.00135, 0.00006, 0.00140, 0.00014, 0.00092, 0.00019, 0.00192, 0.01557, 0.01472, 0.07079
0.00121, 0.00011, 0.00052, 0.00005, 0.00095, 0.00125, 0.00415, 0.03896, 0.00083, 0.01214
0.00013, 0.00010, 0.00000, 0.00030, 0.00201, 0.00125, 0.01766, 0.07725, 0.00980, 0.05842
0.00073, 0.00004, 0.00078, 0.00015, 0.00166, 0.00040, 0.00336, 0.04181, 0.01258, 0.08123
0.00012, 0.00001, 0.00005, 0.00001, 0.00022, 0.00005, 0.00173, 0.02167, 0.00606, 0.00848
0.00016, 0.00002, 0.00016, 0.00014, 0.00090, 0.00063, 0.01020, 0.05373, 0.00176, 0.00971
0.00021, 0.00000, 0.00015, 0.00008, 0.00025, 0.00001, 0.00117, 0.00255, 0.00863, 0.01967
0.00187, 0.00007, 0.00188, 0.00022, 0.00142, 0.00038, 0.00413, 0.01200, 0.00803, 0.02808
0.00054, 0.00009, 0.00015, 0.00001, 0.00532, 0.00125, 0.03293, 0.08888, 0.14373, 0.04575
0.00075, 0.00002, 0.00044, 0.00046, 0.00100, 0.00037, 0.00998, 0.02689, 0.00658, 0.04008
0.00025, 0.00001, 0.00014, 0.00003, 0.00566, 0.00213, 0.01510, 0.13872, 0.12974, 0.04850
0.00051, 0.00003, 0.00048, 0.00002, 0.00033, 0.00045, 0.00207, 0.02354, 0.00101, 0.00174
0.00056, 0.00015, 0.00030, 0.00003, 0.01075, 0.00365, 0.04853, 0.18333, 0.10206, 0.11302
0.00136, 0.00015, 0.00077, 0.00011, 0.00120, 0.00062, 0.01530, 0.01838, 0.02439, 0.02194
0.00079, 0.00004, 0.00082, 0.00008, 0.00083, 0.00029, 0.00180, 0.02330, 0.00652, 0.05045
0.00057, 0.00002, 0.00030, 0.00008, 0.00045, 0.00059, 0.00120, 0.03254, 0.00054, 0.00830
0.00020, 0.00002, 0.00010, 0.00002, 0.00035, 0.00009, 0.00282, 0.03299, 0.00902, 0.01298
0.00060, 0.00014, 0.00059, 0.00000, 0.00298, 0.00163, 0.01783, 0.04017, 0.03348, 0.02151
0.00026, 0.00008, 0.00007, 0.00003, 0.00159, 0.00032, 0.00696, 0.03413, 0.01542, 0.00809
0.00024, 0.00000, 0.00028, 0.00001, 0.00231, 0.00108, 0.00580, 0.05022, 0.07102, 0.03678
0.00027, 0.00003, 0.00006, 0.00000, 0.00009, 0.00008, 0.00028, 0.00295, 0.00180, 0.00458
0.00045, 0.00007, 0.00040, 0.00001, 0.00004, 0.00044, 0.00057, 0.00413, 0.00444, 0.00555
0.00209, 0.00008, 0.00192, 0.00018, 0.00054, 0.00028, 0.00120, 0.00762, 0.02211, 0.06246
0.00001, 0.00006, 0.00000, 0.00016, 0.00270, 0.00098, 0.01636, 0.00568, 0.03216, 0.02644
0.00073, 0.00002, 0.00057, 0.00016, 0.00130, 0.00076, 0.00471, 0.06377, 0.00209, 0.00952
0.00007, 0.00008, 0.00005, 0.00004, 0.00499, 0.00108, 0.02315, 0.02355, 0.11054, 0.03017
0.00053, 0.00007, 0.00091, 0.00006, 0.00546, 0.00334, 0.02170, 0.03319, 0.06266, 0.01199
0.00049, 0.00002, 0.00075, 0.00002, 0.00345, 0.00254, 0.01050, 0.02439, 0.07305, 0.01810
0.00041, 0.00005, 0.00011, 0.00013, 0.00019, 0.00003, 0.00313, 0.00302, 0.00092, 0.00413
0.00060, 0.00001, 0.00061, 0.00013, 0.00121, 0.00070, 0.00426, 0.02113, 0.00809, 0.03920
0.00035, 0.00001, 0.00013, 0.00003, 0.00029, 0.00009, 0.00082, 0.00459, 0.00429, 0.01399
0.00002, 0.00004, 0.00002, 0.00010, 0.00022, 0.00050, 0.00420, 0.00951, 0.00193, 0.00968
0.00007, 0.00001, 0.00008, 0.00009, 0.00531, 0.00172, 0.01140, 0.04123, 0.10850, 0.01644
0.00045, 0.00005, 0.00020, 0.00003, 0.00069, 0.00068, 0.00250, 0.06222, 0.00133, 0.02137
0.00041, 0.00010, 0.00032, 0.00011, 0.00512, 0.00033, 0.02651, 0.53739, 0.08454, 0.19114
0.00256, 0.00005, 0.00184, 0.00022, 0.00237, 0.00052, 0.00744, 0.01744, 0.01358, 0.02698
0.00004, 0.00003, 0.00001, 0.00005, 0.00202, 0.00000, 0.00698, 0.14220, 0.00827, 0.04109
0.00083, 0.00000, 0.00102, 0.00001, 0.00557, 0.00288, 0.02795, 0.04682, 0.11343, 0.01645
0.00003, 0.00005, 0.00001, 0.00022, 0.00007, 0.00071, 0.00773, 0.00272, 0.00713, 0.00780
0.00045, 0.00006, 0.00023, 0.00064, 0.00018, 0.00127, 0.01969, 0.06212, 0.00112, 0.01000
0.00038, 0.00003, 0.00012, 0.00002, 0.00021, 0.00012, 0.00102, 0.00763, 0.00349, 0.00945
0.00020, 0.00002, 0.00008, 0.00008, 0.00210, 0.00026, 0.00933, 0.11636, 0.07214, 0.03407
0.00103, 0.00017, 0.00062, 0.00001, 0.00043, 0.00029, 0.00602, 0.05610, 0.00768, 0.01487
0.00000, 0.00002, 0.00001, 0.00002, 0.00022, 0.00016, 0.00175, 0.00728, 0.00111, 0.00337
0.00003, 0.00009, 0.00002, 0.00016, 0.00073, 0.00067, 0.01205, 0.00616, 0.01257, 0.01164
0.00039, 0.00000, 0.00041, 0.00013, 0.00264, 0.00041, 0.00465, 0.06155, 0.01341, 0.07969
0.00112, 0.00006, 0.00126, 0.00015, 0.00082, 0.00006, 0.00158, 0.01420, 0.01323, 0.06265
0.00031, 0.00002, 0.00035, 0.00003, 0.00020, 0.00006, 0.00046, 0.00408, 0.00221, 0.01530
0.00071, 0.00007, 0.00064, 0.00004, 0.00989, 0.00150, 0.03953, 0.53523, 0.21779, 0.22889
0.00035, 0.00002, 0.00032, 0.00008, 0.00510, 0.00115, 0.01403, 0.11286, 0.14144, 0.17110
0.00001, 0.00002, 0.00000, 0.00002, 0.00002, 0.00009, 0.00122, 0.00044, 0.00121, 0.00133
0.00005, 0.00006, 0.00007, 0.00039, 0.00988, 0.00298, 0.02983, 0.16604, 0.04671, 0.20412
0.00107, 0.00003, 0.00099, 0.00016, 0.00062, 0.00003, 0.00250, 0.00740, 0.02131, 0.05094
0.00076, 0.00003, 0.00060, 0.00001, 0.00744, 0.00275, 0.02739, 0.17086, 0.17420, 0.04128
0.00023, 0.00014, 0.00010, 0.00011, 0.00749, 0.00024, 0.03533, 0.69787, 0.08823, 0.22953
0.00140, 0.00003, 0.00129, 0.00024, 0.00047, 0.00011, 0.00504, 0.01355, 0.04992, 0.08140
0.00039, 0.00003, 0.00062, 0.00025, 0.00893, 0.00539, 0.02683, 0.07618, 0.09956, 0.06664
0.00096, 0.00009, 0.00085, 0.00009, 0.00122, 0.00129, 0.00342, 0.06138, 0.00047, 0.01770
0.00011, 0.00004, 0.00013, 0.00008, 0.00910, 0.00262, 0.02384, 0.15055, 0.23443, 0.04017
0.00027, 0.00001, 0.00012, 0.00011, 0.00008, 0.00003, 0.00509, 0.01150, 0.00061, 0.00128
0.00027, 0.00001, 0.00038, 0.00006, 0.00064, 0.00016, 0.00109, 0.01830, 0.00200, 0.02706
0.00022, 0.00022, 0.00007, 0.00005, 0.01571, 0.00109, 0.06327, 0.23741, 0.14858, 0.04110
0.00020, 0.00000, 0.00026, 0.00005, 0.00059, 0.00007, 0.00185, 0.00665, 0.00968, 0.02177
0.00027, 0.00001, 0.00007, 0.00000, 0.00036, 0.00028, 0.00158, 0.02331, 0.01711, 0.00669
0.00085, 0.00005, 0.00069, 0.00057, 0.00194, 0.00069, 0.02908, 0.02459, 0.01260, 0.01732
0.00018, 0.00001, 0.00007, 0.00000, 0.00290, 0.00103, 0.01085, 0.07339, 0.06616, 0.01885
0.00054, 0.00004, 0.00040, 0.00001, 0.00166, 0.00075, 0.00976, 0.04602, 0.04200, 0.01862
0.00053, 0.00013, 0.00090, 0.00018, 0.00804, 0.00511, 0.03408, 0.15069, 0.10147, 0.03052
0.00045, 0.00003, 0.00050, 0.00007, 0.00065, 0.00011, 0.00124, 0.01507, 0.00604, 0.04135
0.00143, 0.00002, 0.00109, 0.00021, 0.00108, 0.00004, 0.00340, 0.01042, 0.01217, 0.03586
0.00082, 0.00003, 0.00096, 0.00017, 0.00176, 0.00053, 0.00358, 0.04136, 0.01615, 0.10666
0.00072, 0.00008, 0.00075, 0.00038, 0.02238, 0.00973, 0.05086, 0.18465, 0.36005, 0.09253
0.00047, 0.00020, 0.00011, 0.00010, 0.00884, 0.00076, 0.02913, 0.26599, 0.14567, 0.07001
0.00014, 0.00000, 0.00004, 0.00001, 0.00012, 0.00004, 0.00098, 0.01094, 0.00268, 0.00515
0.00082, 0.00010, 0.00037, 0.00021, 0.02173, 0.00633, 0.05524, 0.48159, 0.49102, 0.12844
0.00016, 0.00005, 0.00006, 0.00020, 0.00010, 0.00024, 0.01027, 0.00294, 0.00603, 0.00252
0.00071, 0.00005, 0.00057, 0.00016, 0.00306, 0.00016, 0.01917, 0.39946, 0.04654, 0.14249
0.00004, 0.00004, 0.00005, 0.00028, 0.00050, 0.00066, 0.01187, 0.00705, 0.01862, 0.02654
0.00127, 0.00005, 0.00118, 0.00013, 0.00097, 0.00019, 0.00192, 0.01540, 0.01360, 0.06563
0.00003, 0.00006, 0.00004, 0.00012, 0.00099, 0.00031, 0.00874, 0.00604, 0.00900, 0.00867
0.00007, 0.00005, 0.00001, 0.00021, 0.00004, 0.00066, 0.00802, 0.00329, 0.00233, 0.00263
0.00044, 0.00002, 0.00052, 0.00000, 0.00173, 0.00097, 0.00799, 0.03566, 0.06162, 0.00568
0.00019, 0.00001, 0.00016, 0.00006, 0.00056, 0.00051, 0.00237, 0.03675, 0.00192, 0.00181
0.00063, 0.00003, 0.00059, 0.00050, 0.03919, 0.01517, 0.08428, 0.49382, 0.97054, 0.12540
0.00072, 0.00004, 0.00067, 0.00003, 0.00409, 0.00261, 0.01158, 0.04758, 0.11332, 0.02012
0.00039, 0.00004, 0.00015, 0.00008, 0.00356, 0.00033, 0.02124, 0.11540, 0.07103, 0.02103
0.00053, 0.00002, 0.00031, 0.00011, 0.00002, 0.00004, 0.00429, 0.00861, 0.00009, 0.00072
0.00027, 0.00000, 0.00021, 0.00003, 0.00037, 0.00027, 0.00325, 0.01530, 0.01816, 0.00611
0.00094, 0.00003, 0.00091, 0.00024, 0.00263, 0.00192, 0.02166, 0.22418, 0.03661, 0.09417
0.00064, 0.00004, 0.00035, 0.00005, 0.00835, 0.00221, 0.02252, 0.17633, 0.28053, 0.04239
0.00028, 0.00009, 0.00024, 0.00014, 0.00068, 0.00030, 0.00589, 0.05715, 0.00516, 0.01145
0.00055, 0.00001, 0.00038, 0.00005, 0.00789, 0.00270, 0.02489, 0.11956, 0.19753, 0.02490
0.00023, 0.00003, 0.00023, 0.00030, 0.02536, 0.00844, 0.05789, 0.41733, 0.60822, 0.13395
0.00005, 0.00007, 0.00001, 0.00004, 0.00138, 0.00063, 0.00810, 0.05323, 0.01442, 0.02654
0.00217, 0.00008, 0.00246, 0.00014, 0.00259, 0.00144, 0.00647, 0.02908, 0.07536, 0.14814
0.00107, 0.00002, 0.00075, 0.00007, 0.00162, 0.00020, 0.01446, 0.06214, 0.05821, 0.06135
0.00036, 0.00018, 0.00035, 0.00013, 0.00347, 0.00196, 0.01774, 0.06822, 0.01643, 0.01832
0.00046, 0.00000, 0.00057, 0.00032, 0.00313, 0.00062, 0.01027, 0.02859, 0.03355, 0.10025
0.00083, 0.00011, 0.00016, 0.00001, 0.00038, 0.00066, 0.00224, 0.01737, 0.00205, 0.00965
0.00066, 0.00003, 0.00066, 0.00011, 0.00126, 0.00027, 0.00243, 0.02785, 0.00916, 0.07183
0.00062, 0.00003, 0.00080, 0.00014, 0.00155, 0.00055, 0.00309, 0.05018, 0.01225, 0.08437
0.00054, 0.00001, 0.00041, 0.00025, 0.00020, 0.00016, 0.00992, 0.01423, 0.00359, 0.00398
0.00001, 0.00013, 0.00002, 0.00009, 0.00200, 0.00081, 0.01487, 0.01074, 0.02017, 0.02047
0.00006, 0.00001, 0.00001, 0.00000, 0.00000, 0.00000, 0.00018, 0.00073, 0.00171, 0.00129
0.00109, 0.00024, 0.00132, 0.00004, 0.00097, 0.00060, 0.00867, 0.03080, 0.03388, 0.00585
0.00099, 0.00000, 0.00106, 0.00029, 0.00793, 0.00269, 0.02268, 0.13485, 0.14150, 0.08944
0.00041, 0.00007, 0.00028, 0.00010, 0.00018, 0.00009, 0.00382, 0.02432, 0.00180, 0.00529
0.00034, 0.00002, 0.00045, 0.00012, 0.00146, 0.00076, 0.00332, 0.04937, 0.00794, 0.05693
0.00131, 0.00006, 0.00127, 0.00012, 0.00086, 0.00025, 0.00190, 0.01545, 0.01108, 0.06190
0.00053, 0.00016, 0.00019, 0.00005, 0.01440, 0.00256, 0.07189, 0.22231, 0.12518, 0.10113
0.00050, 0.00004, 0.00039, 0.00011, 0.00065, 0.00020, 0.00870, 0.00878, 0.01262, 0.00866
0.00022, 0.00009, 0.00017, 0.00019, 0.00107, 0.00087, 0.01032, 0.09752, 0.00045, 0.00882
0.00086, 0.00003, 0.00087, 0.00028, 0.00586, 0.00110, 0.02757, 0.72591, 0.04089, 0.19997
0.00042, 0.00002, 0.00045, 0.00006, 0.00070, 0.00022, 0.00145, 0.01887, 0.00496, 0.04044
0.00071, 0.00003, 0.00079, 0.00016, 0.00137, 0.00118, 0.00621, 0.08881, 0.00438, 0.05155
0.00029, 0.00001, 0.00019, 0.00018, 0.00334, 0.00077, 0.00950, 0.10061, 0.01721, 0.10965
0.00026, 0.00003, 0.00024, 0.00012, 0.00082, 0.00055, 0.00511, 0.03840, 0.00045, 0.00404
0.00015, 0.00000, 0.00008, 0.00001, 0.00008, 0.00002, 0.00042, 0.00135, 0.00047, 0.00305
0.00079, 0.00004, 0.00095, 0.00004, 0.00341, 0.00167, 0.00636, 0.05032, 0.05813, 0.14950
0.00047, 0.00001, 0.00055, 0.00010, 0.01075, 0.00447, 0.02840, 0.13011, 0.26826, 0.02827
0.00158, 0.00003, 0.00116, 0.00016, 0.00131, 0.00025, 0.00439, 0.01857, 0.00580, 0.01571
0.00050, 0.00025, 0.00006, 0.00002, 0.01827, 0.00135, 0.06864, 0.34285, 0.21021, 0.08063
0.00158, 0.00024, 0.00124, 0.00006, 0.00229, 0.00146, 0.02146, 0.05624, 0.02282, 0.00571
0.00019, 0.00001, 0.00009, 0.00016, 0.00000, 0.00014, 0.00521, 0.00445, 0.00026, 0.00085
0.00019, 0.00023, 0.00005, 0.00027, 0.01338, 0.00052, 0.03230, 0.48155, 0.24150, 0.14213
0.00048, 0.00010, 0.00016, 0.00009, 0.00187, 0.00002, 0.01759, 0.02285, 0.01881, 0.00919
0.00001, 0.00002, 0.00001, 0.00003, 0.00201, 0.00057, 0.01033, 0.00144, 0.02892, 0.01207
0.00148, 0.00004, 0.00125, 0.00006, 0.00116, 0.00077, 0.00313, 0.01080, 0.03526, 0.04896
0.00002, 0.00008, 0.00000, 0.00016, 0.00024, 0.00050, 0.00907, 0.00314, 0.00865, 0.00937
0.00002, 0.00019, 0.00001, 0.00060, 0.00133, 0.00291, 0.02759, 0.02917, 0.00977, 0.04333
0.00014, 0.00001, 0.00016, 0.00001, 0.00012, 0.00012, 0.00036, 0.00292, 0.00169, 0.00829
0.00092, 0.00012, 0.00066, 0.00018, 0.00581, 0.00301, 0.01727, 0.05325, 0.03477, 0.09067
0.00042, 0.00004, 0.00042, 0.00046, 0.00298, 0.00091, 0.01270, 0.06007, 0.00988, 0.11040
0.00069, 0.00010, 0.00072, 0.00002, 0.00038, 0.00077, 0.00338, 0.01039, 0.01938, 0.00320
0.00047, 0.00005, 0.00028, 0.00016, 0.00143, 0.00141, 0.00482, 0.06306, 0.00276, 0.01320
0.00056, 0.00001, 0.00044, 0.00002, 0.00024, 0.00031, 0.00297, 0.00346, 0.01094, 0.00334
0.00049, 0.00003, 0.00037, 0.00001, 0.00090, 0.00061, 0.00548, 0.01622, 0.01642, 0.01418
0.00050, 0.00005, 0.00043, 0.00005, 0.00049, 0.00064, 0.00247, 0.02887, 0.00095, 0.01068
0.00037, 0.00000, 0.00027, 0.00017, 0.00185, 0.00071, 0.00846, 0.06039, 0.00154, 0.00505
0.00132, 0.00016, 0.00103, 0.00003, 0.01634, 0.00427, 0.07772, 0.28766, 0.27083, 0.07711
0.00039, 0.00003, 0.00042, 0.00007, 0.00575, 0.00269, 0.01145, 0.07319, 0.06950, 0.09417
0.00021, 0.00001, 0.00032, 0.00022, 0.00196, 0.00039, 0.00972, 0.01558, 0.03711, 0.06733
0.00128, 0.00007, 0.00153, 0.00016, 0.00157, 0.00047, 0.00333, 0.04205, 0.01578, 0.10274
0.00002, 0.00000, 0.00003, 0.00003, 0.00007, 0.00004, 0.00065, 0.00107, 0.00353, 0.00834
0.00132, 0.00002, 0.00111, 0.00026, 0.00217, 0.00069, 0.00635, 0.05310, 0.00007, 0.03397
0.00015, 0.00020, 0.00001, 0.00021, 0.01160, 0.00019, 0.03497, 0.52508, 0.16768, 0.15507
0.00094, 0.00004, 0.00108, 0.00003, 0.00258, 0.00218, 0.01008, 0.01354, 0.03893, 0.00459
0.00026, 0.00002, 0.00014, 0.00030, 0.00000, 0.00038, 0.00907, 0.00147, 0.00842, 0.00904
0.00044, 0.00001, 0.00030, 0.00009, 0.00086, 0.00057, 0.00411, 0.04606, 0.00146, 0.00309
0.00071, 0.00031, 0.00037, 0.00004, 0.00100, 0.00071, 0.00565, 0.03592, 0.00202, 0.00838
0.00027, 0.00003, 0.00013, 0.00001, 0.00002, 0.00029, 0.00115, 0.00155, 0.00232, 0.00098
0.00082, 0.00002, 0.00051, 0.00011, 0.00218, 0.00150, 0.00941, 0.01796, 0.02622, 0.01063
0.00042, 0.00003, 0.00032, 0.00048, 0.00026, 0.00049, 0.01312, 0.00673, 0.00763, 0.01053
0.00065, 0.00005, 0.00044, 0.00001, 0.00116, 0.00046, 0.00828, 0.04197, 0.04746, 0.00782
0.00027, 0.00005, 0.00027, 0.00001, 0.00007, 0.00017, 0.00064, 0.00709, 0.00089, 0.00283
0.00184, 0.00020, 0.00115, 0.00024, 0.01205, 0.00451, 0.05174, 0.17183, 0.14733, 0.13763
0.00091, 0.00005, 0.00019, 0.00000, 0.00061, 0.00073, 0.00441, 0.01366, 0.01078, 0.01651
0.00001, 0.00002, 0.00000, 0.00009, 0.00014, 0.00023, 0.00398, 0.00213, 0.00614, 0.00931
0.00063, 0.00002, 0.00062, 0.00007, 0.00021, 0.00006, 0.00069, 0.00956, 0.00481, 0.02102
0.00053, 0.00004, 0.00070, 0.00039, 0.00371, 0.00258, 0.01194, 0.12760, 0.00142, 0.03417
0.00027, 0.00003, 0.00016, 0.00004, 0.00019, 0.00016, 0.00339, 0.02628, 0.01419, 0.01290
0.00035, 0.00001, 0.00023, 0.00003, 0.00202, 0.00058, 0.01041, 0.04541, 0.03172, 0.00540
0.00096, 0.00000, 0.00121, 0.00008, 0.00612, 0.00135, 0.01817, 0.02294, 0.12462, 0.05942
0.00042, 0.00007, 0.00041, 0.00001, 0.00036, 0.00026, 0.00394, 0.03210, 0.02732, 0.00636
0.00046, 0.00018, 0.00023, 0.00045, 0.00031, 0.00055, 0.02075, 0.09009, 0.00763, 0.03832
0.00051, 0.00005, 0.00062, 0.00001, 0.00131, 0.00138, 0.00621, 0.02283, 0.02640, 0.01076
0.00169, 0.00001, 0.00122, 0.00044, 0.00144, 0.00082, 0.01549, 0.27057, 0.00298, 0.05266
0.00002, 0.00011, 0.00000, 0.00014, 0.00197, 0.00146, 0.01136, 0.04393, 0.00630, 0.03139
0.00079, 0.00010, 0.00065, 0.00002, 0.00058, 0.00083, 0.00531, 0.04532, 0.01085, 0.01475
0.00082, 0.00006, 0.00057, 0.00110, 0.00761, 0.00349, 0.04369, 0.15413, 0.02888, 0.11392
0.00001, 0.00006, 0.00000, 0.00020, 0.00050, 0.00080, 0.00995, 0.00621, 0.01468, 0.01932
0.00052, 0.00009, 0.00039, 0.00003, 0.00317, 0.00181, 0.01821, 0.04530, 0.03717, 0.03607
0.00068, 0.00001, 0.00066, 0.00005, 0.00381, 0.00141, 0.01049, 0.02589, 0.08710, 0.04539
0.00028, 0.00015, 0.00004, 0.00015, 0.00679, 0.00005, 0.03299, 0.56383, 0.07975, 0.18603
0.00023, 0.00001, 0.00026, 0.00010, 0.00076, 0.00010, 0.00182, 0.01447, 0.00696, 0.05233
0.00158, 0.00002, 0.00159, 0.00064, 0.00771, 0.00124, 0.01842, 0.14618, 0.03393, 0.15213
0.00015, 0.00001, 0.00010, 0.00001, 0.00015, 0.00012, 0.00186, 0.02082, 0.01214, 0.00715
0.00051, 0.00025, 0.00053, 0.00023, 0.00238, 0.00187, 0.01309, 0.08851, 0.00538, 0.01075
0.00055, 0.00002, 0.00022, 0.00000, 0.00246, 0.00133, 0.01075, 0.04774, 0.10353, 0.03291
0.00004, 0.00004, 0.00001, 0.00007, 0.00014, 0.00040, 0.00384, 0.00205, 0.01281, 0.01750
0.00138, 0.00032, 0.00042, 0.00002, 0.02257, 0.00393, 0.08755, 0.59997, 0.33981, 0.18044
0.00042, 0.00002, 0.00052, 0.00029, 0.02623, 0.01000, 0.06158, 0.32014, 0.63602, 0.06514
0.00104, 0.00005, 0.00187, 0.00101, 0.00851, 0.00504, 0.01850, 0.48453, 0.00609, 0.18806
0.00046, 0.00017, 0.00027, 0.00066, 0.00133, 0.00144, 0.02180, 0.08241, 0.01307, 0.03280
0.00009, 0.00005, 0.00005, 0.00018, 0.00043, 0.00049, 0.01277, 0.00148, 0.01535, 0.00879
0.00073, 0.00014, 0.00026, 0.00000, 0.01225, 0.00255, 0.05693, 0.27207, 0.14575, 0.10433
0.00045, 0.00003, 0.00070, 0.00010, 0.01003, 0.00509, 0.02836, 0.08360, 0.18703, 0.02013
0.00116, 0.00007, 0.00028, 0.00001, 0.00424, 0.00169, 0.01644, 0.11159, 0.06718, 0.05399
0.00069, 0.00004, 0.00068, 0.00001, 0.00121, 0.00133, 0.00816, 0.02815, 0.01049, 0.00427
0.00001, 0.00003, 0.00001, 0.00002, 0.00035, 0.00025, 0.00181, 0.00822, 0.00186, 0.00482
0.00015, 0.00006, 0.00008, 0.00009, 0.00761, 0.00213, 0.02208, 0.04536, 0.15418, 0.03270
0.00081, 0.00017, 0.00079, 0.00000, 0.00069, 0.00068, 0.00468, 0.01188, 0.01383, 0.00591
0.00049, 0.00005, 0.00033, 0.00014, 0.00011, 0.00009, 0.00620, 0.02468, 0.00023, 0.00166
0.00198, 0.00002, 0.00185, 0.00042, 0.00379, 0.00067, 0.00978, 0.20885, 0.03480, 0.12744
0.00016, 0.00010, 0.00003, 0.00015, 0.00844, 0.00146, 0.02809, 0.13486, 0.05982, 0.14056
0.00028, 0.00010, 0.00006, 0.00002, 0.01212, 0.00114, 0.04697, 0.23699, 0.13905, 0.05765
0.00080, 0.00010, 0.00016, 0.00001, 0.00522, 0.00245, 0.01929, 0.17519, 0.20160, 0.05837
0.00022, 0.00004, 0.00024, 0.00020, 0.00065, 0.00035, 0.00968, 0.00863, 0.00810, 0.02006
0.00034, 0.00003, 0.00034, 0.00003, 0.00044, 0.00027, 0.00363, 0.00420, 0.00664, 0.00905
0.00001, 0.00001, 0.00001, 0.00003, 0.00003, 0.00010, 0.00137, 0.00088, 0.00061, 0.00130
0.00092, 0.00000, 0.00077, 0.00001, 0.00178, 0.00123, 0.01012, 0.02001, 0.06161, 0.00995
0.00010, 0.00009, 0.00001, 0.00010, 0.00065, 0.00030, 0.01204, 0.02579, 0.04546, 0.02104
0.00058, 0.00003, 0.00068, 0.00012, 0.00158, 0.00075, 0.00337, 0.05167, 0.00936, 0.07664
0.00030, 0.00003, 0.00028, 0.00001, 0.00202, 0.00139, 0.00539, 0.04236, 0.02728, 0.03712
0.00073, 0.00002, 0.00041, 0.00039, 0.00021, 0.00020, 0.01421, 0.00980, 0.00193, 0.00266
0.00010, 0.00010, 0.00000, 0.00011, 0.00656, 0.00055, 0.01596, 0.14166, 0.12905, 0.03498
0.00001, 0.00002, 0.00002, 0.00006, 0.00048, 0.00041, 0.00169, 0.03182, 0.00110, 0.00341
0.00026, 0.00004, 0.00020, 0.00004, 0.00123, 0.00024, 0.00670, 0.06180, 0.06816, 0.00864
0.00005, 0.00002, 0.00008, 0.00001, 0.00042, 0.00021, 0.00177, 0.00733, 0.00123, 0.00116
0.00003, 0.00003, 0.00001, 0.00012, 0.00009, 0.00029, 0.00499, 0.00162, 0.00827, 0.01160
0.00037, 0.00005, 0.00031, 0.00001, 0.00023, 0.00030, 0.00120, 0.01122, 0.00474, 0.00842
0.00039, 0.00009, 0.00011, 0.00014, 0.00670, 0.00231, 0.02905, 0.01036, 0.11487, 0.05008
0.00002, 0.00012, 0.00000, 0.00032, 0.00216, 0.00196, 0.02126, 0.08541, 0.01455, 0.05350
0.00172, 0.00001, 0.00233, 0.00106, 0.00597, 0.00323, 0.02438, 0.50320, 0.00251, 0.14217
0.00147, 0.00038, 0.00142, 0.00001, 0.00132, 0.00151, 0.01097, 0.02974, 0.01708, 0.00967
0.00093, 0.00004, 0.00120, 0.00022, 0.00232, 0.00095, 0.00466, 0.07027, 0.01645, 0.11703
0.00017, 0.00010, 0.00014, 0.00035, 0.00239, 0.00149, 0.02259, 0.20093, 0.00496, 0.00868
0.00076, 0.00012, 0.00030, 0.00007, 0.00468, 0.00059, 0.02359, 0.06805, 0.03572, 0.01480
0.00002, 0.00008, 0.00000, 0.00012, 0.00282, 0.00092, 0.01908, 0.00227, 0.04402, 0.02266
0.00020, 0.00001, 0.00009, 0.00004, 0.00039, 0.00012, 0.00332, 0.03961, 0.01628, 0.01549
0.00075, 0.00005, 0.00078, 0.00011, 0.00091, 0.00006, 0.00172, 0.01520, 0.01146, 0.06402
0.00019, 0.00015, 0.00003, 0.00060, 0.00025, 0.00147, 0.02246, 0.00805, 0.00967, 0.01092
0.00007, 0.00007, 0.00005, 0.00022, 0.00032, 0.00043, 0.01312, 0.00416, 0.01001, 0.00926
0.00128, 0.00005, 0.00179, 0.00032, 0.00368, 0.00148, 0.00647, 0.13920, 0.01484, 0.15039
0.00042, 0.00000, 0.00039, 0.00010, 0.00052, 0.00003, 0.00137, 0.00484, 0.01515, 0.03535
0.00033, 0.00008, 0.00037, 0.00011, 0.00755, 0.00326, 0.02345, 0.04333, 0.08458, 0.08727
0.00089, 0.00006, 0.00113, 0.00014, 0.00169, 0.00149, 0.00517, 0.06125, 0.02877, 0.09415
0.00018, 0.00011, 0.00018, 0.00032, 0.03002, 0.00813, 0.07308, 0.40831, 0.66725, 0.06797
0.00033, 0.00004, 0.00013, 0.00002, 0.00731, 0.00171, 0.02314, 0.19226, 0.20273, 0.04585
0.00031, 0.00006, 0.00031, 0.00001, 0.00018, 0.00033, 0.00148, 0.00674, 0.00735, 0.00316
0.00054, 0.00008, 0.00064, 0.00016, 0.00581, 0.00331, 0.01410, 0.08484, 0.04368, 0.16077
0.00014, 0.00007, 0.00019, 0.00004, 0.00095, 0.00078, 0.00536, 0.03326, 0.00186, 0.00389
0.00006, 0.00003, 0.00007, 0.00015, 0.00118, 0.00062, 0.00930, 0.01389, 0.00496, 0.01885
0.00000, 0.00000, 0.00000, 0.00001, 0.00002, 0.00002, 0.00067, 0.00040, 0.00058, 0.00108
0.00027, 0.00012, 0.00004, 0.00003, 0.00567, 0.00043, 0.02541, 0.10872, 0.07390, 0.02631
0.00185, 0.00007, 0.00194, 0.00027, 0.00111, 0.00007, 0.00230, 0.01490, 0.03642, 0.10893
0.00015, 0.00001, 0.00019, 0.00003, 0.00044, 0.00020, 0.00088, 0.01285, 0.00291, 0.02313
0.00002, 0.00007, 0.00001, 0.00021, 0.00329, 0.00116, 0.01659, 0.01418, 0.02367, 0.02251
0.00047, 0.00001, 0.00013, 0.00004, 0.00035, 0.00012, 0.00156, 0.01109, 0.00149, 0.01140
0.00026, 0.00016, 0.00003, 0.00017, 0.00799, 0.00008, 0.02919, 0.48932, 0.14299, 0.17329
0.00029, 0.00000, 0.00029, 0.00013, 0.00356, 0.00121, 0.00892, 0.05125, 0.04933, 0.02447
0.00012, 0.00009, 0.00004, 0.00017, 0.00812, 0.00020, 0.02290, 0.40320, 0.13187, 0.13155
0.00105, 0.00005, 0.00109, 0.00014, 0.00118, 0.00019, 0.00246, 0.02006, 0.01524, 0.08096
0.00092, 0.00022, 0.00026, 0.00001, 0.01111, 0.00205, 0.04809, 0.25993, 0.25678, 0.08769
0.00008, 0.00001, 0.00008, 0.00003, 0.00032, 0.00007, 0.00161, 0.00247, 0.00166, 0.00156
0.00001, 0.00008, 0.00000, 0.00027, 0.00201, 0.00179, 0.01731, 0.06355, 0.01050, 0.03795
0.00015, 0.00002, 0.00009, 0.00005, 0.00320, 0.00092, 0.00974, 0.00982, 0.05439, 0.01483
0.00046, 0.00003, 0.00056, 0.00037, 0.00478, 0.00103, 0.02695, 0.02451, 0.03102, 0.02978
0.00029, 0.00000, 0.00032, 0.00010, 0.00055, 0.00004, 0.00239, 0.00601, 0.01768, 0.04063
0.00062, 0.00004, 0.00071, 0.00018, 0.00239, 0.00106, 0.00468, 0.07391, 0.01514, 0.11431
0.00184, 0.00024, 0.00111, 0.00008, 0.00920, 0.00267, 0.05752, 0.12060, 0.08618, 0.06044
0.00163, 0.00005, 0.00143, 0.00013, 0.00077, 0.00027, 0.00200, 0.00536, 0.02464, 0.04997
0.00010, 0.00000, 0.00005, 0.00002, 0.00035, 0.00008, 0.00230, 0.02963, 0.01598, 0.01019
0.00144, 0.00003, 0.00147, 0.00018, 0.00461, 0.00272, 0.02274, 0.07914, 0.03637, 0.12017
0.00092, 0.00030, 0.00038, 0.00006, 0.01544, 0.00354, 0.06806, 0.25566, 0.14488, 0.14819
0.00029, 0.00008, 0.00015, 0.00008, 0.00534, 0.00010, 0.02369, 0.42586, 0.08674, 0.15175
0.00003, 0.00011, 0.00001, 0.00009, 0.00305, 0.00049, 0.02232, 0.06250, 0.05675, 0.05552
0.00012, 0.00003, 0.00017, 0.00014, 0.00135, 0.00090, 0.00331, 0.06711, 0.00110, 0.01947
0.00044, 0.00002, 0.00049, 0.00005, 0.00050, 0.00014, 0.00108, 0.01256, 0.00387, 0.03150
0.00046, 0.00005, 0.00042, 0.00003, 0.00021, 0.00025, 0.00296, 0.00538, 0.00832, 0.00083
0.00009, 0.00001, 0.00001, 0.00001, 0.00117, 0.00020, 0.00719, 0.13781, 0.02132, 0.03091
0.00040, 0.00003, 0.00034, 0.00004, 0.00370, 0.00030, 0.01623, 0.26623, 0.07348, 0.10623
0.00090, 0.00001, 0.00045, 0.00008, 0.00002, 0.00005, 0.00164, 0.01283, 0.00049, 0.00117
0.00006, 0.00007, 0.00000, 0.00009, 0.00573, 0.00022, 0.01680, 0.19916, 0.09306, 0.04816
0.00061, 0.00007, 0.00015, 0.00010, 0.00470, 0.00059, 0.01591, 0.10856, 0.04509, 0.02897
0.00028, 0.00003, 0.00025, 0.00000, 0.00057, 0.00054, 0.00307, 0.00766, 0.00827, 0.01111
0.00026, 0.00002, 0.00012, 0.00002, 0.00095, 0.00009, 0.00645, 0.08935, 0.02148, 0.03625
0.00001, 0.00020, 0.00000, 0.00043, 0.00191, 0.00200, 0.03119, 0.01672, 0.03595, 0.03549
0.00049, 0.00002, 0.00055, 0.00007, 0.00095, 0.00018, 0.00153, 0.02266, 0.00312, 0.04441
0.00000, 0.00007, 0.00000, 0.00020, 0.00199, 0.00141, 0.00954, 0.09298, 0.02224, 0.02559
0.00029, 0.00002, 0.00006, 0.00001, 0.00030, 0.00015, 0.00094, 0.00443, 0.00215, 0.00832
0.00007, 0.00006, 0.00012, 0.00014, 0.01263, 0.00310, 0.03795, 0.05520, 0.25657, 0.09877
0.00093, 0.00010, 0.00027, 0.00043, 0.00130, 0.00008, 0.03369, 0.01948, 0.04626, 0.01225
0.00129, 0.00020, 0.00146, 0.00011, 0.01374, 0.00717, 0.04130, 0.16461, 0.22695, 0.07212
0.00044, 0.00001, 0.00064, 0.00007, 0.00719, 0.00369, 0.01419, 0.11794, 0.17869, 0.08956
0.00023, 0.00000, 0.00014, 0.00005, 0.00049, 0.00025, 0.00299, 0.03348, 0.00490, 0.00248
0.00014, 0.00002, 0.00011, 0.00000, 0.00009, 0.00018, 0.00126, 0.01080, 0.00826, 0.00423
0.00021, 0.00001, 0.00042, 0.00021, 0.01250, 0.00617, 0.02688, 0.13041, 0.25889, 0.05530
0.00106, 0.00009, 0.00100, 0.00010, 0.01502, 0.00638, 0.04618, 0.19306, 0.40458, 0.04132
0.00039, 0.00009, 0.00039, 0.00002, 0.01014, 0.00241, 0.03759, 0.21259, 0.23887, 0.02872
0.00064, 0.00006, 0.00043, 0.00002, 0.00286, 0.00125, 0.01407, 0.05497, 0.04488, 0.02960
0.00015, 0.00006, 0.00009, 0.00005, 0.00045, 0.00007, 0.00707, 0.00042, 0.01094, 0.00486
0.00037, 0.00002, 0.00010, 0.00010, 0.00120, 0.00001, 0.00951, 0.01260, 0.00870, 0.00469
0.00134, 0.00016, 0.00092, 0.00013, 0.00676, 0.00125, 0.04448, 0.11304, 0.08232, 0.03228
0.00023, 0.00000, 0.00026, 0.00000, 0.00395, 0.00098, 0.01416, 0.05345, 0.07833, 0.03792
0.00088, 0.00002, 0.00087, 0.00003, 0.00127, 0.00110, 0.00339, 0.01715, 0.03544, 0.05082
0.00187, 0.00005, 0.00151, 0.00010, 0.00056, 0.00058, 0.00419, 0.01464, 0.00769, 0.03207
0.00029, 0.00001, 0.00028, 0.00009, 0.00059, 0.00007, 0.00170, 0.00989, 0.00464, 0.03192
0.00072, 0.00001, 0.00048, 0.00006, 0.00400, 0.00227, 0.01029, 0.03988, 0.10175, 0.01988
0.00030, 0.00007, 0.00033, 0.00019, 0.00948, 0.00393, 0.02324, 0.06554, 0.13263, 0.04384
0.00017, 0.00008, 0.00026, 0.00005, 0.00766, 0.00290, 0.03234, 0.15526, 0.14652, 0.02761
0.00046, 0.00001, 0.00038, 0.00001, 0.00401, 0.00182, 0.01780, 0.09094, 0.09175, 0.02653
0.00002, 0.00011, 0.00001, 0.00010, 0.00465, 0.00103, 0.02318, 0.14821, 0.04468, 0.08394
0.00043, 0.00006, 0.00040, 0.00003, 0.00002, 0.00035, 0.00097, 0.00480, 0.00566, 0.00292
0.00002, 0.00000, 0.00002, 0.00001, 0.00013, 0.00003, 0.00108, 0.00358, 0.00787, 0.00512
0.00206, 0.00031, 0.00169, 0.00021, 0.00238, 0.00321, 0.01496, 0.09276, 0.01482, 0.02445
0.00002, 0.00004, 0.00000, 0.00011, 0.00077, 0.00062, 0.01132, 0.08210, 0.01320, 0.02118
0.00035, 0.00005, 0.00035, 0.00022, 0.02427, 0.00793, 0.06602, 0.29298, 0.57427, 0.05965
0.00038, 0.00003, 0.00039, 0.00011, 0.00778, 0.00346, 0.01708, 0.07491, 0.14202, 0.03290
0.00016, 0.00011, 0.00004, 0.00059, 0.00073, 0.00222, 0.02091, 0.02935, 0.00368, 0.01097
0.00076, 0.00004, 0.00079, 0.00003, 0.00133, 0.00077, 0.00295, 0.01826, 0.02069, 0.05975
0.00052, 0.00006, 0.00024, 0.00004, 0.00722, 0.00128, 0.03891, 0.13477, 0.07224, 0.05155
0.00062, 0.00001, 0.00045, 0.00005, 0.00034, 0.00058, 0.00359, 0.02925, 0.00001, 0.00152
0.00002, 0.00013, 0.00000, 0.00037, 0.00255, 0.00230, 0.02377, 0.12496, 0.02034, 0.07812
0.00033, 0.00004, 0.00027, 0.00033, 0.00143, 0.00054, 0.01860, 0.01151, 0.01806, 0.01509
0.00037, 0.00005, 0.00022, 0.00029, 0.00020, 0.00019, 0.00969, 0.00466, 0.00488, 0.00555
0.00052, 0.00001, 0.00015, 0.00002, 0.00018, 0.00016, 0.00114, 0.00327, 0.00061, 0.00484
0.00122, 0.00001, 0.00131, 0.00016, 0.00078, 0.00024, 0.00182, 0.00991, 0.03134, 0.08590
0.00037, 0.00007, 0.00021, 0.00005, 0.00065, 0.00017, 0.00728, 0.05206, 0.00664, 0.00572
0.00020, 0.00003, 0.00011, 0.00002, 0.00005, 0.00015, 0.00132, 0.00218, 0.00227, 0.00162
0.00006, 0.00001, 0.00011, 0.00014, 0.00277, 0.00077, 0.01179, 0.05322, 0.01605, 0.04964
0.00038, 0.00004, 0.00013, 0.00004, 0.00095, 0.00062, 0.00999, 0.02655, 0.00546, 0.01277
0.00036, 0.00006, 0.00034, 0.00017, 0.00252, 0.00185, 0.00768, 0.07849, 0.00891, 0.06130
0.00220, 0.00034, 0.00160, 0.00008, 0.01185, 0.00384, 0.06792, 0.10881, 0.10800, 0.04800
0.00009, 0.00000, 0.00007, 0.00002, 0.00006, 0.00001, 0.00042, 0.00039, 0.00115, 0.00180
0.00070, 0.00001, 0.00080, 0.00022, 0.00157, 0.00021, 0.00651, 0.01054, 0.02569, 0.04048
0.00003, 0.00010, 0.00000, 0.00024, 0.00175, 0.00180, 0.01918, 0.06850, 0.00746, 0.04663
0.00023, 0.00003, 0.00018, 0.00003, 0.00015, 0.00011, 0.00175, 0.00870, 0.00343, 0.00783
0.00010, 0.00006, 0.00020, 0.00037, 0.00600, 0.00166, 0.04095, 0.03020, 0.04145, 0.03564
0.00002, 0.00006, 0.00000, 0.00005, 0.00031, 0.00033, 0.00538, 0.00267, 0.00572, 0.00553
0.00069, 0.00001, 0.00074, 0.00004, 0.00145, 0.00091, 0.00758, 0.01300, 0.01744, 0.00690
0.00022, 0.00003, 0.00016, 0.00007, 0.00006, 0.00002, 0.00145, 0.00204, 0.00029, 0.00166
0.00018, 0.00001, 0.00013, 0.00009, 0.00045, 0.00026, 0.00492, 0.04441, 0.00340, 0.00155
0.00143, 0.00009, 0.00167, 0.00021, 0.00213, 0.00066, 0.00459, 0.04337, 0.03492, 0.15452
0.00043, 0.00003, 0.00026, 0.00030, 0.00077, 0.00098, 0.01949, 0.13275, 0.00723, 0.00530
0.00040, 0.00002, 0.00022, 0.00005, 0.00020, 0.00010, 0.00165, 0.00610, 0.00314, 0.00945
0.00015, 0.00002, 0.00018, 0.00028, 0.01934, 0.00648, 0.04117, 0.24892, 0.48118, 0.06107
0.00097, 0.00017, 0.00020, 0.00000, 0.01335, 0.00195, 0.05891, 0.37582, 0.26763, 0.08882
0.00010, 0.00007, 0.00019, 0.00010, 0.00108, 0.00109, 0.00743, 0.08886, 0.00196, 0.00273
0.00024, 0.00001, 0.00020, 0.00016, 0.01219, 0.00438, 0.02877, 0.15483, 0.30092, 0.02978
0.00122, 0.00040, 0.00029, 0.00002, 0.01178, 0.00132, 0.05503, 0.32922, 0.21376, 0.09840
0.00136, 0.00001, 0.00088, 0.00026, 0.00290, 0.00069, 0.02021, 0.07662, 0.10440, 0.09964
0.00054, 0.00003, 0.00044, 0.00003, 0.00303, 0.00143, 0.01151, 0.07815, 0.07625, 0.02936
0.00093, 0.00005, 0.00105, 0.00010, 0.00076, 0.00015, 0.00164, 0.01485, 0.00796, 0.05436
0.00026, 0.00004, 0.00014, 0.00022, 0.00624, 0.00120, 0.02330, 0.26325, 0.04547, 0.23236
0.00047, 0.00005, 0.00030, 0.00000, 0.01142, 0.00269, 0.03942, 0.24541, 0.28770, 0.06082
0.00038, 0.00005, 0.00037, 0.00023, 0.00020, 0.00021, 0.01009, 0.00356, 0.00687, 0.00789
0.00016, 0.00002, 0.00017, 0.00014, 0.00028, 0.00011, 0.00456, 0.00361, 0.00978, 0.01554
0.00054, 0.00000, 0.00055, 0.00009, 0.00345, 0.00195, 0.01140, 0.02410, 0.05491, 0.01382
0.00001, 0.00003, 0.00000, 0.00004, 0.00122, 0.00007, 0.00763, 0.11141, 0.01391, 0.04736
0.00221, 0.00005, 0.00220, 0.00004, 0.00378, 0.00291, 0.01113, 0.08833, 0.13983, 0.08052
0.00046, 0.00004, 0.00035, 0.00001, 0.00052, 0.00049, 0.00341, 0.00777, 0.00417, 0.00714
0.00003, 0.00006, 0.00001, 0.00014, 0.00435, 0.00141, 0.01967, 0.20446, 0.03893, 0.15824
0.00018, 0.00003, 0.00031, 0.00053, 0.03075, 0.01091, 0.06237, 0.32964, 0.69290, 0.08013
0.00091, 0.00005, 0.00104, 0.00016, 0.00113, 0.00018, 0.00200, 0.02692, 0.01217, 0.06900
0.00046, 0.00001, 0.00039, 0.00028, 0.00066, 0.00040, 0.01264, 0.04473, 0.00123, 0.00568
0.00024, 0.00011, 0.00044, 0.00018, 0.00234, 0.00183, 0.00808, 0.09706, 0.00368, 0.00677
0.00152, 0.00007, 0.00178, 0.00005, 0.00143, 0.00097, 0.00245, 0.02481, 0.06295, 0.09821
0.00036, 0.00004, 0.00044, 0.00018, 0.00246, 0.00143, 0.00602, 0.07472, 0.02245, 0.10281
0.00032, 0.00009, 0.00012, 0.00000, 0.00797, 0.00159, 0.03618, 0.14679, 0.21324, 0.02539
0.00023, 0.00009, 0.00032, 0.00004, 0.00060, 0.00051, 0.00406, 0.04190, 0.00246, 0.00753
0.00037, 0.00000, 0.00038, 0.00015, 0.00324, 0.00063, 0.00605, 0.09932, 0.01643, 0.10050
0.00120, 0.00002, 0.00133, 0.00024, 0.00175, 0.00031, 0.00665, 0.00965, 0.03502, 0.05552
0.00070, 0.00000, 0.00081, 0.00027, 0.00441, 0.00134, 0.02061, 0.03132, 0.02394, 0.02334
0.00139, 0.00003, 0.00126, 0.00031, 0.00139, 0.00001, 0.00547, 0.01619, 0.01296, 0.04559
0.00060, 0.00002, 0.00067, 0.00044, 0.00246, 0.00054, 0.02230, 0.01631, 0.02711, 0.02581
0.00075, 0.00000, 0.00117, 0.00018, 0.00996, 0.00512, 0.02661, 0.08452, 0.14735, 0.10251
0.00148, 0.00001, 0.00199, 0.00030, 0.00661, 0.00351, 0.02539, 0.03862, 0.08450, 0.15560
0.00027, 0.00002, 0.00010, 0.00015, 0.00043, 0.00038, 0.01213, 0.09951, 0.00812, 0.01038
0.00015, 0.00023, 0.00018, 0.00016, 0.00215, 0.00093, 0.02263, 0.01379, 0.02837, 0.02974
0.00171, 0.00007, 0.00150, 0.00008, 0.00046, 0.00058, 0.00080, 0.00421, 0.01818, 0.03698
0.00000, 0.00001, 0.00000, 0.00003, 0.00004, 0.00008, 0.00153, 0.00058, 0.00156, 0.00178
0.00045, 0.00003, 0.00025, 0.00002, 0.00633, 0.00220, 0.01858, 0.11215, 0.20048, 0.02867
0.00034, 0.00001, 0.00019, 0.00018, 0.00017, 0.00014, 0.00731, 0.01188, 0.00092, 0.00159
0.00107, 0.00004, 0.00074, 0.00015, 0.00351, 0.00015, 0.02190, 0.47358, 0.04360, 0.13941
0.00029, 0.00004, 0.00014, 0.00002, 0.00001, 0.00015, 0.00119, 0.00036, 0.00049, 0.00046
0.00015, 0.00003, 0.00018, 0.00003, 0.00083, 0.00042, 0.00257, 0.01708, 0.00229, 0.01836
0.00034, 0.00000, 0.00026, 0.00001, 0.00010, 0.00018, 0.00010, 0.00058, 0.00154, 0.00384
0.00056, 0.00006, 0.00023, 0.00002, 0.00050, 0.00060, 0.00200, 0.04427, 0.00221, 0.01731
0.00003, 0.00018, 0.00000, 0.00055, 0.00343, 0.00380, 0.03293, 0.10070, 0.01059, 0.06373
0.00003, 0.00022, 0.00000, 0.00042, 0.00753, 0.00271, 0.04773, 0.01908, 0.06873, 0.05085
0.00090, 0.00002, 0.00112, 0.00001, 0.00207, 0.00042, 0.00297, 0.02886, 0.07804, 0.08512
0.00067, 0.00010, 0.00069, 0.00002, 0.00106, 0.00163, 0.00559, 0.02513, 0.00384, 0.00975
0.00001, 0.00009, 0.00000, 0.00003, 0.00845, 0.00121, 0.02854, 0.22561, 0.12490, 0.11427
0.00081, 0.00003, 0.00117, 0.00005, 0.00552, 0.00295, 0.01107, 0.10184, 0.19706, 0.06546
0.00001, 0.00000, 0.00001, 0.00002, 0.00046, 0.00016, 0.00112, 0.01514, 0.00571, 0.00746
0.00037, 0.00005, 0.00034, 0.00001, 0.00037, 0.00025, 0.00440, 0.04353, 0.03554, 0.00872
0.00029, 0.00002, 0.00018, 0.00003, 0.00049, 0.00034, 0.00330, 0.03810, 0.02718, 0.01559
0.00026, 0.00002, 0.00048, 0.00005, 0.00516, 0.00222, 0.01594, 0.01655, 0.08871, 0.01718
0.00034, 0.00001, 0.00020, 0.00005, 0.00201, 0.00048, 0.01167, 0.13157, 0.09133, 0.03601
0.00074, 0.00008, 0.00075, 0.00066, 0.03535, 0.01397, 0.07158, 0.36093, 0.62708, 0.16336
0.00041, 0.00000, 0.00039, 0.00016, 0.00021, 0.00002, 0.00398, 0.00468, 0.00144, 0.00713
0.00118, 0.00015, 0.00055, 0.00045, 0.02925, 0.01028, 0.06574, 0.46185, 0.72365, 0.13053
0.00023, 0.00001, 0.00013, 0.00005, 0.00079, 0.00024, 0.00561, 0.06609, 0.04167, 0.02077
0.00036, 0.00002, 0.00027, 0.00002, 0.00076, 0.00040, 0.00579, 0.06767, 0.03618, 0.02190
0.00166, 0.00003, 0.00191, 0.00015, 0.00097, 0.00012, 0.00187, 0.01093, 0.03068, 0.08623
0.00035, 0.00000, 0.00028, 0.00020, 0.00320, 0.00084, 0.01200, 0.17073, 0.03235, 0.10979
0.00021, 0.00002, 0.00019, 0.00003, 0.00032, 0.00022, 0.00135, 0.00129, 0.00393, 0.00223
0.00012, 0.00003, 0.00011, 0.00021, 0.00015, 0.00023, 0.00778, 0.00254, 0.00680, 0.00714
0.00097, 0.00007, 0.00026, 0.00001, 0.00016, 0.00070, 0.00099, 0.01355, 0.00222, 0.00848
0.00149, 0.00002, 0.00139, 0.00030, 0.00375, 0.00064, 0.01139, 0.04677, 0.03123, 0.06285
0.00007, 0.00007, 0.00009, 0.00016, 0.01244, 0.00403, 0.03628, 0.16185, 0.18802, 0.05240
0.00022, 0.00007, 0.00007, 0.00000, 0.00864, 0.00153, 0.03602, 0.22953, 0.13289, 0.05798
0.00021, 0.00005, 0.00022, 0.00000, 0.00001, 0.00017, 0.00035, 0.00179, 0.00109, 0.00149
0.00066, 0.00002, 0.00063, 0.00000, 0.00174, 0.00149, 0.00287, 0.04025, 0.04183, 0.05890
0.00070, 0.00016, 0.00026, 0.00002, 0.00325, 0.00057, 0.01532, 0.10981, 0.09216, 0.02859
0.00081, 0.00002, 0.00084, 0.00061, 0.03526, 0.01263, 0.06287, 0.43815, 0.76250, 0.17472
0.00033, 0.00044, 0.00000, 0.00027, 0.02364, 0.00130, 0.06084, 0.52137, 0.37227, 0.11864
0.00025, 0.00001, 0.00032, 0.00004, 0.00045, 0.00010, 0.00090, 0.01132, 0.00405, 0.02901
0.00022, 0.00002, 0.00010, 0.00014, 0.00030, 0.00014, 0.00981, 0.01295, 0.02682, 0.02361
0.00049, 0.00010, 0.00016, 0.00007, 0.00813, 0.00080, 0.04105, 0.20433, 0.12128, 0.03623
0.00000, 0.00002, 0.00000, 0.00011, 0.00071, 0.00067, 0.00485, 0.01733, 0.00167, 0.01374
0.00073, 0.00003, 0.00073, 0.00009, 0.00083, 0.00010, 0.00170, 0.01498, 0.00910, 0.05618
0.00045, 0.00004, 0.00032, 0.00007, 0.00056, 0.00062, 0.00309, 0.04089, 0.00244, 0.00637
0.00134, 0.00002, 0.00120, 0.00023, 0.00225, 0.00035, 0.00995, 0.00696, 0.03048, 0.03392
0.00047, 0.00002, 0.00004, 0.00001, 0.00030, 0.00010, 0.00180, 0.02230, 0.00438, 0.01380
0.00002, 0.00001, 0.00003, 0.00007, 0.00358, 0.00088, 0.00721, 0.11430, 0.05618, 0.04113
0.00070, 0.00006, 0.00049, 0.00001, 0.00585, 0.00154, 0.02177, 0.21419, 0.09532, 0.06977
0.00020, 0.00001, 0.00010, 0.00001, 0.00012, 0.00010, 0.00068, 0.00657, 0.00223, 0.00351
0.00030, 0.00006, 0.00007, 0.00009, 0.00512, 0.00008, 0.02380, 0.39230, 0.06405, 0.11503
0.00029, 0.00001, 0.00036, 0.00011, 0.00832, 0.00335, 0.01326, 0.12335, 0.13754, 0.08894
0.00004, 0.00005, 0.00004, 0.00019, 0.00030, 0.00059, 0.00892, 0.00532, 0.00518, 0.01013
0.00063, 0.00000, 0.00048, 0.00010, 0.00133, 0.00029, 0.00544, 0.00989, 0.00810, 0.01030
0.00005, 0.00003, 0.00005, 0.00002, 0.00036, 0.00017, 0.00183, 0.00747, 0.00094, 0.00420
0.00033, 0.00001, 0.00019, 0.00002, 0.00073, 0.00019, 0.00506, 0.06664, 0.02518, 0.02396
0.00006, 0.00001, 0.00006, 0.00004, 0.00030, 0.00015, 0.00208, 0.00888, 0.00149, 0.00539
0.00057, 0.00000, 0.00088, 0.00028, 0.01804, 0.00851, 0.03590, 0.22019, 0.32328, 0.14142
0.00086, 0.00015, 0.00093, 0.00002, 0.00157, 0.00092, 0.01068, 0.04953, 0.05795, 0.00871
0.00213, 0.00007, 0.00227, 0.00006, 0.00597, 0.00377, 0.01256, 0.09290, 0.17972, 0.09146
0.00017, 0.00000, 0.00009, 0.00000, 0.00003, 0.00007, 0.00005, 0.00029, 0.00024, 0.00115
0.00057, 0.00003, 0.00035, 0.00004, 0.00015, 0.00016, 0.00131, 0.01606, 0.00120, 0.00298
0.00086, 0.00014, 0.00049, 0.00005, 0.01129, 0.00259, 0.03856, 0.23968, 0.35881, 0.04987
0.00093, 0.00005, 0.00105, 0.00020, 0.00237, 0.00072, 0.00453, 0.06553, 0.01771, 0.12827
0.00040, 0.00000, 0.00050, 0.00011, 0.00088, 0.00016, 0.00367, 0.00701, 0.01830, 0.03416
0.00120, 0.00003, 0.00113, 0.00046, 0.03013, 0.01149, 0.05984, 0.31871, 0.54670, 0.19539
0.00030, 0.00004, 0.00010, 0.00007, 0.00301, 0.00016, 0.01763, 0.05456, 0.03056, 0.01068
0.00017, 0.00023, 0.00005, 0.00028, 0.01296, 0.00036, 0.03286, 0.46734, 0.19960, 0.13913
0.00068, 0.00008, 0.00044, 0.00012, 0.00156, 0.00127, 0.00345, 0.08283, 0.00110, 0.02150
0.00028, 0.00005, 0.00008, 0.00033, 0.00022, 0.00050, 0.01067, 0.00558, 0.00312, 0.00597
0.00032, 0.00003, 0.00036, 0.00023, 0.01291, 0.00583, 0.03232, 0.07523, 0.18142, 0.02416
0.00032, 0.00024, 0.00027, 0.00006, 0.00139, 0.00084, 0.00677, 0.04075, 0.00215, 0.01220
0.00023, 0.00011, 0.00010, 0.00002, 0.00823, 0.00131, 0.02304, 0.11329, 0.19544, 0.04425
0.00113, 0.00004, 0.00054, 0.00003, 0.00031, 0.00084, 0.00117, 0.01765, 0.00136, 0.01225
0.00046, 0.00003, 0.00033, 0.00010, 0.00043, 0.00033, 0.00280, 0.03686, 0.00058, 0.01241
0.00018, 0.00001, 0.00008, 0.00005, 0.00140, 0.00021, 0.00795, 0.10531, 0.06158, 0.03209
0.00054, 0.00002, 0.00051, 0.00018, 0.00229, 0.00052, 0.01624, 0.00832, 0.06899, 0.04737
0.00001, 0.00003, 0.00000, 0.00012, 0.00008, 0.00041, 0.00437, 0.00192, 0.00504, 0.00606
0.00192, 0.00003, 0.00177, 0.00033, 0.00249, 0.00033, 0.01058, 0.01175, 0.03922, 0.05383
0.00067, 0.00001, 0.00080, 0.00005, 0.00406, 0.00128, 0.00977, 0.03033, 0.11528, 0.08233
0.00069, 0.00004, 0.00076, 0.00015, 0.00190, 0.00065, 0.00367, 0.05429, 0.01246, 0.09836
0.00001, 0.00007, 0.00001, 0.00016, 0.00069, 0.00084, 0.00718, 0.01935, 0.00234, 0.01292
0.00072, 0.00000, 0.00058, 0.00005, 0.00416, 0.00157, 0.01091, 0.04254, 0.11283, 0.04115
0.00013, 0.00014, 0.00002, 0.00008, 0.00216, 0.00049, 0.01430, 0.12068, 0.02993, 0.06349
0.00009, 0.00006, 0.00002, 0.00015, 0.00013, 0.00031, 0.01105, 0.00395, 0.01985, 0.01099
0.00107, 0.00011, 0.00111, 0.00003, 0.00059, 0.00087, 0.01088, 0.03229, 0.00522, 0.00196
0.00082, 0.00002, 0.00074, 0.00008, 0.00057, 0.00016, 0.00115, 0.00881, 0.00779, 0.03704
0.00005, 0.00002, 0.00001, 0.00009, 0.00145, 0.00062, 0.00638, 0.04181, 0.00928, 0.03111
0.00030, 0.00003, 0.00019, 0.00003, 0.00037, 0.00030, 0.00313, 0.03679, 0.01840, 0.01557
0.00033, 0.00004, 0.00059, 0.00030, 0.01307, 0.00670, 0.03901, 0.12635, 0.12002, 0.07839
0.00005, 0.00014, 0.00001, 0.00002, 0.00424, 0.00007, 0.01857, 0.20133, 0.09660, 0.08449
0.00008, 0.00014, 0.00000, 0.00012, 0.00436, 0.00086, 0.02490, 0.26154, 0.05021, 0.17135
0.00039, 0.00004, 0.00029, 0.00000, 0.00095, 0.00055, 0.00494, 0.02265, 0.02180, 0.01071
0.00021, 0.00009, 0.00004, 0.00013, 0.00193, 0.00016, 0.02139, 0.02637, 0.04224, 0.00980
0.00054, 0.00002, 0.00064, 0.00010, 0.00114, 0.00060, 0.00342, 0.03061, 0.00476, 0.04241
0.00072, 0.00004, 0.00073, 0.00003, 0.00051, 0.00024, 0.00113, 0.00637, 0.01515, 0.04537
0.00120, 0.00014, 0.00077, 0.00013, 0.01302, 0.00577, 0.04598, 0.12902, 0.14666, 0.11913
0.00011, 0.00000, 0.00018, 0.00008, 0.00026, 0.00002, 0.00154, 0.00344, 0.01119, 0.02818
0.00003, 0.00000, 0.00003, 0.00003, 0.00269, 0.00093, 0.00612, 0.03992, 0.06501, 0.01162
0.00099, 0.00025, 0.00075, 0.00019, 0.00869, 0.00198, 0.05680, 0.09937, 0.08891, 0.07161
0.00018, 0.00002, 0.00012, 0.00002, 0.00269, 0.00114, 0.00933, 0.06928, 0.08073, 0.01231
0.00003, 0.00005, 0.00003, 0.00003, 0.00137, 0.00026, 0.00596, 0.00565, 0.00916, 0.00926
0.00168, 0.00001, 0.00081, 0.00053, 0.00228, 0.00085, 0.01723, 0.15465, 0.02331, 0.06004
0.00039, 0.00006, 0.00047, 0.00010, 0.00156, 0.00138, 0.00699, 0.04430, 0.00019, 0.01792
0.00172, 0.00010, 0.00193, 0.00019, 0.00113, 0.00024, 0.00229, 0.01904, 0.01694, 0.08536
0.00134, 0.00002, 0.00147, 0.00008, 0.00637, 0.00304, 0.01632, 0.05860, 0.13865, 0.09163
0.00010, 0.00004, 0.00005, 0.00000, 0.00521, 0.00123, 0.02003, 0.09955, 0.14586, 0.01934
0.00047, 0.00004, 0.00049, 0.00013, 0.00157, 0.00088, 0.00292, 0.05650, 0.00596, 0.05641
