0.389,0.469,0.798,0.324,0.671,0.251,0.918,0.363,0.817,0.594,0.727,0.242,0.296,0.254,0.442,0.368
0.626,0.480,0.524,0.358,0.353,0.497,0.559,0.578,0.658,0.620,0.525,0.504,0.712,0.494,0.408,0.854
0.492,0.592,0.592,0.433,0.476,0.612,0.537,0.809,0.783,0.366,0.810,0.479,0.488,0.716,0.307,0.212
0.552,0.768,0.601,0.510,0.493,0.600,0.408,0.706,0.862,0.318,0.739,0.425,0.419,0.667,0.362,0.233
0.396,0.343,0.634,0.454,0.755,0.191,0.413,0.327,0.687,0.297,0.474,0.316,0.170,0.274,0.614,0.155
0.661,0.248,0.698,0.221,0.617,0.317,0.541,0.822,0.488,0.658,0.665,0.453,0.231,0.759,0.421,0.683
0.542,0.327,0.808,0.540,0.756,0.562,0.810,0.653,0.652,0.481,0.760,0.689,0.415,0.619,0.229,0.336
0.675,0.399,0.473,0.507,0.299,0.305,0.511,0.499,0.575,0.590,0.596,0.374,0.798,0.508,0.473,0.711
0.570,0.666,0.788,0.453,0.725,0.437,0.165,0.694,0.498,0.431,0.600,0.755,0.622,0.701,0.453,0.860
0.766,0.410,0.746,0.486,0.711,0.623,0.826,0.541,0.646,0.518,0.815,0.711,0.463,0.627,0.278,0.401
0.320,0.758,0.691,0.401,0.830,0.757,0.407,0.319,0.579,0.153,0.316,0.633,0.479,0.482,0.333,0.556
0.418,0.475,0.324,0.649,0.605,0.364,0.535,0.213,0.559,0.801,0.416,0.705,0.367,0.755,0.360,0.313
0.360,0.709,0.684,0.232,0.311,0.488,0.572,0.391,0.717,0.618,0.553,0.546,0.696,0.295,0.503,0.239
0.338,0.814,0.609,0.491,0.399,0.253,0.258,0.541,0.394,0.618,0.421,0.269,0.223,0.331,0.432,0.447
0.190,0.672,0.749,0.755,0.753,0.633,0.493,0.843,0.241,0.580,0.380,0.794,0.433,0.356,0.439,0.731
0.401,0.805,0.542,0.210,0.732,0.704,0.202,0.255,0.455,0.227,0.399,0.630,0.401,0.500,0.374,0.619
0.739,0.614,0.338,0.875,0.616,0.875,0.393,0.745,0.200,0.528,0.276,0.694,0.629,0.457,0.560,0.221
0.409,0.448,0.688,0.513,0.849,0.284,0.305,0.365,0.642,0.333,0.396,0.288,0.336,0.238,0.638,0.254
0.666,0.512,0.653,0.756,0.793,0.684,0.093,0.654,0.669,0.398,0.457,0.188,0.306,0.118,0.698,0.303
0.344,0.816,0.664,0.400,0.807,0.669,0.335,0.252,0.518,0.178,0.252,0.426,0.451,0.446,0.281,0.591
0.360,0.420,0.268,0.656,0.653,0.335,0.514,0.337,0.587,0.720,0.327,0.555,0.170,0.579,0.341,0.199
0.535,0.204,0.776,0.202,0.657,0.389,0.544,0.815,0.357,0.612,0.573,0.557,0.370,0.760,0.519,0.698
0.337,0.751,0.675,0.467,0.334,0.416,0.266,0.543,0.366,0.580,0.402,0.286,0.251,0.170,0.592,0.458
0.627,0.544,0.263,0.598,0.644,0.621,0.718,0.712,0.366,0.387,0.716,0.207,0.673,0.657,0.263,0.170
0.795,0.271,0.478,0.217,0.634,0.459,0.497,0.275,0.186,0.648,0.332,0.894,0.658,0.680,0.760,0.313
0.578,0.250,0.782,0.163,0.675,0.367,0.569,0.828,0.389,0.709,0.543,0.660,0.328,0.819,0.585,0.716
0.499,0.310,0.432,0.396,0.826,0.283,0.326,0.392,0.599,0.367,0.537,0.355,0.201,0.281,0.669,0.204
0.418,0.713,0.756,0.285,0.257,0.528,0.440,0.367,0.837,0.641,0.538,0.546,0.665,0.355,0.440,0.407
0.338,0.794,0.801,0.423,0.315,0.363,0.161,0.508,0.370,0.597,0.386,0.344,0.209,0.211,0.647,0.328
0.349,0.554,0.298,0.654,0.538,0.384,0.561,0.159,0.504,0.829,0.390,0.660,0.238,0.662,0.354,0.246
0.593,0.276,0.673,0.249,0.698,0.333,0.596,0.846,0.444,0.580,0.483,0.597,0.300,0.848,0.646,0.850
0.531,0.767,0.730,0.221,0.446,0.614,0.616,0.265,0.897,0.692,0.697,0.534,0.614,0.426,0.453,0.363
0.601,0.562,0.676,0.753,0.782,0.678,0.171,0.322,0.728,0.340,0.611,0.202,0.407,0.158,0.790,0.388
0.441,0.417,0.238,0.641,0.538,0.546,0.581,0.125,0.610,0.757,0.281,0.597,0.329,0.726,0.426,0.274
0.648,0.345,0.771,0.303,0.785,0.548,0.754,0.629,0.570,0.444,0.867,0.627,0.456,0.621,0.115,0.391
0.636,0.554,0.680,0.738,0.763,0.817,0.251,0.397,0.677,0.351,0.587,0.295,0.227,0.258,0.774,0.408
0.750,0.339,0.583,0.238,0.706,0.468,0.669,0.297,0.251,0.525,0.426,0.715,0.700,0.736,0.794,0.281
0.598,0.824,0.761,0.374,0.649,0.343,0.129,0.579,0.362,0.485,0.602,0.872,0.635,0.763,0.313,0.637
0.882,0.324,0.490,0.239,0.664,0.460,0.558,0.207,0.264,0.428,0.527,0.817,0.517,0.604,0.870,0.288
0.681,0.669,0.295,0.847,0.593,0.771,0.318,0.801,0.289,0.596,0.302,0.774,0.744,0.551,0.551,0.209
0.464,0.737,0.830,0.313,0.494,0.242,0.172,0.593,0.305,0.451,0.496,0.602,0.417,0.795,0.431,0.715
0.653,0.500,0.232,0.624,0.547,0.563,0.785,0.642,0.445,0.356,0.711,0.372,0.602,0.649,0.349,0.241
0.789,0.363,0.594,0.236,0.679,0.419,0.510,0.292,0.258,0.441,0.500,0.903,0.685,0.582,0.781,0.245
0.616,0.863,0.794,0.267,0.671,0.323,0.217,0.684,0.330,0.466,0.581,0.632,0.615,0.666,0.349,0.588
0.334,0.518,0.180,0.698,0.581,0.587,0.861,0.704,0.289,0.510,0.555,0.222,0.598,0.680,0.516,0.171
0.553,0.798,0.895,0.396,0.534,0.357,0.285,0.666,0.433,0.457,0.602,0.767,0.588,0.699,0.369,0.648
0.756,0.700,0.309,0.788,0.635,0.799,0.306,0.755,0.268,0.644,0.191,0.732,0.741,0.594,0.331,0.118
0.245,0.419,0.756,0.427,0.742,0.381,0.798,0.395,0.788,0.544,0.722,0.187,0.350,0.266,0.390,0.330
0.489,0.903,0.852,0.391,0.658,0.422,0.241,0.651,0.464,0.528,0.646,0.800,0.675,0.759,0.412,0.597
0.754,0.746,0.146,0.759,0.663,0.825,0.292,0.524,0.262,0.585,0.294,0.677,0.616,0.607,0.497,0.159
0.617,0.379,0.606,0.537,0.114,0.214,0.592,0.549,0.540,0.585,0.634,0.269,0.765,0.554,0.464,0.630
0.290,0.678,0.632,0.822,0.910,0.616,0.616,0.677,0.310,0.638,0.220,0.742,0.392,0.383,0.265,0.691
0.676,0.329,0.557,0.465,0.298,0.320,0.599,0.613,0.595,0.606,0.721,0.424,0.762,0.512,0.514,0.819
0.481,0.062,0.681,0.302,0.560,0.364,0.636,0.821,0.421,0.480,0.700,0.510,0.304,0.795,0.419,0.700
0.690,0.684,0.249,0.746,0.723,0.824,0.334,0.719,0.360,0.578,0.252,0.700,0.511,0.599,0.420,0.253
0.446,0.811,0.616,0.193,0.209,0.544,0.531,0.297,0.800,0.616,0.639,0.566,0.731,0.477,0.445,0.336
0.555,0.854,0.690,0.260,0.269,0.471,0.550,0.318,0.780,0.602,0.521,0.633,0.699,0.445,0.271,0.159
0.341,0.434,0.779,0.332,0.797,0.206,0.844,0.415,0.713,0.620,0.645,0.359,0.307,0.435,0.427,0.385
0.362,0.827,0.684,0.623,0.303,0.296,0.244,0.407,0.349,0.657,0.381,0.217,0.052,0.161,0.575,0.474
0.722,0.651,0.250,0.776,0.665,0.873,0.230,0.759,0.243,0.496,0.308,0.660,0.874,0.507,0.464,0.206
0.565,0.780,0.548,0.399,0.475,0.602,0.438,0.701,0.782,0.448,0.667,0.686,0.494,0.735,0.088,0.262
0.138,0.737,0.754,0.817,0.830,0.641,0.454,0.562,0.207,0.590,0.307,0.776,0.522,0.431,0.409,0.630
0.690,0.300,0.792,0.020,0.530,0.541,0.765,0.817,0.368,0.520,0.463,0.515,0.402,0.696,0.544,0.788
0.652,0.577,0.621,0.745,0.875,0.673,0.186,0.414,0.520,0.199,0.659,0.162,0.328,0.190,0.641,0.348
0.167,0.651,0.630,0.720,0.812,0.772,0.450,0.770,0.160,0.772,0.180,0.811,0.512,0.406,0.404,0.756
0.499,0.615,0.684,0.496,0.487,0.612,0.411,0.789,0.836,0.356,0.778,0.396,0.518,0.848,0.159,0.268
0.458,0.480,0.629,0.466,0.921,0.288,0.278,0.271,0.603,0.323,0.599,0.325,0.270,0.261,0.716,0.331
0.773,0.550,0.113,0.812,0.630,1.000,0.298,0.691,0.341,0.621,0.322,0.754,0.815,0.496,0.502,0.349
0.688,0.628,0.241,0.712,0.509,0.803,0.416,0.810,0.230,0.674,0.380,0.718,0.655,0.451,0.401,0.313
0.586,0.487,0.489,0.573,0.432,0.666,0.524,0.687,0.837,0.514,0.709,0.467,0.612,0.827,0.270,0.292
0.477,0.559,0.351,0.695,0.625,0.538,0.814,0.517,0.367,0.519,0.579,0.189,0.634,0.432,0.339,0.293
0.740,0.779,0.152,0.826,0.708,0.863,0.249,0.805,0.342,0.589,0.123,0.782,0.723,0.450,0.374,0.182
0.415,0.556,0.285,0.642,0.518,0.498,0.794,0.655,0.468,0.461,0.632,0.141,0.728,0.615,0.395,0.260
0.653,0.355,0.615,0.402,0.285,0.356,0.575,0.459,0.590,0.661,0.573,0.499,0.905,0.385,0.329,0.843
0.575,0.231,0.749,0.223,0.667,0.323,0.644,0.839,0.342,0.637,0.566,0.589,0.336,0.777,0.460,0.757
0.568,0.195,0.701,0.228,0.709,0.355,0.662,0.965,0.370,0.642,0.570,0.540,0.406,0.795,0.433,0.763
0.591,0.683,0.829,0.209,0.673,0.373,0.176,0.697,0.429,0.487,0.594,0.723,0.561,0.750,0.404,0.719
0.775,0.543,0.224,0.807,0.713,0.791,0.299,0.804,0.354,0.607,0.293,0.739,0.881,0.533,0.400,0.316
0.770,0.552,0.702,0.789,0.826,0.686,0.275,0.309,0.671,0.252,0.435,0.309,0.458,0.160,0.630,0.299
0.593,0.358,0.604,0.412,0.346,0.325,0.614,0.542,0.466,0.631,0.567,0.467,0.784,0.336,0.472,0.744
0.586,0.729,0.830,0.322,0.596,0.320,0.233,0.660,0.276,0.369,0.635,0.663,0.682,0.637,0.448,0.792
0.394,0.385,0.741,0.268,0.711,0.289,0.967,0.574,0.886,0.629,0.737,0.208,0.385,0.280,0.355,0.341
0.554,0.778,0.870,0.432,0.638,0.338,0.129,0.731,0.395,0.432,0.631,0.665,0.606,0.683,0.447,0.747
0.629,0.190,0.739,0.172,0.717,0.412,0.713,0.795,0.341,0.499,0.483,0.636,0.376,0.806,0.574,0.820
0.303,0.500,0.566,0.501,0.745,0.258,0.262,0.320,0.599,0.187,0.384,0.345,0.295,0.235,0.566,0.274
0.451,0.477,0.194,0.642,0.537,0.586,0.827,0.664,0.388,0.316,0.610,0.362,0.559,0.554,0.338,0.273
0.460,0.876,0.734,0.271,0.222,0.537,0.363,0.417,0.725,0.611,0.384,0.413,0.559,0.429,0.507,0.252
0.462,0.804,0.753,0.221,0.301,0.538,0.622,0.282,0.829,0.594,0.516,0.578,0.698,0.370,0.445,0.330
0.595,0.415,0.659,0.768,0.775,0.799,0.325,0.483,0.611,0.198,0.626,0.294,0.312,0.278,0.551,0.227
0.420,0.425,0.455,0.447,0.883,0.230,0.354,0.197,0.634,0.294,0.537,0.297,0.329,0.216,0.733,0.282
0.489,0.692,0.595,0.608,0.451,0.532,0.545,0.763,0.893,0.475,0.841,0.516,0.614,0.843,0.200,0.235
0.242,0.735,0.713,0.735,0.839,0.653,0.407,0.700,0.272,0.526,0.247,0.776,0.572,0.467,0.349,0.586
0.695,0.235,0.534,0.245,0.560,0.557,0.430,0.347,0.354,0.519,0.432,0.831,0.753,0.731,0.787,0.171
0.577,0.329,0.584,0.434,0.305,0.445,0.565,0.586,0.564,0.599,0.673,0.486,0.890,0.411,0.412,0.679
0.556,0.457,0.645,0.788,0.735,0.730,0.132,0.504,0.704,0.343,0.636,0.185,0.421,0.250,0.806,0.342
0.316,0.796,0.677,0.260,0.307,0.679,0.622,0.329,0.724,0.451,0.629,0.564,0.550,0.314,0.584,0.379
0.689,0.605,0.284,0.784,0.673,0.718,0.227,0.740,0.374,0.635,0.359,0.756,0.674,0.488,0.353,0.203
0.656,0.205,0.616,0.254,0.537,0.522,0.471,0.178,0.323,0.541,0.487,0.702,0.650,0.637,0.762,0.270
0.515,0.498,0.136,0.587,0.516,0.259,0.615,0.205,0.526,0.716,0.398,0.606,0.281,0.688,0.342,0.289
0.667,0.415,0.532,0.456,0.262,0.378,0.591,0.620,0.504,0.502,0.652,0.528,0.793,0.440,0.417,0.682
0.598,0.533,0.282,0.694,0.618,0.849,0.073,0.776,0.224,0.523,0.260,0.594,0.729,0.444,0.416,0.326
0.562,0.705,0.594,0.539,0.362,0.671,0.469,0.890,0.871,0.308,0.748,0.440,0.507,0.770,0.229,0.271
0.546,0.473,0.337,0.602,0.511,0.569,0.750,0.462,0.346,0.534,0.559,0.272,0.669,0.682,0.340,0.211
0.226,0.808,0.608,0.392,0.786,0.541,0.298,0.381,0.536,0.149,0.231,0.493,0.550,0.603,0.384,0.542
0.423,0.397,0.481,0.465,0.751,0.341,0.228,0.278,0.529,0.284,0.535,0.372,0.372,0.238,0.694,0.285
0.617,0.720,0.526,0.446,0.496,0.569,0.481,0.743,0.855,0.481,0.653,0.441,0.454,0.825,0.159,0.213
0.738,0.195,0.612,0.391,0.656,0.390,0.503,0.266,0.248,0.579,0.422,0.700,0.570,0.644,0.733,0.243
0.196,0.789,0.611,0.280,0.845,0.569,0.402,0.335,0.522,0.324,0.333,0.458,0.428,0.382,0.315,0.562
0.652,0.577,0.180,0.786,0.743,0.841,0.158,0.651,0.251,0.470,0.165,0.740,0.626,0.576,0.529,0.232
0.538,0.599,0.296,0.600,0.778,0.592,0.784,0.631,0.416,0.479,0.643,0.214,0.552,0.633,0.294,0.255
0.569,0.358,0.599,0.469,0.287,0.467,0.428,0.644,0.629,0.591,0.609,0.487,0.708,0.430,0.411,0.790
0.369,0.780,0.622,0.200,0.389,0.629,0.613,0.352,0.696,0.707,0.471,0.491,0.709,0.341,0.420,0.299
0.451,0.619,0.543,0.567,0.388,0.656,0.568,0.631,0.838,0.480,0.659,0.505,0.547,0.767,0.216,0.138
0.340,0.922,0.706,0.372,0.906,0.682,0.385,0.312,0.579,0.150,0.145,0.312,0.418,0.374,0.495,0.619
0.149,0.719,0.801,0.731,0.860,0.687,0.469,0.656,0.188,0.595,0.328,0.900,0.554,0.404,0.408,0.718
0.330,0.780,0.715,0.241,0.774,0.686,0.384,0.294,0.657,0.159,0.240,0.465,0.390,0.594,0.451,0.470
0.493,0.207,0.621,0.245,0.623,0.368,0.663,0.798,0.402,0.669,0.553,0.525,0.363,0.868,0.412,0.714
0.684,0.391,0.630,0.450,0.193,0.368,0.565,0.533,0.567,0.535,0.668,0.396,0.856,0.465,0.436,0.815
0.564,0.557,0.385,0.475,0.534,0.512,0.872,0.647,0.373,0.523,0.620,0.398,0.587,0.692,0.260,0.308
0.657,0.306,0.746,0.428,0.807,0.599,0.765,0.638,0.521,0.506,0.817,0.571,0.364,0.599,0.166,0.409
0.602,0.485,0.836,0.764,0.753,0.744,0.230,0.500,0.624,0.398,0.488,0.279,0.312,0.251,0.749,0.298
0.720,0.438,0.797,0.494,0.854,0.596,0.861,0.628,0.609,0.562,0.906,0.548,0.564,0.554,0.222,0.450
0.469,0.847,0.541,0.231,0.347,0.520,0.553,0.168,0.838,0.497,0.457,0.620,0.583,0.501,0.452,0.486
0.641,0.366,0.840,0.428,0.675,0.592,0.713,0.571,0.645,0.557,0.682,0.636,0.497,0.599,0.354,0.391
0.695,0.138,0.519,0.250,0.637,0.434,0.582,0.383,0.402,0.578,0.447,0.901,0.738,0.602,0.725,0.197
0.494,0.354,0.603,0.257,0.746,0.268,0.861,0.508,0.807,0.614,0.655,0.256,0.451,0.119,0.362,0.308
0.465,0.430,0.374,0.729,0.508,0.286,0.530,0.261,0.534,0.719,0.397,0.607,0.290,0.624,0.562,0.289
0.261,0.519,0.247,0.687,0.509,0.331,0.596,0.300,0.628,0.713,0.394,0.638,0.227,0.585,0.449,0.266
0.385,0.742,0.710,0.221,0.329,0.619,0.604,0.205,0.839,0.716,0.506,0.573,0.618,0.234,0.507,0.267
0.300,0.741,0.620,0.756,0.823,0.720,0.424,0.594,0.276,0.601,0.282,0.864,0.431,0.522,0.312,0.663
0.609,0.345,0.472,0.280,0.692,0.364,0.602,0.263,0.292,0.495,0.477,0.784,0.687,0.581,0.820,0.236
0.287,0.398,0.732,0.120,0.827,0.305,0.793,0.572,0.907,0.444,0.688,0.302,0.364,0.260,0.339,0.296
0.457,0.866,0.713,0.348,0.502,0.316,0.218,0.665,0.440,0.469,0.596,0.707,0.586,0.804,0.290,0.817
0.802,0.344,0.530,0.176,0.662,0.421,0.544,0.255,0.245,0.467,0.529,0.864,0.626,0.799,0.673,0.247
0.333,0.416,0.142,0.735,0.561,0.260,0.566,0.149,0.503,0.786,0.330,0.602,0.305,0.532,0.475,0.352
0.370,0.535,0.198,0.550,0.561,0.632,0.765,0.520,0.381,0.437,0.629,0.150,0.599,0.565,0.375,0.260
0.413,0.616,0.560,0.495,0.575,0.670,0.557,0.707,0.883,0.469,0.749,0.597,0.497,0.759,0.291,0.075
0.289,0.791,0.618,0.318,0.670,0.653,0.381,0.321,0.608,0.219,0.134,0.454,0.448,0.434,0.258,0.571
0.535,0.776,0.741,0.293,0.617,0.342,0.224,0.743,0.411,0.362,0.589,0.777,0.655,0.849,0.457,0.656
0.453,0.853,0.666,0.119,0.275,0.553,0.552,0.376,0.820,0.524,0.463,0.466,0.762,0.480,0.523,0.409
0.360,0.907,0.724,0.422,0.251,0.333,0.189,0.545,0.370,0.586,0.577,0.301,0.123,0.279,0.671,0.419
0.164,0.765,0.632,0.847,0.862,0.709,0.431,0.624,0.208,0.510,0.368,0.820,0.595,0.569,0.444,0.717
0.779,0.317,0.532,0.223,0.675,0.478,0.558,0.261,0.307,0.520,0.418,0.752,0.697,0.679,0.807,0.289
0.644,0.503,0.514,0.728,0.871,0.760,0.216,0.558,0.586,0.208,0.503,0.135,0.373,0.143,0.729,0.225
0.839,0.652,0.226,0.910,0.651,0.770,0.231,0.812,0.236,0.685,0.346,0.793,0.693,0.530,0.348,0.280
0.302,0.775,0.626,0.310,0.214,0.699,0.575,0.485,0.888,0.621,0.621,0.663,0.535,0.398,0.385,0.299
0.421,0.557,0.232,0.607,0.624,0.438,0.471,0.263,0.577,0.777,0.321,0.540,0.430,0.727,0.479,0.201
0.299,0.374,0.671,0.274,0.773,0.321,0.744,0.466,0.804,0.415,0.638,0.168,0.416,0.379,0.323,0.337
0.438,0.472,0.297,0.516,0.577,0.266,0.509,0.205,0.518,0.696,0.232,0.676,0.348,0.691,0.365,0.343
0.645,0.443,0.575,0.492,0.330,0.340,0.637,0.590,0.635,0.570,0.546,0.538,0.857,0.413,0.471,0.768
0.285,0.830,0.536,0.363,0.866,0.592,0.410,0.259,0.501,0.182,0.224,0.509,0.404,0.504,0.310,0.603
0.669,0.634,0.199,0.673,0.652,0.900,0.197,0.842,0.388,0.649,0.206,0.804,0.685,0.593,0.382,0.279
0.285,0.784,0.714,0.416,0.461,0.290,0.121,0.555,0.365,0.599,0.485,0.324,0.236,0.262,0.554,0.540
0.125,0.691,0.791,0.757,0.919,0.693,0.476,0.551,0.313,0.673,0.260,0.778,0.578,0.409,0.310,0.709
0.589,0.265,0.705,0.000,0.707,0.288,0.597,0.854,0.382,0.531,0.465,0.660,0.332,0.739,0.418,0.804
0.227,0.353,0.689,0.233,0.659,0.332,0.828,0.402,0.765,0.562,0.763,0.163,0.302,0.421,0.354,0.236
0.624,0.382,0.645,0.457,0.261,0.417,0.663,0.485,0.551,0.477,0.649,0.499,0.899,0.382,0.495,0.789
0.197,0.864,0.730,0.560,0.365,0.295,0.237,0.589,0.409,0.611,0.514,0.337,0.187,0.211,0.690,0.443
0.520,0.788,0.815,0.381,0.701,0.207,0.198,0.675,0.346,0.394,0.549,0.822,0.608,0.672,0.314,0.685
0.499,0.548,0.227,0.421,0.634,0.604,0.768,0.651,0.447,0.403,0.645,0.126,0.736,0.615,0.306,0.182
0.473,0.924,0.845,0.383,0.638,0.347,0.244,0.680,0.361,0.289,0.629,0.717,0.546,0.725,0.435,0.730
0.361,0.844,0.655,0.431,0.390,0.320,0.188,0.402,0.320,0.643,0.433,0.340,0.183,0.246,0.559,0.462
0.384,0.531,0.778,0.106,0.682,0.255,0.831,0.407,0.773,0.568,0.698,0.175,0.370,0.221,0.412,0.261
0.365,0.403,0.214,0.589,0.554,0.343,0.645,0.233,0.663,0.749,0.383,0.604,0.264,0.573,0.347,0.332
0.757,0.674,0.337,0.684,0.697,0.821,0.240,0.834,0.367,0.538,0.253,0.737,0.649,0.510,0.449,0.237
0.386,0.680,0.233,0.503,0.457,0.621,0.790,0.611,0.514,0.435,0.584,0.275,0.658,0.539,0.376,0.399
0.661,0.526,0.167,0.838,0.715,0.897,0.242,0.742,0.309,0.549,0.208,0.825,0.751,0.581,0.516,0.204
0.511,0.555,0.323,0.813,0.677,0.928,0.249,0.778,0.254,0.593,0.224,0.761,0.812,0.497,0.282,0.247
0.731,0.588,0.190,0.837,0.618,0.882,0.230,0.797,0.389,0.561,0.327,0.680,0.680,0.538,0.558,0.197
0.697,0.591,0.334,0.666,0.644,0.740,0.295,0.751,0.246,0.522,0.316,0.674,0.784,0.602,0.517,0.150
0.444,0.706,0.570,0.572,0.525,0.697,0.598,0.759,0.830,0.367,0.768,0.454,0.439,0.839,0.202,0.296
0.659,0.397,0.603,0.414,0.292,0.340,0.678,0.523,0.593,0.634,0.659,0.515,0.661,0.339,0.409,0.811
0.200,0.777,0.733,0.742,0.809,0.783,0.553,0.578,0.157,0.541,0.225,0.726,0.543,0.427,0.438,0.782
0.319,0.748,0.685,0.553,0.291,0.356,0.251,0.433,0.393,0.687,0.358,0.278,0.179,0.121,0.708,0.387
0.553,0.561,0.721,0.792,0.903,0.719,0.155,0.405,0.634,0.358,0.493,0.212,0.423,0.194,0.713,0.331
0.404,0.416,0.727,0.245,0.795,0.207,0.837,0.359,0.782,0.560,0.646,0.158,0.222,0.298,0.383,0.271
0.660,0.346,0.770,0.534,0.811,0.485,0.796,0.585,0.544,0.536,0.945,0.660,0.425,0.592,0.247,0.343
0.536,0.622,0.647,0.526,0.425,0.643,0.440,0.806,0.772,0.422,0.709,0.506,0.555,0.838,0.262,0.277
0.401,0.449,0.204,0.669,0.575,0.638,0.793,0.581,0.500,0.329,0.605,0.239,0.557,0.642,0.386,0.262
0.324,0.480,0.674,0.205,0.745,0.251,0.892,0.460,0.862,0.587,0.751,0.212,0.377,0.339,0.294,0.303
0.176,0.774,0.704,0.733,0.787,0.774,0.582,0.675,0.238,0.647,0.241,0.837,0.638,0.430,0.362,0.816
0.445,0.686,0.460,0.583,0.450,0.530,0.490,0.764,0.808,0.431,0.727,0.590,0.588,0.851,0.233,0.350
0.714,0.679,0.156,0.747,0.611,0.799,0.351,0.769,0.237,0.551,0.331,0.699,0.642,0.631,0.572,0.263
0.495,0.740,0.822,0.261,0.723,0.287,0.152,0.685,0.396,0.406,0.551,0.762,0.658,0.770,0.329,0.673
0.587,0.464,0.586,0.538,0.120,0.423,0.534,0.610,0.565,0.607,0.564,0.490,0.659,0.442,0.546,0.710
0.257,0.761,0.603,0.259,0.263,0.627,0.554,0.326,0.657,0.539,0.472,0.618,0.676,0.430,0.352,0.347
0.816,0.267,0.469,0.280,0.545,0.450,0.486,0.329,0.237,0.421,0.413,0.791,0.715,0.678,0.683,0.331
0.227,0.840,0.695,0.480,0.410,0.285,0.342,0.510,0.528,0.640,0.466,0.299,0.156,0.113,0.576,0.493
0.725,0.403,0.756,0.461,0.661,0.605,0.652,0.554,0.724,0.593,0.826,0.593,0.498,0.573,0.216,0.444
0.589,0.167,0.679,0.234,0.762,0.351,0.631,0.899,0.270,0.672,0.592,0.656,0.358,0.753,0.450,0.709
0.397,0.471,0.158,0.724,0.622,0.262,0.417,0.324,0.542,0.780,0.396,0.659,0.463,0.655,0.350,0.281
0.600,0.745,0.603,0.616,0.442,0.605,0.438,0.831,0.837,0.404,0.710,0.597,0.553,0.725,0.244,0.118
0.573,0.627,0.581,0.579,0.463,0.747,0.408,0.699,0.747,0.399,0.559,0.490,0.514,0.791,0.262,0.166
0.291,0.724,0.713,0.800,0.864,0.680,0.393,0.665,0.270,0.546,0.305,0.779,0.566,0.405,0.301,0.803
0.252,0.754,0.626,0.668,0.823,0.675,0.486,0.706,0.222,0.634,0.402,0.733,0.496,0.454,0.434,0.612
0.263,0.485,0.706,0.209,0.801,0.267,0.752,0.479,0.676,0.592,0.669,0.301,0.402,0.221,0.316,0.305
0.403,0.401,0.541,0.435,0.880,0.224,0.278,0.290,0.589,0.252,0.451,0.380,0.213,0.302,0.628,0.377
0.488,0.731,0.482,0.456,0.515,0.621,0.478,0.758,0.812,0.431,0.787,0.505,0.545,0.901,0.237,0.390
0.394,0.893,0.535,0.545,0.266,0.260,0.203,0.353,0.415,0.673,0.409,0.363,0.298,0.252,0.650,0.402
0.682,0.668,0.211,0.787,0.682,0.915,0.271,0.639,0.232,0.738,0.211,0.727,0.742,0.398,0.442,0.156
0.367,0.472,0.219,0.664,0.546,0.355,0.467,0.267,0.590,0.834,0.379,0.597,0.450,0.651,0.261,0.298
0.268,0.731,0.579,0.644,0.894,0.695,0.579,0.733,0.262,0.604,0.246,0.804,0.522,0.511,0.350,0.741
0.420,0.520,0.096,0.606,0.676,0.562,0.813,0.595,0.391,0.449,0.545,0.302,0.619,0.684,0.345,0.221
0.522,0.425,0.729,0.498,0.251,0.363,0.506,0.511,0.713,0.534,0.612,0.403,0.785,0.409,0.460,0.855
0.519,0.202,0.763,0.262,0.627,0.476,0.608,0.800,0.517,0.576,0.603,0.544,0.447,0.896,0.498,0.759
0.237,0.819,0.680,0.378,0.276,0.338,0.250,0.527,0.316,0.601,0.438,0.291,0.136,0.226,0.625,0.450
0.765,0.314,0.444,0.309,0.626,0.409,0.606,0.313,0.321,0.500,0.359,0.766,0.647,0.604,0.783,0.194
0.471,0.148,0.685,0.119,0.559,0.422,0.608,0.753,0.297,0.703,0.609,0.608,0.276,0.714,0.403,0.818
0.681,0.384,0.472,0.157,0.758,0.436,0.565,0.468,0.271,0.481,0.321,0.743,0.591,0.627,0.769,0.367
0.250,0.468,0.821,0.211,0.821,0.256,0.939,0.535,0.790,0.588,0.621,0.262,0.325,0.243,0.199,0.211
0.514,0.852,0.701,0.217,0.356,0.649,0.478,0.473,0.883,0.544,0.554,0.700,0.721,0.383,0.517,0.356
0.480,0.497,0.314,0.627,0.592,0.473,0.745,0.614,0.406,0.409,0.616,0.217,0.500,0.653,0.310,0.258
0.318,0.803,0.676,0.554,0.426,0.414,0.213,0.336,0.365,0.620,0.434,0.346,0.113,0.156,0.482,0.493
0.370,0.320,0.582,0.336,0.666,0.261,0.773,0.418,0.745,0.528,0.765,0.355,0.421,0.368,0.392,0.179
0.654,0.333,0.562,0.498,0.250,0.266,0.591,0.542,0.494,0.715,0.732,0.560,0.799,0.446,0.509,0.806
0.192,0.652,0.718,0.711,0.887,0.702,0.495,0.560,0.185,0.662,0.235,0.764,0.508,0.545,0.384,0.773
0.546,0.167,0.669,0.114,0.582,0.424,0.658,0.770,0.313,0.635,0.462,0.612,0.431,0.926,0.569,0.778
0.492,0.780,0.878,0.321,0.568,0.318,0.219,0.620,0.357,0.360,0.517,0.703,0.589,0.876,0.372,0.743
0.676,0.413,0.681,0.494,0.805,0.628,0.825,0.602,0.759,0.590,0.729,0.560,0.445,0.602,0.176,0.385
0.477,0.823,0.599,0.120,0.272,0.402,0.489,0.323,0.745,0.546,0.611,0.568,0.736,0.412,0.428,0.194
0.363,0.861,0.600,0.350,0.802,0.751,0.409,0.419,0.491,0.198,0.253,0.322,0.400,0.406,0.426,0.502
0.512,0.381,0.686,0.421,0.742,0.552,0.911,0.638,0.639,0.514,0.788,0.618,0.438,0.506,0.308,0.421
0.275,0.653,0.793,0.813,0.880,0.652,0.471,0.668,0.266,0.598,0.262,0.787,0.512,0.474,0.254,0.720
0.715,0.341,0.562,0.346,0.273,0.459,0.508,0.658,0.656,0.554,0.532,0.480,0.860,0.375,0.463,0.849
0.300,0.365,0.750,0.390,0.793,0.135,0.821,0.525,0.817,0.663,0.653,0.161,0.484,0.279,0.369,0.196
0.693,0.247,0.532,0.183,0.688,0.515,0.618,0.369,0.212,0.584,0.423,0.891,0.786,0.628,0.745,0.266
0.369,0.718,0.624,0.440,0.782,0.736,0.501,0.381,0.587,0.188,0.345,0.530,0.456,0.450,0.330,0.628
0.602,0.415,0.659,0.678,0.816,0.714,0.252,0.370,0.672,0.308,0.449,0.321,0.365,0.276,0.807,0.272
0.601,0.397,0.605,0.490,0.295,0.353,0.533,0.613,0.492,0.535,0.624,0.461,0.801,0.399,0.414,0.729
0.309,0.349,0.218,0.644,0.569,0.280,0.446,0.251,0.527,0.692,0.510,0.671,0.259,0.658,0.322,0.238
0.417,0.498,0.169,0.614,0.452,0.523,0.776,0.726,0.405,0.461,0.532,0.223,0.549,0.672,0.465,0.311
0.405,0.532,0.136,0.640,0.414,0.523,0.753,0.540,0.414,0.439,0.723,0.153,0.647,0.590,0.265,0.285
0.305,0.876,0.629,0.177,0.314,0.648,0.396,0.339,0.793,0.650,0.473,0.624,0.656,0.350,0.536,0.349
0.266,0.370,0.776,0.230,0.758,0.199,0.868,0.514,0.971,0.490,0.641,0.258,0.317,0.319,0.375,0.217
0.515,0.803,0.899,0.320,0.538,0.318,0.200,0.832,0.372,0.382,0.645,0.599,0.579,0.732,0.412,0.685
0.282,0.441,0.782,0.399,0.807,0.288,0.821,0.422,0.826,0.565,0.780,0.278,0.367,0.310,0.315,0.168
0.247,0.799,0.569,0.270,0.303,0.656,0.627,0.305,0.851,0.667,0.590,0.542,0.582,0.408,0.421,0.320
0.534,0.724,0.584,0.578,0.437,0.630,0.387,0.871,0.803,0.393,0.743,0.501,0.470,0.699,0.280,0.236
0.338,0.833,0.599,0.386,0.826,0.690,0.337,0.330,0.547,0.145,0.356,0.533,0.433,0.599,0.333,0.553
0.574,0.740,0.808,0.334,0.704,0.445,0.255,0.763,0.391,0.392,0.624,0.624,0.580,0.672,0.398,0.594
0.229,0.734,0.709,0.665,0.893,0.768,0.438,0.768,0.250,0.487,0.177,0.845,0.519,0.514,0.354,0.706
0.559,0.493,0.599,0.418,0.279,0.517,0.491,0.533,0.635,0.691,0.598,0.469,0.682,0.438,0.482,0.808
0.352,0.411,0.214,0.539,0.535,0.411,0.562,0.193,0.540,0.770,0.416,0.670,0.344,0.575,0.435,0.354
0.216,0.802,0.752,0.447,0.260,0.412,0.190,0.403,0.350,0.661,0.460,0.294,0.167,0.378,0.673,0.446
0.490,0.595,0.231,0.640,0.581,0.521,0.835,0.683,0.397,0.384,0.680,0.249,0.620,0.677,0.441,0.209
0.452,0.590,0.232,0.701,0.642,0.586,0.730,0.645,0.345,0.514,0.619,0.307,0.549,0.618,0.339,0.232
0.484,0.497,0.307,0.635,0.605,0.247,0.408,0.219,0.479,0.726,0.403,0.617,0.193,0.684,0.389,0.281
0.473,0.467,0.277,0.558,0.587,0.569,0.801,0.694,0.460,0.442,0.740,0.328,0.525,0.550,0.286,0.371
0.334,0.901,0.605,0.560,0.332,0.361,0.215,0.445,0.397,0.669,0.509,0.281,0.104,0.242,0.641,0.551
0.436,0.371,0.557,0.453,0.716,0.273,0.294,0.228,0.630,0.317,0.456,0.353,0.296,0.273,0.682,0.227
0.267,0.691,0.738,0.922,0.814,0.746,0.500,0.755,0.155,0.534,0.291,0.855,0.534,0.350,0.307,0.637
0.257,0.470,0.710,0.151,0.617,0.179,0.870,0.486,0.805,0.603,0.527,0.317,0.374,0.228,0.428,0.313
0.604,0.344,0.684,0.450,0.785,0.560,0.803,0.677,0.643,0.573,0.742,0.631,0.418,0.631,0.128,0.384
0.314,0.439,0.125,0.657,0.569,0.245,0.590,0.312,0.479,0.842,0.507,0.649,0.333,0.651,0.383,0.312
0.202,0.839,0.759,0.789,0.746,0.869,0.543,0.541,0.292,0.570,0.308,0.824,0.467,0.574,0.373,0.749
0.267,0.905,0.730,0.550,0.335,0.217,0.282,0.475,0.388,0.552,0.410,0.352,0.327,0.266,0.712,0.380
0.366,0.682,0.580,0.494,0.349,0.353,0.241,0.469,0.476,0.629,0.533,0.343,0.137,0.294,0.473,0.373
0.340,0.816,0.663,0.774,0.852,0.753,0.492,0.661,0.266,0.571,0.390,0.878,0.513,0.484,0.349,0.765
0.536,0.738,0.471,0.551,0.361,0.660,0.393,0.782,0.792,0.362,0.595,0.497,0.668,0.767,0.295,0.242
0.307,0.764,0.583,0.294,0.774,0.716,0.214,0.294,0.577,0.306,0.287,0.402,0.371,0.453,0.404,0.555
0.544,0.417,0.628,0.452,0.778,0.558,0.707,0.609,0.666,0.473,0.774,0.604,0.422,0.539,0.264,0.518
0.570,0.655,0.806,0.293,0.659,0.339,0.237,0.633,0.342,0.483,0.559,0.689,0.527,0.703,0.349,0.605
0.285,0.311,0.705,0.253,0.729,0.320,0.724,0.519,0.779,0.659,0.677,0.343,0.379,0.345,0.351,0.326
0.231,0.727,0.678,0.424,0.360,0.348,0.236,0.457,0.337,0.625,0.358,0.423,0.214,0.299,0.577,0.422
0.714,0.614,0.324,0.929,0.664,0.769,0.247,0.707,0.326,0.639,0.386,0.584,0.755,0.577,0.437,0.183
0.447,0.160,0.805,0.218,0.565,0.423,0.618,0.771,0.402,0.559,0.522,0.502,0.328,0.817,0.472,0.695
0.503,0.625,0.585,0.498,0.467,0.656,0.469,0.786,0.867,0.419,0.718,0.510,0.554,0.765,0.201,0.257
0.432,0.535,0.212,0.696,0.664,0.580,0.676,0.625,0.367,0.530,0.582,0.185,0.624,0.616,0.269,0.370
0.118,0.727,0.709,0.652,0.851,0.698,0.352,0.797,0.210,0.519,0.309,0.834,0.573,0.432,0.359,0.641
0.184,0.699,0.805,0.757,0.803,0.734,0.489,0.623,0.226,0.692,0.366,0.815,0.591,0.563,0.332,0.700
0.680,0.439,0.715,0.764,0.853,0.760,0.254,0.417,0.771,0.321,0.600,0.296,0.222,0.100,0.703,0.419
0.572,0.408,0.570,0.749,0.781,0.858,0.137,0.374,0.585,0.380,0.637,0.178,0.376,0.279,0.778,0.324
0.146,0.688,0.734,0.728,0.722,0.690,0.436,0.740,0.244,0.606,0.256,0.826,0.514,0.478,0.193,0.695
0.570,0.316,0.708,0.274,0.632,0.269,0.613,0.819,0.384,0.464,0.659,0.459,0.214,0.703,0.422,0.879
0.302,0.779,0.655,0.494,0.299,0.277,0.161,0.559,0.352,0.554,0.407,0.334,0.178,0.355,0.701,0.441
0.676,0.489,0.573,0.698,0.683,0.720,0.154,0.368,0.706,0.469,0.516,0.139,0.388,0.123,0.693,0.353
0.051,0.661,0.698,0.848,0.870,0.827,0.453,0.710,0.195,0.576,0.235,0.757,0.500,0.457,0.362,0.723
0.321,0.890,0.749,0.254,0.357,0.449,0.601,0.267,0.768,0.685,0.497,0.539,0.713,0.461,0.521,0.225
0.468,0.547,0.236,0.506,0.615,0.780,0.788,0.582,0.424,0.463,0.692,0.164,0.576,0.625,0.337,0.286
0.510,0.313,0.563,0.376,0.254,0.259,0.473,0.554,0.530,0.527,0.574,0.471,0.733,0.381,0.548,0.790
0.422,0.521,0.218,0.577,0.472,0.307,0.444,0.222,0.617,0.901,0.334,0.646,0.203,0.662,0.337,0.292
0.280,0.314,0.384,0.640,0.582,0.334,0.451,0.333,0.563,0.788,0.379,0.689,0.277,0.644,0.461,0.388
0.501,0.683,0.662,0.549,0.453,0.521,0.394,0.791,0.797,0.445,0.697,0.573,0.505,0.764,0.358,0.194
0.281,0.822,0.683,0.591,0.300,0.349,0.251,0.497,0.355,0.710,0.583,0.332,0.170,0.253,0.629,0.584
0.562,0.763,0.564,0.482,0.354,0.548,0.487,0.707,0.871,0.528,0.547,0.586,0.411,0.812,0.314,0.250
0.378,0.840,0.738,0.255,0.422,0.673,0.576,0.480,0.720,0.528,0.426,0.508,0.765,0.376,0.464,0.294
0.513,0.316,0.494,0.561,0.746,0.152,0.277,0.437,0.584,0.240,0.476,0.296,0.334,0.272,0.507,0.278
0.324,0.761,0.676,0.279,0.896,0.598,0.455,0.344,0.513,0.055,0.324,0.513,0.340,0.389,0.351,0.671
0.361,0.429,0.714,0.212,0.718,0.198,0.831,0.478,0.887,0.531,0.567,0.238,0.394,0.353,0.429,0.189
0.331,0.372,0.719,0.192,0.855,0.115,0.838,0.572,0.708,0.632,0.598,0.147,0.412,0.307,0.429,0.350
0.253,0.727,0.764,0.832,0.713,0.732,0.484,0.717,0.338,0.543,0.178,0.869,0.462,0.413,0.373,0.644
0.558,0.269,0.467,0.212,0.562,0.460,0.600,0.296,0.432,0.475,0.451,0.778,0.643,0.673,0.715,0.207
0.369,0.422,0.668,0.471,0.757,0.154,0.315,0.380,0.600,0.277,0.444,0.333,0.315,0.253,0.553,0.290
0.519,0.736,0.765,0.263,0.568,0.533,0.184,0.666,0.352,0.468,0.493,0.783,0.764,0.760,0.428,0.773
0.432,0.099,0.671,0.237,0.648,0.432,0.689,0.898,0.226,0.460,0.594,0.569,0.304,0.706,0.493,0.654
0.351,0.382,0.678,0.296,0.618,0.258,0.746,0.437,0.805,0.500,0.624,0.222,0.424,0.284,0.308,0.216
0.472,0.447,0.226,0.628,0.663,0.336,0.594,0.330,0.490,0.810,0.418,0.639,0.225,0.667,0.373,0.231
0.625,0.753,0.759,0.346,0.622,0.374,0.278,0.636,0.346,0.458,0.623,0.796,0.671,0.813,0.313,0.736
0.245,0.701,0.661,0.762,0.752,0.743,0.398,0.733,0.255,0.629,0.217,0.814,0.681,0.427,0.381,0.785
0.592,0.633,0.953,0.298,0.680,0.349,0.135,0.613,0.332,0.384,0.654,0.706,0.571,0.677,0.368,0.707
0.294,0.395,0.740,0.326,0.777,0.367,0.814,0.572,0.823,0.460,0.792,0.199,0.362,0.301,0.257,0.326
0.555,0.151,0.735,0.043,0.695,0.363,0.619,0.822,0.424,0.601,0.544,0.526,0.305,0.834,0.413,0.731
0.771,0.692,0.413,0.780,0.552,0.912,0.236,0.735,0.216,0.552,0.203,0.812,0.713,0.477,0.483,0.180
0.635,0.408,0.593,0.640,0.780,0.736,0.095,0.418,0.655,0.299,0.524,0.238,0.215,0.204,0.609,0.252
0.698,0.315,0.759,0.278,0.817,0.561,0.752,0.777,0.709,0.502,0.723,0.441,0.399,0.557,0.297,0.216
0.630,0.465,0.673,0.408,0.754,0.710,0.829,0.647,0.627,0.417,0.776,0.784,0.408,0.527,0.235,0.275
0.525,0.822,0.885,0.313,0.666,0.241,0.143,0.733,0.400,0.485,0.617,0.706,0.537,0.776,0.308,0.657
0.244,0.773,0.645,0.512,0.291,0.213,0.211,0.503,0.432,0.454,0.434,0.309,0.241,0.178,0.559,0.623
0.623,0.239,0.529,0.442,0.184,0.324,0.584,0.530,0.625,0.607,0.531,0.411,0.826,0.262,0.609,0.735
0.429,0.521,0.502,0.434,0.749,0.299,0.322,0.292,0.668,0.417,0.481,0.364,0.341,0.271,0.596,0.182
0.641,0.686,0.575,0.555,0.396,0.583,0.542,0.848,0.984,0.432,0.657,0.497,0.490,0.781,0.260,0.244
0.798,0.259,0.364,0.181,0.732,0.586,0.512,0.339,0.312,0.561,0.384,0.848,0.623,0.613,0.743,0.173
0.215,0.815,0.693,0.488,0.288,0.381,0.222,0.411,0.503,0.569,0.516,0.246,0.170,0.330,0.582,0.580
0.321,0.406,0.831,0.276,0.712,0.149,0.864,0.521,0.971,0.611,0.642,0.103,0.297,0.266,0.376,0.348
0.514,0.437,0.282,0.657,0.557,0.300,0.604,0.240,0.603,0.863,0.365,0.681,0.297,0.692,0.430,0.525
0.771,0.459,0.618,0.602,0.754,0.714,0.234,0.463,0.627,0.341,0.437,0.189,0.304,0.175,0.647,0.277
0.223,0.468,0.683,0.220,0.736,0.219,0.742,0.539,0.824,0.583,0.740,0.265,0.407,0.346,0.514,0.106
0.661,0.364,0.687,0.708,0.810,0.744,0.251,0.387,0.573,0.301,0.542,0.324,0.411,0.102,0.636,0.323
0.257,0.469,0.725,0.331,0.715,0.236,0.741,0.457,0.830,0.624,0.681,0.245,0.333,0.215,0.344,0.148
0.465,0.612,0.169,0.517,0.592,0.578,0.697,0.656,0.411,0.556,0.590,0.219,0.545,0.657,0.321,0.274
0.661,0.376,0.779,0.355,0.775,0.635,0.703,0.649,0.606,0.400,0.712,0.542,0.491,0.626,0.367,0.398
0.434,0.786,0.675,0.355,0.844,0.694,0.238,0.323,0.582,0.283,0.309,0.557,0.436,0.509,0.381,0.579
0.814,0.274,0.568,0.294,0.593,0.517,0.548,0.256,0.253,0.465,0.319,0.706,0.686,0.737,0.785,0.254
0.512,0.445,0.273,0.517,0.670,0.546,0.941,0.612,0.414,0.520,0.553,0.243,0.554,0.665,0.357,0.287
0.554,0.190,0.779,0.179,0.580,0.420,0.733,0.744,0.318,0.564,0.583,0.611,0.386,0.748,0.466,0.798
0.146,0.717,0.757,0.723,0.791,0.641,0.500,0.773,0.311,0.647,0.269,0.762,0.569,0.455,0.349,0.746
0.540,0.328,0.746,0.180,0.681,0.306,0.659,0.751,0.242,0.688,0.598,0.605,0.355,0.832,0.503,0.710
0.529,0.663,0.781,0.269,0.600,0.377,0.159,0.694,0.384,0.401,0.596,0.830,0.517,0.799,0.215,0.658
0.399,0.814,0.664,0.554,0.419,0.452,0.267,0.502,0.373,0.646,0.389,0.357,0.203,0.188,0.508,0.498
0.445,0.734,0.699,0.251,0.839,0.581,0.359,0.360,0.604,0.244,0.359,0.397,0.383,0.545,0.316,0.531
0.630,0.603,0.663,0.520,0.475,0.612,0.562,0.774,0.737,0.352,0.601,0.420,0.559,0.724,0.230,0.201
0.655,0.360,0.640,0.530,0.231,0.542,0.550,0.664,0.485,0.757,0.622,0.336,0.797,0.397,0.451,0.804
0.344,0.698,0.640,0.501,0.331,0.262,0.139,0.464,0.501,0.612,0.436,0.350,0.205,0.215,0.647,0.466
0.269,0.683,0.578,0.327,0.860,0.750,0.402,0.288,0.492,0.192,0.322,0.489,0.417,0.594,0.438,0.517
0.560,0.585,0.312,0.685,0.585,0.509,0.723,0.565,0.433,0.390,0.638,0.307,0.659,0.609,0.321,0.201
0.636,0.245,0.652,0.217,0.702,0.431,0.652,0.829,0.450,0.540,0.593,0.509,0.358,0.765,0.679,0.731
0.717,0.342,0.604,0.223,0.612,0.462,0.691,0.352,0.335,0.609,0.420,0.807,0.639,0.658,0.659,0.173
0.009,0.723,0.744,0.750,0.892,0.852,0.476,0.772,0.164,0.668,0.286,0.784,0.515,0.447,0.340,0.701
0.685,0.720,0.337,0.758,0.592,0.824,0.150,0.723,0.385,0.587,0.401,0.622,0.709,0.383,0.434,0.272
0.672,0.270,0.515,0.307,0.647,0.449,0.672,0.351,0.258,0.634,0.377,0.911,0.592,0.605,0.843,0.209
0.602,0.386,0.577,0.394,0.281,0.388,0.569,0.555,0.629,0.660,0.481,0.378,0.884,0.340,0.458,0.748
0.366,0.750,0.779,0.553,0.408,0.292,0.208,0.355,0.367,0.663,0.410,0.372,0.265,0.297,0.657,0.367
0.756,0.620,0.275,0.800,0.701,0.798,0.258,0.669,0.317,0.578,0.397,0.833,0.779,0.605,0.489,0.237
0.358,0.464,0.610,0.438,0.746,0.303,0.397,0.304,0.624,0.347,0.440,0.330,0.318,0.195,0.708,0.268
0.588,0.434,0.666,0.656,0.917,0.840,0.191,0.416,0.742,0.315,0.565,0.178,0.270,0.195,0.814,0.297
0.645,0.124,0.796,0.152,0.697,0.245,0.790,0.834,0.408,0.604,0.536,0.485,0.389,0.756,0.442,0.756
0.281,0.686,0.767,0.580,0.339,0.406,0.337,0.402,0.364,0.661,0.333,0.281,0.219,0.274,0.684,0.516
0.379,0.782,0.587,0.233,0.227,0.509,0.602,0.377,0.687,0.503,0.464,0.638,0.752,0.402,0.416,0.349
0.178,0.716,0.626,0.647,0.812,0.692,0.435,0.645,0.205,0.576,0.227,0.879,0.541,0.394,0.342,0.612
0.311,0.707,0.676,0.848,0.845,0.624,0.489,0.884,0.113,0.687,0.249,0.832,0.579,0.370,0.260,0.632
0.417,0.413,0.277,0.620,0.487,0.272,0.504,0.223,0.612,0.799,0.446,0.602,0.361,0.662,0.405,0.254
0.419,0.642,0.210,0.612,0.547,0.372,0.490,0.216,0.653,0.791,0.355,0.645,0.297,0.612,0.340,0.314
0.750,0.656,0.264,0.649,0.535,0.775,0.307,0.751,0.235,0.526,0.325,0.737,0.730,0.587,0.604,0.313
0.713,0.245,0.755,0.457,0.770,0.563,0.751,0.553,0.539,0.447,0.715,0.718,0.504,0.572,0.249,0.325
0.714,0.190,0.789,0.156,0.614,0.423,0.572,0.790,0.407,0.592,0.593,0.567,0.369,0.789,0.520,0.686
0.300,0.434,0.578,0.481,0.835,0.228,0.254,0.410,0.522,0.455,0.489,0.368,0.347,0.336,0.566,0.304
0.301,0.794,0.599,0.558,0.362,0.253,0.211,0.421,0.342,0.477,0.449,0.350,0.257,0.187,0.747,0.449
0.512,0.327,0.492,0.300,0.215,0.286,0.515,0.539,0.603,0.608,0.578,0.538,0.816,0.323,0.506,0.848
0.625,0.572,0.613,0.735,0.801,0.746,0.213,0.438,0.847,0.204,0.570,0.253,0.358,0.195,0.775,0.343
0.713,0.723,0.180,0.783,0.752,0.737,0.291,0.765,0.171,0.579,0.242,0.788,0.714,0.613,0.494,0.190
0.679,0.479,0.661,0.698,0.868,0.630,0.133,0.392,0.591,0.332,0.558,0.072,0.340,0.268,0.630,0.402
0.677,0.609,0.423,0.791,0.654,0.814,0.233,0.758,0.332,0.547,0.290,0.648,0.706,0.567,0.484,0.174
0.407,0.741,0.682,0.488,0.490,0.641,0.419,0.671,0.725,0.472,0.694,0.494,0.618,0.819,0.187,0.169
0.372,0.679,0.604,0.610,0.473,0.359,0.201,0.395,0.372,0.655,0.381,0.253,0.278,0.235,0.481,0.423
0.416,0.788,0.538,0.329,0.755,0.724,0.361,0.322,0.503,0.236,0.241,0.399,0.523,0.478,0.383,0.413
0.774,0.331,0.474,0.253,0.696,0.405,0.482,0.281,0.230,0.513,0.370,0.839,0.735,0.710,0.841,0.275
0.453,0.662,0.472,0.609,0.467,0.502,0.409,0.717,0.761,0.341,0.643,0.486,0.510,0.858,0.242,0.182
0.597,0.266,0.773,0.275,0.601,0.267,0.568,0.762,0.333,0.614,0.620,0.600,0.279,0.822,0.526,0.685
0.370,0.567,0.201,0.754,0.574,0.394,0.381,0.222,0.644,0.761,0.343,0.591,0.308,0.589,0.343,0.247
0.732,0.626,0.183,0.729,0.726,0.821,0.175,0.762,0.257,0.621,0.173,0.799,0.654,0.496,0.477,0.277
0.426,0.485,0.215,0.682,0.492,0.351,0.564,0.275,0.451,0.728,0.369,0.622,0.129,0.707,0.342,0.248
0.381,0.380,0.282,0.624,0.589,0.320,0.560,0.206,0.598,0.892,0.447,0.573,0.250,0.736,0.343,0.308
0.472,0.615,0.248,0.522,0.599,0.577,0.772,0.458,0.357,0.561,0.634,0.238,0.613,0.648,0.366,0.309
0.343,0.481,0.230,0.597,0.452,0.319,0.472,0.273,0.434,0.818,0.446,0.538,0.141,0.682,0.518,0.299
0.559,0.625,0.656,0.450,0.359,0.700,0.610,0.794,0.818,0.479,0.658,0.541,0.558,0.826,0.135,0.213
0.599,0.594,0.661,0.580,0.497,0.632,0.484,0.821,0.781,0.442,0.748,0.567,0.479,0.754,0.252,0.220
0.543,0.255,0.742,0.227,0.474,0.397,0.669,0.850,0.302,0.582,0.521,0.397,0.364,0.745,0.479,0.793
0.668,0.579,0.340,0.735,0.694,0.813,0.292,0.783,0.295,0.524,0.304,0.742,0.841,0.634,0.505,0.134
0.632,0.415,0.730,0.424,0.838,0.613,0.767,0.609,0.709,0.605,0.814,0.634,0.407,0.579,0.130,0.393
0.342,0.454,0.286,0.663,0.525,0.406,0.518,0.273,0.547,0.711,0.393,0.630,0.414,0.804,0.413,0.225
0.421,0.803,0.665,0.184,0.360,0.601,0.636,0.349,0.761,0.496,0.557,0.576,0.614,0.422,0.319,0.211
0.655,0.088,0.686,0.311,0.725,0.512,0.703,0.847,0.350,0.468,0.550,0.605,0.329,0.814,0.430,0.673
0.122,0.577,0.696,0.731,0.798,0.702,0.520,0.649,0.342,0.499,0.281,0.792,0.581,0.425,0.429,0.673
0.312,0.521,0.596,0.442,0.809,0.376,0.368,0.269,0.543,0.197,0.519,0.320,0.422,0.302,0.592,0.275
0.462,0.533,0.242,0.615,0.529,0.621,0.824,0.735,0.437,0.522,0.544,0.199,0.557,0.618,0.435,0.162
0.805,0.301,0.522,0.179,0.567,0.345,0.584,0.251,0.296,0.416,0.383,0.770,0.644,0.570,0.771,0.249
0.407,0.564,0.600,0.174,0.644,0.279,0.890,0.550,0.914,0.526,0.731,0.170,0.277,0.219,0.341,0.301
0.439,0.682,0.521,0.149,0.359,0.378,0.590,0.378,0.778,0.627,0.557,0.604,0.774,0.424,0.506,0.311
0.387,0.550,0.315,0.838,0.683,0.449,0.500,0.125,0.570,0.770,0.374,0.644,0.265,0.646,0.359,0.242
0.650,0.263,0.527,0.179,0.694,0.414,0.516,0.408,0.301,0.523,0.469,0.866,0.752,0.629,0.793,0.214
0.439,0.829,0.723,0.495,0.257,0.318,0.173,0.467,0.377,0.630,0.348,0.267,0.179,0.238,0.673,0.433
0.600,0.533,0.552,0.602,0.452,0.600,0.444,0.838,0.830,0.440,0.741,0.568,0.569,0.885,0.232,0.264
0.338,0.498,0.160,0.543,0.530,0.617,0.780,0.620,0.371,0.576,0.621,0.077,0.569,0.536,0.235,0.303
0.739,0.282,0.631,0.315,0.587,0.439,0.510,0.331,0.270,0.543,0.322,0.830,0.581,0.761,0.682,0.254
0.607,0.733,0.872,0.369,0.625,0.350,0.224,0.575,0.418,0.280,0.569,0.753,0.750,0.801,0.286,0.668
0.342,0.777,0.684,0.270,0.309,0.606,0.502,0.351,0.788,0.668,0.379,0.473,0.588,0.426,0.397,0.424
0.518,0.696,0.886,0.217,0.635,0.316,0.222,0.657,0.404,0.546,0.557,0.703,0.497,0.902,0.361,0.632
0.794,0.593,0.111,0.855,0.564,0.864,0.224,0.719,0.299,0.672,0.261,0.650,0.751,0.636,0.408,0.204
0.545,0.395,0.673,0.475,0.837,0.481,0.727,0.633,0.568,0.536,0.793,0.528,0.438,0.554,0.148,0.369
0.454,0.716,0.539,0.219,0.348,0.483,0.666,0.377,0.750,0.614,0.511,0.597,0.639,0.350,0.404,0.350
0.622,0.469,0.612,0.685,0.851,0.809,0.264,0.483,0.617,0.267,0.492,0.192,0.327,0.176,0.764,0.405
0.640,0.593,0.724,0.826,0.694,0.839,0.222,0.397,0.673,0.217,0.618,0.203,0.318,0.132,0.764,0.327
0.593,0.753,0.779,0.273,0.655,0.385,0.299,0.675,0.232,0.451,0.454,0.840,0.658,0.804,0.390,0.674
0.566,0.690,0.578,0.575,0.492,0.488,0.474,0.814,0.848,0.413,0.648,0.458,0.547,0.859,0.110,0.203
0.618,0.256,0.805,0.227,0.730,0.367,0.613,0.779,0.354,0.531,0.574,0.507,0.321,0.827,0.477,0.735
0.612,0.307,0.623,0.339,0.337,0.367,0.502,0.542,0.658,0.594,0.532,0.496,0.718,0.403,0.408,0.714
0.157,0.812,0.642,0.651,0.894,0.671,0.458,0.603,0.300,0.638,0.247,0.721,0.404,0.493,0.527,0.714
0.344,0.485,0.636,0.200,0.743,0.323,0.887,0.421,0.805,0.646,0.667,0.228,0.370,0.330,0.317,0.237
0.512,0.763,0.933,0.308,0.571,0.357,0.256,0.673,0.407,0.363,0.524,0.770,0.596,0.822,0.294,0.690
0.403,0.847,0.567,0.171,0.243,0.630,0.603,0.261,0.740,0.635,0.474,0.569,0.639,0.317,0.272,0.251
0.098,0.823,0.634,0.547,0.264,0.428,0.239,0.391,0.348,0.607,0.403,0.395,0.164,0.242,0.652,0.489
0.736,0.510,0.666,0.732,0.811,0.813,0.089,0.360,0.691,0.294,0.495,0.251,0.236,0.204,0.697,0.295
0.271,0.849,0.614,0.333,0.921,0.663,0.397,0.245,0.548,0.184,0.251,0.545,0.428,0.461,0.423,0.554
0.335,0.457,0.727,0.288,0.773,0.226,0.862,0.523,0.897,0.586,0.711,0.172,0.289,0.280,0.393,0.223
0.526,0.498,0.237,0.676,0.634,0.520,0.720,0.457,0.453,0.390,0.642,0.243,0.535,0.682,0.259,0.235
0.252,0.803,0.743,0.465,0.294,0.340,0.193,0.371,0.412,0.632,0.386,0.389,0.200,0.221,0.562,0.543
0.576,0.504,0.695,0.798,0.774,0.675,0.294,0.361,0.529,0.251,0.484,0.211,0.447,0.210,0.749,0.423
0.333,0.905,0.534,0.543,0.343,0.314,0.238,0.456,0.304,0.768,0.426,0.316,0.191,0.156,0.640,0.403
0.703,0.449,0.719,0.754,0.813,0.739,0.337,0.428,0.576,0.405,0.527,0.225,0.268,0.151,0.650,0.264
0.403,0.564,0.231,0.543,0.595,0.565,0.787,0.585,0.379,0.388,0.653,0.135,0.617,0.674,0.275,0.356
0.666,0.155,0.732,0.131,0.576,0.291,0.799,0.901,0.398,0.554,0.445,0.505,0.462,0.760,0.541,0.683
0.700,0.441,0.737,0.705,0.848,0.606,0.313,0.435,0.632,0.331,0.483,0.256,0.244,0.238,0.605,0.218
0.616,0.272,0.563,0.411,0.194,0.266,0.628,0.526,0.546,0.611,0.544,0.373,0.866,0.461,0.517,0.793
0.596,0.364,0.741,0.488,0.837,0.579,0.644,0.650,0.615,0.602,0.791,0.639,0.403,0.506,0.166,0.245
0.701,0.236,0.516,0.263,0.586,0.427,0.601,0.322,0.354,0.517,0.441,0.878,0.678,0.570,0.906,0.307
0.362,0.508,0.601,0.501,0.669,0.296,0.286,0.285,0.538,0.335,0.512,0.405,0.151,0.236,0.534,0.184
0.361,0.546,0.361,0.680,0.591,0.251,0.519,0.302,0.750,0.753,0.430,0.600,0.267,0.720,0.387,0.233
0.323,0.861,0.710,0.445,0.766,0.707,0.382,0.300,0.607,0.241,0.298,0.488,0.417,0.406,0.333,0.524
0.130,0.707,0.581,0.760,0.739,0.812,0.514,0.727,0.284,0.532,0.290,0.916,0.526,0.391,0.241,0.642
0.614,0.635,0.556,0.503,0.357,0.505,0.396,0.848,0.868,0.525,0.614,0.404,0.513,0.797,0.268,0.313
0.361,0.756,0.676,0.510,0.348,0.351,0.221,0.681,0.439,0.589,0.390,0.348,0.260,0.244,0.642,0.518
0.325,0.799,0.670,0.334,0.880,0.656,0.298,0.337,0.515,0.299,0.334,0.392,0.338,0.505,0.376,0.601
0.523,0.344,0.576,0.403,0.337,0.461,0.502,0.595,0.476,0.563,0.622,0.550,0.754,0.417,0.458,0.806
0.201,0.717,0.572,0.729,0.775,0.688,0.624,0.639,0.359,0.677,0.326,0.798,0.568,0.428,0.325,0.640
0.305,0.935,0.588,0.439,0.459,0.451,0.243,0.423,0.431,0.655,0.456,0.324,0.251,0.159,0.837,0.527
0.540,0.828,0.725,0.327,0.513,0.377,0.210,0.652,0.431,0.321,0.573,0.733,0.651,0.759,0.241,0.668
0.341,0.442,0.285,0.629,0.490,0.310,0.545,0.174,0.388,0.864,0.363,0.570,0.226,0.539,0.353,0.287
0.494,0.619,0.623,0.601,0.487,0.542,0.513,0.808,0.828,0.398,0.745,0.558,0.355,0.827,0.112,0.289
0.669,0.380,0.616,0.488,0.204,0.374,0.498,0.598,0.537,0.542,0.629,0.324,0.695,0.392,0.344,0.847
0.630,0.352,0.804,0.461,0.758,0.508,0.787,0.629,0.592,0.425,0.750,0.656,0.394,0.573,0.230,0.331
0.883,0.308,0.593,0.355,0.611,0.473,0.660,0.160,0.280,0.603,0.384,0.871,0.648,0.644,0.766,0.213
0.323,0.754,0.795,0.522,0.238,0.334,0.142,0.596,0.435,0.651,0.441,0.305,0.237,0.092,0.656,0.393
0.745,0.690,0.133,0.783,0.599,0.820,0.310,0.844,0.320,0.630,0.231,0.818,0.662,0.400,0.374,0.384
0.705,0.483,0.688,0.771,0.772,0.611,0.095,0.375,0.730,0.317,0.509,0.240,0.310,0.275,0.789,0.309
0.532,0.503,0.571,0.522,0.289,0.413,0.590,0.638,0.568,0.633,0.579,0.471,0.821,0.474,0.555,0.785
0.629,0.682,0.179,0.699,0.533,0.829,0.183,0.761,0.270,0.510,0.264,0.808,0.734,0.594,0.456,0.227
0.559,0.224,0.655,0.268,0.613,0.428,0.694,0.759,0.292,0.461,0.494,0.561,0.318,0.824,0.515,0.734
0.268,0.764,0.694,0.341,0.766,0.609,0.421,0.348,0.531,0.267,0.234,0.446,0.473,0.413,0.336,0.611
0.186,0.740,0.613,0.826,0.827,0.707,0.509,0.786,0.252,0.709,0.227,0.825,0.655,0.425,0.376,0.745
0.205,0.775,0.747,0.605,0.791,0.661,0.497,0.567,0.196,0.666,0.293,0.728,0.510,0.528,0.242,0.675
0.651,0.433,0.664,0.453,0.166,0.263,0.590,0.686,0.543,0.578,0.518,0.489,0.812,0.375,0.517,0.799
0.733,0.290,0.599,0.573,0.182,0.397,0.551,0.625,0.485,0.606,0.624,0.339,0.767,0.411,0.583,0.781
0.475,0.661,0.122,0.617,0.635,0.655,0.888,0.607,0.372,0.522,0.602,0.120,0.735,0.588,0.414,0.241
0.387,0.525,0.271,0.518,0.612,0.506,0.590,0.256,0.564,0.747,0.361,0.612,0.236,0.653,0.507,0.248
0.725,0.106,0.530,0.211,0.671,0.507,0.519,0.347,0.321,0.436,0.433,0.872,0.733,0.686,0.772,0.213
0.632,0.280,0.586,0.571,0.264,0.318,0.506,0.590,0.505,0.477,0.662,0.468,0.719,0.486,0.569,0.833
0.870,0.339,0.472,0.187,0.659,0.410,0.498,0.240,0.292,0.492,0.443,0.754,0.657,0.770,0.701,0.270
0.712,0.390,0.525,0.188,0.766,0.494,0.473,0.278,0.178,0.500,0.458,0.736,0.602,0.711,0.761,0.246
0.561,0.485,0.511,0.393,0.312,0.421,0.620,0.546,0.681,0.563,0.771,0.484,0.756,0.524,0.498,0.815
0.812,0.705,0.401,0.808,0.649,0.813,0.379,0.723,0.341,0.539,0.404,0.738,0.852,0.637,0.482,0.208
0.343,0.386,0.460,0.512,0.760,0.284,0.305,0.383,0.669,0.465,0.438,0.398,0.292,0.289,0.701,0.257
0.281,0.703,0.672,0.478,0.836,0.563,0.292,0.210,0.542,0.293,0.303,0.412,0.309,0.392,0.338,0.516
0.525,0.612,0.607,0.607,0.431,0.578,0.454,0.798,0.763,0.412,0.547,0.441,0.548,0.844,0.255,0.175
0.307,0.929,0.526,0.312,0.745,0.620,0.359,0.481,0.580,0.038,0.359,0.445,0.315,0.384,0.375,0.524
0.477,0.622,0.472,0.515,0.428,0.607,0.546,0.775,0.812,0.443,0.714,0.465,0.548,0.806,0.147,0.302
0.667,0.719,0.203,0.819,0.557,0.841,0.233,0.669,0.336,0.649,0.348,0.718,0.704,0.517,0.628,0.275
0.657,0.414,0.463,0.515,0.393,0.312,0.602,0.471,0.460,0.567,0.676,0.559,0.708,0.458,0.408,0.778
0.347,0.669,0.736,0.292,0.262,0.570,0.555,0.285,0.902,0.517,0.424,0.710,0.696,0.326,0.341,0.316
0.690,0.488,0.617,0.775,0.893,0.803,0.202,0.354,0.715,0.371,0.620,0.221,0.303,0.235,0.667,0.311
0.315,0.459,0.219,0.580,0.475,0.536,0.582,0.252,0.534,0.898,0.323,0.625,0.265,0.638,0.320,0.317
0.212,0.734,0.706,0.682,0.919,0.683,0.581,0.657,0.328,0.617,0.289,0.738,0.603,0.484,0.354,0.766
0.735,0.380,0.496,0.300,0.682,0.447,0.635,0.273,0.362,0.448,0.479,0.868,0.659,0.733,0.836,0.310
0.170,0.808,0.751,0.575,0.849,0.743,0.500,0.650,0.268,0.576,0.296,0.785,0.486,0.467,0.412,0.707
0.644,0.452,0.596,0.699,0.843,0.861,0.204,0.386,0.607,0.301,0.584,0.191,0.358,0.153,0.658,0.427
0.674,0.613,0.689,0.720,0.720,0.710,0.266,0.445,0.684,0.325,0.560,0.151,0.295,0.187,0.692,0.355
0.405,0.174,0.726,0.210,0.635,0.350,0.593,0.865,0.394,0.510,0.588,0.599,0.371,0.870,0.420,0.687
0.862,0.584,0.194,0.801,0.714,0.912,0.312,0.695,0.329,0.551,0.276,0.759,0.522,0.479,0.563,0.302
0.720,0.464,0.644,0.691,0.842,0.806,0.219,0.455,0.644,0.194,0.538,0.247,0.292,0.229,0.733,0.290
0.738,0.260,0.483,0.237,0.689,0.502,0.515,0.296,0.288,0.482,0.521,0.819,0.683,0.600,0.715,0.265
0.622,0.410,0.706,0.456,0.805,0.540,0.711,0.603,0.670,0.559,0.908,0.610,0.418,0.452,0.175,0.308
