1.86055, 0.47902, 0.53689, 0.14145, 0.68097, 2.34115, 0.42149, 0.47708, 1.59901, 1.16456
0.29943, 0.65992, 0.05489, 0.00531, 0.42354, 0.03783, 0.25937, 0.03441, 0.41074, 0.17366
0.06570, 0.21897, 0.07692, 0.20626, 0.43646, 0.02401, 0.06813, 0.56422, 0.73940, 1.22445
0.00353, 0.38040, 0.13192, 0.08826, 0.19272, 0.34472, 0.88250, 0.02971, 0.19597, 0.03132
0.39674, 0.48296, 0.12682, 0.00714, 0.25345, 0.33163, 0.20923, 0.10596, 0.07494, 0.13903
0.21083, 0.00792, 0.36600, 0.10571, 0.83098, 1.06159, 0.00780, 0.00438, 1.26799, 7.93157
0.24231, 0.24253, 0.37769, 1.23687, 2.08995, 0.15690, 0.53114, 1.05584, 2.40502, 0.40794
0.09926, 0.78357, 0.60456, 0.36749, 0.13079, 1.82478, 0.55100, 0.30432, 1.29343, 0.82675
0.73524, 0.07901, 0.31150, 0.65885, 0.02357, 0.41532, 0.02353, 0.23630, 1.42423, 0.11672
0.06165, 0.06140, 0.17678, 0.06211, 0.17152, 0.05134, 0.06944, 0.23922, 0.63080, 1.00998
1.43759, 0.20706, 0.05848, 0.22888, 0.29940, 0.34692, 0.50848, 0.35655, 1.58674, 0.03183
0.47517, 0.21998, 0.04109, 0.27603, 0.17934, 1.22675, 1.21080, 0.01291, 2.22201, 0.87050
0.31219, 0.02430, 0.39845, 0.58542, 4.12912, 0.60956, 1.21006, 1.93450, 1.40782, 0.01406
0.08410, 0.10196, 0.36968, 0.16368, 0.11010, 0.01761, 0.21995, 0.17110, 0.75183, 0.00000
0.02621, 0.17703, 0.39974, 0.08362, 0.43012, 0.15043, 0.22965, 0.06717, 0.31070, 0.43716
0.12081, 0.62863, 0.14642, 0.13316, 0.49151, 0.33349, 0.01608, 0.17352, 0.01142, 0.02314
0.35359, 0.31528, 0.23578, 0.42193, 0.68006, 2.15902, 0.33842, 0.45344, 0.41375, 0.55229
0.48651, 0.16999, 0.01371, 0.41021, 0.05371, 0.91756, 1.33969, 0.20869, 2.00741, 0.48164
0.35767, 0.00148, 0.14235, 0.33394, 0.41362, 1.32847, 0.42688, 0.12964, 0.74816, 0.26803
0.00417, 0.35830, 0.11858, 1.32663, 0.02302, 3.21944, 1.32281, 0.20873, 0.36180, 0.09520
0.21008, 0.16638, 0.03401, 0.04158, 0.31972, 0.20929, 0.09784, 0.92686, 0.11002, 0.00023
0.40701, 0.34741, 0.71389, 0.71691, 0.04421, 0.70960, 0.08694, 0.21406, 0.08263, 1.02281
0.09147, 0.29187, 0.03840, 0.02310, 0.83955, 0.27705, 0.01921, 0.14898, 0.56657, 0.00014
0.92991, 0.27160, 0.43626, 0.67509, 0.43583, 0.18908, 0.23719, 0.86597, 0.81481, 1.47034
0.09434, 0.91663, 0.00001, 0.24630, 0.64778, 1.60587, 0.00336, 1.74968, 0.28481, 0.13035
0.02127, 0.24148, 0.12507, 0.34395, 0.27024, 1.94559, 0.97824, 0.94693, 0.40265, 0.00579
0.32986, 0.77920, 0.14997, 0.03416, 0.30118, 0.00108, 0.09537, 0.19807, 0.43638, 0.00445
0.66371, 0.37327, 0.30515, 0.09445, 0.14429, 0.13858, 0.04161, 0.36337, 0.14799, 0.08900
0.05797, 0.54772, 0.16210, 0.33630, 0.66712, 0.83509, 0.84629, 0.70358, 0.68630, 2.65594
0.07929, 0.06203, 0.39662, 0.38905, 0.92581, 0.18305, 0.27716, 1.32828, 1.22433, 0.68738
0.47820, 0.05555, 0.12206, 0.02845, 0.37165, 0.30042, 0.08078, 0.38235, 2.88794, 2.39784
0.13091, 0.13270, 0.04367, 0.11210, 0.19386, 0.03961, 0.07134, 0.25724, 0.89612, 0.42801
0.28412, 0.96397, 0.01869, 0.20187, 1.38407, 1.15550, 0.38497, 1.50871, 0.27735, 0.07274
1.09469, 0.71976, 0.07985, 0.38112, 0.05281, 0.52665, 1.13368, 0.06410, 1.07350, 0.01141
0.15493, 0.44277, 0.17940, 0.31934, 0.42861, 0.74461, 0.04764, 0.32600, 0.01717, 0.00721
0.68066, 0.19999, 0.02403, 0.34483, 0.19629, 1.46231, 0.50708, 0.15960, 0.05124, 0.01273
0.01723, 0.12295, 0.00180, 0.22334, 0.32164, 0.04919, 0.00999, 0.22327, 0.10132, 0.45351
0.28162, 0.72003, 0.15098, 0.76009, 1.74962, 0.02693, 0.25758, 1.35417, 1.14093, 0.30389
0.38451, 0.45545, 0.38106, 0.04578, 0.55009, 0.66318, 0.24440, 0.10279, 0.51153, 0.34602
0.15580, 0.79907, 0.10568, 0.79002, 0.03784, 1.43977, 0.94529, 1.50728, 1.21286, 1.02134
0.40126, 0.40636, 0.01607, 1.18262, 1.22472, 0.02218, 0.50815, 1.20618, 0.01785, 0.03180
0.06488, 0.16207, 0.63894, 0.82073, 0.08347, 0.27363, 0.35505, 0.56349, 1.43966, 0.49374
0.88343, 0.41928, 0.08983, 0.16919, 0.06415, 0.01270, 0.67336, 0.06219, 1.12206, 0.06555
0.59393, 0.51237, 0.17484, 0.29751, 0.05606, 1.49823, 1.10271, 0.30134, 1.17319, 0.29549
0.13729, 0.10849, 0.12367, 0.01634, 0.50350, 0.03621, 0.02235, 0.20075, 0.28617, 1.05804
0.03689, 0.08477, 0.02573, 0.06336, 0.01543, 0.22349, 0.46717, 0.39456, 0.82293, 2.96247
0.68462, 0.16596, 0.08337, 0.34619, 0.09932, 0.71674, 0.48076, 0.30403, 1.90394, 2.41474
0.95774, 0.26483, 0.65791, 0.28780, 0.47380, 6.08651, 0.00892, 2.65869, 1.49430, 0.75590
0.15471, 0.09563, 0.08878, 0.23063, 0.47920, 0.47871, 0.37001, 0.38640, 0.03962, 1.47180
0.45999, 0.38645, 0.00224, 0.00236, 0.50718, 0.79877, 0.19667, 0.06517, 0.53923, 1.37437
0.98302, 0.62734, 0.02968, 0.32296, 0.33233, 0.01678, 1.04991, 0.28997, 0.58138, 0.01885
0.32900, 0.30056, 0.20012, 0.04289, 0.00306, 0.21430, 0.68210, 0.64065, 0.34948, 0.04743
0.73375, 0.32312, 0.08855, 0.14902, 0.39203, 0.53273, 0.95965, 0.33889, 0.43752, 0.04759
0.09348, 0.52238, 0.19699, 0.24230, 0.54099, 0.74772, 0.06242, 0.51024, 0.06250, 0.33228
0.09218, 0.12754, 0.01160, 0.04373, 0.49857, 0.62482, 0.10136, 0.15902, 0.13206, 0.37522
0.19046, 0.24094, 0.05254, 0.49147, 0.09476, 0.49326, 0.65975, 0.08535, 1.82508, 1.22387
0.39682, 0.00840, 0.70358, 0.05749, 0.00093, 1.57755, 0.14393, 1.45786, 1.35371, 2.10813
0.21242, 0.14642, 0.74688, 0.07397, 0.76666, 0.41299, 1.22070, 1.01166, 0.27304, 0.49286
1.14231, 0.26325, 0.00873, 0.04282, 0.10898, 0.41216, 0.00219, 0.24431, 1.59418, 4.70938
0.36572, 0.21361, 0.39640, 0.06343, 0.09781, 0.34045, 0.04618, 0.03039, 0.73355, 2.90339
0.30002, 0.34974, 0.17197, 0.34341, 3.72837, 0.49833, 0.16315, 2.59736, 2.08745, 0.60729
0.28022, 0.23246, 0.26352, 0.33046, 0.22442, 0.59389, 0.02962, 0.12778, 0.67220, 1.20793
0.17467, 0.06587, 0.01402, 0.17953, 0.36585, 1.48194, 0.24824, 0.09296, 1.12972, 0.22848
0.16135, 0.46369, 0.13412, 0.09565, 0.16762, 0.07329, 0.27426, 0.43530, 1.01451, 0.12017
0.16763, 0.20277, 0.06405, 0.04693, 0.28879, 0.60369, 0.07447, 0.12444, 0.03478, 0.00124
0.20474, 0.01509, 0.24008, 0.17739, 0.38723, 1.51599, 0.32606, 2.05109, 0.61331, 0.23675
0.31625, 0.05121, 0.44387, 0.33846, 1.35400, 0.26928, 0.44948, 1.64929, 4.28244, 0.81444
0.70701, 0.21923, 0.09647, 0.01547, 0.03589, 0.43453, 0.21198, 0.14724, 2.66040, 1.86618
0.24429, 0.07995, 0.08898, 0.09332, 0.13961, 0.29900, 0.55973, 0.09998, 0.94940, 0.35907
0.38399, 0.23947, 0.20041, 0.15779, 0.03049, 0.57510, 0.35714, 0.12465, 0.75113, 0.95031
0.43547, 0.37084, 0.40825, 0.84853, 0.21446, 0.00781, 0.67521, 0.15614, 0.06501, 1.11973
1.23784, 0.18745, 0.35171, 0.60764, 0.30148, 0.46809, 0.55103, 1.07226, 1.22681, 0.50090
0.02924, 0.44105, 0.01768, 1.03593, 0.91284, 0.26806, 0.47118, 0.66176, 0.32933, 0.47578
0.25545, 0.03417, 0.09018, 0.04954, 0.05663, 0.67819, 0.06335, 0.70018, 1.14244, 1.08156
0.60132, 0.21971, 0.19890, 0.25403, 0.07134, 0.18104, 0.39518, 0.36052, 1.42795, 3.42242
1.26417, 0.56812, 0.75606, 1.64790, 0.32862, 0.70920, 0.11253, 0.42764, 0.25081, 0.00632
0.18886, 0.43251, 0.21442, 0.14532, 0.08702, 0.09074, 0.52228, 0.07335, 1.35948, 0.04685
0.24424, 0.01642, 0.37902, 0.49426, 0.11966, 0.40201, 0.26693, 0.02384, 0.12928, 0.92634
0.10976, 0.10687, 0.47193, 0.39734, 1.59879, 0.25763, 0.57187, 1.38118, 3.34535, 0.15204
0.24839, 0.27335, 0.06897, 0.65898, 3.25953, 0.33339, 0.14787, 1.35472, 0.09330, 0.18629
1.20803, 0.05690, 0.19809, 1.15911, 0.23686, 0.39500, 0.32362, 0.04954, 1.51704, 0.11601
0.26703, 0.28932, 0.06931, 0.45265, 0.03425, 0.40382, 0.93367, 0.14315, 0.12129, 0.55851
0.04963, 0.25770, 0.11551, 0.01365, 0.21661, 0.44713, 0.67090, 0.10110, 0.10644, 0.31499
0.26682, 0.46101, 0.32485, 0.44404, 0.15916, 0.27230, 1.16110, 0.62640, 0.92632, 0.50605
1.42278, 0.23667, 0.06138, 0.77461, 0.47831, 0.04066, 0.92630, 0.70429, 3.66493, 0.18923
0.29156, 1.36279, 0.40425, 0.47404, 0.59724, 2.04568, 2.10112, 0.13393, 0.12651, 1.19445
0.22110, 0.29331, 0.42160, 1.07794, 0.37626, 0.01844, 0.30653, 0.79809, 0.11551, 2.35711
0.28421, 0.85558, 0.14185, 0.54883, 0.11514, 0.01463, 0.33616, 0.44986, 0.98140, 0.26700
0.50260, 0.34216, 0.19303, 0.19939, 3.86758, 0.12887, 0.20256, 2.04541, 0.99908, 1.41626
0.11437, 0.38989, 0.47423, 0.50938, 1.36937, 0.49231, 0.18344, 2.43281, 1.37916, 0.33266
0.02227, 0.66106, 0.31905, 0.28776, 0.04620, 1.92149, 0.44467, 0.50842, 1.47877, 0.20294
0.23149, 0.18272, 0.03707, 0.43281, 0.67002, 1.05957, 0.17591, 0.11855, 1.58788, 0.38430
0.66180, 0.26540, 0.34538, 0.33978, 0.20094, 0.13686, 0.02453, 1.40097, 0.34405, 0.14669
0.26685, 0.56059, 0.09716, 0.11059, 0.32526, 0.37277, 0.11570, 0.05702, 0.07190, 0.25120
0.06710, 0.20341, 0.07976, 0.05104, 0.63657, 0.60754, 0.55543, 0.04226, 0.17860, 0.00027
0.12238, 0.00775, 0.02515, 0.13410, 0.29353, 0.16577, 0.12404, 0.05877, 0.01691, 0.09743
0.78741, 0.57791, 0.01160, 0.09417, 0.35719, 0.19892, 0.12253, 0.07428, 0.24237, 2.17337
0.04939, 0.19566, 0.35593, 0.19553, 0.12781, 0.09675, 0.03745, 0.04892, 0.00610, 0.30166
0.05012, 0.01778, 0.07529, 0.03860, 0.69592, 0.43921, 0.07603, 0.00991, 0.33251, 1.53116
0.84821, 0.53667, 0.01003, 0.11360, 0.35679, 0.07898, 0.45764, 0.09786, 0.92511, 0.05629
0.52477, 0.00798, 0.13861, 0.07196, 0.06025, 0.67581, 0.16104, 0.72998, 1.55131, 0.01736
0.53540, 0.12370, 0.00302, 0.57647, 0.70155, 0.22384, 0.12995, 0.30596, 0.75376, 0.08158
0.31932, 0.11554, 0.04249, 0.14530, 0.54175, 0.95533, 0.43100, 0.03139, 1.39081, 0.09572
0.23706, 0.17045, 0.18201, 0.55191, 0.06663, 0.06062, 0.34564, 0.29778, 2.49101, 0.00415
0.00651, 0.38864, 0.17461, 0.00713, 0.00257, 1.51161, 0.09885, 0.70978, 1.01415, 0.27566
0.18391, 0.00263, 0.20572, 0.09892, 0.43351, 0.35622, 0.59288, 0.49360, 0.72261, 0.07158
0.35479, 0.25095, 0.11360, 0.66539, 0.09902, 1.08650, 1.31638, 0.20899, 0.83918, 0.37420
0.19154, 0.37974, 0.05567, 0.01164, 0.54512, 0.20083, 0.45031, 0.39096, 0.52193, 0.80757
0.11892, 0.36540, 0.21332, 0.18801, 0.07156, 0.11552, 0.37490, 0.13823, 0.34140, 5.80655
0.03134, 0.48171, 0.27979, 0.25718, 0.12260, 0.16742, 0.30742, 0.01027, 0.04208, 0.33392
0.85171, 0.30571, 0.78269, 0.17259, 0.17627, 0.23095, 0.27123, 0.64517, 0.38760, 0.34714
0.17132, 0.39606, 0.02252, 0.03019, 0.56124, 0.27254, 0.63858, 0.04276, 0.09829, 0.03566
0.59860, 0.77794, 0.13135, 0.00356, 0.20601, 0.08505, 0.40643, 0.78151, 0.05173, 0.10139
0.14880, 0.08076, 0.12387, 0.17390, 0.57248, 1.18121, 0.22172, 0.16335, 0.29730, 0.07519
0.32537, 0.08301, 0.24551, 0.25922, 0.06662, 0.29548, 0.13620, 0.01481, 0.14345, 3.98041
0.09219, 0.21106, 0.15586, 0.09324, 0.22646, 0.28384, 0.43468, 0.05952, 0.27233, 0.54435
0.17854, 0.08658, 0.06957, 0.00913, 0.40420, 0.20275, 0.16164, 0.00470, 0.05125, 2.97001
0.13211, 0.29007, 0.08364, 0.70768, 0.05654, 0.03433, 1.01154, 0.24071, 0.77196, 4.19793
0.48735, 0.19121, 0.14100, 0.68170, 1.00727, 1.39723, 0.00342, 0.17087, 0.25657, 1.14583
0.11802, 0.15107, 0.19916, 0.43386, 0.18974, 0.01220, 0.42334, 0.51944, 2.22492, 0.06627
0.08278, 0.19609, 0.07806, 0.15177, 0.68017, 1.90805, 0.92681, 0.13158, 0.30506, 0.00244
0.04169, 0.25039, 0.20184, 0.34156, 0.23660, 0.38564, 0.49953, 0.15099, 0.30605, 2.25078
0.06961, 0.13232, 0.54178, 0.00142, 0.13588, 0.70024, 0.95678, 0.75499, 0.09102, 0.03993
0.65214, 0.14992, 0.26415, 1.12304, 0.42896, 0.64200, 1.01389, 0.05546, 0.59937, 1.04614
0.97794, 0.46559, 0.09564, 0.87389, 0.41837, 0.06646, 1.39099, 0.62262, 1.12707, 0.01149
0.03956, 0.02780, 0.26736, 0.07569, 0.04013, 0.07156, 0.07505, 0.09627, 0.01403, 0.25404
1.46835, 1.07138, 0.04888, 0.12816, 0.86145, 0.12118, 0.39774, 0.34163, 0.66740, 0.10787
0.02822, 0.08840, 0.32764, 0.00427, 0.31931, 0.05962, 0.27662, 0.03705, 0.08432, 0.63204
0.11919, 0.01385, 0.23842, 0.08793, 0.10572, 0.22142, 0.17327, 0.00390, 0.08379, 1.25447
0.69496, 0.44097, 0.04546, 0.43709, 0.45517, 0.00488, 1.10990, 0.19519, 0.73122, 0.05497
0.68082, 1.02975, 0.20082, 0.28412, 0.17415, 0.29593, 0.11265, 0.32456, 1.12222, 1.11551
0.04646, 0.00371, 0.15317, 0.32432, 0.02876, 1.80950, 0.76870, 0.37418, 1.18638, 0.17146
0.27543, 0.05449, 0.08824, 0.41864, 0.12487, 1.24915, 1.23438, 0.19370, 0.02213, 2.70415
0.15376, 0.09771, 0.08269, 0.15432, 0.52910, 0.48079, 0.08842, 0.16872, 0.72449, 0.80060
0.31042, 0.50509, 0.25946, 0.69053, 0.28988, 0.07767, 0.26170, 0.41757, 0.02527, 1.42142
0.44023, 0.03372, 0.08150, 0.20754, 0.13142, 0.03629, 0.23921, 0.26124, 1.11928, 0.00864
0.12439, 0.11182, 0.11201, 0.07392, 0.30153, 0.63928, 0.23701, 0.26363, 0.37217, 0.18010
0.21444, 0.44103, 0.11587, 0.02560, 0.31764, 0.47183, 0.10502, 0.16940, 0.07720, 0.11106
0.48605, 0.53397, 0.12992, 0.10869, 0.19147, 1.15717, 1.07152, 0.17686, 0.61497, 0.04149
0.87238, 0.49001, 0.01089, 0.19599, 0.01968, 1.25538, 0.24898, 0.23104, 4.03289, 0.87479
0.09941, 0.13924, 0.16965, 0.12628, 0.33720, 0.03790, 0.02491, 0.06921, 1.59027, 1.06222
0.14719, 0.56730, 0.46825, 0.08029, 2.99576, 0.15709, 0.14499, 1.26293, 0.26562, 0.92577
0.17511, 0.01746, 0.14309, 0.20537, 0.14367, 0.50131, 0.02353, 0.10145, 0.18715, 2.55019
0.63795, 0.06635, 0.17965, 1.31361, 0.64812, 0.03108, 1.62473, 0.43821, 0.54648, 0.60004
0.29403, 0.13685, 0.33822, 0.22824, 0.26078, 1.33958, 0.05832, 0.33421, 0.57749, 1.74634
1.23514, 0.87231, 0.00673, 0.02798, 0.85134, 0.78420, 0.42583, 0.35776, 0.10365, 0.01974
0.07737, 0.45464, 0.04313, 0.38053, 0.54826, 0.21504, 0.57826, 0.41319, 0.50597, 0.00864
0.48435, 0.75224, 0.19987, 0.44259, 0.27158, 0.01555, 0.32489, 0.50614, 0.06458, 0.00066
0.42012, 0.25423, 0.81180, 0.17829, 0.04439, 0.09892, 0.32411, 0.34697, 1.98626, 0.33778
0.14771, 0.43078, 0.11750, 0.06830, 3.08363, 1.68323, 0.70855, 1.05632, 0.15271, 0.02456
0.03570, 0.05284, 0.54430, 0.18477, 0.71812, 0.68165, 0.42677, 0.38637, 1.15203, 0.00184
0.03253, 0.12441, 0.07716, 0.12317, 0.41250, 0.91225, 0.60601, 0.41625, 1.12164, 0.24981
0.65765, 0.41632, 0.02466, 0.41998, 0.31706, 0.02691, 1.35003, 0.22568, 0.09114, 0.09457
0.12068, 0.17232, 0.18869, 0.31539, 0.10669, 0.38354, 0.04810, 0.09265, 0.74276, 0.95060
0.10257, 0.25126, 0.04520, 0.41456, 0.17077, 0.06269, 0.57307, 0.31267, 1.12972, 0.47849
0.05884, 0.10065, 0.04293, 0.46487, 0.27733, 0.20941, 0.32613, 0.11317, 0.63123, 0.46712
0.01593, 0.08243, 0.03181, 0.03519, 0.49483, 0.25635, 0.09217, 0.06723, 0.78430, 0.45758
0.01178, 0.21476, 0.24845, 0.05450, 0.12083, 0.65643, 0.21560, 0.75757, 0.18351, 0.21056
0.14875, 0.41648, 0.03230, 0.65219, 0.68819, 0.15706, 0.82167, 0.17693, 0.77843, 0.00877
0.10072, 0.14424, 0.07661, 0.14615, 0.44794, 0.33290, 0.91885, 0.90496, 0.46546, 1.23282
0.12024, 0.68175, 0.03101, 0.37961, 0.68321, 1.34622, 1.33617, 0.75637, 2.11864, 0.16702
0.95606, 0.58263, 0.16669, 0.01700, 0.30430, 0.02817, 0.46182, 0.04472, 1.75901, 1.97305
0.16624, 0.45290, 0.04284, 0.55837, 0.12006, 0.69398, 1.42707, 0.17526, 0.37945, 0.40457
0.26653, 0.50133, 0.26620, 0.52760, 0.32133, 0.23735, 0.15800, 0.10460, 0.04587, 1.12495
0.17655, 0.18642, 0.07678, 0.00117, 0.34893, 0.85084, 0.17603, 0.47131, 0.05115, 0.35346
0.01855, 1.16638, 0.08024, 0.04599, 1.65543, 1.75428, 0.80713, 2.69946, 0.07619, 0.12973
0.01707, 0.15378, 0.06220, 0.23977, 0.03884, 0.34456, 0.49104, 0.12170, 0.45108, 0.07140
0.37693, 0.02005, 0.16078, 0.43035, 0.35659, 0.18209, 0.04518, 0.15504, 1.51429, 0.20409
0.45722, 0.41677, 0.24133, 0.36450, 0.20023, 0.32172, 0.16673, 0.11920, 0.17970, 0.75453
0.11594, 0.02876, 0.19887, 0.54216, 0.15001, 0.27233, 0.07671, 0.57024, 0.14846, 1.88443
0.33629, 0.35543, 0.37414, 0.76549, 0.19182, 0.08126, 0.39518, 0.57534, 2.27963, 1.09614
0.44869, 0.26912, 0.30651, 0.17416, 0.00189, 0.28360, 1.28868, 0.38365, 0.01065, 0.00104
0.47057, 0.50117, 0.32977, 0.21598, 0.20058, 0.42586, 0.20591, 0.27441, 0.06787, 0.33281
0.02205, 0.03783, 0.11601, 0.50650, 0.73543, 0.96809, 0.61385, 0.37773, 1.85758, 0.00276
0.67724, 0.06976, 0.00792, 0.38887, 0.18642, 0.75173, 0.40051, 0.72445, 0.86424, 0.11055
0.03587, 0.22242, 0.40829, 0.59453, 0.12279, 0.55492, 1.13576, 0.73722, 0.71976, 0.47363
0.02245, 0.81229, 0.44841, 0.88205, 0.37625, 0.91309, 0.33069, 0.12864, 0.64425, 0.11202
0.28514, 0.14777, 0.08384, 0.29168, 0.35152, 0.18355, 0.30750, 0.13229, 1.21176, 0.00000
0.27404, 0.16977, 0.10466, 0.96980, 0.23330, 0.20530, 0.50007, 0.11089, 2.06251, 0.17251
0.00210, 0.09267, 0.21696, 0.09451, 0.39437, 0.40554, 0.31794, 0.00988, 0.09794, 0.87346
0.50361, 0.08894, 0.43832, 0.01301, 0.08498, 0.03934, 0.20505, 0.04985, 0.84194, 5.88883
0.95104, 0.08612, 0.12925, 0.32481, 0.16539, 0.29842, 0.16736, 0.20753, 4.19668, 0.02805
0.66443, 0.09458, 0.11117, 0.28408, 0.36061, 0.57153, 0.76449, 0.22031, 0.05447, 1.12863
0.35375, 0.03095, 0.68200, 0.29811, 0.08144, 0.49502, 0.20800, 0.96090, 1.20474, 0.00496
0.33338, 0.07017, 0.37132, 0.26080, 0.00511, 0.69286, 0.14057, 0.02666, 0.77391, 0.06658
0.04940, 0.07785, 0.57846, 0.22112, 2.94084, 0.59933, 0.43497, 0.86395, 4.67380, 0.02776
0.24539, 0.42721, 0.04063, 0.08498, 0.42855, 0.90999, 0.78438, 0.18769, 1.93685, 0.02850
0.10796, 0.30380, 1.00673, 0.02320, 1.71238, 0.09519, 0.25812, 1.07603, 1.05977, 0.38165
0.03897, 0.02144, 0.01160, 0.92352, 0.57103, 1.81668, 1.21914, 0.20489, 0.40195, 0.06667
1.48034, 0.19378, 0.09580, 1.04261, 1.04225, 0.32873, 1.17925, 0.95628, 3.33673, 0.05476
0.35485, 0.55805, 0.11987, 0.06906, 0.28123, 0.01161, 0.00310, 0.15605, 0.96993, 0.27472
0.86729, 0.10527, 0.23722, 0.46477, 0.23138, 0.07105, 0.21251, 0.10984, 1.61257, 0.45907
0.07866, 0.45161, 0.22207, 0.23631, 0.34780, 0.42123, 0.29523, 0.31305, 0.19289, 2.54986
0.16025, 0.55699, 0.21322, 0.10097, 1.72198, 1.41390, 0.30333, 0.12142, 0.19556, 0.52835
0.04599, 0.04341, 0.46047, 0.85937, 0.35890, 0.18109, 0.68348, 0.62940, 1.15582, 0.31067
1.32185, 0.36155, 1.17976, 0.71475, 0.15762, 0.11898, 0.04790, 0.42839, 0.96373, 1.61802
0.59462, 0.60882, 0.08457, 0.27960, 0.27240, 0.02893, 1.16159, 0.63072, 0.32162, 0.01180
0.06674, 0.00801, 0.01571, 0.18839, 0.20102, 0.34954, 0.02098, 0.20910, 0.27568, 0.58146
0.00652, 0.01838, 0.33946, 0.14229, 0.12544, 0.00402, 0.15863, 0.17791, 0.21170, 1.72793
0.85780, 0.03363, 0.15568, 0.48966, 0.12576, 1.65823, 0.11584, 0.87328, 1.21784, 0.01382
0.46578, 0.26994, 0.05862, 0.09425, 0.35732, 0.42938, 0.52524, 0.07987, 2.89554, 2.69505
0.02026, 0.08704, 0.21659, 0.05204, 0.33502, 2.71757, 0.28946, 1.05363, 0.15010, 0.21501
0.31944, 0.03290, 0.34405, 0.33810, 0.87456, 1.20352, 0.00737, 0.47768, 1.03596, 3.56187
0.26500, 0.08832, 0.10504, 0.14246, 0.29112, 1.06883, 0.67368, 0.57441, 0.87158, 0.05064
0.37289, 0.43498, 0.18882, 0.30284, 1.22220, 0.90425, 1.30005, 1.01611, 0.34724, 0.69930
0.01688, 0.08313, 0.03521, 0.06261, 0.21483, 0.21370, 0.10163, 0.11838, 0.25042, 0.09423
0.60874, 1.41961, 0.18383, 0.91711, 0.65261, 1.02031, 0.15630, 0.43395, 0.17148, 1.55071
0.14962, 0.12714, 0.04467, 0.15992, 0.03721, 0.42863, 0.83953, 0.60786, 0.63635, 0.52428
0.10939, 0.14445, 0.10822, 0.00371, 0.14737, 0.19646, 0.18179, 0.10921, 0.42427, 0.87529
0.06454, 0.35740, 0.13346, 0.09172, 0.60704, 0.54435, 0.23687, 0.15264, 0.15897, 0.20852
0.00016, 0.07487, 0.18393, 0.42426, 0.29739, 0.13395, 0.01708, 0.42378, 0.83245, 2.57499
0.25900, 0.12733, 0.29185, 0.51010, 0.27370, 0.62574, 0.86079, 0.03696, 0.12473, 0.10171
0.94968, 0.18426, 0.16044, 1.25304, 0.49645, 0.79054, 1.78640, 0.17619, 0.50268, 0.36578
0.12989, 0.29026, 0.18366, 0.27818, 0.98552, 0.09532, 0.12513, 1.23669, 0.95762, 0.00000
0.30531, 0.41756, 0.51190, 0.12534, 0.05799, 0.03512, 0.63534, 0.03436, 0.48469, 0.07700
0.35442, 0.00279, 0.06850, 0.02402, 0.04647, 1.90366, 0.28076, 0.91946, 0.02789, 1.63315
0.06469, 0.32216, 0.15466, 1.15251, 0.05065, 1.24490, 1.54816, 0.06893, 0.09134, 1.06355
0.01476, 0.47964, 0.02491, 0.59108, 0.06896, 0.23253, 1.22939, 0.26577, 1.82935, 0.38650
0.16738, 0.38055, 0.00400, 0.02610, 0.35589, 1.04944, 0.47118, 0.15036, 0.17967, 0.01637
0.47297, 0.86982, 0.65830, 0.82461, 0.04076, 0.46074, 0.54289, 0.33353, 2.02668, 2.17617
0.04127, 0.11675, 0.17025, 0.42542, 0.06377, 0.06051, 0.45277, 0.09297, 0.91049, 1.75105
0.31508, 0.16170, 0.02577, 0.03687, 0.06888, 0.03472, 0.10320, 0.13189, 0.06479, 3.58867
0.47674, 0.12331, 0.04462, 0.37880, 0.23520, 0.02462, 0.01534, 0.21219, 0.70896, 0.27792
0.19696, 0.12509, 0.01248, 0.10213, 0.21974, 1.16114, 0.00662, 0.68038, 0.55534, 0.77870
0.15336, 0.16451, 0.02095, 0.14246, 0.26605, 0.15109, 0.09299, 0.63285, 0.04101, 0.98412
0.44437, 1.33479, 0.18419, 0.04699, 1.10412, 0.12284, 0.35300, 0.60535, 0.46856, 0.00689
0.00017, 0.30830, 0.53279, 0.41043, 1.15125, 1.05210, 0.51177, 2.21928, 0.23074, 0.43031
0.43790, 0.32656, 0.07971, 0.41642, 0.22930, 0.26122, 0.23392, 0.69480, 1.35308, 1.33130
0.29311, 0.07809, 0.18303, 0.19104, 0.00133, 0.81198, 0.06542, 0.00368, 0.54892, 0.07352
0.34972, 0.14096, 0.22583, 0.26813, 0.05520, 0.04283, 0.63529, 0.47271, 0.25033, 0.03497
0.08821, 0.21855, 0.19477, 0.05097, 0.96454, 0.22680, 0.27666, 0.30535, 1.38134, 1.78783
0.52277, 0.47989, 0.02792, 0.24013, 0.33062, 0.03768, 0.94481, 0.11295, 0.20613, 0.00090
0.12317, 0.09251, 0.03299, 0.28141, 0.20914, 0.01889, 0.21497, 0.13697, 0.87791, 0.34000
0.09976, 0.61366, 0.35068, 0.43188, 0.02477, 1.32973, 0.44632, 1.66416, 0.80901, 0.95267
0.16958, 0.29600, 0.05816, 0.73743, 0.09796, 1.78557, 1.28744, 0.00712, 0.72714, 0.85210
0.56084, 0.07586, 0.06294, 0.10614, 0.07276, 0.20751, 0.27014, 0.17675, 1.38749, 0.12566
1.13420, 0.51506, 0.17064, 0.31952, 0.14481, 0.87793, 1.40034, 0.39945, 1.30267, 0.05418
0.03680, 0.06549, 0.06969, 0.05811, 0.43082, 0.28068, 0.15464, 0.23541, 0.66005, 1.52266
0.00169, 0.23012, 0.16724, 0.68716, 0.09541, 0.21960, 0.82384, 0.10126, 0.09460, 0.64159
0.36031, 0.28575, 0.03417, 0.70469, 0.10642, 1.96760, 1.88827, 0.03913, 1.26956, 0.07181
0.47290, 0.44841, 0.03679, 0.16327, 0.26268, 0.10825, 1.09226, 0.14182, 0.02117, 0.04741
0.11898, 0.11017, 0.07732, 0.06021, 0.20722, 0.12310, 0.10681, 0.16657, 0.76665, 0.22027
0.16547, 0.59930, 0.07198, 0.01529, 0.52849, 0.25870, 0.20164, 0.12656, 0.07508, 0.02068
0.53332, 0.08418, 0.23975, 1.19407, 0.07342, 0.62535, 0.15995, 0.26280, 0.32313, 1.09408
0.18324, 0.22331, 0.05864, 0.27151, 0.47858, 0.49354, 0.19185, 0.69379, 1.93798, 1.32405
0.23826, 0.11803, 0.23716, 0.05246, 0.00036, 1.03665, 0.46786, 0.29727, 0.71426, 0.18553
0.19350, 0.69225, 0.14708, 0.27129, 0.38987, 0.26218, 0.05331, 0.16339, 0.17170, 0.32275
0.45494, 0.12231, 0.00712, 0.46732, 0.08077, 0.68963, 0.42673, 0.11896, 1.23743, 1.19154
1.05747, 0.24146, 0.41214, 0.27158, 0.13327, 1.90751, 0.75079, 1.02112, 1.45388, 0.23683
0.88057, 0.15632, 0.08065, 0.00844, 0.08330, 0.23123, 0.11126, 0.17462, 3.71929, 1.28006
0.21200, 0.24672, 0.37871, 0.51218, 1.11606, 0.17802, 0.09123, 1.85457, 3.11827, 1.06013
0.01400, 0.18064, 0.05883, 0.60330, 0.07147, 0.29264, 0.69985, 0.01772, 0.16402, 4.70653
0.07034, 0.12517, 0.01358, 0.22514, 0.23730, 0.16402, 0.00640, 0.10766, 0.10690, 1.57867
0.25209, 0.37665, 0.28058, 1.27083, 0.91770, 3.38284, 0.78977, 0.44651, 0.90694, 0.01337
0.25833, 0.65515, 0.28954, 0.56348, 0.25756, 0.01009, 0.19037, 0.15180, 0.02183, 0.77919
0.12110, 0.03678, 0.14236, 0.12146, 0.14526, 0.70732, 0.06422, 0.28937, 0.70703, 1.32418
0.23193, 0.42296, 0.27428, 0.90585, 0.22555, 0.14769, 0.44848, 0.20444, 1.42561, 0.16352
0.07358, 0.65078, 0.11528, 0.12900, 0.57825, 0.52315, 0.03305, 0.29964, 0.00199, 0.00270
0.19358, 0.63773, 0.13255, 0.27665, 0.64348, 0.50932, 1.45244, 0.43720, 0.44187, 0.81020
0.35772, 0.11002, 0.01478, 0.47402, 0.70429, 0.24396, 1.16241, 0.07863, 0.11663, 0.00538
0.03884, 0.48340, 0.55056, 0.03899, 0.52891, 0.57883, 0.30745, 0.58188, 0.62826, 0.24826
0.15362, 0.25338, 0.11504, 0.96580, 0.10715, 1.87055, 1.53220, 0.02212, 0.72531, 0.52162
0.28763, 0.00242, 0.77173, 0.04332, 0.17234, 0.64060, 0.48123, 1.63676, 1.53137, 1.54019
0.46905, 0.11363, 0.08654, 1.03441, 0.35595, 0.05460, 1.83366, 0.29109, 0.09643, 0.38693
0.17861, 0.03910, 0.09475, 0.05214, 0.51951, 0.10286, 0.08673, 0.05802, 0.05650, 1.08210
0.27521, 0.45870, 0.15146, 0.20783, 0.20215, 1.19011, 0.74247, 0.01446, 2.20883, 1.99711
0.08191, 0.21944, 0.26267, 0.06150, 0.19841, 0.04136, 0.04737, 0.43514, 0.20642, 0.64158
0.05347, 0.15011, 0.04099, 0.03082, 0.13567, 0.09456, 0.17876, 0.25588, 1.18984, 0.62668
0.25512, 0.33043, 0.02130, 0.40194, 0.12975, 0.23915, 0.74004, 0.30774, 1.13140, 0.03423
0.48563, 0.43747, 0.01698, 0.17990, 0.48405, 0.06101, 0.87700, 0.02056, 0.31792, 0.02311
0.13414, 0.06747, 0.33405, 0.04109, 0.43714, 0.03559, 0.07591, 0.20061, 0.38848, 1.30681
0.02536, 0.14749, 0.64524, 0.05259, 0.26749, 0.08586, 0.04317, 0.02557, 0.17028, 2.31384
0.65770, 0.56813, 0.02759, 0.20057, 0.10836, 0.66760, 0.14189, 0.12210, 2.78726, 0.20128
0.00467, 0.07016, 0.41783, 0.22567, 0.09707, 2.24818, 1.01740, 1.32803, 0.11076, 0.03331
0.07174, 0.55635, 0.12870, 0.08348, 0.17450, 0.20520, 0.69457, 0.04423, 0.06449, 0.00005
0.31031, 0.10434, 0.00957, 0.86062, 0.28708, 3.67020, 1.39640, 0.19618, 1.20176, 0.04094
0.44687, 0.23456, 0.01036, 0.02985, 0.31594, 0.15511, 0.10949, 0.10630, 2.85094, 0.60026
0.13553, 0.08622, 0.08912, 0.06037, 0.11572, 0.85477, 0.72485, 0.21542, 0.15271, 0.76100
0.05542, 0.41044, 0.00788, 0.22117, 0.08147, 1.36293, 0.17447, 0.21056, 3.04978, 0.00508
0.29105, 0.15111, 0.02977, 0.04830, 0.37457, 1.15894, 0.12377, 0.13779, 0.00652, 3.29175
0.25727, 0.15843, 0.00848, 0.02916, 0.16488, 0.32213, 0.29421, 0.81442, 0.01193, 0.01145
0.02486, 0.10517, 0.24922, 0.09336, 0.18913, 0.30980, 0.38249, 0.79194, 0.66822, 0.00205
0.26550, 0.00614, 0.04547, 0.35615, 0.10443, 0.21961, 0.35587, 0.01771, 2.91963, 0.23286
0.47027, 0.23964, 0.08479, 0.27200, 0.16247, 0.15689, 0.06327, 1.12470, 0.11767, 0.04369
0.06157, 0.13339, 0.52846, 0.06292, 0.06326, 0.08266, 0.00309, 0.04157, 0.39987, 1.34604
0.35559, 0.33708, 0.02805, 0.34754, 0.35776, 0.05920, 1.11218, 0.09560, 0.14282, 0.01002
0.69998, 1.54362, 0.24922, 0.95048, 1.54990, 0.44205, 3.82307, 0.45208, 0.54075, 0.09782
0.04519, 0.32508, 0.89669, 0.46390, 0.10311, 0.68930, 0.51653, 0.36091, 0.05523, 0.08453
0.42419, 0.03863, 0.34381, 0.42532, 0.20876, 0.13333, 0.27105, 0.52788, 0.44896, 0.83143
0.42899, 0.17208, 0.18163, 1.23108, 0.11687, 0.11209, 0.14846, 0.21679, 0.70749, 0.02065
0.10216, 0.08948, 0.33531, 0.16667, 0.14907, 0.04000, 0.25860, 0.28590, 1.00754, 0.00144
0.03289, 0.02740, 0.21138, 0.35019, 0.28872, 0.08594, 0.46958, 0.22718, 0.61190, 1.21911
0.14738, 0.28877, 0.13953, 0.19774, 3.61409, 0.55953, 0.37726, 1.12157, 0.02262, 0.41255
0.11689, 0.01932, 0.62910, 0.35246, 0.00954, 0.19022, 0.11200, 0.04118, 2.28876, 0.64262
0.23938, 0.11318, 0.12891, 0.02680, 0.36109, 0.69473, 0.16712, 0.11164, 0.07359, 5.50002
0.23011, 0.37365, 0.05727, 0.00921, 0.01868, 0.20778, 0.15585, 0.69174, 0.01147, 2.98906
0.18313, 0.70428, 0.08230, 0.06314, 0.47935, 0.27337, 0.12540, 0.11428, 0.09331, 0.00877
0.57911, 1.02759, 0.67729, 0.97345, 0.27462, 0.68300, 1.97540, 1.08999, 0.71980, 0.06762
0.20125, 0.21742, 0.38446, 0.21816, 0.20177, 0.16028, 0.34235, 0.00028, 0.89402, 0.00402
0.37424, 0.37667, 0.11408, 0.42470, 0.09449, 0.21738, 0.49151, 0.43352, 0.18526, 0.10997
0.09271, 0.02362, 0.13979, 0.15195, 0.49463, 0.31208, 0.05905, 0.01095, 0.81191, 0.03681
0.00770, 0.18239, 0.09096, 0.28557, 0.06061, 0.01686, 0.45928, 0.13946, 0.25493, 2.73714
0.57681, 0.78785, 0.13368, 0.10928, 0.20794, 0.01709, 0.49699, 0.72301, 0.09451, 0.11035
0.17151, 0.03886, 0.00899, 0.32638, 0.15360, 1.62227, 0.16091, 0.71008, 0.36070, 0.25722
0.59416, 0.07292, 0.07637, 0.02282, 0.35611, 0.16811, 0.23587, 0.05181, 3.57267, 0.53527
0.36673, 0.38510, 0.00180, 0.24197, 0.68538, 0.49762, 0.18510, 0.08854, 1.34312, 0.78098
0.05049, 0.09649, 0.67130, 0.69158, 0.02137, 0.28186, 0.06354, 0.07604, 1.15286, 0.62483
0.02545, 0.27802, 0.33336, 0.26873, 2.78820, 0.81987, 0.19083, 0.59267, 2.11307, 0.00371
0.81734, 0.23517, 0.20314, 0.63037, 0.54231, 1.13720, 1.39067, 0.04655, 1.19745, 0.36916
0.31987, 0.05555, 0.01865, 0.49918, 0.76590, 0.36686, 1.08154, 0.15703, 0.12058, 0.00922
0.08247, 0.59718, 0.01134, 1.10359, 1.71265, 0.05299, 0.26647, 0.96619, 0.29718, 0.06203
0.02888, 0.15230, 0.00982, 0.12982, 0.16097, 0.87182, 0.07243, 0.04935, 0.25647, 0.62883
0.17483, 0.18982, 0.18227, 0.01161, 0.19564, 0.12811, 0.51099, 0.06745, 0.56055, 3.71660
0.17362, 0.05445, 0.55088, 0.59882, 0.23967, 0.16739, 0.57396, 0.08142, 0.04064, 0.00168
0.55590, 0.05367, 0.06272, 0.62572, 0.32512, 0.04241, 1.05173, 0.23261, 0.74474, 0.23781
0.03217, 0.06348, 0.10752, 0.11535, 0.57280, 0.55388, 0.12990, 0.16864, 0.34583, 0.63760
0.13156, 1.10737, 0.11803, 0.04188, 0.25108, 0.22744, 0.01165, 0.73195, 1.76537, 0.01900
0.53634, 0.58847, 0.03872, 0.08628, 0.43990, 0.00142, 0.48922, 0.10349, 0.68972, 0.09323
0.02121, 0.09208, 0.11897, 0.17121, 0.17118, 0.00691, 0.26638, 0.24678, 0.55675, 0.69511
0.16556, 0.40384, 0.44329, 0.00695, 0.04237, 0.36647, 0.84658, 0.24061, 0.10687, 0.14635
0.47508, 0.90931, 0.25420, 0.79470, 0.20440, 0.35538, 0.22294, 0.16186, 0.37521, 0.02394
0.02795, 0.06906, 0.20510, 0.26920, 0.48034, 0.42843, 0.27926, 0.81544, 0.41711, 0.49091
0.07553, 0.05724, 0.21076, 0.00915, 0.10831, 0.16895, 0.26562, 0.07090, 0.34482, 0.04149
0.04003, 1.24493, 0.26399, 0.13664, 0.31441, 1.41994, 1.01433, 0.79287, 0.49636, 0.02600
1.15615, 0.26459, 0.35572, 0.00367, 0.00697, 0.04428, 0.50642, 0.02148, 1.60909, 3.44404
0.87700, 0.69508, 0.08756, 0.24718, 0.34361, 0.07212, 0.98962, 1.02464, 0.20258, 0.00457
0.55543, 0.06613, 0.16478, 0.28105, 0.05835, 0.48201, 0.22971, 0.32441, 4.18999, 0.09094
0.27257, 0.01794, 0.12654, 0.00698, 0.11198, 0.47609, 0.00691, 0.02059, 2.16672, 0.15095
0.77302, 0.01842, 0.21531, 1.17650, 0.76876, 0.17046, 1.21548, 0.26852, 0.99722, 0.00559
0.21487, 0.03532, 0.06337, 0.49242, 0.05783, 0.67327, 0.15137, 0.38332, 0.03017, 3.54191
0.46897, 0.36215, 0.02571, 0.58062, 0.01841, 2.84167, 1.32729, 0.07533, 3.74069, 0.41880
0.41186, 0.66877, 0.08250, 0.04311, 0.22480, 0.10925, 0.64842, 0.16806, 0.11899, 0.02722
0.32213, 0.20549, 0.25716, 0.47596, 0.57068, 1.42436, 0.25029, 2.21947, 0.03802, 0.79065
0.31865, 0.02092, 0.10048, 0.18568, 0.07430, 0.32467, 0.23392, 0.70011, 2.22626, 0.00016
0.44142, 0.48060, 0.77739, 0.47935, 0.35569, 0.18492, 1.36461, 1.02318, 0.30415, 0.08454
0.04807, 0.30205, 0.21974, 0.07909, 0.16931, 0.57952, 0.16919, 0.21187, 0.56442, 0.00148
0.32652, 0.00057, 0.14667, 0.02445, 0.05287, 0.08492, 0.07261, 0.11477, 0.74216, 0.38941
0.50429, 0.14585, 0.16385, 0.45974, 0.09583, 0.46171, 0.32128, 0.13153, 0.41565, 1.57148
0.46103, 0.67744, 0.08525, 0.01339, 0.26746, 0.14599, 0.39317, 0.12822, 0.05265, 0.00329
0.25380, 0.80135, 0.13291, 0.12863, 0.35010, 0.13987, 0.05517, 0.13765, 0.16656, 0.09423
0.35426, 0.10914, 0.06689, 0.50389, 0.14002, 1.55755, 1.07974, 0.22205, 0.09120, 0.04347
0.53075, 0.02810, 0.15543, 0.91528, 0.75895, 0.14472, 1.34560, 0.24538, 0.64212, 0.12127
0.22693, 0.31863, 0.05346, 0.02673, 0.29886, 1.21745, 0.44087, 0.72466, 0.24307, 0.04934
0.09827, 0.08214, 0.00553, 0.34448, 0.12108, 0.38550, 0.19181, 0.23477, 0.16112, 2.49379
0.78415, 0.35375, 0.06731, 0.15107, 0.09276, 0.31917, 0.17390, 0.04666, 1.25099, 0.44570
0.10323, 0.37936, 0.18875, 0.26304, 0.15096, 0.14050, 0.41482, 0.39906, 1.05786, 0.04843
0.87949, 0.05683, 0.40835, 0.25038, 0.72341, 0.15515, 0.18020, 0.62650, 1.84357, 0.57750
0.48451, 0.72583, 0.12991, 1.24456, 0.21304, 0.60229, 1.49728, 0.39853, 0.85306, 0.31089
0.44206, 0.05582, 0.27677, 0.00673, 0.00136, 0.39585, 0.65036, 0.03291, 0.10650, 0.57873
0.41638, 0.06850, 0.62028, 0.23012, 0.12987, 0.30137, 0.11134, 0.33545, 1.55918, 0.49234
0.00165, 0.01297, 0.10660, 0.02791, 0.35513, 0.36715, 0.11751, 0.02155, 0.06108, 0.07983
0.02268, 0.26099, 0.26243, 0.02087, 0.26273, 3.14260, 0.63918, 0.71207, 0.68701, 0.13963
0.03976, 0.42542, 0.28004, 0.03415, 0.15033, 0.00884, 0.05672, 0.25577, 0.58686, 1.19786
0.88471, 0.11253, 0.38333, 0.23643, 0.05650, 0.22648, 1.03549, 0.25445, 0.24535, 3.41564
0.26325, 0.44067, 0.09014, 0.36835, 0.12952, 1.77380, 0.67556, 0.06680, 2.72455, 0.12359
0.84540, 0.10183, 0.11186, 0.88963, 0.06875, 1.06141, 0.57904, 0.13760, 1.45754, 0.22879
0.55006, 0.44401, 0.13082, 0.09057, 0.77832, 1.18890, 0.09981, 0.02142, 0.17877, 4.47881
0.34525, 0.56907, 0.07393, 0.10961, 0.19157, 0.06681, 0.85763, 0.39322, 0.06789, 0.05131
0.16766, 0.18604, 0.24660, 0.02160, 0.24797, 0.61020, 0.03874, 0.01038, 0.31546, 1.12467
0.81081, 0.02467, 0.05329, 0.68133, 0.01022, 0.40271, 0.28112, 0.07268, 1.07930, 0.08710
0.15660, 1.74707, 0.10844, 0.00918, 0.70120, 0.14969, 0.02947, 0.64048, 0.35045, 0.96620
0.44636, 0.62643, 0.07364, 0.10234, 0.24971, 0.01036, 0.76120, 0.32182, 0.35288, 0.00294
0.26208, 0.27163, 0.01325, 0.14868, 0.47548, 0.03896, 0.53083, 0.41453, 1.36098, 0.34991
1.13864, 0.36283, 0.54808, 0.85985, 0.98639, 0.29253, 0.93678, 0.94599, 2.18417, 1.20966
0.42133, 0.34678, 0.48668, 0.39737, 0.08605, 0.00407, 0.24887, 0.40089, 0.47526, 0.21785
0.35213, 0.88002, 0.10223, 0.03377, 0.28699, 0.03473, 0.20717, 0.19877, 0.39784, 0.00883
0.27260, 0.27983, 0.01237, 0.14839, 0.09614, 0.24880, 0.28043, 0.08881, 0.29262, 0.20247
0.06595, 0.33778, 0.27486, 0.16936, 0.03415, 0.61329, 1.08106, 0.28808, 0.12112, 0.07816
0.31415, 0.84494, 0.47396, 0.32859, 2.66448, 0.05334, 0.34877, 1.15370, 0.05773, 0.58391
0.05252, 0.05478, 0.88341, 0.09429, 0.07442, 0.05279, 0.53690, 0.28252, 0.14877, 0.78880
0.61710, 0.06164, 0.49316, 0.99290, 0.04857, 0.23976, 0.09354, 0.30725, 1.05732, 0.29105
0.51055, 0.19327, 0.35434, 0.14317, 0.03426, 0.08776, 0.40330, 0.05894, 0.97741, 1.21740
0.41863, 0.01693, 0.32530, 0.95204, 0.01685, 0.94410, 0.14486, 0.12240, 0.58830, 0.02853
0.10147, 0.52638, 1.41107, 0.02398, 0.34840, 0.63915, 1.49007, 0.18816, 1.09938, 0.07359
0.00927, 0.34860, 0.57876, 0.41804, 0.22840, 1.12264, 1.56226, 0.36188, 0.27298, 1.77110
0.37033, 0.16192, 0.48591, 0.24867, 0.27994, 0.12417, 0.68213, 1.13797, 0.24170, 0.00481
0.70613, 0.16479, 0.07401, 1.63908, 0.40453, 1.24095, 0.61489, 0.28959, 0.66950, 0.93932
0.11374, 0.29129, 0.26693, 0.12735, 0.00899, 0.35659, 0.86505, 0.21618, 0.22343, 0.02301
0.14839, 0.19480, 0.20041, 0.90482, 0.04641, 0.79057, 0.37100, 0.42032, 0.26682, 1.15699
0.02971, 0.74251, 0.87803, 0.16305, 0.65773, 0.12243, 0.66485, 0.61090, 0.24521, 0.16943
0.48390, 0.68367, 0.00484, 0.03024, 0.42589, 0.47747, 0.04325, 0.36118, 0.40180, 0.02934
0.17162, 0.08492, 0.67398, 0.37473, 1.25588, 0.55202, 1.25365, 1.37875, 2.36991, 0.17705
0.14154, 0.14990, 0.08289, 0.54113, 0.13152, 0.27117, 0.77004, 0.14619, 0.76569, 0.85900
0.32276, 0.47097, 0.37552, 0.53061, 0.02651, 0.34368, 0.79224, 0.13091, 0.31568, 0.55461
0.25756, 0.20818, 1.00756, 0.15896, 0.01739, 0.16578, 0.28378, 0.24847, 0.46196, 0.94658
0.23154, 0.66825, 0.30140, 0.05214, 0.11910, 0.12889, 0.26765, 0.11063, 0.80222, 0.26212
0.02658, 0.05456, 0.16618, 0.50782, 0.09033, 1.37194, 0.70460, 0.85416, 0.16719, 0.36773
0.30128, 0.18787, 0.45781, 0.12393, 0.27224, 0.18258, 0.03992, 0.54619, 1.24485, 0.00132
0.38003, 0.09289, 0.50338, 0.22374, 0.14557, 0.31107, 0.48806, 0.09698, 1.16732, 0.02038
0.28058, 0.28648, 0.38067, 0.18869, 0.03818, 0.00599, 0.33840, 0.17364, 0.31550, 0.02549
0.00644, 0.05867, 0.70782, 0.01775, 4.76141, 3.78711, 0.22234, 0.06196, 2.80410, 0.44369
0.06015, 0.09794, 1.01139, 0.14197, 0.16248, 0.07473, 0.30453, 0.20870, 0.34891, 1.42670
0.19055, 0.04727, 0.19894, 0.24252, 0.00066, 1.06409, 0.38307, 0.11327, 0.06058, 0.34669
0.08862, 0.03788, 0.32584, 0.09937, 0.08187, 0.28943, 0.46870, 0.00661, 0.07376, 0.01721
0.34798, 0.02590, 0.18037, 0.00636, 0.38859, 0.62769, 0.43120, 0.86925, 0.21945, 0.00113
0.02988, 0.01123, 0.06893, 0.12531, 0.24636, 0.05071, 0.07869, 0.39558, 0.06156, 0.13293
0.03241, 0.00206, 0.04179, 0.03669, 0.50965, 0.30035, 0.11021, 0.26725, 0.09679, 0.08385
1.22273, 0.66565, 0.48548, 0.32613, 2.46529, 0.14393, 1.15158, 2.47629, 1.88539, 0.25096
0.21112, 0.28078, 0.08781, 0.44304, 0.10382, 0.22815, 0.67729, 0.48984, 0.82267, 2.74621
0.36806, 0.54684, 0.21228, 0.03112, 1.03505, 1.17693, 1.01206, 0.52360, 1.79028, 0.01368
0.30724, 0.25089, 0.36962, 0.68610, 1.77315, 0.21979, 0.18640, 2.27670, 3.61029, 1.09642
0.17874, 0.36601, 0.13000, 0.06541, 0.13162, 0.25076, 0.88003, 0.00770, 0.10578, 0.43103
0.00793, 0.07619, 0.31059, 0.15772, 0.06350, 0.49090, 0.15604, 0.03825, 0.29299, 1.71697
0.02520, 0.18531, 0.13843, 0.07696, 0.03124, 0.45471, 0.09353, 0.13544, 0.15308, 0.71074
0.31918, 0.38564, 0.02850, 0.57266, 1.57064, 0.17421, 0.03134, 1.73761, 0.59742, 0.96238
0.30677, 0.32868, 0.02679, 0.15916, 0.39189, 0.09692, 0.63920, 0.02350, 0.07904, 0.05269
0.29966, 0.28873, 0.03027, 0.33179, 0.18021, 0.37288, 0.66467, 0.12049, 1.04776, 0.02484
0.56035, 0.22857, 0.03612, 0.15303, 0.14248, 0.87151, 0.14701, 0.50025, 0.35775, 0.02773
0.86908, 0.28786, 0.35024, 0.46599, 0.02730, 0.13518, 0.53115, 0.35426, 1.68980, 0.40024
0.29670, 0.02950, 0.05249, 0.28555, 0.21585, 0.15955, 0.35516, 0.46100, 1.60373, 1.30328
0.23927, 0.11754, 0.67013, 0.69417, 0.24360, 0.05539, 0.00629, 0.05893, 0.11889, 0.73772
0.09442, 0.52960, 0.13912, 0.94592, 0.04609, 1.05647, 0.67464, 0.06079, 1.25570, 0.31879
0.36257, 0.08856, 0.26045, 0.00411, 0.05696, 0.26661, 0.59110, 0.02163, 0.11568, 0.14812
0.06427, 0.28565, 0.37927, 0.18462, 0.12095, 0.07478, 0.17847, 0.17051, 0.19730, 0.01897
0.69161, 0.20548, 0.06440, 0.04612, 0.33042, 0.22835, 0.10664, 0.01455, 3.26314, 0.27199
0.07885, 0.78632, 0.28462, 0.36506, 1.82781, 0.24764, 0.35968, 0.81583, 0.28075, 0.05479
0.26884, 0.09348, 0.02108, 0.57200, 0.46736, 1.54628, 0.23875, 0.18870, 0.94643, 0.01708
0.81911, 0.37134, 0.00464, 0.01608, 0.82459, 0.14663, 0.59835, 0.41477, 1.10934, 0.38321
0.00700, 0.90299, 0.06860, 0.09955, 0.49258, 0.29545, 0.37015, 0.11299, 1.41013, 0.00261
0.52157, 0.02280, 0.57406, 0.32012, 0.09177, 1.30576, 0.16758, 0.07091, 0.41795, 0.03070
0.12420, 0.10621, 0.06516, 0.11154, 0.00536, 0.11944, 0.04290, 0.04313, 0.67841, 0.00246
0.18422, 0.02671, 0.07168, 0.13621, 0.27500, 0.17492, 0.04181, 0.00883, 1.31882, 0.00098
0.47843, 0.67156, 0.11784, 0.19877, 0.22599, 0.68535, 0.18483, 0.16487, 2.62710, 0.01145
0.45055, 0.60747, 0.04720, 0.07969, 0.32415, 0.02036, 0.68384, 0.18201, 0.26730, 0.01044
0.02939, 0.23538, 0.03850, 0.44434, 0.20967, 0.43355, 0.01565, 0.07530, 0.79042, 0.05657
0.83980, 0.12580, 0.15202, 0.10075, 0.73192, 0.22873, 0.02250, 1.01445, 4.98923, 0.10214
0.37578, 0.81751, 0.25944, 0.33722, 0.14019, 0.76561, 0.47354, 0.46678, 1.75495, 0.87620
0.31852, 0.12298, 0.15540, 0.15137, 0.41652, 0.14666, 0.30037, 0.06774, 0.60082, 1.92625
0.20825, 0.32882, 0.01147, 0.70668, 0.12151, 0.96759, 1.31358, 0.34177, 1.18367, 0.36798
1.15850, 1.02159, 0.32242, 0.15516, 0.15217, 0.41148, 0.59678, 0.06897, 1.32305, 0.07571
0.06768, 0.03719, 0.32086, 0.25209, 0.06984, 0.41606, 1.03845, 0.43567, 0.19105, 1.60645
0.22303, 0.02166, 0.31028, 0.19330, 0.15195, 0.75777, 1.14317, 0.16606, 0.18078, 0.74043
0.22688, 0.69701, 0.07297, 0.02222, 0.40938, 0.21618, 0.23415, 0.05738, 0.08750, 0.06475
0.27778, 0.23649, 0.08394, 0.58000, 0.25529, 0.74211, 1.40338, 0.30539, 0.02440, 1.08301
0.07186, 0.20064, 0.11957, 0.13195, 0.45849, 0.64129, 0.04003, 0.44243, 0.20757, 0.16930
0.15520, 0.46722, 0.92117, 0.74646, 2.37925, 0.91819, 0.90148, 1.22307, 0.03788, 0.01311
0.38427, 0.10103, 0.07053, 0.03213, 0.41442, 0.49227, 0.04397, 0.14368, 0.08279, 2.90102
0.22893, 0.00353, 0.10751, 0.04949, 0.79676, 0.09528, 0.16448, 0.40437, 0.24591, 0.66501
0.84151, 0.06397, 0.23430, 0.92720, 1.25903, 0.42536, 0.16492, 1.56984, 3.97155, 1.01286
0.18525, 0.05942, 0.04754, 0.09545, 0.33628, 0.18936, 0.14005, 0.00403, 0.02997, 1.64653
0.02383, 0.10216, 0.06330, 0.19361, 0.42677, 0.24683, 0.38360, 0.01260, 0.48501, 0.10764
0.45758, 0.39582, 0.08593, 0.01205, 1.21713, 0.02754, 0.54414, 0.19716, 0.08113, 0.00151
0.32181, 0.02466, 0.47734, 1.07693, 1.84031, 0.32006, 0.88529, 1.51017, 0.96021, 1.08933
0.36926, 0.65502, 0.26092, 0.36699, 0.07334, 0.18118, 0.61085, 0.10427, 0.44701, 0.41650
0.02508, 0.28418, 0.03224, 0.55934, 0.02914, 0.34006, 0.91259, 0.82512, 1.00541, 3.86015
0.28572, 0.37813, 0.63191, 0.39294, 0.35581, 0.40400, 1.38997, 0.13125, 0.18136, 1.27019
0.29016, 0.95050, 0.31903, 0.85839, 0.07016, 0.59095, 0.74174, 0.25838, 0.46836, 0.20175
0.25530, 0.58764, 0.44467, 0.45555, 2.14529, 0.30745, 0.33056, 1.09898, 1.01298, 0.02010
0.05891, 0.21535, 0.13026, 0.22597, 0.14512, 0.79099, 0.17950, 0.52024, 0.77461, 0.35632
0.56303, 0.85314, 0.25502, 0.11872, 0.07377, 0.30861, 0.41109, 0.04185, 1.27747, 1.59942
0.06158, 0.14713, 0.08328, 0.13923, 0.18959, 0.00139, 0.21902, 0.18864, 0.34381, 0.40899
0.35262, 0.36069, 0.10065, 0.35379, 0.61083, 0.87401, 0.64595, 0.68168, 1.75366, 0.00347
0.34019, 0.46263, 0.10274, 0.65648, 0.07228, 0.87658, 1.13438, 0.55091, 1.67430, 0.02402
0.67814, 0.18907, 1.07399, 0.59319, 0.10062, 0.19578, 0.06436, 0.44826, 1.29358, 2.72641
0.28616, 0.02459, 0.00460, 0.02632, 0.05533, 0.70305, 0.00383, 0.32351, 0.06774, 2.39217
0.30362, 0.18366, 0.39237, 0.25150, 0.04345, 0.17721, 0.13670, 0.22352, 1.51824, 0.52170
0.16248, 0.06709, 0.07833, 0.26850, 0.40032, 0.05346, 0.15382, 0.07251, 0.19087, 0.92146
1.63370, 0.23684, 0.23186, 0.84771, 0.09013, 3.54539, 0.79833, 1.66363, 3.51105, 0.10439
0.60611, 0.03073, 0.27564, 0.96726, 0.70850, 0.30352, 1.19360, 0.35326, 0.65259, 0.19435
0.19024, 0.72489, 0.09917, 0.01287, 0.17176, 0.06221, 0.00525, 0.47411, 0.26423, 2.09632
0.00286, 0.16807, 0.07429, 1.55406, 0.42424, 3.88392, 1.96690, 0.01371, 0.57998, 0.59864
1.04597, 0.17361, 0.16615, 0.06557, 0.08630, 0.25992, 0.09439, 0.33961, 1.36401, 4.61875
0.91531, 0.33879, 0.56113, 0.23331, 3.76508, 0.00298, 0.90113, 1.40202, 0.74052, 0.69327
0.15698, 0.05922, 0.34329, 0.05244, 0.07602, 0.87232, 0.25867, 0.31101, 0.24167, 0.00003
0.21395, 0.07869, 0.16089, 0.09950, 0.14730, 0.04017, 0.15835, 0.34168, 0.38733, 0.22160
0.34972, 0.61198, 0.23947, 0.41079, 0.19949, 0.03975, 0.06660, 0.15942, 0.03615, 1.39005
0.33672, 0.11680, 0.16267, 0.24996, 0.19410, 1.32009, 0.01851, 0.48188, 1.17358, 0.18887
0.91686, 0.05676, 0.37786, 0.39266, 0.20101, 0.89364, 0.00001, 0.90336, 2.99656, 0.77894
0.15945, 0.20035, 0.17531, 0.31123, 0.40156, 0.57195, 0.13258, 0.27726, 0.21451, 0.68196
0.21567, 0.05372, 0.65644, 0.34134, 0.22752, 0.09272, 0.08347, 0.93818, 0.63448, 0.17188
0.29043, 0.22615, 0.42897, 0.70005, 1.99785, 0.12075, 0.13660, 1.12037, 3.08120, 0.00429
0.05379, 0.56137, 0.33900, 0.18734, 0.41071, 0.16982, 0.40408, 0.41261, 0.79162, 1.43293
0.06641, 0.03086, 0.09351, 0.10984, 0.52627, 1.09987, 0.13640, 0.25682, 0.02448, 0.26770
0.61886, 0.41282, 0.10789, 0.77181, 0.29171, 0.01264, 1.65851, 0.90815, 0.18300, 0.19587
0.22070, 0.00574, 0.32309, 0.03428, 0.20345, 0.07851, 0.26980, 0.12861, 0.51980, 4.35418
0.25026, 0.31261, 0.04116, 0.47545, 0.03202, 2.45791, 1.02881, 0.17416, 3.05385, 0.88844
0.23312, 0.22918, 0.30151, 0.07894, 0.12618, 0.75903, 0.22715, 0.15472, 2.25899, 0.36956
1.52481, 0.59147, 0.02211, 0.44493, 0.14762, 0.26621, 0.62251, 0.18339, 1.15284, 0.18970
0.11575, 0.01816, 0.30552, 0.05820, 0.28903, 0.32337, 0.74866, 0.19154, 0.38644, 1.51079
0.29913, 0.21974, 0.06164, 0.00122, 0.17979, 0.17818, 0.19251, 0.73410, 0.00998, 1.69911
0.50477, 1.54089, 0.45432, 0.45432, 1.14775, 1.36189, 1.39033, 0.97726, 3.19344, 1.12658
0.50906, 0.67835, 0.20583, 0.44790, 0.22300, 0.17641, 0.23137, 0.19363, 0.03651, 0.09795
0.07748, 0.21109, 0.11610, 0.17722, 0.13864, 0.29067, 0.32179, 0.14712, 0.31100, 0.00124
0.34052, 0.67950, 0.11657, 0.15004, 0.30512, 0.29157, 0.14734, 0.10099, 0.04529, 0.13386
0.26804, 0.38493, 0.23703, 0.52368, 0.34482, 0.50170, 0.18253, 0.14406, 0.07626, 0.51384
0.14258, 0.14071, 0.03939, 0.04596, 0.27364, 1.07469, 0.02523, 1.09715, 0.21481, 0.04940
0.17241, 0.21180, 0.03922, 0.19174, 0.11620, 0.05788, 0.17073, 0.29941, 0.36188, 1.27799
0.86913, 0.41706, 0.25752, 1.26477, 0.29920, 0.62791, 1.06977, 0.46018, 1.30228, 0.74313
0.11391, 0.50360, 0.02194, 0.79482, 0.20054, 1.15757, 1.76263, 0.29464, 0.07282, 0.61706
0.19323, 0.13409, 0.04079, 0.17783, 0.06560, 0.13739, 0.49943, 0.18296, 0.02977, 1.03838
0.10297, 0.23662, 0.24388, 0.42254, 0.14180, 0.04976, 0.53266, 0.61733, 1.81046, 0.01004
0.10396, 0.39223, 0.08494, 0.05882, 0.06645, 0.19470, 0.04700, 0.36060, 0.60447, 0.44792
0.41314, 0.19011, 0.03482, 0.11345, 0.04546, 0.08722, 0.28066, 0.13006, 0.55580, 0.17485
0.17219, 0.19261, 0.20213, 0.06191, 0.16437, 0.04645, 0.01011, 0.17431, 0.56123, 2.39296
0.01440, 0.13089, 0.07492, 0.52631, 0.50772, 1.87472, 0.78194, 0.18322, 0.97278, 0.37443
0.17575, 0.38582, 0.03963, 0.12130, 0.58914, 0.57377, 0.72394, 1.29838, 0.35420, 0.08516
1.12918, 0.26352, 1.16234, 0.55937, 0.28725, 0.30511, 0.16843, 1.10265, 0.69612, 0.18935
0.73706, 0.62337, 0.03677, 0.07901, 0.24603, 0.03395, 0.96570, 0.22892, 0.09111, 0.34647
0.20789, 0.64530, 0.14387, 0.08764, 0.45041, 0.43211, 0.04935, 0.19982, 0.01674, 0.00266
0.09903, 0.39256, 0.05826, 0.18524, 0.78511, 0.26134, 0.26930, 0.49087, 0.04928, 0.81127
1.56956, 0.35893, 0.07019, 0.34534, 0.01744, 2.35514, 0.95331, 0.95060, 0.94498, 0.24581
0.05689, 0.00344, 0.06754, 0.03752, 0.36537, 0.17329, 0.26871, 0.49465, 0.37680, 0.00394
0.11535, 0.51332, 0.13449, 0.27166, 0.04993, 0.11362, 0.62162, 0.62515, 1.86758, 1.48919
0.38950, 0.48390, 0.18920, 0.15726, 0.12654, 0.01135, 0.69147, 0.28111, 0.08284, 0.23912
0.54550, 0.50103, 0.12257, 0.36746, 0.10472, 0.70783, 0.33050, 0.02695, 2.08572, 0.01678
0.09230, 0.19282, 0.14866, 0.33862, 0.02425, 0.17151, 0.74370, 0.12385, 2.02603, 0.51394
0.14135, 0.05355, 0.00942, 0.29372, 0.45918, 1.86973, 0.34289, 0.10697, 1.46932, 0.54205
0.03505, 0.00001, 0.14286, 0.52462, 0.42414, 0.05991, 0.82780, 0.00630, 0.10214, 0.00004
0.01454, 0.01652, 1.01869, 0.54953, 0.07964, 1.43930, 0.63261, 0.65622, 0.04680, 2.84276
0.18925, 0.46549, 0.15676, 0.30256, 0.75536, 0.69978, 0.02888, 2.36616, 0.29180, 0.56309
0.66097, 0.09995, 0.44861, 1.42661, 0.30815, 0.28934, 0.29109, 0.42159, 0.33269, 0.95072
0.06445, 0.56530, 0.07123, 0.06303, 0.65768, 0.76834, 0.08149, 0.37959, 0.00604, 0.07149
0.49023, 0.04970, 0.77406, 0.38111, 0.12569, 0.09572, 0.09041, 0.36061, 1.44883, 0.15783
0.05006, 0.15511, 0.04068, 0.37817, 0.07367, 0.10499, 0.75971, 0.63283, 0.20315, 0.36549
0.39419, 0.07038, 0.01500, 0.37708, 0.55570, 1.32951, 0.16350, 0.02855, 0.48623, 0.02067
0.50575, 0.10632, 0.31709, 0.08540, 0.12001, 0.40819, 1.21643, 1.15850, 0.09137, 0.08026
0.37333, 0.18084, 0.02839, 0.63741, 0.03610, 1.71093, 0.84688, 0.22008, 0.88127, 0.60391
0.26104, 0.24427, 0.04827, 0.03705, 0.26681, 0.02393, 0.00003, 0.02615, 0.24717, 2.93189
0.01586, 0.18525, 0.35773, 0.01376, 0.22729, 2.27249, 0.48520, 0.70685, 0.55605, 1.30247
0.28387, 0.05474, 0.06975, 0.00192, 0.36411, 0.51407, 0.01175, 0.06067, 0.18513, 4.53857
0.12109, 0.10296, 0.20950, 0.11151, 0.18552, 0.14228, 0.15733, 0.99665, 0.13903, 1.17639
0.19903, 0.26368, 0.04698, 0.57886, 0.01541, 0.56248, 1.03786, 0.27226, 0.76245, 1.15221
0.10485, 0.27429, 0.26589, 0.06832, 0.23773, 0.38075, 0.10617, 0.41748, 0.88487, 0.75228
0.17494, 0.07772, 0.00589, 0.34190, 0.18656, 0.05435, 0.28144, 0.20870, 0.49269, 0.26444
0.19342, 0.19615, 0.10244, 0.27998, 0.14199, 0.00026, 0.12640, 0.11692, 1.41866, 1.51123
0.37631, 0.35089, 0.13197, 0.01230, 1.87477, 0.61874, 0.56293, 0.11407, 0.00520, 0.00001
0.36346, 0.01208, 0.21497, 0.26737, 0.07869, 2.04195, 0.17015, 1.08286, 0.22315, 0.00687
0.47328, 0.23781, 0.02484, 0.52087, 0.28811, 0.09742, 1.39772, 0.08362, 0.00109, 0.13595
1.64402, 0.21494, 0.23928, 0.42779, 0.00743, 0.19879, 0.86131, 0.04703, 1.73100, 0.09998
0.16055, 0.46622, 0.20311, 0.53797, 0.44345, 0.16511, 0.12686, 0.18647, 0.93477, 0.66469
0.24401, 0.38464, 0.16243, 0.28032, 0.69337, 0.48313, 0.69644, 0.21435, 0.20490, 0.53280
0.57295, 0.02135, 0.13272, 1.08865, 0.73188, 0.11568, 1.45204, 0.27574, 0.49494, 0.36355
0.07708, 0.35826, 0.75770, 0.20361, 0.11880, 1.99789, 0.81026, 0.76658, 0.45612, 1.13957
0.45510, 0.37343, 0.42766, 0.21747, 0.75295, 1.66858, 0.44155, 0.62985, 0.16491, 0.00957
0.14555, 0.05120, 0.37442, 0.16239, 0.03701, 0.14563, 0.11002, 0.01881, 2.32351, 0.51996
0.11992, 0.13100, 0.75307, 0.17916, 0.06317, 0.05755, 0.82364, 0.36639, 0.56384, 3.19298
0.03331, 0.23016, 0.12708, 0.19595, 0.20342, 0.16254, 0.08521, 0.46546, 0.04474, 0.53925
0.28690, 0.25606, 0.30693, 0.59468, 0.27964, 0.13906, 0.31010, 0.03230, 0.21202, 2.07154
0.57531, 0.22923, 0.45745, 0.95462, 0.45101, 1.07792, 1.32727, 0.03577, 0.41847, 0.05224
0.48587, 0.20099, 0.41532, 1.28260, 1.01655, 0.48120, 0.20288, 2.33723, 1.74524, 1.64608
0.07925, 0.12751, 0.03034, 0.26903, 0.72045, 0.04978, 0.10429, 0.22024, 0.99553, 0.00253
0.11985, 0.10590, 0.78911, 0.80717, 2.58903, 0.92181, 1.20229, 2.86319, 2.64297, 0.82379
0.00464, 0.60570, 0.50809, 0.81174, 2.34595, 1.54503, 0.92474, 2.96894, 0.85387, 1.78636
0.12371, 0.02256, 0.11613, 0.87708, 0.10265, 0.74510, 0.69241, 0.01195, 1.04150, 1.79229
0.20935, 0.06274, 0.22271, 0.14121, 0.40734, 0.63975, 0.24504, 0.68225, 1.13325, 0.01940
0.15381, 0.11123, 0.07227, 0.56286, 2.20977, 2.30145, 0.15676, 1.30827, 0.01463, 0.86253
0.27136, 0.02402, 0.05913, 0.17300, 0.39190, 0.13808, 0.04727, 0.50569, 0.98061, 1.03747
0.17351, 0.59260, 0.01307, 0.09391, 1.14381, 0.88221, 0.37477, 1.25274, 0.08420, 0.00922
0.82898, 0.50178, 0.19066, 0.11065, 0.11042, 0.08753, 0.68639, 0.01641, 0.68536, 1.25719
0.16974, 0.10125, 0.14253, 0.04112, 0.43618, 0.64279, 0.00144, 0.11194, 0.10218, 0.58119
0.26612, 0.20287, 0.06411, 0.07705, 0.43534, 0.29177, 0.07041, 0.00504, 0.27740, 0.08172
1.07849, 0.07000, 0.18675, 1.24295, 0.05144, 0.71420, 0.57515, 0.04267, 0.85666, 1.27773
1.09298, 0.29771, 0.10037, 0.28369, 0.38330, 0.15463, 0.67615, 0.14263, 1.22141, 0.20768
0.05645, 0.14460, 0.91896, 0.25110, 0.25886, 0.72580, 0.71103, 0.83254, 0.19997, 2.57542
0.03414, 0.03296, 0.16757, 0.31272, 0.15409, 0.15697, 0.54657, 0.07129, 0.01567, 0.06395
0.19950, 0.07583, 0.78967, 0.42138, 0.04832, 0.22439, 0.10886, 0.03273, 1.73751, 1.98354
0.08179, 0.84399, 0.01439, 0.14783, 0.86965, 0.27081, 0.28402, 0.87680, 0.18644, 0.03596
0.79939, 0.37903, 0.25933, 0.12178, 0.15458, 0.01451, 0.20447, 0.04527, 1.53020, 0.69851
0.35957, 0.92331, 0.16445, 0.18143, 0.33089, 1.33392, 0.20432, 0.27160, 0.39755, 6.25318
0.03980, 0.39082, 0.08629, 0.04187, 0.45853, 1.04738, 0.21773, 1.37049, 0.00839, 0.01812
0.75630, 0.31446, 0.54065, 0.63580, 0.36496, 0.66908, 0.26715, 0.26809, 2.30206, 0.08402
0.21896, 0.11776, 0.70492, 0.32683, 3.24739, 0.69507, 1.83952, 1.32884, 2.14696, 0.06785
0.74948, 0.41030, 0.13113, 0.02891, 1.15807, 2.83776, 0.02771, 0.93216, 0.01010, 0.55851
0.58802, 0.88787, 0.15007, 0.04481, 0.27488, 0.00374, 0.19733, 0.40807, 0.25332, 0.05765
0.43427, 0.04414, 0.10697, 0.33979, 0.13620, 1.07535, 0.11524, 0.00606, 1.40425, 1.48522
0.63800, 0.71946, 0.28790, 0.38808, 0.06348, 0.51408, 1.02410, 0.06790, 0.82803, 0.01991
0.98344, 0.27226, 0.07875, 0.47396, 0.63132, 0.19568, 0.53944, 0.94286, 3.35081, 0.00024
0.29073, 0.45691, 0.03180, 0.05608, 0.53982, 0.10546, 0.58733, 0.00106, 0.33876, 0.24272
0.07712, 0.24622, 0.07796, 0.08626, 0.63699, 0.33966, 0.21855, 0.99519, 0.05603, 0.88873
0.27153, 0.17088, 0.16364, 0.12618, 0.22842, 0.30652, 0.32333, 0.12700, 0.39595, 0.12909
0.17607, 0.29486, 0.07481, 0.69497, 0.18695, 1.22574, 1.32569, 0.06181, 0.77661, 0.01606
0.34472, 0.47404, 0.21622, 0.50591, 1.83065, 0.49476, 0.10574, 0.73682, 2.08016, 0.05996
0.10192, 0.18525, 0.17694, 0.04185, 0.06036, 0.31492, 0.47654, 1.10250, 0.51936, 0.77474
0.82394, 0.25264, 0.01336, 0.05894, 0.29378, 0.89421, 0.21764, 0.25390, 0.44060, 6.29763
0.88055, 0.31356, 0.07001, 1.53227, 0.28014, 0.99153, 1.22368, 0.27238, 1.26309, 0.11610
0.09491, 0.16229, 0.00372, 0.15673, 0.11614, 0.22110, 0.39635, 0.30671, 0.00073, 0.17619
0.35230, 0.47803, 0.64872, 0.15891, 0.18110, 0.07543, 0.05893, 0.02970, 1.56234, 1.02053
0.36345, 0.73332, 0.18434, 0.21343, 0.32010, 0.20603, 0.17413, 1.48305, 0.05863, 0.30201
0.31134, 0.33305, 0.01484, 0.14862, 0.56422, 0.18262, 0.71075, 0.02204, 0.20921, 0.06882
0.46476, 0.33794, 0.41762, 0.05480, 0.02927, 2.97304, 0.45157, 1.58024, 0.46212, 0.33473
0.13969, 0.05440, 0.17871, 0.44980, 0.12040, 0.56281, 0.94280, 0.22764, 0.04076, 2.64868
0.07499, 0.91168, 0.22412, 0.51006, 0.92579, 0.01233, 0.53952, 0.72877, 0.94910, 0.05653
0.07647, 0.02309, 0.43341, 0.15971, 0.05886, 0.08189, 0.06199, 0.02380, 1.46477, 0.01035
0.44770, 0.59124, 0.56382, 0.19445, 0.36146, 0.14069, 1.25963, 0.46658, 0.98591, 3.24818
0.50251, 0.20650, 0.15730, 0.21971, 0.30749, 0.79808, 0.43039, 0.71096, 0.59496, 0.28891
0.20640, 0.16465, 0.42463, 0.30114, 0.35170, 0.66684, 0.19289, 0.20464, 0.04783, 0.02076
0.40595, 0.97937, 0.14800, 0.08812, 0.13835, 0.07916, 0.14516, 0.56359, 0.14209, 0.24370
0.29806, 0.83285, 0.12283, 0.03460, 0.37272, 0.45441, 0.14957, 1.43175, 0.62499, 0.11990
0.45967, 0.10707, 0.23325, 0.43934, 0.28051, 0.62829, 1.11457, 0.54534, 0.32777, 0.83518
0.18029, 0.61301, 0.16839, 0.40514, 0.29691, 0.17624, 0.63278, 0.22027, 2.50621, 0.05298
0.08981, 0.02864, 0.53034, 0.46939, 0.14403, 0.18370, 0.05307, 0.05586, 0.07526, 0.00535
0.16875, 0.03218, 0.06172, 0.02286, 0.53960, 0.46850, 0.03462, 0.01015, 0.57694, 2.92714
0.23178, 0.42923, 0.20560, 0.69501, 0.69790, 0.97825, 0.46027, 0.12557, 0.90593, 0.10586
0.23493, 0.61956, 0.18180, 0.47865, 0.44799, 0.62574, 0.59685, 0.10696, 0.97547, 0.70144
1.25452, 0.34635, 0.60812, 0.41410, 0.42731, 6.89199, 0.15253, 2.67586, 4.43064, 0.06083
0.01871, 0.41840, 0.11184, 0.28377, 0.29867, 0.02022, 0.26718, 0.69018, 0.03099, 2.99709
0.77540, 0.08212, 0.20142, 0.61116, 0.22101, 0.22044, 0.23331, 0.25318, 2.98449, 0.00296
0.95011, 0.22423, 0.32443, 0.36115, 0.01786, 0.62922, 0.00156, 1.21262, 0.87019, 0.14856
0.28497, 0.06126, 0.05867, 0.01780, 0.51988, 0.32475, 0.02951, 0.00268, 0.07957, 0.76981
0.12355, 0.21500, 0.30920, 0.33302, 0.00734, 0.03109, 0.32365, 0.01636, 0.13757, 0.16469
0.30558, 0.16968, 0.27108, 0.38070, 0.05763, 0.38842, 0.52519, 0.65166, 0.04370, 1.49653
0.33011, 0.35313, 0.06478, 0.24145, 0.17265, 0.18880, 0.26931, 0.14283, 1.25914, 0.56673
0.37778, 0.20649, 0.27365, 0.09869, 0.25028, 0.05957, 0.05947, 0.13495, 0.36760, 0.08122
0.45556, 0.03901, 0.15659, 1.01870, 0.13479, 0.63968, 0.54638, 0.50282, 0.26180, 0.88105
0.86146, 0.20180, 0.00416, 0.71697, 0.58461, 0.57348, 0.95691, 0.75556, 1.86223, 0.01464
0.47167, 0.50467, 0.10228, 0.21166, 1.05226, 0.25367, 0.85116, 0.05661, 0.08809, 0.17780
0.01108, 0.03587, 0.20370, 0.17112, 0.10894, 0.18681, 0.24521, 0.18253, 1.51250, 0.51539
0.02379, 0.46667, 0.13079, 0.00173, 0.36013, 0.68965, 0.10077, 0.33418, 0.96787, 1.05096
0.03218, 0.11055, 0.02093, 0.66077, 0.25798, 2.05115, 1.31426, 0.10379, 1.10473, 0.00483
0.84426, 0.27591, 0.77768, 0.35840, 0.85547, 0.16232, 0.06460, 0.17435, 0.56295, 0.28387
0.84279, 0.37019, 0.01329, 0.00008, 0.95239, 0.37835, 0.41411, 0.62263, 4.75265, 0.14914
0.75350, 0.11554, 0.14585, 0.05439, 0.19102, 0.99795, 0.24859, 0.18025, 0.67004, 1.30998
0.31082, 0.11011, 0.01687, 0.15529, 0.47771, 1.37839, 0.26088, 0.07474, 0.24003, 0.57662
0.12217, 0.24408, 0.33487, 0.01374, 0.12754, 1.71536, 0.14829, 0.57862, 1.32894, 0.18005
0.47248, 0.30460, 0.02686, 0.02892, 0.21637, 0.21382, 0.02806, 0.15694, 1.76725, 1.40407
0.16770, 0.20219, 0.13913, 0.22779, 0.21290, 0.15170, 0.33686, 0.18053, 1.15738, 0.19326
1.02178, 0.63420, 0.00452, 0.07894, 0.23436, 0.45983, 0.10514, 0.19521, 3.96882, 0.01920
0.42858, 0.49501, 0.00645, 0.29097, 0.02831, 0.06159, 0.10853, 0.07527, 1.21086, 0.00455
0.64444, 0.02723, 0.50010, 1.34470, 1.35280, 0.21247, 0.75806, 0.49054, 0.60667, 0.00249
0.22617, 0.04972, 0.40035, 0.06065, 0.01771, 0.25392, 0.04840, 0.23324, 1.91743, 0.99591
0.13148, 0.27392, 0.00776, 0.10568, 0.49085, 0.23227, 0.10022, 0.14378, 0.08312, 1.49841
0.15468, 1.04356, 0.06472, 0.11539, 0.50067, 0.03590, 0.06302, 0.39752, 1.08095, 0.43188
0.04435, 0.25625, 0.01926, 0.43732, 0.25405, 0.22720, 0.07245, 0.53353, 0.22503, 0.53223
0.09934, 0.12310, 0.09513, 0.52515, 0.17372, 0.00969, 0.45800, 0.20145, 0.70887, 0.26867
0.27571, 0.01807, 0.75718, 1.15020, 0.29385, 0.10946, 0.09227, 0.45143, 0.33380, 1.18841
0.19195, 0.16639, 0.31732, 0.15808, 0.32680, 0.41566, 0.06365, 0.05683, 3.47401, 0.33327
0.44536, 0.21528, 0.00850, 0.03872, 0.28568, 0.78501, 0.30963, 0.00303, 0.01839, 1.13749
0.07994, 0.30246, 0.38039, 0.16192, 0.01026, 0.45236, 0.55593, 0.08288, 0.76500, 0.01892
0.06330, 0.00303, 0.02597, 0.14195, 0.44462, 0.58744, 0.08076, 0.01780, 0.68400, 0.03475
0.04817, 0.58128, 0.10151, 0.14748, 0.63915, 0.61968, 0.03715, 0.34848, 0.00352, 0.10204
0.08626, 0.22768, 0.57303, 0.20334, 0.03426, 0.62792, 0.21629, 0.43345, 0.88705, 2.86159
0.82473, 0.09457, 0.08367, 0.27111, 0.20592, 0.21049, 1.04927, 0.01327, 0.01084, 0.94715
0.25693, 0.11334, 0.38307, 0.49513, 0.23893, 0.38307, 0.44983, 1.35451, 2.78966, 0.01124
0.44179, 1.31994, 0.40336, 1.17814, 0.80154, 0.03257, 1.48610, 0.79351, 1.26093, 1.56020
0.05717, 0.19607, 0.20537, 0.07063, 0.30372, 1.03358, 0.07020, 0.17359, 0.20554, 0.47573
0.12066, 0.35618, 0.06874, 0.00172, 0.37828, 0.34483, 0.22325, 0.54338, 0.62703, 0.16292
0.04256, 0.00403, 0.05150, 0.02045, 0.36604, 0.41605, 0.08480, 0.53021, 0.15423, 0.19894
0.06604, 0.11217, 0.06040, 0.25659, 0.46939, 0.04026, 0.20728, 0.11544, 0.84520, 0.15845
0.02744, 0.46947, 0.17454, 0.49496, 0.24307, 0.04077, 1.04077, 0.81810, 0.00788, 7.09375
0.16465, 0.08986, 0.04556, 0.11556, 0.23961, 0.06228, 0.33367, 0.13870, 0.00015, 0.32787
0.20560, 0.07050, 0.03619, 0.27543, 0.26944, 0.39931, 0.14999, 0.86015, 0.02122, 0.21766
0.30900, 0.01211, 0.51741, 0.09750, 0.14827, 0.22231, 0.80592, 0.01890, 0.09459, 1.96303
0.12805, 0.51985, 0.61260, 1.22226, 0.44696, 0.33470, 0.24165, 0.12605, 0.13364, 1.95496
0.27339, 0.94705, 0.07083, 0.33089, 0.01469, 0.83604, 1.01720, 0.94384, 0.55764, 0.35018
0.09652, 0.06918, 0.18787, 0.26425, 0.22594, 0.06208, 0.32352, 0.07141, 0.04127, 0.03875
0.11731, 0.22250, 0.18852, 0.01862, 0.04139, 0.11797, 0.09788, 0.88122, 0.30332, 0.10670
1.72334, 0.70459, 0.29695, 0.01030, 0.00769, 0.02774, 1.40357, 0.02773, 1.56357, 0.05654
0.23372, 0.03943, 0.12211, 0.07836, 0.11054, 0.69559, 0.04473, 0.56902, 0.55097, 0.21034
0.25134, 0.05263, 0.08371, 0.40147, 0.20772, 0.64630, 0.06184, 0.25995, 1.01092, 0.43898
0.27433, 0.02344, 0.03538, 0.12671, 0.07020, 0.15526, 0.29319, 0.43831, 1.15915, 0.02900
0.21379, 0.07344, 0.45212, 0.58434, 0.38832, 0.37684, 0.18350, 0.22282, 0.44372, 3.80170
0.41099, 0.62582, 0.31954, 0.66874, 0.21978, 0.00738, 0.46879, 0.39154, 0.02428, 1.02213
0.55852, 0.23654, 0.10923, 0.01019, 0.31371, 0.08008, 0.39151, 0.08344, 2.41301, 0.59903
0.02087, 0.26402, 0.10271, 0.11386, 0.49296, 0.21967, 0.31001, 0.06505, 1.01369, 0.49680
0.11189, 0.62241, 0.07696, 0.59861, 0.27776, 0.78863, 0.06438, 0.00134, 0.77036, 0.78641
0.33092, 0.12203, 0.04553, 0.52775, 0.60249, 0.18406, 1.16839, 0.04499, 0.26102, 0.00065
0.92978, 0.56310, 0.01003, 0.02236, 0.18481, 0.80551, 0.04966, 0.03393, 4.48421, 0.04951
0.18708, 0.74955, 0.25275, 0.44206, 2.18349, 0.73317, 0.63347, 1.86924, 1.04883, 0.10188
0.11557, 0.04691, 0.37185, 0.23153, 0.33075, 0.00779, 0.10816, 0.10296, 0.21728, 0.07937
0.20257, 0.25313, 0.12549, 0.07388, 0.50978, 0.64818, 0.48539, 0.11812, 0.74069, 0.00497
0.01445, 0.27558, 0.00376, 0.46624, 0.18401, 0.85602, 1.43409, 0.26742, 0.74992, 0.04715
0.05216, 0.01857, 0.52126, 0.38117, 0.19815, 1.27683, 1.07208, 1.26900, 0.29362, 0.01600
0.53950, 0.47568, 0.09103, 0.03770, 0.37023, 0.72256, 0.01247, 0.12696, 0.13659, 1.54627
0.45707, 0.36084, 0.01145, 0.31343, 0.14132, 0.21612, 0.21806, 0.03903, 0.10703, 0.00011
0.15573, 0.24668, 0.16494, 0.09259, 0.44322, 0.80285, 0.92377, 0.21247, 0.84549, 2.07377
0.02732, 0.48193, 0.03506, 0.14048, 0.48116, 0.07673, 0.12030, 0.07041, 0.46291, 0.94864
0.21765, 0.28745, 0.92935, 0.88507, 2.91405, 1.51691, 1.09323, 1.58405, 0.29201, 0.00272
0.11513, 0.06815, 0.12469, 0.56080, 0.99186, 0.95485, 0.06815, 0.70497, 0.41120, 0.39221
0.13357, 0.08586, 0.01399, 0.06707, 0.59717, 0.87378, 0.05235, 0.04706, 0.08264, 0.50550
0.02525, 0.05400, 0.03307, 0.01622, 0.35562, 0.39324, 0.12877, 0.40907, 0.70802, 0.13588
0.06210, 0.01390, 0.84592, 0.66229, 0.91727, 0.50782, 0.17644, 0.82778, 1.47592, 0.00034
0.76906, 0.49287, 0.01315, 0.07897, 0.00043, 0.16866, 0.47284, 0.22869, 0.26577, 0.07103
0.13976, 0.08116, 0.04793, 0.05927, 0.08561, 0.08174, 0.31623, 0.75565, 0.19060, 0.74127
0.21021, 0.34755, 0.12507, 0.01928, 0.38873, 0.15008, 0.25967, 0.00398, 0.19427, 0.01512
0.32505, 0.13384, 0.03685, 0.52088, 0.08854, 0.24966, 0.36113, 0.76184, 0.65386, 0.52103
0.34380, 0.48685, 0.00647, 0.51626, 0.58483, 1.59711, 1.07407, 0.15181, 2.72409, 0.08124
1.30850, 0.14613, 0.17664, 1.19956, 0.13026, 0.14987, 0.79226, 0.40064, 1.82717, 0.19562
0.20326, 0.28567, 0.04966, 0.95986, 0.01695, 2.82086, 1.76543, 0.01566, 1.18165, 0.03140
0.07160, 0.41003, 0.28084, 0.11719, 0.03348, 0.49113, 0.38555, 0.11330, 0.63478, 0.51545
0.37959, 0.13116, 0.09165, 0.23543, 0.14725, 0.51461, 0.08715, 0.09179, 1.67549, 0.00945
0.15835, 0.87117, 0.36287, 1.14716, 0.61339, 0.42291, 0.55244, 0.05331, 0.16875, 1.53607
0.18412, 0.57989, 0.06207, 0.00460, 0.51795, 0.17681, 0.21935, 0.07973, 0.15382, 0.09034
0.06281, 0.32650, 0.13666, 0.17669, 0.03599, 0.06699, 0.37511, 0.13572, 0.38070, 0.08663
0.00220, 0.08763, 0.38334, 0.03644, 0.42720, 0.50349, 0.34229, 0.98705, 0.23284, 0.06311
0.30205, 0.30995, 0.21548, 0.48968, 0.77795, 0.65010, 1.79485, 0.01311, 0.06830, 0.00024
0.19681, 0.44648, 0.18901, 0.52691, 0.41857, 0.52270, 0.16193, 0.21341, 0.00399, 0.08021
0.04702, 0.39827, 0.08394, 0.03097, 0.50358, 0.39878, 0.04755, 0.13099, 0.88506, 1.97008
1.04252, 0.62209, 0.12709, 0.21357, 0.52477, 0.57069, 0.77832, 0.84186, 0.44772, 0.41088
0.27775, 0.26322, 0.18704, 0.31015, 0.00487, 0.17156, 0.59529, 0.18496, 0.14671, 5.47212
0.24089, 0.75762, 0.21287, 0.40017, 0.10674, 0.54739, 1.09873, 0.94552, 0.68317, 0.20076
0.45043, 0.05584, 0.25244, 0.04081, 0.13033, 0.85206, 0.23381, 0.08106, 0.21391, 0.18967
0.14294, 0.02624, 0.04019, 0.07243, 0.12401, 0.99852, 0.39378, 0.43713, 0.18884, 1.36971
0.22685, 0.38259, 0.25437, 0.19363, 0.02466, 0.21401, 0.54371, 0.44758, 0.03078, 0.02624
0.02730, 0.07130, 0.16533, 0.09055, 0.14914, 0.39316, 0.71311, 0.25420, 0.03880, 0.05397
0.91837, 0.75986, 0.15533, 0.00541, 0.39515, 0.94276, 0.06749, 0.71354, 1.28601, 0.17005
0.48730, 0.33371, 0.13989, 0.84870, 0.28054, 0.02087, 1.77170, 0.93386, 0.13326, 0.93700
0.14919, 0.12503, 0.07802, 0.00258, 0.20157, 0.46523, 0.49971, 0.26114, 0.04414, 0.29434
0.23584, 0.87577, 0.08415, 0.28744, 0.96299, 0.42361, 0.03222, 0.96826, 1.03092, 0.19687
0.35937, 0.35437, 0.10271, 0.40751, 0.23818, 3.08167, 1.01764, 0.24200, 3.56690, 0.54858
0.51783, 1.01954, 0.64740, 0.07662, 0.66369, 0.64305, 0.41413, 0.42464, 1.00708, 1.47442
0.23584, 0.82260, 0.17827, 0.15247, 2.80643, 0.75121, 0.37170, 1.38362, 0.06175, 1.64391
0.16976, 0.65734, 0.12368, 0.10690, 0.48833, 0.24995, 0.03710, 0.12819, 0.07559, 0.00863
0.08796, 0.45104, 0.16467, 0.16338, 0.56100, 0.84450, 0.00625, 0.41610, 0.07047, 0.18814
0.80146, 0.25010, 0.82819, 0.54415, 0.45711, 0.31461, 2.24534, 0.84395, 0.69429, 1.21814
0.24783, 0.24256, 0.37456, 0.17192, 0.04215, 0.32047, 0.49392, 0.56418, 0.09576, 0.00234
0.88552, 0.31464, 0.19141, 0.40195, 0.24022, 0.05773, 0.29288, 0.18735, 0.49221, 0.95451
0.24839, 0.07277, 0.45024, 0.51919, 0.47698, 0.01020, 0.41165, 0.11962, 2.28574, 1.25338
0.20913, 0.01663, 0.04089, 0.02678, 0.06890, 0.61015, 0.14096, 0.06765, 0.10816, 0.44828
0.38897, 0.40763, 0.16302, 0.00672, 0.02001, 0.10231, 0.23555, 1.00938, 0.17221, 0.40863
0.16455, 0.09608, 0.11876, 0.15219, 0.65942, 0.05926, 0.17586, 0.26833, 0.11482, 0.29069
0.32000, 0.07426, 0.04884, 1.03708, 0.96656, 0.88726, 1.12680, 0.13258, 2.24493, 0.01036
0.22300, 0.19752, 0.05274, 0.67063, 0.11510, 1.76572, 1.50624, 0.22582, 0.40629, 1.29694
0.13203, 1.02064, 0.05558, 0.00721, 0.35256, 0.17320, 0.15971, 0.29412, 0.32922, 0.12262
0.26520, 0.61350, 0.10043, 0.24771, 1.00509, 0.17780, 0.05037, 1.08194, 0.17848, 0.81632
1.25678, 0.47114, 0.21796, 0.08401, 0.62499, 0.17142, 1.27727, 0.29973, 0.62130, 0.52519
0.22135, 0.06702, 0.24383, 0.00562, 0.14749, 0.02819, 0.39546, 0.06496, 0.49258, 1.71799
0.02006, 0.16786, 0.34274, 0.21956, 4.55483, 2.10084, 0.03552, 1.15074, 0.95456, 0.27309
0.14442, 0.25687, 0.09815, 0.16586, 0.07679, 0.00342, 0.74625, 0.02221, 0.64168, 0.52844
0.28411, 0.25801, 0.02114, 0.24582, 0.13538, 0.15830, 0.87204, 0.76002, 0.73351, 0.00004
0.15993, 0.70806, 0.17660, 0.34676, 0.18765, 0.20635, 0.62610, 0.24462, 0.19719, 0.02086
0.17610, 0.50619, 0.22366, 0.45064, 0.42384, 0.34899, 0.09872, 0.15966, 0.03346, 0.41576
0.43101, 0.61164, 0.26417, 0.21550, 0.17917, 0.93341, 0.51874, 0.07360, 0.55911, 0.01099
0.03718, 0.11662, 0.23593, 0.08897, 0.01691, 0.28964, 0.79534, 0.03092, 0.63503, 0.00199
0.25532, 0.71727, 0.12351, 0.07754, 0.35944, 0.32354, 0.08296, 0.14015, 0.01450, 0.06747
0.38627, 0.20908, 0.19231, 0.14526, 1.73417, 1.42139, 0.18008, 1.93385, 1.38616, 0.00359
0.91749, 0.12146, 0.09492, 0.10986, 0.28568, 0.24846, 0.11784, 0.11512, 0.22794, 4.00563
0.16615, 0.65980, 1.11812, 1.22298, 0.19984, 0.56668, 0.34106, 0.26523, 0.23959, 2.45423
1.31374, 0.41774, 1.14688, 0.53109, 0.02068, 0.00149, 0.02002, 0.77355, 1.65041, 1.09442
1.07968, 0.37757, 0.43937, 0.40037, 1.49317, 0.01442, 0.80937, 1.43133, 2.21261, 0.09855
0.68635, 0.50863, 0.30173, 0.13679, 1.46473, 0.04657, 0.44033, 0.91215, 0.16575, 1.11606
0.21282, 0.03163, 0.04026, 0.57752, 0.04533, 0.87893, 0.32385, 0.30512, 0.26546, 1.83139
1.81845, 0.06015, 0.26297, 1.75858, 1.39986, 0.17318, 1.38896, 0.13645, 1.92415, 0.17375
0.35361, 0.66162, 0.07552, 0.00251, 0.41972, 0.00440, 0.22219, 0.07230, 0.47442, 0.08609
1.07487, 0.11398, 0.08902, 0.81056, 0.42087, 0.38472, 0.48409, 0.49082, 3.45191, 0.36085
0.62835, 0.01454, 0.02309, 0.61278, 0.22196, 0.27346, 0.45420, 0.04342, 0.93079, 1.64791
0.23152, 0.64398, 0.08033, 0.04017, 0.38516, 0.37626, 0.18029, 0.09573, 0.02678, 0.13743
0.06460, 0.01934, 0.70215, 1.07579, 0.69562, 0.09345, 0.59823, 0.67458, 1.84056, 0.06930
0.07724, 0.06644, 0.00364, 1.11006, 0.35120, 2.72421, 1.82383, 0.00527, 0.28493, 0.90571
0.42215, 0.03562, 0.08706, 0.26166, 0.00411, 0.05959, 0.31699, 0.06045, 0.71150, 0.16209
0.95262, 0.47564, 0.93236, 0.32688, 0.20873, 0.13990, 0.00503, 0.19335, 0.73206, 1.64521
0.36404, 1.38928, 0.17697, 0.45579, 1.39198, 2.85528, 0.66135, 1.44039, 0.66145, 0.00604
0.28450, 0.66522, 0.05207, 0.04003, 0.35230, 0.03239, 0.52733, 0.14998, 0.45801, 0.04479
0.81050, 0.44849, 0.25549, 0.27456, 0.02897, 0.02741, 0.02694, 0.59708, 0.37304, 2.30755
0.16324, 0.41091, 0.11933, 0.25220, 0.78320, 1.77633, 0.71726, 1.69169, 0.05019, 0.02381
0.06159, 0.06248, 0.43455, 0.37958, 0.82758, 0.23719, 0.05599, 0.64699, 1.02985, 0.45561
0.13448, 0.07865, 0.00752, 0.40336, 0.00013, 0.10139, 0.65425, 0.58155, 0.58552, 1.76477
0.11775, 0.25666, 0.85014, 0.92184, 0.11119, 1.98642, 0.09391, 0.63982, 0.09710, 0.08214
0.44423, 0.30192, 0.17214, 0.71431, 0.13915, 0.03403, 0.34020, 1.07712, 0.62722, 4.56280
0.09311, 0.70095, 0.08360, 0.00590, 0.41627, 0.89351, 0.44275, 0.26381, 0.35843, 0.22566
0.08311, 0.32664, 0.13174, 0.01617, 0.17786, 0.31716, 0.77012, 0.02188, 0.08092, 0.15595
0.64413, 0.57525, 0.57769, 0.07819, 1.49980, 0.35500, 0.13649, 0.68651, 1.65176, 0.00709
0.24086, 0.02474, 1.05860, 0.10097, 0.02645, 0.37689, 0.39444, 0.10292, 0.60743, 0.16059
0.60597, 1.29375, 1.04880, 0.34286, 0.56164, 0.60882, 0.98148, 1.00691, 0.52211, 0.68006
0.51440, 0.23679, 0.03557, 0.17244, 0.08713, 0.64361, 0.56618, 0.09970, 3.05002, 1.06666
0.62690, 0.02578, 0.14575, 1.28683, 0.66477, 0.14295, 1.54037, 0.24821, 0.48590, 0.26981
0.34404, 0.36591, 0.59334, 0.73673, 0.18361, 2.58897, 0.16759, 1.44477, 2.17008, 0.12485
0.25531, 0.04122, 0.01098, 0.14108, 0.06942, 0.05911, 0.43214, 0.26832, 0.13906, 0.44493
0.12085, 0.40253, 0.00853, 0.60709, 0.55877, 0.88501, 0.55364, 0.20922, 0.42134, 2.34537
0.45256, 0.75932, 0.07664, 0.23826, 0.46595, 1.50741, 0.58912, 0.07506, 0.67458, 0.90464
1.87257, 0.35955, 1.57711, 0.27775, 0.32541, 0.98758, 0.44324, 1.14619, 1.68155, 0.04500
0.10802, 0.32614, 0.19901, 0.32806, 0.27488, 0.36551, 0.17752, 0.06802, 0.07126, 0.00000
0.35182, 0.78889, 0.58566, 0.94347, 0.07306, 0.01864, 0.59230, 1.53610, 0.37613, 3.99378
0.23901, 0.09036, 0.56540, 0.12419, 0.05884, 0.10967, 0.25362, 0.02364, 1.12189, 0.10431
0.21075, 0.20498, 0.39421, 0.01504, 0.97283, 0.14091, 0.44771, 0.67266, 1.57333, 0.07955
0.05003, 0.04393, 0.38268, 0.09788, 0.19071, 0.46824, 0.15134, 0.12465, 0.12705, 1.38806
0.47943, 0.20980, 0.19384, 0.03027, 0.13374, 0.09581, 0.07108, 0.02204, 0.77520, 1.79535
0.30075, 0.11457, 0.68596, 0.13779, 0.29819, 1.45061, 1.22025, 0.63315, 0.41338, 1.76288
0.00593, 0.30088, 0.68568, 0.89051, 2.42987, 0.48090, 1.08468, 1.16595, 0.78910, 1.10596
0.14944, 0.06329, 0.01307, 0.01587, 0.27699, 0.21109, 0.04474, 0.15365, 0.11207, 0.18965
0.30900, 0.77377, 0.13498, 0.07511, 0.36505, 0.11849, 0.07827, 0.12145, 0.12766, 0.10022
0.38841, 0.02280, 0.32933, 0.01684, 0.87929, 0.15767, 0.46658, 0.10350, 0.15403, 2.00587
0.06626, 0.00127, 0.57879, 0.04870, 0.31166, 1.00890, 0.91126, 0.73587, 0.19518, 0.50964
0.03472, 0.01091, 0.22117, 0.06498, 0.27431, 0.00926, 0.06591, 0.23735, 0.78973, 0.78014
0.65444, 0.10036, 0.05486, 0.97518, 0.05044, 1.14364, 0.75871, 0.15443, 0.88817, 0.56006
0.00259, 0.28580, 0.58284, 0.41849, 0.50055, 1.28001, 1.27871, 1.14591, 0.36980, 0.55622
0.32248, 0.11533, 0.38797, 0.07544, 0.03152, 0.03313, 0.88134, 0.17464, 0.05499, 0.00021
0.47858, 0.17232, 0.08570, 0.10005, 0.39988, 2.56647, 0.04546, 1.37882, 0.26395, 1.90249
0.08343, 0.08652, 0.23852, 0.14167, 0.41005, 0.13332, 0.10575, 0.18510, 0.18620, 1.73140
0.05476, 0.06549, 0.43959, 0.09185, 0.11592, 0.35074, 0.01747, 0.46284, 0.43559, 1.30164
0.29986, 0.65093, 0.06669, 0.04379, 0.38195, 0.28136, 0.30353, 0.04290, 0.07999, 0.07815
0.13439, 0.03172, 0.07771, 0.06151, 0.45133, 0.39437, 0.22133, 0.01801, 0.79923, 0.01443
0.13410, 0.07452, 0.13091, 0.09153, 0.47494, 0.47643, 0.19362, 0.08872, 0.10798, 1.23624
0.06703, 0.31512, 0.55441, 0.11267, 0.99400, 0.42030, 1.10388, 0.84256, 0.57639, 0.03366
0.25070, 0.07765, 0.28846, 0.26101, 0.11068, 0.69823, 0.04145, 0.23231, 2.31731, 0.86512
0.22621, 0.09883, 0.00531, 0.02023, 0.40246, 0.89281, 0.18442, 0.10098, 0.45104, 8.23594
0.07559, 0.07921, 0.12482, 0.47048, 0.47164, 0.62277, 0.33233, 0.09908, 2.50521, 0.19835
0.00294, 0.09805, 0.15697, 0.20857, 0.16111, 0.03158, 0.26455, 0.05420, 0.00819, 0.00241
0.06407, 0.03053, 0.29376, 0.14882, 0.00611, 0.15506, 0.05717, 0.09044, 1.19948, 0.29330
0.35071, 0.31137, 0.27504, 1.00902, 1.40862, 1.52565, 0.40426, 2.74268, 0.03522, 0.28166
0.70592, 0.79596, 0.09788, 0.17188, 0.34954, 0.94313, 1.26197, 0.04047, 0.47779, 0.02191
0.43864, 0.05382, 0.09584, 0.58453, 0.81440, 0.20520, 1.12705, 0.14033, 0.58718, 0.00100
0.26588, 0.47596, 0.03943, 0.01276, 0.39984, 0.43112, 0.59202, 0.02504, 0.02148, 0.00150
0.62925, 0.29159, 0.38788, 0.00186, 0.16207, 0.09564, 0.24000, 0.16180, 0.52243, 1.20196
0.07970, 0.26156, 0.46613, 0.51047, 2.33512, 0.32436, 0.66261, 2.19345, 4.29530, 0.69354
0.93339, 0.06735, 0.05340, 0.67209, 0.01285, 0.49722, 0.29470, 0.00901, 1.70123, 0.07281
0.13386, 0.32339, 0.11106, 0.31955, 0.14526, 0.05069, 1.24976, 0.14960, 0.42278, 1.51350
0.04736, 0.43299, 0.14046, 0.17441, 0.04745, 0.02272, 0.36632, 0.18365, 0.04757, 0.02410
0.17059, 0.92831, 0.42562, 0.01834, 0.12501, 0.08533, 0.05146, 1.07839, 0.44793, 0.13427
1.51753, 0.07768, 0.19696, 0.12482, 0.30487, 4.47836, 0.45819, 1.00529, 1.93877, 0.81268
0.18939, 0.24695, 0.02460, 0.14553, 0.67414, 0.34623, 0.83279, 0.08106, 0.12679, 0.01574
