0.022879,0.578494,0.962072,-1.619899,-0.988072,-1.349173,-0.815649,0.474552,0.480163,0.518563
6.097898,-0.517072,-0.417563,-0.722991,-3.109955,2.047322,2.262636,-2.108314,2.771541,0.957798
2.586071,-1.010048,-1.800811,4.367961,-0.212561,0.573270,1.979582,-0.926121,-0.971477,-0.538135
0.453341,-2.003428,-3.393789,-2.295995,1.144298,-1.408764,-0.024883,1.110274,2.048463,-0.741301
0.881176,-1.018257,-0.232050,-1.208728,2.112904,-2.193548,-0.054304,1.195549,0.449729,-0.275831
-1.675981,-1.808527,0.639744,0.928611,0.504815,-2.355467,0.198876,0.427943,0.307021,1.595148
-0.072910,1.717563,2.119530,0.097365,-1.339523,1.808130,0.537324,1.719317,1.169594,-2.013558
-0.927601,-1.619973,-2.449884,0.532603,-0.317733,-1.682049,-1.220498,0.799342,0.782469,-0.188946
-2.172912,-1.291859,0.043579,1.895446,-0.208840,-0.320430,0.957959,0.302500,-0.463672,-0.054884
-0.017675,3.022550,-2.180501,-0.012818,-1.814319,-0.298542,-0.103111,2.855675,-0.059320,1.340064
6.368185,-0.423847,0.606257,0.930493,-2.221513,0.798164,3.922500,-0.492281,1.285829,0.943005
-2.006920,1.575011,0.545692,-1.835868,0.614071,-1.031661,-0.359747,-1.109550,-0.642210,-0.375188
-2.552319,-0.373848,-1.159477,-0.128966,-0.498060,-2.086891,1.035926,-1.543912,-0.739434,1.280047
-1.873042,1.366394,-0.903974,-0.155846,-0.571672,1.593051,2.398831,0.275477,0.193527,0.672001
4.705215,-0.095430,-2.251100,1.293287,-0.567037,-0.196046,1.622190,-1.767741,1.014277,-1.385078
1.419140,-0.842547,-2.110005,-1.528687,1.215551,-1.337846,-1.900363,-1.208406,-0.096024,-0.109532
-0.780229,-3.589043,-0.640642,2.887597,1.268914,0.767861,1.283482,0.787882,0.581768,0.886176
-2.248679,1.136763,-1.619188,-0.511088,-1.099418,-1.887820,0.195366,-0.743380,0.689061,0.799821
3.639800,2.549518,-0.875855,0.032966,-1.406677,-0.542851,-1.544422,2.848921,2.329504,0.046330
-3.359283,-2.872170,0.582407,0.639736,-0.853274,1.430278,-0.691658,-0.139026,1.403601,0.055392
1.264825,-1.868774,-3.033029,-2.495011,2.923278,0.165370,1.893818,2.008222,0.118731,0.695640
-3.087538,-0.639051,-0.913860,0.500516,-2.048608,-1.648384,0.582004,-0.524482,-1.071699,0.948884
-0.555254,3.138468,-0.061571,-0.915062,-2.668552,0.207240,1.866454,2.098770,-0.690697,-0.243733
-0.606964,-0.507979,0.088604,1.144235,0.745467,-3.314646,0.061924,-0.743375,-1.163891,0.902404
1.226300,0.169276,-0.386257,1.876928,-3.532671,1.280393,0.994478,-0.723523,-0.052516,1.606009
0.522601,-2.840929,-0.428622,-1.437767,3.009313,-1.090114,0.007601,-0.026596,-0.984022,1.301437
-2.140975,-0.929605,0.208202,2.870975,0.763891,0.197698,0.134567,0.310324,0.197856,0.170563
1.902825,4.192790,-0.563398,-0.546169,1.570363,0.180106,0.273518,-0.947600,-0.778815,1.828464
1.833605,0.036296,-0.097398,2.675988,2.218895,-2.135549,0.839620,-1.004683,0.755056,-2.383590
0.463101,-2.058309,-3.355448,-1.413286,1.278683,-2.371378,0.285601,0.211498,0.773462,0.148294
-0.495344,1.416278,-0.018981,1.850833,1.516571,2.030006,1.697987,-0.603368,1.185701,2.265306
0.866526,-1.388580,1.217543,0.507061,1.464221,-4.394875,0.179626,0.501802,0.264458,-0.841005
-1.319578,3.033121,0.036797,-1.411745,-1.684871,-1.186209,0.427537,0.692470,-0.907999,-0.592815
1.072592,1.484086,0.622510,3.937305,-1.299980,-0.639785,1.160379,-0.526227,-1.363476,-0.670046
-0.000685,-0.628350,2.267296,-2.759819,1.330950,0.538313,-0.783682,-2.288341,-1.290642,-0.010730
1.458734,-0.078899,3.080266,-1.223433,1.617185,1.220146,-0.563307,-1.976440,0.419392,-0.478240
-2.384797,-0.822059,-0.961324,-0.435691,0.506199,-0.038177,-0.216735,-0.791577,-0.937275,0.700560
-3.255352,-0.439861,-0.702515,0.545530,-1.991308,-1.130835,0.762776,-1.029878,-1.139037,0.444114
-2.794683,-2.867552,0.885990,0.152519,-0.319107,2.318042,-2.153660,0.055458,1.477849,0.347949
-3.562954,-1.577778,0.263654,0.526054,-1.924397,-1.188822,1.244269,-0.983861,-0.497833,-0.029106
-3.483342,-2.561245,0.792462,0.709511,-0.573747,1.956187,-0.820373,-0.150786,1.269478,0.161289
0.506223,3.205896,-1.820498,1.560126,2.298065,1.380718,0.060827,0.003719,1.270327,1.273125
0.507815,3.144385,1.825383,0.507218,1.297285,0.160544,-0.469783,-0.300585,-1.315381,-1.188552
0.334033,3.910934,2.573313,0.991904,0.080519,0.227575,-0.773768,-1.734348,-0.501651,-1.255870
-0.185111,1.100813,-0.909238,-3.016980,2.362793,1.316591,1.878505,-1.973230,0.163222,0.382637
1.378683,3.839555,-1.827862,-0.437875,2.994309,1.227235,-0.330386,1.402368,2.271829,0.377080
3.702504,1.743176,3.256606,3.235612,0.861687,-2.006466,1.436851,-1.315618,0.463740,0.738923
-3.788464,-2.033893,0.150440,0.611082,-1.477802,0.685842,0.042711,-0.689306,1.196681,-0.082968
-1.318465,-0.977390,1.896680,-0.901580,-0.698732,0.513332,-0.966738,1.687230,1.617184,-0.489408
0.156694,-1.776456,1.372768,-0.367247,2.118048,-3.772839,-0.027524,1.090377,0.730141,0.223183
-0.068367,0.836721,-1.765337,0.575460,1.061366,0.255405,4.488442,-0.295834,1.098270,-0.016265
0.858863,-1.384014,-0.242723,-2.644113,2.511733,1.005146,-1.136082,0.794210,-1.082138,0.830517
-1.004697,2.732111,-0.017714,-1.541793,-0.155002,-1.186581,-0.057238,-0.104880,-0.280031,-1.034254
1.028019,-1.622502,-4.076938,-1.537158,2.980048,-1.074402,1.949733,1.005541,2.827213,-0.237119
0.461789,4.234241,-0.390200,0.503549,2.055662,0.768400,-1.952974,-0.370074,-0.942688,0.311291
0.033594,3.097914,0.294410,-3.051451,0.475472,1.303417,3.888885,2.573481,0.119131,-0.730957
4.126617,-0.494573,5.125155,-0.819786,-2.223568,-1.652899,-0.925368,1.533107,1.033903,0.241120
-1.829508,0.932992,-0.235556,1.551412,-1.227124,-0.028746,2.653072,0.873609,-0.039047,-0.267232
-2.145628,1.754036,0.769341,-2.455565,0.890405,1.067100,1.624215,-1.067932,0.732735,-2.394998
-0.052042,3.109891,0.348997,-1.967370,-2.337531,1.140701,1.562003,0.331941,-1.645568,-0.413573
-2.597045,-1.663909,0.666678,0.986087,-0.195202,2.236904,-2.832268,0.231610,0.194660,0.626804
0.461281,2.121578,-2.884436,1.838442,-0.160553,0.425295,-1.612097,1.104993,-0.215680,-0.576906
1.191970,-0.670567,1.144215,-3.479302,3.147634,0.421122,-0.989782,-1.988039,-0.734714,1.825323
-3.277356,-2.416668,0.982245,0.717217,-0.226834,2.369366,-1.078019,-0.138346,1.082120,-0.043954
-0.849072,3.438978,1.654057,-1.190178,1.534460,0.625310,0.181177,-0.908927,-0.121749,-0.358660
-0.017310,-2.658633,-3.138651,0.934623,-0.931567,-0.439751,1.383897,1.042024,0.483112,-2.008637
-0.730268,-0.704739,2.766910,0.857785,0.712631,-2.772818,0.755514,1.576082,1.133075,1.225085
-1.754410,2.178974,0.416618,-2.103354,1.059209,-0.668171,-0.144557,-1.188600,-0.691418,-0.269622
3.139130,-2.289778,0.365461,-0.862707,0.572130,2.498914,2.064744,2.594238,-3.307623,-0.325362
-0.277912,-2.725803,-2.514838,0.019270,-0.680827,-1.657326,-0.781702,1.452331,-0.187800,-1.714345
-1.356267,1.819827,-2.196727,1.712269,-0.938530,0.509168,-0.630462,0.756020,0.906441,1.876378
-1.233196,-1.143100,-2.438352,0.552584,0.891680,1.016001,-0.010243,-0.510870,-0.254170,-0.247130
0.468760,-0.242015,-0.259207,3.109959,-2.321555,0.388258,1.033711,-0.350077,-1.680063,-0.115502
-3.706726,-1.399156,0.146737,0.615222,-2.346084,-0.515193,0.456504,-0.592877,0.086101,-0.212453
-0.786201,-2.291340,-3.388545,-0.520694,-1.074487,1.456276,0.533617,0.332180,0.194882,-0.776693
0.043454,-1.166626,-0.676442,-3.503412,0.448403,-1.555053,-1.964199,0.437011,-1.284028,0.692642
0.558970,3.201579,1.411105,-0.878582,-1.513487,1.075338,0.201860,-0.174283,0.596381,-0.463218
0.184089,-0.864515,2.953439,-3.501728,1.532354,0.949317,-1.684409,-1.522243,-0.406203,1.092188
-0.039392,2.003080,-2.032294,0.348241,-1.705364,-1.273107,-0.692965,2.044622,1.930938,-0.979363
5.015222,-0.988905,-1.911274,0.616615,-1.501935,1.407214,-1.038599,-2.303667,-0.676261,-1.089494
2.292731,-1.268453,-3.115450,-2.882513,0.134626,0.349767,1.197487,0.162689,2.492044,-1.536721
2.036363,2.567054,3.241933,1.941489,-0.415244,-1.022163,-0.523345,0.367625,-0.708174,-0.107460
-1.341546,-0.562612,0.091622,1.830993,-0.178447,-2.081548,-0.268998,-0.731396,-0.574129,-0.945599
3.278899,-2.471697,-3.823310,-2.298988,1.900651,3.345210,0.166433,1.643378,-0.363715,-0.973766
1.069125,-1.108647,-1.046762,-2.333229,2.658984,0.665652,-1.527385,-1.461640,-0.573824,1.456532
1.064243,-1.243362,-4.664463,0.188369,1.978767,-2.480669,1.277133,0.247193,2.260460,-1.870061
0.199069,3.604777,-1.533270,-1.545902,2.179485,-0.272263,0.349408,0.009418,-0.726418,0.140353
-0.267141,3.398272,1.133989,-0.629137,1.054266,-0.536856,-0.881919,-0.538240,-2.309716,-0.749474
2.939656,-1.612679,-2.626997,-0.967760,-1.659825,0.816847,0.515418,-1.286711,0.571809,-0.637487
0.153916,-2.049895,0.645137,3.042039,3.303664,1.355002,-0.789232,0.931441,0.890686,-0.487158
1.536917,1.795369,0.770890,0.465544,1.578234,-1.969359,-1.438014,0.168822,1.988209,1.769387
-0.784413,3.957597,-1.272694,-2.358102,-0.217238,0.452472,3.176183,1.919764,-0.359750,0.945716
2.902953,0.229579,2.642781,-2.663532,-3.601198,-0.515689,-1.043536,2.275031,2.016242,-0.068199
-0.072718,0.149725,0.033411,-5.376058,-0.437384,-1.120734,-0.412162,0.310808,1.242023,1.067986
1.760837,0.117576,-1.152723,-0.103531,-1.025633,-0.863839,-1.092284,-1.340376,-1.467452,-0.676099
4.893886,-2.167310,-2.671560,1.512970,-3.574324,1.825833,0.967712,-2.524873,-0.831463,1.002844
-0.244617,1.378066,-0.008844,0.844431,1.518462,-1.931809,-0.969942,0.169574,0.181266,2.216232
0.467928,3.125588,2.371087,0.895912,0.210960,1.196574,-0.867576,-1.990694,0.466007,-2.539607
2.398288,0.191756,-2.632533,0.286606,-1.145358,3.624453,-0.553061,0.947879,-1.088524,-0.716670
-0.250488,-0.074763,-1.448709,1.216312,0.470698,0.564347,-1.743294,-1.599917,-1.493291,-0.957805
2.991781,-0.084290,2.085320,-0.257342,-4.128590,0.321652,0.119513,-0.679984,0.907074,1.620402
-3.124140,-0.689090,-0.525490,0.356009,-1.560430,-1.856914,0.923208,-0.931812,-0.859543,1.033584
1.006102,-0.108992,1.286976,0.990816,0.357634,0.733493,-0.625961,2.620931,-2.233259,-0.326345
-3.329800,-2.616360,0.929802,0.509844,-0.233955,2.344519,-1.321743,-0.230091,1.329631,0.034247
-2.589401,0.607849,0.246400,-1.116655,0.741756,-0.832462,-0.863202,-0.710144,0.839197,-1.287981
0.953588,4.020018,1.188691,0.515141,-1.308422,-1.620822,-1.127698,-0.867244,-0.480429,0.542786
-0.359103,-0.280014,0.561886,2.235113,1.274997,-2.802204,-0.472775,-0.935379,-0.540095,-0.978003
-3.308975,-0.579655,-0.591759,0.648036,-2.266700,-1.339830,0.086999,-0.872727,-1.003273,0.599802
2.167711,2.883045,-2.360133,2.474117,3.369370,-0.341811,0.859337,0.272026,4.386795,-0.502963
4.938393,-1.256738,1.093871,-1.466179,-3.605265,0.173067,0.391004,-1.419931,0.684042,1.699628
0.877336,3.133345,-1.665191,0.556324,-0.401771,-2.654577,-1.386534,1.442514,0.676362,-0.112867
1.755518,0.658861,2.489676,1.829220,-1.346182,-0.550383,0.865751,-1.042727,-0.800106,0.160079
0.497738,-2.058989,3.092273,2.334442,3.106454,2.215422,-1.086608,1.368679,-1.097727,1.215758
0.935453,-1.204577,-2.020248,1.100746,-1.570301,0.716861,-0.993058,0.717019,0.200617,-2.436180
-1.205135,-0.834185,-0.392355,-0.822367,0.431316,0.938554,-1.782810,-0.794094,-2.196562,0.497781
-0.032211,4.439795,1.178488,-2.616645,1.385145,-0.089385,0.447207,-1.098973,0.167497,-0.695105
-1.160720,1.803506,0.706163,-1.950273,0.076829,2.012882,1.049850,-0.614694,-0.586820,-2.581791
-1.419864,2.033237,1.392929,-2.614006,-0.144643,0.817813,2.186636,-0.793475,0.074796,-1.721341
0.508241,3.543151,0.655545,1.427953,0.182079,0.504567,0.661491,-1.282295,-0.628220,-0.790321
0.850984,0.059553,-1.767453,-0.160360,1.772118,0.294073,0.677028,-2.192436,3.124726,2.114109
-3.478780,-1.498569,-0.428943,0.062070,-1.520548,-1.340800,1.365291,-1.075129,-0.054879,0.614587
0.820220,2.805928,-1.160604,0.225070,1.165898,-1.299716,-2.788204,0.005217,1.587920,-1.264298
1.031469,1.972917,0.773112,-2.365717,0.331927,1.345940,0.892458,-0.243893,-0.871149,-2.316084
-0.998233,0.273110,-0.350090,-1.637982,1.745563,1.796310,0.210986,-2.339285,-0.241805,0.357549
3.836963,0.471450,1.969026,-1.012506,-4.704096,0.116489,0.439294,-0.149730,1.419689,1.232898
-1.210600,1.112467,1.080786,-1.441939,0.494749,3.695224,1.052830,-0.351750,-1.585894,-1.270690
2.556500,-0.843710,3.777461,2.868653,0.706015,1.738391,-0.285020,1.642266,-2.909612,0.111942
2.377324,-1.073787,2.106597,3.029712,0.816632,2.152760,0.136404,1.868894,-2.101470,0.715083
-1.382859,-0.196500,1.347237,1.003522,1.444458,-3.320685,0.442573,-0.009593,-0.983268,0.080366
-3.407259,-0.484539,-0.633993,0.493837,-2.010866,-1.393550,0.730003,-0.547218,-0.924500,0.946200
6.906894,0.176131,4.291348,-0.961661,-1.305243,0.358252,1.376845,-0.809570,0.085177,0.860013
4.686774,-2.249896,-2.175892,1.596719,-3.385374,3.390060,1.677034,-0.750032,-0.501154,0.357562
-1.329973,2.034635,-1.724847,-0.578760,0.322234,-0.336758,-1.742456,0.427903,-0.655336,-0.329568
3.541064,-0.398749,4.027091,0.184918,1.331713,1.477153,0.982150,0.358915,-1.746957,1.599637
-3.038591,-0.404431,-0.150624,0.116191,-1.252375,-1.785757,1.463605,-0.946613,-1.141228,0.295391
-2.082371,1.301098,1.769480,0.442094,0.727136,-0.446431,-0.603446,-0.675888,-0.673298,-0.293135
-2.734446,-1.972858,1.170573,0.762921,0.361735,2.911024,-2.282877,0.329998,0.634906,1.013468
-0.207671,-2.311527,0.080244,-2.785059,-0.731618,-1.066323,-1.276751,-0.420208,-2.493449,2.029920
-3.886924,-1.251961,0.501789,0.061364,-0.714216,-0.105835,2.110750,-0.952301,0.347714,-0.244728
-0.768556,-0.294677,-0.425951,-2.034383,1.089619,1.200888,-0.047787,-1.009253,-1.200771,1.298576
5.779011,-0.803279,2.596874,-2.228851,-3.734903,-0.672077,-0.596817,-0.478110,0.122948,1.375033
0.043018,-2.925610,-2.365235,-0.827834,1.330256,0.100184,-0.564518,2.145168,-1.380386,0.193761
0.358892,4.207859,-0.498689,-0.826926,2.146079,-0.115744,-0.804768,-1.652811,-0.776196,-0.105607
0.567005,0.423560,0.375735,-2.648525,1.704767,1.140793,-0.835739,0.360287,-1.454321,0.919636
-1.953880,-1.289753,-0.094444,-1.732510,2.576608,-2.419262,3.028530,-0.374714,0.645057,1.356884
2.780912,-4.012100,0.568722,-0.426595,3.075056,2.830946,-0.064935,-0.259114,-0.121848,1.510049
-0.644947,0.435371,-0.585837,2.847628,-0.481238,-1.653054,-1.071821,-0.821860,-1.199954,-0.951625
-1.676522,-0.289419,1.363352,-1.831885,0.462681,0.465746,-0.311198,-0.695312,0.242098,0.699868
-2.495023,-0.517839,1.180673,1.240587,-2.262553,0.182248,0.137579,1.172395,0.404808,-0.120240
-0.799473,-1.685995,0.094855,-0.600417,0.962099,0.028159,0.801480,-0.958425,-1.771659,1.038989
-0.780090,-0.688131,2.152012,1.207345,0.315664,-3.525356,0.932568,1.227792,-0.210556,1.448528
2.724240,1.107013,0.907642,0.195570,1.280404,-0.650081,0.237029,1.111521,-1.916363,-0.597514
-2.346298,2.553433,-1.358965,-0.462433,-1.810524,0.391085,0.743637,1.399544,-0.606725,0.885914
1.769629,-1.875664,-3.114095,-1.408723,-0.619570,0.217994,-1.336370,-1.716687,-0.863816,-2.084305
4.034746,-0.192076,-1.438497,2.738353,-2.261016,1.499009,1.043551,-0.962366,-0.020993,-0.743597
-2.988560,-2.265770,0.947929,0.885394,0.430052,2.634253,-2.188788,0.049864,0.963173,0.669893
-1.227989,2.451795,1.097910,-0.446691,0.910056,-0.597368,-1.377478,-0.300949,-1.866638,-0.464926
-0.582329,-0.722683,-0.950480,1.520553,1.319242,0.966882,0.502616,1.854193,-1.718364,-0.166992
-2.897407,-2.627430,0.621255,0.818115,-0.646178,1.955715,-2.165317,0.272460,1.114162,0.963845
-3.869106,-1.622707,0.411349,-0.080868,-0.627020,1.671690,0.156143,-0.281697,1.299198,-0.604194
-0.104237,0.200964,-0.026019,1.719389,0.982799,-2.270310,0.338085,-1.194749,-1.923987,-0.429300
1.650787,-0.883463,-2.728766,2.183786,-2.120339,2.336413,0.350587,0.306750,-0.357104,-1.051566
-0.494684,-1.836714,-2.733365,0.697533,1.164309,0.147299,0.083868,0.677391,0.405948,-0.553332
-3.614863,-0.877744,-0.052695,-0.462755,-1.422601,-1.402949,2.148055,-1.190530,-0.071151,0.761290
-0.253922,4.274499,0.470737,-2.469903,-1.080272,0.552202,2.026654,1.495240,0.044237,-0.926568
-3.146826,-1.672872,-0.020654,0.893624,-1.434414,1.332036,-2.290089,-0.008168,0.452306,0.175413
-2.176186,-2.077736,2.239762,0.207870,1.520621,-1.455546,0.984720,0.405138,1.622749,2.321645
-0.855016,-0.499412,0.526619,-1.695204,-1.673400,-1.172330,-1.120020,2.076915,0.111074,-0.423074
-1.978956,1.500553,-0.424323,-1.423229,-0.796242,0.427664,1.030138,-1.509139,-0.534599,-0.783801
-1.150017,-1.330619,-1.001908,2.850575,1.577922,-0.459026,0.836820,0.166174,1.338523,-0.025249
-3.409171,-2.742551,0.482072,0.926562,-1.215054,1.006630,-0.861499,-0.263645,1.308097,0.441837
0.380672,-0.514564,-0.689344,-1.597637,4.042929,1.446257,0.393901,-0.888661,-0.657527,0.765357
0.018623,0.501736,1.056314,-0.076421,-0.507975,1.416122,1.336442,1.903755,-1.115521,-1.032297
0.899584,-1.683983,-0.606774,1.471865,3.372216,2.196701,3.690274,0.826830,0.612794,0.277407
1.319091,1.898371,-1.730164,2.894880,-1.748969,1.606189,-2.057403,-0.065183,0.770549,-1.927764
-0.780224,3.351374,-2.094024,-0.770685,-0.827119,-0.236217,1.074033,2.757065,-1.260974,1.642202
-1.505968,2.765241,0.911931,-1.540253,0.768394,-0.045649,-0.906916,-1.572704,-1.112485,-1.861601
2.017851,-0.377224,-0.343342,3.150826,-0.278161,-1.622322,-0.233323,-1.666435,-0.357375,-1.382513
-3.082045,-3.761071,1.368756,-0.083505,-0.219642,0.320435,0.552835,-0.630243,1.739645,0.052835
1.537886,-1.486514,-0.166851,-0.570969,-1.409410,0.409747,-0.263314,2.311590,-3.361128,-0.928430
-2.667967,-1.940728,0.715012,0.857068,-0.827556,2.171652,-2.573626,-0.121316,0.106249,0.293027
5.885335,-2.032740,3.903269,-1.495535,-1.841166,-1.959798,0.090312,-0.421076,0.066042,0.988681
-0.656623,-1.993961,-3.589888,-0.380227,0.565082,0.157188,-1.422391,0.676248,-0.106431,-0.757606
-0.062130,-1.259109,-1.006613,-1.226349,-1.627430,-2.193239,-2.362838,0.723737,-0.585567,-0.549392
-0.921234,-0.244205,0.371632,2.170609,-2.163093,-1.766792,-0.102706,0.145962,0.547962,0.629426
-0.553766,-0.214690,1.646823,1.541792,-0.714217,-0.038004,-1.802593,0.601900,-1.891523,0.415388
-1.411042,-1.792901,-0.732968,0.338357,-0.047788,2.305575,-0.184202,0.368387,-2.110434,-1.756794
-1.030837,-1.912395,2.439532,-2.284995,1.007163,2.282079,-0.297231,-0.908196,-0.411650,-0.264776
-0.100808,0.043236,0.526463,2.407805,0.760951,0.650388,-2.136250,0.769576,-0.762985,-0.221229
-2.260348,-0.833823,2.014505,1.732037,0.453226,-1.953929,0.797964,0.899781,0.126896,1.051625
1.619331,-1.496920,1.594840,0.130857,1.706551,-3.404255,-0.466492,-0.422602,1.951853,-0.189402
2.205946,-1.073195,1.922625,-1.306412,-1.291798,-1.915883,-0.811928,1.149057,-0.550361,-0.142748
-0.075240,-0.591603,3.370540,0.784640,0.451434,-0.531047,-0.702143,3.236723,1.609062,0.903798
0.957172,-1.207586,2.489578,1.071156,1.031528,1.668776,-1.843856,0.524442,-0.638196,0.593029
-2.853945,1.807226,0.016119,-1.001571,-0.296121,-1.155322,0.155974,0.298572,-0.169352,0.004912
-2.249397,0.920557,0.699175,-1.231052,0.018548,0.395706,0.106307,-0.916478,-1.323554,-1.761557
-2.087418,2.780764,0.037770,-1.948184,-0.223638,2.240537,3.149685,0.809604,-0.217746,-1.021659
4.870983,-0.724669,3.216374,-1.283143,-3.109871,-0.833895,-0.467784,1.866972,1.754046,0.274860
-0.426873,3.049936,2.178159,-0.307568,0.406486,-0.747834,-1.490224,0.212781,-0.959736,-2.257623
-3.742596,-1.993977,0.345225,0.822245,-1.987132,-0.344157,0.544963,-0.696760,0.517693,-0.465243
0.779910,3.648930,-0.165720,0.295403,1.543181,-0.825849,-1.334835,-0.273929,-2.065846,0.506665
2.131733,-1.538919,-2.787643,-0.690757,-1.625623,-0.698097,0.424993,-0.811677,-1.356557,-0.746787
-3.832952,-1.450161,0.168538,-0.196338,-1.460538,0.646703,1.010331,-0.613365,0.514491,-0.544995
1.098741,3.512494,0.256498,-0.130334,0.915054,2.019121,0.049241,-0.912173,-0.253010,-2.402390
-2.831233,0.927794,0.734753,-0.401502,-1.314095,1.998565,0.353337,-0.222190,0.340189,-1.023822
-2.193422,1.380359,1.579088,-0.587576,0.019055,-0.208453,-1.275725,0.549010,0.394712,-1.975960
-0.142468,2.548864,-1.604447,2.253255,-0.173137,1.070545,-2.808758,1.832248,0.466912,-0.802896
-2.039176,1.945837,1.242425,-1.767784,-0.912886,1.249557,1.312156,0.073110,-0.984632,-1.401234
-0.102618,3.910191,0.564129,-2.238248,1.751893,-0.598353,0.281372,-0.475554,0.214493,-0.384093
-3.331889,-0.551426,-0.429555,0.679774,-2.217116,-1.225316,0.620443,-0.712815,-1.373071,0.433559
6.458526,0.049339,-1.676584,-1.034744,-1.970939,0.316044,0.542056,-2.087037,2.303327,0.157702
1.889325,-1.243530,-3.173786,-1.433284,3.125845,1.226418,0.525413,-2.205400,0.850443,-1.310361
0.144200,-0.058032,0.739635,1.656438,2.675814,-3.651814,1.189349,-0.936344,-0.140946,-0.947315
2.368891,-2.543753,-1.526437,-0.776935,-0.157172,-2.069413,-0.784748,0.296760,-2.203687,-0.963633
-0.785781,1.657276,-2.499834,-2.031706,1.549586,-1.333316,0.067480,0.131587,0.224636,1.911928
0.223598,1.580826,3.185545,1.294373,-1.056700,-0.289868,0.046485,-0.857697,-0.378444,-1.589476
3.005508,-2.734022,-2.246641,0.692703,-3.709214,2.846152,0.806379,-0.264513,-0.187331,0.380345
-1.179980,2.232631,-2.560092,0.327068,1.622579,-0.191728,-1.036450,-0.878081,1.140551,2.252065
-0.844275,-0.928494,1.216203,-2.482981,0.941998,0.106223,-0.444797,-0.560235,-1.540197,1.230521
-0.680493,-1.180332,-1.066893,0.052315,0.149948,-0.954013,0.805127,-0.740904,-1.269667,-1.462875
-2.259658,2.476124,-0.734205,-1.179482,-0.395135,1.831176,2.326610,0.614190,-1.399669,-0.339446
-0.876735,1.226816,-0.276276,2.939516,0.950555,-0.241637,1.515958,-0.324144,1.672192,0.696083
0.684526,3.416544,1.684055,-2.355691,-2.206552,1.819687,2.328644,1.845514,0.180970,-1.189482
-0.838676,2.081474,1.503562,-1.736595,0.037905,3.740944,2.693171,0.680404,-0.509427,-1.505492
2.708731,0.294183,0.598495,0.380642,-3.337363,1.832524,2.471795,0.789596,1.526322,1.034701
-0.826264,1.356262,-0.376542,-0.753964,-1.447567,-0.990114,-1.470486,-1.416030,1.072256,0.622616
4.589700,-1.899929,1.052739,-1.918325,3.133773,0.208751,-0.087689,0.376586,2.169269,1.308337
-1.351996,0.779638,1.053084,-1.559635,0.329218,1.569054,-0.962905,-2.287108,-0.124919,-1.843147
-2.051037,1.857557,0.936845,-0.950341,1.622869,-1.544780,0.800780,-1.346207,-1.179972,-1.440447
-2.875232,-0.631034,-0.721335,0.483139,-1.731501,-1.809719,0.488995,-0.898652,-1.280408,0.471441
4.227330,-0.434426,-0.758822,-1.871869,-3.233418,1.140046,-0.944284,-3.185681,0.277960,0.567644
1.012977,-1.152510,-0.207042,0.752526,0.272823,-1.269879,-0.175227,-0.041113,-0.624417,0.583945
-0.650596,-1.845053,-3.396960,0.718218,1.477844,1.127430,2.988555,0.632718,1.675852,0.494322
-0.484493,1.748394,1.514403,-0.111974,-3.433620,0.905095,0.574502,1.393156,0.354988,-0.736975
5.111319,-0.116129,-1.079814,-2.283436,-3.600831,3.478241,-0.501474,-1.970929,0.940783,0.560082
-2.103533,0.009556,1.344517,-1.147488,0.773113,1.879340,-0.754854,-0.527566,0.747106,-1.349130
3.999790,-0.443462,1.584105,-2.578002,-2.343489,-1.542176,-0.773463,0.148125,-0.220260,0.111830
-3.524967,-2.972830,0.677461,0.691426,-0.264980,1.235037,-0.393175,-0.392753,1.749110,0.330885
-0.696682,2.952169,1.436150,-2.680605,1.326029,0.565726,-0.019049,-0.163480,1.774420,-1.299881
-1.971381,0.101977,2.194251,0.314398,-0.878143,-0.566873,-0.612428,0.591437,1.423864,-0.594208
-0.523461,0.909544,1.983273,-2.235514,0.875550,2.111346,0.406125,-0.485941,0.598193,-1.886340
-0.807177,2.927639,1.359705,-0.530848,2.311039,-0.645506,-1.408448,-0.264661,0.106176,-1.679818
2.826963,-1.361515,0.472564,0.993251,-0.400835,-0.723316,0.043474,3.008115,-0.190867,-2.187515
-0.583039,3.143686,-0.636280,-2.191794,-0.299513,0.373899,0.577038,0.448943,-0.271951,-0.877338
-2.724626,-0.032408,0.783824,0.412424,-0.386436,0.505507,-2.248563,-0.624439,0.399558,-1.742855
2.152316,-2.778040,-2.923692,-2.081218,-1.041691,-0.745439,0.455534,0.099281,0.889803,-2.125044
0.020039,-3.402243,-1.655035,1.461133,-0.485246,0.287973,-0.182651,0.129320,-0.157060,0.581094
0.728757,-2.675732,0.965704,-2.113467,0.842326,-1.615614,-0.356436,2.730558,-0.023083,0.594808
-0.778174,3.119529,0.059422,0.139118,0.611790,0.814504,-1.349055,-0.074734,0.137013,-1.134948
-1.990075,2.415859,1.187808,-1.491972,-1.609202,1.223574,1.062590,0.179749,-0.661442,-1.557893
2.803375,4.727103,0.272910,0.650369,2.633180,0.600592,-0.166712,-0.830319,0.271089,-0.151702
4.593650,-0.413853,2.302704,-2.490822,-0.716593,-1.831759,-0.686816,1.151794,0.481841,0.406896
-1.500197,-1.267893,-1.610333,-1.341043,1.555674,0.101598,-0.044786,-0.830107,0.330166,1.183647
2.407471,-1.326130,2.971364,1.653323,2.475713,1.855671,0.833655,0.043556,-2.202406,1.871218
-0.961153,-0.374548,2.705200,1.483742,1.510702,-1.321589,-1.182815,0.998392,1.247784,0.352288
-1.151841,1.005023,-1.636503,-0.070047,-1.503517,-0.916263,-1.694815,-1.044030,-0.619523,1.202558
-0.017482,2.252519,2.673584,0.166200,0.682757,-0.879934,-0.245678,0.658804,-0.197562,-0.738755
-2.850058,-1.684543,0.624840,1.094851,-0.359808,2.277587,-2.578063,0.019308,0.224099,0.596898
-0.085333,2.936691,-0.380376,-1.569038,-1.209752,0.375642,0.378097,-2.581705,0.060141,1.459131
-1.236122,-1.656233,-1.297946,-0.729679,-1.555874,-1.100392,-0.399420,1.569820,-1.856952,0.573293
-0.490055,2.211019,-1.512434,2.926632,-0.017890,1.217561,-2.167363,0.852419,-0.071114,-1.227728
-0.469450,-0.557761,1.016486,2.915341,1.440747,1.921119,-0.741768,0.709225,-1.595267,0.535747
1.110016,-0.237248,-1.656149,-0.595131,0.910299,-2.098931,0.806859,0.041673,0.311955,-0.074075
-1.643819,0.494146,2.021494,2.383194,-0.005032,1.269376,-0.943007,0.987254,-1.159607,0.995737
0.853627,-1.494708,-4.144106,-0.116161,1.156748,0.081198,3.239460,0.749161,2.486050,-1.129856
-1.490700,-1.110495,1.776860,-0.456858,-0.023133,0.916301,-0.045514,-0.025813,-1.678173,0.227755
-2.626807,0.488601,1.118996,-0.679582,-1.090086,1.189034,-0.211821,-0.210649,1.146584,-1.207096
-1.185100,-0.913185,2.119846,1.764057,1.380433,-2.742566,0.499887,1.232107,1.008775,1.070492
-1.329298,-2.491227,0.574028,-0.603098,1.265829,-1.674924,-0.059863,-0.949167,-0.958925,1.321602
0.947429,3.523147,-2.079191,2.215823,1.326693,0.684330,-2.813811,0.789397,0.227996,-0.577251
-3.531670,-1.896031,0.620885,0.380915,-1.909940,-0.562374,0.562338,-0.582282,0.895720,0.000611
-2.365768,-1.135944,0.315051,0.867965,-0.825042,1.405010,-3.263090,0.470344,0.324285,0.645009
-2.504927,2.535788,-0.196952,-1.175619,-0.959706,1.494963,1.769549,0.298347,-0.673152,0.079134
-2.440677,0.543355,0.658624,0.207499,1.473435,-2.703552,0.122401,0.102938,1.093500,0.477497
-0.093761,-1.288057,-2.620425,-1.562762,0.914939,0.395202,-2.626551,0.510889,-1.159654,0.154509
-3.769762,-1.397410,0.265223,0.859013,-1.978289,-0.309573,0.822945,-0.434271,0.083775,-0.166552
0.965124,-0.814554,2.574648,0.839166,1.112018,-3.300282,0.234152,1.812497,0.651767,-0.172610
-3.410692,-2.107625,0.203131,0.954280,-1.423930,1.290667,-1.308661,-0.180931,0.912965,0.061076
-2.378483,-0.926900,-0.076680,-0.147981,-1.478047,-1.128649,-0.712188,-0.794112,-0.512068,1.053656
0.778695,-2.030555,-2.918234,-0.932136,0.773051,0.957080,-2.182011,-0.088670,0.583845,-1.306983
-1.095330,3.057709,-2.313720,0.094013,-1.097468,0.405446,-0.189488,1.666233,-0.311809,1.325323
1.385168,-1.016994,-2.263641,0.016560,-0.820092,0.052598,-1.452073,-1.507149,-0.269098,-1.114280
-0.799322,-1.048905,-3.096026,0.073386,1.237443,0.565659,0.285836,0.459706,1.280756,0.498884
-3.781914,-1.467971,0.222713,0.731473,-2.032812,0.038274,0.563490,-0.494161,0.120623,-0.434147
-1.069828,-0.992080,3.290752,0.937907,0.586750,-1.270782,-0.503263,0.865401,1.451817,1.548925
-2.410050,0.191444,-2.358073,1.109980,-0.417096,-0.096047,0.042053,0.399688,1.328096,1.146777
-1.286816,2.183612,0.263521,-0.189224,-0.640609,-0.960003,-1.667579,-0.386804,-1.731256,-1.473961
-3.961643,-1.133542,0.229271,-0.067913,-0.695464,-0.679330,2.161789,-0.680409,0.285823,0.491238
-0.167572,0.038569,2.720981,1.243466,0.611601,1.652433,-0.825474,0.344384,-1.439197,0.130267
-0.515075,-1.339442,1.063052,0.222225,1.293565,-3.679263,-0.276397,0.469041,0.107447,1.320813
-1.012133,1.827517,-1.071536,2.445220,-0.194101,0.842968,-1.436799,2.106422,0.134926,0.994197
0.045233,-1.533001,2.287540,-1.066071,0.820603,-1.533296,-0.727675,0.615759,-0.418923,0.825402
-3.744132,-1.271725,-0.023415,0.707057,-2.101980,-0.805781,0.861059,-0.725024,-0.107005,0.313616
2.910092,1.882580,-1.608191,2.272961,1.738794,3.215855,0.986673,0.758886,2.403968,1.920211
3.579055,-0.461590,-0.596313,2.496545,1.185524,-2.355768,0.280237,-2.581313,0.286569,-1.994289
-1.517799,0.731458,1.460658,-0.279435,-2.180301,-0.828730,-1.130952,0.009356,-0.107500,-0.020873
1.896659,1.199171,-1.272245,3.059990,-1.183512,1.205351,1.289907,0.946011,0.282006,0.786098
-1.532250,2.053730,0.029919,0.724029,0.678593,-0.040603,-2.091313,-0.151539,-0.049904,0.705035
3.017286,-1.061687,-1.443802,-1.368873,-4.016086,2.010651,-1.033127,-2.461235,-0.539399,1.209439
0.238089,0.922381,0.487467,0.301267,1.554419,0.240076,0.387303,0.947444,-1.107749,0.199818
-1.026264,1.697741,1.044548,-2.080234,0.330193,3.040402,2.304386,0.343815,-1.590860,-1.180552
1.787266,0.028638,-3.420021,-0.370069,2.265128,1.760696,0.453233,-1.486868,1.210901,-1.400872
-1.538351,-2.357610,3.188125,-0.796968,1.203714,1.602851,-0.267131,-0.895334,-0.036543,0.069751
-1.932109,-0.069004,-1.727259,-0.328547,1.421467,-0.023017,0.173088,-0.576179,-0.972912,0.577695
4.963907,-0.212767,4.318907,-1.351001,-0.208517,-1.090470,-0.138532,2.004864,-0.358437,-0.546385
-2.548011,-2.142045,0.375528,-1.254404,0.471600,-0.204975,0.835816,-0.769270,0.338455,1.214497
0.595048,-1.572655,-1.164831,-1.931227,1.940555,2.101653,-0.351075,-0.266282,-0.722043,0.254168
4.282892,1.179831,-1.313914,0.471375,-0.200528,-0.307135,0.222736,-2.048630,1.315572,-0.923806
-0.079187,-1.424568,-0.733460,-2.500867,3.380497,0.092435,-0.015887,-0.179442,0.042865,1.555517
-1.291213,-1.938379,-3.279983,-0.196082,-0.404101,-0.944493,-0.753827,1.089860,0.194589,-0.388633
-0.220889,-1.025735,1.235294,-1.919569,1.675967,1.524556,-0.706858,-2.181479,-2.583328,-0.065324
-0.767065,-0.974027,1.898823,0.714390,0.160940,-2.275426,-0.799993,1.732416,1.325249,-0.410322
-0.339746,3.755299,-1.164924,-1.619808,-1.106822,0.020053,1.528609,2.286962,-1.318919,1.183447
-3.821015,-1.872023,0.503271,0.139373,-0.932808,1.304959,0.520184,-0.674165,1.058598,-0.466370
-1.255720,3.594039,0.550438,-0.369544,0.077914,0.436858,0.329906,-0.446846,-0.952011,0.087567
-3.548406,-1.474868,0.053719,0.190397,-1.149952,-1.666238,1.348100,-0.759892,0.517280,1.239059
1.112458,1.547616,2.087578,-4.110202,1.294145,0.417271,-0.000879,-1.230180,1.443996,1.100414
1.865884,-1.259983,2.410939,3.839251,2.457043,1.645948,-1.473279,0.466782,-1.894835,0.621672
-3.689950,-2.142285,0.943023,0.625777,-0.649391,1.703193,0.242192,-0.185711,1.055381,-0.473628
-1.013883,2.954283,-1.029490,1.762772,0.166712,1.211068,0.132598,-0.096016,1.140158,1.706699
-1.096542,3.588398,0.579148,0.004120,0.139758,0.478210,0.395881,-1.217659,-0.727607,0.712324
0.640773,-0.902491,0.009705,0.500730,1.509355,-0.421964,-0.480936,2.475537,-1.331755,-1.603552
-1.060615,3.617247,-0.100260,-1.863315,-0.897499,1.539496,2.858495,1.752639,-0.984787,-0.449850
-1.475671,2.181397,-2.459445,0.720263,0.706709,-0.049412,-0.500694,-0.528733,0.589293,2.445371
3.739417,1.699665,1.200885,3.401630,-0.029142,0.773800,1.939344,-0.458297,-1.588867,0.030325
-1.970597,1.767613,-0.528537,-1.342572,1.055750,0.479776,0.829720,-1.559996,0.066607,-1.258942
1.759871,1.666342,2.039140,-2.397037,1.987387,0.903326,-0.186963,-0.008391,1.837906,1.296576
0.297095,4.189321,-1.224855,0.116460,0.974252,1.266335,-1.201766,0.514225,-0.692039,0.250081
0.607719,-0.503113,3.818682,1.949717,0.752542,2.224806,-2.095683,0.942520,-0.301532,2.171104
0.487649,1.038068,1.461400,1.025922,-1.077307,-2.203758,-0.257144,0.913545,-0.573753,-0.311339
-3.732833,-2.158417,0.700275,0.307584,-1.699758,-0.285886,0.817330,-0.760022,0.831619,-0.408608
0.668746,2.938141,-1.387235,2.125420,0.734941,0.036735,0.188811,-0.521075,1.443623,2.057656
5.008188,-1.225077,3.343827,-1.685444,-2.955883,-1.091634,-0.477144,2.134754,2.910288,0.441192
-0.685501,-0.900489,1.524220,-1.485605,-1.270787,-0.497085,1.442191,-1.117893,0.344194,1.939321
-0.013928,0.328344,-0.418550,-3.242622,-0.784236,-0.662387,-1.053686,-2.358710,-1.588531,0.701710
-0.323063,3.230984,-1.561454,0.591670,2.020703,1.035253,-0.984697,-0.403738,-0.509651,1.357339
-2.890036,-3.133406,0.837251,0.430801,-0.340529,1.322253,-1.638321,0.143667,2.133553,0.662875
-0.332179,-2.510420,-1.488899,-1.088782,0.323234,0.504992,-1.486391,-0.094346,-1.181521,0.633155
-2.110058,-1.553518,1.936354,0.607604,1.709016,-2.077657,1.678128,1.094413,0.673741,0.421111
-1.963688,2.518314,-1.908145,-0.371872,-1.156091,-0.347436,0.821225,1.798252,-0.498872,1.674611
-1.796962,2.100122,0.107892,-2.481558,-0.761625,-1.854161,1.381490,-0.519553,0.736395,-0.031849
-0.856305,-2.501378,3.106576,-1.712778,0.703626,2.192578,-0.495584,-0.714462,0.622931,-0.176794
7.012693,-1.213537,-2.133905,-0.830314,-2.902416,1.735922,2.113341,-2.369257,1.563088,0.610420
4.306474,-2.163973,-2.272236,-0.293220,-3.945769,3.307436,-0.562594,-2.100656,-1.112467,0.790464
-2.198373,1.188512,-1.939083,-0.346932,-0.470139,-0.480835,0.111501,-0.649080,0.477984,0.876356
-0.359077,-1.135458,2.264191,-3.619260,1.992013,0.906915,-0.963835,-1.962794,0.561817,0.274247
1.208660,3.855488,1.977229,-1.473927,-2.740094,0.717442,1.110685,0.697862,-0.056229,-1.813210
-0.735963,-2.084285,-2.618251,1.274322,-0.090108,-0.049700,3.932693,-0.658493,-0.607360,0.002243
-0.604190,-1.365500,0.800588,2.296288,2.830170,0.323251,1.568952,1.094389,1.143434,-1.431469
-1.720179,2.962464,0.747835,-0.955019,0.580230,-0.473942,-0.503154,-0.247239,-0.609697,-0.286751
-1.251140,-0.817141,-2.262518,0.972286,0.473496,1.096882,-0.872219,-1.061609,-0.195236,-0.359158
1.223158,-2.173310,-1.634739,-0.657649,-0.443019,-2.010433,-0.698911,-0.261717,-2.498349,-1.350410
0.548968,-2.362047,-1.910929,-2.230680,0.088006,-0.225256,-1.388424,2.222870,-1.225403,-0.343060
-0.212266,1.884872,-2.899614,0.831001,1.515502,-1.163817,0.056757,0.651247,1.263676,2.253635
2.226820,-1.527690,-1.606416,1.358951,2.984269,0.469687,0.077688,-1.376557,-1.133516,-0.931620
3.554784,-1.184662,0.704642,-0.693757,-1.857761,-1.052303,-0.816756,-1.104822,-2.281569,0.024865
0.088102,-0.431610,0.971009,-3.928661,0.229352,-1.885512,-1.959632,1.305431,0.125910,0.206570
0.101346,3.486824,-1.414844,-0.841036,-2.201964,-0.414660,0.377743,2.279523,-0.299680,1.396065
3.762806,1.629235,3.227873,0.676178,-2.415688,1.179586,1.120079,0.251972,1.903015,1.406846
-3.065672,0.865374,-0.340423,-1.251840,-0.358673,-1.475040,0.076632,-1.094958,0.647096,-0.211971
-3.508570,0.214515,-0.442831,-0.654283,-0.615553,-1.385254,0.110966,0.551646,0.930099,0.854249
-0.986109,-2.661403,0.913630,3.094409,1.294346,1.728857,0.108952,0.988885,-0.238812,0.770761
1.185589,-0.563406,-3.888732,-2.577369,1.923622,-2.565499,1.779580,0.325943,1.653519,-0.807080
-0.383804,-3.058902,-0.440217,0.130740,0.523802,1.628769,0.015547,-0.828546,-0.815806,1.104521
-3.425316,-0.682271,-0.459500,0.843177,-2.537239,-0.883461,0.239497,-0.445893,-1.045844,0.179235
3.125859,0.660001,1.558476,1.590187,-4.021425,1.495354,1.321729,-0.442358,0.737075,2.048036
-0.973734,1.803071,0.658116,-2.126044,1.181263,2.066534,1.450153,-1.365118,-1.024770,-2.012032
1.460984,0.644897,1.289265,3.182452,1.413906,-2.255060,1.006771,-2.811440,-0.196353,-1.354500
0.384196,-2.877372,-0.552674,2.063761,3.042291,2.392503,3.515117,0.535571,-0.021760,1.492210
0.549360,-2.418419,-0.793153,-0.248652,2.460883,3.110992,0.730576,-0.732650,-0.110618,0.554248
3.639395,-0.874724,-1.552371,-1.272064,-3.565855,2.515614,-0.073751,-2.491117,-0.027131,1.248677
-2.793045,-2.776599,2.454769,-0.723565,1.851940,2.715969,0.161065,0.538706,1.524761,-0.140360
-3.363112,-1.975332,1.012970,-0.258351,0.695959,2.806246,-0.160416,-0.391598,0.789946,-0.555857
7.248437,-1.090175,0.851783,-0.147276,-2.665667,1.782146,3.414876,-0.466309,1.078191,2.007951
-3.531665,-1.780315,0.234681,-0.026776,-1.995477,-0.873224,1.416034,-0.697920,-0.033309,-0.107482
-3.241368,0.573583,-0.943322,-0.539514,-1.585867,0.063504,2.099054,-0.948278,0.165181,0.804911
-1.549493,2.340074,0.532042,-1.142248,-1.683516,1.591674,1.338553,0.881079,-1.556557,-0.868460
2.255692,-2.011352,0.664282,-3.168469,1.534484,1.150607,-0.315398,0.898447,-0.957072,1.862951
0.099937,2.515288,-1.390405,-1.181798,-0.691125,-1.743331,-0.485680,0.909178,-0.209754,0.630005
3.109766,3.667419,-0.492128,2.160770,0.400985,1.699621,-2.687660,0.600563,0.609845,0.450645
-1.974138,0.984408,1.310045,1.319228,-1.333890,-1.021189,-1.142246,-0.424805,0.801224,-1.030242
-2.093203,0.022082,1.236938,-0.262578,-0.428213,1.945605,-0.673092,-0.753876,-0.019954,0.159843
-1.259883,2.778564,-0.489629,-1.610365,-1.033896,1.610133,1.490474,-0.144707,-1.596379,-0.896065
1.565613,0.087808,-1.008508,-1.078709,-1.754123,-0.442720,-1.110093,-0.161858,-2.270422,0.901730
-1.031250,3.318211,-1.330540,0.143906,0.836501,0.395636,-1.139791,-0.557564,0.104205,1.910444
0.045421,2.232247,2.306609,-0.376179,1.539511,2.168502,2.369773,0.436835,-0.764660,0.380302
1.476413,1.629443,0.327234,3.429338,2.841830,-2.262942,0.719639,-1.945861,-0.861161,0.707366
3.880022,-1.849014,-3.311811,-2.391264,2.322258,1.833710,-1.727719,0.467510,-0.291442,-1.452490
1.041120,0.332495,1.860688,2.149306,0.235774,-3.893544,0.887005,-0.038557,-1.188272,-0.647253
-1.218665,-0.134962,-0.245384,2.349550,0.296520,-1.050624,-0.066874,-1.401381,-0.363976,-2.018796
5.135331,-1.787918,-1.442105,-0.450029,-3.635519,2.777412,0.769149,-1.657015,-1.095562,1.087800
-1.182115,0.923708,1.408738,-2.938625,0.289095,0.293853,0.963840,-2.162890,0.314719,-1.934082
-2.982067,-1.127441,-0.785999,-0.449744,-0.184120,-1.883104,2.269750,-0.810537,-0.644306,1.304691
-0.393163,-2.091417,1.162880,-2.376608,0.323183,-0.090804,-1.447370,2.783720,-0.274746,-0.085114
5.879962,-1.145799,-0.543614,-1.089787,-3.886133,1.577691,0.504410,-2.872335,1.147269,1.805192
7.327834,-0.646034,0.339799,-0.145796,-2.923666,1.839029,2.331467,-2.455502,2.055816,1.489343
-0.328280,1.428567,0.009613,-0.950265,-0.819083,-1.543387,-0.607515,-0.938925,-0.643126,1.308729
-0.633493,-0.529506,-2.669524,0.170193,-0.704927,-1.563616,-1.139670,-0.139908,-2.337790,-0.073596
2.940919,-1.483639,-0.960558,-0.325641,-3.273920,0.569958,-0.681205,-2.392296,-0.962375,-0.000782
-0.735748,-0.836696,-2.580515,-1.144312,1.228371,-1.940052,-0.142791,0.747859,0.080313,0.852417
-0.463696,0.972459,-4.046718,0.801633,-0.058481,0.748123,-0.274443,0.012336,1.918180,-1.295843
0.295206,-1.915435,-1.446085,1.657574,-1.110165,-1.316069,2.202939,-0.093123,0.130304,-1.288498
0.989553,1.920424,-0.470458,3.976691,-0.794373,0.862660,1.254143,-1.228738,-0.744827,0.789099
5.181131,1.178992,0.703422,4.315515,0.686698,-1.671591,2.971708,-1.628521,-0.344560,0.941626
-0.243744,3.782825,1.008006,-2.467258,-1.611431,0.687641,1.664396,1.048470,-0.534621,-1.327521
0.717520,1.896247,-1.561638,3.776865,-1.447188,0.917823,-1.153154,0.215604,-0.644677,-0.093609
-3.620219,-1.527017,0.231106,-0.941527,0.001197,-1.329444,2.580884,-1.333686,1.057518,0.704001
6.337479,-3.243978,1.987883,-1.900953,-1.455505,-0.561801,0.071953,0.627481,1.932660,-0.650772
0.016268,0.914882,-1.529097,3.141107,-0.710349,1.534458,-0.476568,1.505632,-0.818980,-0.003124
-4.137749,-1.081388,-0.041458,0.080049,-1.393457,-0.626868,1.275806,-0.764899,0.511450,0.344333
-1.183122,1.093263,1.246759,-0.909130,-1.122680,0.230707,-0.555101,-0.343225,-0.418790,-2.081358
0.005035,-1.254835,1.654312,2.823355,2.506469,1.856240,1.253619,2.020754,-0.855946,0.866707
-0.897599,-0.046864,1.134086,-2.513442,-1.351332,-1.840653,-1.404858,-0.773373,-0.685215,0.100379
-0.500302,1.625087,-1.230726,2.776301,-0.418260,2.286997,-1.340466,1.870396,0.433925,0.167141
0.432537,-2.042606,-3.016510,-1.635469,1.019113,0.018398,-2.646596,0.384009,-0.473230,-0.828038
-3.493567,-0.822658,-0.604259,-0.033350,-1.792441,-1.216164,1.334594,-1.241898,-0.522384,0.855879
0.725880,0.106701,3.094923,3.321416,1.878421,1.945014,-1.849098,1.087264,-1.801916,1.345421
-2.794110,-0.169087,-0.758197,0.881960,-2.161160,-1.488829,-0.104410,-0.489138,-1.652302,0.571060
0.737305,0.876632,2.614979,-1.877020,0.595492,0.191198,-0.980638,-2.939767,-0.435618,0.728016
-1.237744,0.275085,-1.590930,-1.397612,2.407393,0.263534,2.159590,-0.583440,0.427223,0.761118
-0.253626,0.119668,0.859771,-3.576753,-1.181491,-1.382584,-1.259599,0.052700,0.016209,0.196106
-0.200248,1.971978,-3.431874,2.355248,0.216726,0.851827,2.151354,0.434572,2.289539,0.544631
-0.800933,1.402884,-1.779447,0.175918,1.566754,0.295219,3.168427,0.813393,0.099630,3.183249
0.957580,-4.138239,0.175555,2.222746,1.284178,-2.205570,2.478388,0.349459,1.116939,0.288584
-0.500454,2.858042,-1.402218,-0.843126,0.234066,-1.110465,-1.685413,0.277583,0.465435,0.643488
-2.067650,0.377851,1.460269,-0.290772,-1.385009,-0.255838,-0.748534,0.793685,0.842252,-1.325416
-1.053415,-0.972108,1.702987,0.835740,-0.035171,-2.777753,0.201860,0.120596,-0.612466,1.404311
1.795743,3.956024,0.292867,1.763148,1.155459,1.873648,-1.153686,0.589728,0.609187,1.374030
-0.444249,-2.142567,2.405441,-2.834471,0.228152,1.429513,-0.912310,-1.033473,0.268594,-0.041508
0.498856,2.430579,1.996290,-0.332420,-0.821404,-2.275452,0.209357,-0.751291,0.518072,-2.416620
-0.893255,-1.922012,0.520511,3.327121,0.559069,1.910118,0.090215,1.105486,-1.274751,0.744405
1.031768,0.035834,-1.216886,-2.401957,0.436648,0.947927,-2.212141,-1.232221,-2.254110,0.281708
4.760911,-0.974493,2.105518,-2.214376,-0.940216,-2.209880,-1.190886,0.111895,-0.261880,-0.112635
-0.577470,3.417845,0.976418,-2.204877,-0.393343,-0.473584,0.156444,0.270321,0.678434,-2.149597
0.595074,2.378322,1.309372,0.364093,-0.007751,-0.221019,-0.074313,-0.050454,-0.101232,1.606256
0.317821,4.125464,1.546213,-2.273460,-1.467928,1.700235,1.869176,0.552513,0.481651,-1.985724
1.935261,-1.484563,3.995538,1.396611,2.067861,-2.777415,0.452141,-0.377506,1.619019,-0.486449
3.644268,-4.394531,-1.432995,-1.507266,3.358858,-0.202218,0.477505,2.951839,0.986799,-1.720231
-1.427917,1.211648,-0.256982,2.231861,-1.306424,0.916482,0.832629,0.514898,-0.421094,0.101392
-1.636805,1.820996,0.709617,0.614696,0.695365,1.377467,0.000900,-0.531353,0.154234,0.167680
-0.044463,0.962332,-0.185783,-3.326985,0.172031,0.130520,1.067049,0.205460,-0.650934,-1.192999
0.449749,2.336471,3.922255,0.050607,-1.125610,1.520416,-0.138567,-0.539848,1.416123,-1.013260
1.856565,-0.197296,-2.557748,-1.669745,-1.201652,-0.224667,-0.360488,-1.151193,0.772214,-0.492966
0.855814,-1.087201,-4.195922,1.898904,-0.704979,-0.583803,-0.799441,0.218434,0.592466,-2.324265
-0.517393,-1.473244,1.534262,1.030262,0.623803,1.923846,-0.654107,-0.565934,-1.789650,0.663637
-1.271040,1.087085,2.512487,1.573219,1.214527,0.263011,-2.855570,0.049381,0.219029,-0.685671
-2.339470,1.561622,1.091361,-1.093563,-0.916792,0.807802,0.716229,-0.774720,-0.054927,-2.175066
-0.695235,2.023204,-0.958500,0.867978,-0.448324,-1.109196,-2.137769,-0.077391,1.400145,0.820812
2.703231,-0.614780,1.997908,2.753324,0.788939,2.347272,-0.142452,0.733388,-2.729799,1.872093
-0.826629,3.435159,-0.073462,-0.175173,0.506160,0.862211,1.009939,0.667169,-0.199367,1.526557
-1.742162,2.020789,-0.509610,-0.002266,0.882672,-0.755482,-0.928492,-0.810242,-0.431405,1.707335
5.201455,-2.533998,2.777168,1.336005,0.432238,1.698991,1.757066,1.367495,-1.753639,2.240537
-0.069815,-0.938733,2.590452,3.181895,2.307626,2.096387,-0.344559,1.341724,-0.150370,0.652104
2.591529,0.015710,2.436630,2.060642,1.922899,-2.201017,1.618167,-0.610585,-1.750012,-0.224214
0.707504,0.271085,-0.074839,-2.839222,3.031511,1.235509,0.299987,-2.369362,-0.747933,0.850987
1.983330,-1.293770,-0.703799,-1.988765,0.589694,1.390952,-0.013823,1.327393,-3.048232,0.357877
-1.594160,1.028981,1.725644,-0.825997,0.352201,0.811282,-0.784273,-1.307094,-0.416773,-2.204415
2.180106,-2.368268,-1.849772,-1.336340,2.963603,1.503361,-1.794518,-0.561036,-0.131435,0.421661
7.475656,-1.627122,-0.892059,-2.485024,-3.433553,2.628386,1.196747,-2.160415,2.355867,0.463019
1.074308,-0.939150,-1.818324,1.159963,-3.792299,2.239340,-1.329454,-1.046167,-1.115641,0.805767
0.165362,2.860505,-3.401893,0.669516,0.165934,2.242282,1.037276,1.034853,-0.696369,1.458791
-3.179544,-1.283966,0.330105,0.117988,-1.147196,-1.899123,1.628590,-1.332637,-0.699080,0.140577
-2.789563,-0.884425,0.653520,1.056300,-2.036336,0.162228,-1.453061,0.466701,0.203189,-0.596044
0.121111,2.660860,-0.376153,1.257679,0.437085,-1.016215,-3.576000,-0.536674,-0.094974,-0.858378
-0.221977,2.711222,-2.992329,0.696051,0.525246,-0.126189,-0.845789,2.224149,1.597784,0.330269
-2.070540,2.818408,-1.486447,-0.742191,-0.406269,-0.154805,1.921526,1.700683,-1.108271,0.912038
-0.781551,-4.094588,-1.393907,1.738192,0.939645,-0.465575,2.475247,-0.320573,0.347541,0.619576
-2.232969,0.023085,-1.228755,-1.136918,0.898619,0.685395,3.518823,-0.250881,0.351173,0.833736
0.758195,1.110786,1.158820,3.496695,1.315553,-2.044016,0.100120,-1.374792,-0.868276,-1.278575
1.264207,3.443638,-1.958518,0.530495,2.317317,0.103940,-2.342944,0.853974,1.424082,0.397144
1.173303,3.792237,1.155444,-1.169132,0.949246,1.996430,1.148751,0.589851,-0.993762,1.954294
1.374676,3.014026,0.067500,1.000192,-0.762370,1.452922,0.009442,0.170421,-1.440041,1.774805
-0.362276,-1.880527,1.424287,-1.571268,3.505384,-0.857191,1.512051,2.580279,0.866626,-0.445116
-2.566854,0.939047,0.562763,-1.807408,-0.146909,-0.876340,-0.414956,-0.475303,0.291931,-1.190660
0.967616,3.588110,1.208163,1.593449,0.170385,0.824506,-0.216564,-1.435284,-1.035384,-1.526859
-0.650337,-1.300222,-3.513163,1.096184,2.851883,0.161598,3.079702,1.290165,1.047380,1.141848
2.104489,-3.141088,-1.774279,0.672251,-3.222040,2.159884,0.263201,-0.193604,-1.262592,-0.018920
0.840560,-0.653449,-1.085682,1.273499,-2.358121,-0.665796,-0.288075,0.167272,-0.771895,-1.428046
-0.361732,-0.010509,0.674440,-1.559580,1.052391,0.594428,0.403680,-1.649387,-2.598975,-0.549031
-1.973523,-1.655760,-0.858400,-0.247220,1.018395,-0.473165,0.611990,-0.508579,-0.465856,1.048503
-0.206093,2.375038,-2.458033,0.666471,0.007915,-0.733359,-1.859368,0.199330,-0.383987,0.776934
-0.339938,2.801154,-0.056864,-0.073785,0.831316,-0.651212,-1.005083,-0.669202,-1.028101,1.679999
-0.165361,2.334135,-3.324093,-0.054478,1.372920,-0.254150,-0.450604,1.186538,-0.203224,0.821336
1.542073,0.793739,-2.713656,2.894594,1.430715,-0.107122,1.447538,-1.915176,1.871081,-0.639004
-0.384448,-1.252184,1.693878,1.897749,0.247566,-1.951179,-0.597602,0.906692,1.747518,1.131528
-1.982690,1.079986,1.721277,1.359543,-0.206822,1.407926,-1.916563,-1.042967,-0.465186,-1.297197
3.860168,1.683900,0.767027,2.138827,3.337148,0.050782,2.291565,0.137746,1.261546,-1.474577
2.154207,2.631611,-2.000638,1.616868,1.725132,2.381974,-1.137895,0.525855,1.737988,1.420438
2.065975,-1.342616,-1.464477,-2.629346,1.374523,-0.022786,-2.028024,-0.202067,0.319768,0.303924
-0.200180,-0.142277,-0.229438,-1.544153,1.825794,0.024051,-0.885779,-2.478216,-0.868343,0.997187
0.455357,2.617564,-0.657517,2.894883,-1.003594,0.970339,-2.334312,0.596275,-0.543877,0.296906
-3.532087,-0.712650,-0.417647,0.303101,-1.691397,-1.232162,1.293087,-0.525594,-0.723018,0.807975
1.026299,-1.331128,-1.490858,-0.983920,1.967108,1.066744,-1.937315,-0.393648,-1.344040,1.187713
-2.198756,1.429108,-0.744428,0.722126,-0.036865,-0.868318,-1.932642,-0.307024,-0.077679,0.800400
-2.638665,-0.302203,1.030347,0.918270,-2.024822,-0.311596,-1.178207,0.175350,0.395251,-0.416310
-0.355020,-1.775308,-2.227669,0.339758,0.891662,1.762332,3.584112,0.956176,-1.280824,-0.940304
1.732397,2.846388,-0.775618,2.004927,-0.138780,-0.656289,-1.006693,-0.536351,-1.789084,0.933013
-2.925990,-2.338538,0.837860,0.599945,0.050280,2.766020,-2.294577,0.187911,1.038041,0.821202
2.184564,-0.378939,-4.528814,-0.912098,0.284727,-2.016634,1.007208,-0.252621,2.058189,-2.930004
5.498205,-1.447069,-1.823209,0.475054,-2.379870,1.730981,0.889919,-2.906361,-0.407184,0.327114
-3.368675,-1.928043,0.892665,0.280145,0.164033,2.920621,-1.071644,-0.278272,0.890838,-0.567165
-0.458431,1.795234,-3.106496,-0.037193,-0.613121,-1.924823,-0.228240,1.419133,0.931637,1.232867
1.529117,-0.353527,-2.398094,-2.133240,3.515725,-2.244734,3.287623,-0.424220,1.885973,-0.051300
-0.349960,-3.272536,-0.278021,-0.042967,0.864854,1.284120,-0.287665,-0.990059,-1.172274,1.733353
-0.006887,-0.392581,3.542828,1.771098,2.098984,-2.237088,-0.294946,0.179812,2.710750,-0.287814
-2.207731,2.580391,0.128479,-1.374240,-1.601202,1.589741,1.240009,0.481404,-0.341395,-0.956883
-3.460026,-1.164997,-0.474538,-0.034139,-1.193903,-1.517435,1.846797,-0.770597,-0.517326,0.810085
-3.834828,-1.247048,0.291861,0.240611,-1.930441,-0.974532,1.109784,-0.815490,0.377708,0.353746
2.249468,-0.354828,1.219384,-1.356751,2.365919,2.071977,0.692349,2.245731,0.299177,-0.480596
-2.261081,-1.192657,-2.515902,0.304317,-0.809557,0.452191,-0.723553,0.437997,-0.980278,0.359306
-3.688407,-2.558541,0.496284,0.697783,-0.761530,0.939718,-0.430425,-0.141771,2.223516,0.077620
0.941730,-1.167052,-2.778939,-1.888053,0.269266,-0.444705,-1.393618,-0.160271,0.822025,-0.409741
1.888045,4.356473,-1.144696,0.484609,3.234269,0.804348,-1.281553,0.172692,-0.014225,0.910068
-0.433821,1.684451,-1.330494,2.781109,-0.008875,1.180843,-2.240978,1.410773,1.100440,0.529287
-1.245906,-0.788511,-2.819394,-0.226756,0.299940,-0.190005,1.179918,0.555662,0.925496,-0.005624
1.270508,-0.011843,0.391683,3.554490,-0.613176,1.313080,0.806396,-0.531795,0.693543,-0.473511
6.309922,-0.338518,2.300725,-2.226911,0.026069,-0.932598,-0.398137,0.831541,-0.637532,-0.174014
4.860518,-2.802248,-0.943081,0.382363,0.218231,1.948282,4.420233,2.527323,1.526078,-0.603815
-3.765992,-1.788192,0.374695,0.700193,-1.852691,0.163031,0.569389,-0.546873,0.452300,-0.373034
-3.838101,-2.111901,0.660082,0.401144,-1.348663,0.088803,1.124088,-0.955172,0.756502,-0.233681
-0.980018,2.777547,1.870698,-0.445753,0.692881,-0.971344,-0.643915,-0.517554,-1.385638,-1.207121
0.921494,2.137083,-1.177868,2.437453,-1.421828,0.675086,-2.947369,0.767932,0.305554,-0.879232
-2.825568,-0.877175,1.391113,1.899355,-1.553972,1.386636,-0.102410,0.008920,0.818980,-0.375078
-0.903851,-0.532111,-0.604860,-0.670447,3.639990,-2.954692,3.049834,-0.661462,1.059983,1.722076
-2.015790,1.291250,0.525612,1.720895,-0.285305,-1.242849,-0.425838,0.075982,-1.694466,-1.007486
-2.729809,-0.481097,-0.940385,0.033631,-0.171231,-1.952492,1.667178,-0.981490,-0.282597,1.422232
-0.035101,1.393872,1.754833,-1.899517,-0.949753,-0.976037,-1.309046,-0.830891,0.755542,1.248428
0.680093,2.733949,-2.180672,0.751968,-1.572018,-0.399190,-0.341251,3.340068,0.811844,0.162204
-2.844930,1.527767,-0.868297,-0.708068,-1.715135,0.967912,1.293981,-0.058478,-0.543242,0.140315
-0.082240,0.462432,0.988572,2.018591,0.229117,-3.237253,0.652592,-0.107907,-2.117110,-0.666806
-0.566376,2.201337,1.498017,-0.484081,-1.454175,2.308184,-0.012206,-1.134563,-0.199874,-1.211809
-0.293025,2.580421,-3.238842,0.735298,-1.017055,0.694078,0.204896,2.138778,1.583116,1.498568
1.458174,-0.123716,3.342125,2.005104,-0.809040,0.946555,-1.568619,1.439840,-1.445826,-0.354801
-0.709442,0.039639,0.902020,1.310957,1.103961,0.059854,-0.742538,1.878560,-1.876919,-0.323667
2.163347,-3.378407,0.474251,-0.438235,-2.010584,0.205885,-1.222788,2.543807,-1.098920,-0.659490
-2.068283,2.023962,-0.771427,0.406643,0.414085,-0.103878,-1.476757,-0.200573,-0.330827,-0.218313
-0.637708,-2.441484,1.205924,3.119482,0.997512,-0.573771,1.949980,0.468704,0.569129,1.256999
4.064261,-0.197494,-1.530650,0.666026,-1.584456,0.048339,0.754179,-0.799104,-0.504671,-0.412674
1.349341,0.681348,-0.861520,-2.010918,-1.452537,-0.523326,-2.166462,-0.526001,0.357396,0.415037
-3.030695,-0.755613,0.352870,-0.303223,-0.534197,0.340868,-0.322500,0.201960,1.500273,-0.623560
-0.005051,3.494242,-3.246768,-0.433142,-0.276625,-0.122486,1.287059,3.427852,0.053919,2.045623
2.319664,-2.175277,0.959294,-0.121876,2.008981,2.884386,0.645808,0.180161,1.298576,1.899348
0.677454,2.540238,-2.836661,-0.070857,0.200905,0.175150,-2.326432,1.080966,-0.775524,0.014519
-0.076584,2.142964,0.031148,1.528473,2.653462,-0.445471,-1.180968,1.176637,-0.297465,0.106514
-1.278693,-1.437053,-0.464102,-0.594613,0.610045,0.166707,-0.846026,-0.271914,-1.799068,0.990370
1.569496,0.219679,-2.432689,-0.397202,3.705945,1.592058,0.022894,-0.362109,2.034096,0.892164
5.641930,-0.303830,-1.552991,-2.216796,-1.550038,1.554005,1.060891,-1.821731,3.051790,-0.738766
1.942646,-0.494960,-3.858500,-1.306594,3.013242,0.831518,0.261769,0.315374,2.176945,-2.010499
4.941430,-2.433161,-3.047065,-0.362372,-3.690400,3.816381,-0.447248,-2.157113,-0.466828,1.215672
1.059901,2.817386,-1.708505,1.476761,-0.895273,-1.124726,-2.456195,-0.228625,0.292543,0.351084
3.958727,-1.823371,-3.892855,-0.362478,-1.335272,1.889058,2.340931,-0.555843,1.695743,-1.183469
-3.746403,-1.317694,0.456747,0.643427,-0.945208,1.977489,-0.714041,-0.215968,0.654928,-0.622733
1.037101,-1.011918,-0.153887,-4.095886,1.122377,0.719985,-1.360059,1.551523,1.626775,0.197649
-0.855599,-0.405371,0.786897,2.138720,-0.039015,-2.089901,-0.704062,0.155025,2.616978,0.991175
0.444018,-0.947281,0.113488,0.438645,0.931404,2.718669,1.904419,-0.548284,-0.760130,0.793971
0.764627,-4.942758,-0.303157,-0.388370,1.910916,1.206061,-0.947180,0.377879,-0.043412,1.085952
0.906045,2.336492,1.605324,-1.068322,0.554257,0.564960,-0.647421,-0.433226,-0.642222,-0.672807
-1.626117,1.762558,1.209356,-0.450600,2.239525,-1.297503,-0.192418,-0.278439,0.666952,-0.402884
-3.498176,-2.866582,0.695669,0.885249,-0.312043,1.261347,-0.962432,-0.162333,1.908133,0.792988
-0.048308,-0.490445,1.467187,0.244878,0.435844,1.048000,-1.351100,-1.668852,-0.857269,-0.589710
1.502326,-1.809934,1.329650,0.348097,1.790031,-4.204983,-0.168693,-0.509243,1.107805,-0.770643
-1.822086,1.951386,-0.281568,-0.464944,1.157915,-1.778292,-1.129431,-0.172409,0.581478,1.790587
4.409690,-1.308462,-0.938306,0.146059,1.672632,-1.061760,1.769024,1.742706,1.156282,-1.778220
0.541507,1.701934,3.191881,2.343651,1.447145,-1.346771,1.158363,-0.608202,-0.786592,-1.069875
-2.670928,-0.386729,-0.228552,0.530397,-1.154697,-1.899777,1.307468,-1.314073,-1.408418,0.864258
1.232302,-2.764876,-3.195332,-1.510057,1.749429,0.387614,-2.168565,1.079338,1.100574,-0.265732
-2.470321,1.107011,-0.910772,-0.658942,-1.136542,-1.737469,-0.734783,0.456426,0.144317,0.076223
1.022451,0.110479,-0.149443,2.011093,1.146013,-3.230807,-0.269691,0.469369,-0.297406,-1.895092
-0.200367,-0.031923,2.837397,1.374851,1.426635,1.774531,-0.508099,1.403936,-0.202319,2.235011
-0.478642,-3.846673,-2.841103,1.153420,0.154118,0.085120,-0.117234,0.174238,-0.023804,-0.171278
1.253631,1.212536,0.545050,2.284110,2.739940,-2.129145,0.905305,-0.112396,-0.692531,-1.405014
-2.650945,-2.427437,0.798703,-1.388934,-0.473839,-1.799471,2.492454,-1.474746,0.927202,0.272484
-2.846653,1.953155,-0.518668,-0.917888,-0.614020,1.494372,2.613080,-0.020585,-0.344905,-0.376475
0.137510,-0.599836,1.388260,2.453864,0.184589,1.397546,-0.863906,0.440100,-2.386997,-0.363698
1.134377,-1.202075,-0.145579,-2.075081,3.448083,-2.259086,-0.083458,0.615229,-0.713723,1.230183
0.780131,-2.044578,0.258440,-3.563024,0.444737,0.171853,-1.243538,1.536279,-1.597250,0.704015
-2.112570,-1.638842,2.512576,-1.375555,-1.707785,0.163925,-0.261967,0.588488,0.478095,0.145174
-0.050963,2.874149,-0.786842,1.557634,2.105242,0.115833,-1.051015,0.655277,2.054857,1.289683
0.136985,3.936059,-0.210620,0.803029,0.583632,-1.355698,-0.230575,-0.601727,0.936873,1.706370
-1.806726,-0.560048,1.951118,0.172434,0.842778,0.800436,0.066736,-2.108309,-0.936093,-0.859554
-0.888277,1.705262,0.504128,0.664876,1.753168,-0.584119,-0.581757,-0.134767,-0.732109,0.861127
-3.841393,-1.327912,0.231323,0.673235,-1.570851,1.153134,0.002086,-0.298617,0.601503,-0.710615
-0.326173,-0.891041,0.870656,0.359019,1.687510,-3.992982,-0.391377,-0.809853,-0.015643,1.398558
0.163152,0.640677,2.265441,0.816320,1.124720,-2.661529,-0.125290,-1.594279,0.268473,2.176312
3.522876,-0.933847,-1.380906,-0.227043,-4.212065,2.304480,1.783531,-1.215333,0.802563,1.968523
-0.967998,0.720699,2.189293,1.882876,1.030533,-2.690441,0.729467,0.137866,-1.114968,-0.964899
2.066007,-1.492021,-1.914243,-3.876967,2.323233,-0.992524,0.580768,2.550576,0.380683,-1.142404
-0.381720,-1.230781,0.160905,-1.660192,-0.145367,-2.705586,-1.118984,-0.384653,-2.452857,0.421265
-1.659629,1.286440,1.666865,0.349046,-0.366636,0.440919,-2.075346,-0.471323,-0.047287,-2.746023
0.154714,1.458079,1.496387,2.018848,1.851678,-3.250092,1.214615,-0.515301,-1.328446,-0.774793
2.177321,4.230961,-0.965710,1.246406,2.266281,0.047289,-0.012617,-0.261366,1.057888,2.377117
2.846478,-0.031245,1.235914,-0.382627,-3.576333,0.289982,-1.932561,0.600633,-1.919767,0.354115
-3.067994,-0.703595,-0.748767,0.006614,-1.039004,-1.998054,1.360462,-0.480285,-1.130799,1.518743
-3.852078,-1.921179,0.370903,0.523481,-1.581541,-0.163422,1.305092,-0.861940,0.449361,-0.569806
-2.388398,-0.343022,1.553695,-2.120146,0.986059,1.048639,0.732731,-1.327044,1.506969,-0.964429
0.433925,2.024215,-1.615432,0.744026,-2.602923,-0.285731,-1.298785,2.543679,1.608048,-0.898486
0.462666,-0.610915,-1.133601,-1.390173,1.974751,0.985987,-0.681255,-1.216827,-1.662860,0.948790
-1.453851,1.969864,-2.004833,0.266413,-0.828435,-0.594101,-1.644423,0.664538,-0.172506,0.766901
-1.207158,-1.565768,-0.785249,2.996454,1.332437,0.236210,-0.871166,-0.016194,1.265409,0.650845
-0.120088,2.058516,-2.540641,0.715750,0.240178,-1.588277,-0.502074,0.698285,1.432859,0.593110
3.417188,-0.719530,3.591081,-0.922165,-3.583641,-1.002809,-1.097093,0.450689,1.534389,1.080748
-3.664336,-1.973547,0.240617,0.549172,-1.915652,-0.520195,0.645204,-0.822561,0.478869,-0.082695
-1.272233,3.258789,0.657555,-1.668012,-0.804368,-0.464825,1.706865,0.757349,-1.021060,-1.867420
-1.432397,1.878968,0.648355,-0.665983,-0.522198,2.990990,1.294178,0.786089,-1.497836,-1.596273
4.871264,-1.037110,3.553750,-3.188933,-0.073933,0.193870,0.526680,0.031584,3.329064,0.947396
1.727507,-2.052622,-2.336532,0.415385,-1.452347,-0.770537,-0.700637,0.598690,-1.868717,-0.454552
0.340812,-0.760564,-3.032119,-1.693874,1.245504,0.382669,-1.481861,-1.083283,-0.474193,0.120607
1.762964,1.019319,2.918380,3.539670,0.980109,-2.397870,0.903028,-1.538078,-0.105775,-0.342967
-3.277330,-2.527027,1.277105,-0.971642,0.547858,-0.936638,2.716082,-0.788679,1.197508,0.822499
-1.198353,1.843946,-0.597964,-0.815719,-1.494590,-0.066020,0.862947,0.290583,-1.647837,-1.059385
-2.363085,1.849572,-2.097026,-0.672422,-0.968618,0.215738,1.437101,0.282567,-0.926852,1.946405
-2.656149,1.201230,-0.610087,1.142738,-0.407378,-0.587623,0.453295,-0.570213,0.192583,1.572365
0.396364,0.925238,0.180007,2.364720,2.478293,-2.761358,0.485227,-1.420420,-0.587667,-1.714139
2.712021,-1.867164,3.571401,-0.815835,-0.479021,-1.529237,-1.427914,2.846970,1.469555,0.706955
0.595220,3.086042,-1.088469,1.565293,1.227758,0.573801,-1.923510,-0.141227,-0.872323,0.391006
2.051180,0.775719,-0.860483,-3.002120,1.189450,-1.686452,-0.884614,-1.144955,1.702009,0.609773
1.792954,3.596656,0.063151,-2.660113,-0.880919,1.850438,3.557327,1.829448,-0.675232,-0.318674
0.442580,2.771315,-1.955241,1.121899,0.341743,0.785469,-2.642498,2.055895,-0.115419,0.767494
1.296828,4.501209,0.784258,0.664373,1.255427,0.588047,-1.723754,-0.535535,-0.528004,-0.155929
-1.356848,1.466768,-0.576500,-0.164454,1.539201,-1.702843,-1.107533,-1.422511,1.883376,2.217674
2.249732,-3.094982,0.759953,-0.848366,0.052623,0.773671,0.715431,3.007060,-1.396683,1.375319
0.059792,1.918104,-0.674393,2.190660,0.223693,1.431022,-0.668624,0.366545,0.572759,1.921281
-1.097477,-1.126215,-0.681570,-0.470658,1.341361,1.092793,-0.871419,-1.757016,-2.131549,0.506222
1.728097,3.656188,-0.211195,2.365299,-0.618104,1.022961,-2.230784,0.473925,-0.493875,1.894799
0.430900,-1.417117,0.853646,1.814507,1.886696,3.025634,1.322945,0.488083,-2.023136,0.611263
-3.279026,-1.837419,0.285783,0.498130,-0.375923,2.295814,-2.025577,0.135653,1.297452,0.252372
0.541459,-2.229216,-2.128161,0.847618,1.546908,-2.965880,0.619688,1.455288,1.561546,-0.806490
-1.965545,0.336172,-2.885062,1.014627,-0.150288,0.141554,-1.012923,0.263180,0.633636,-0.972218
0.995430,3.572994,1.362816,0.806731,0.063533,1.230887,-0.914788,-1.231522,-0.436892,-2.462199
-0.572030,-1.354231,0.989040,-1.121074,1.298761,0.327549,-0.659052,-0.931347,-1.532326,0.817110
-2.167792,1.909000,0.076131,-1.461265,-1.503096,0.605121,0.776485,-1.164516,0.165848,-1.130555
-3.813320,-2.174310,1.048261,0.601331,-0.805584,1.139133,0.597919,-0.473446,1.149051,-0.229874
3.086433,-3.477919,-0.666287,-2.984792,-0.588644,-1.045575,-0.623131,-0.671930,-0.853275,-0.373924
0.322530,-3.025985,-0.571570,-0.217971,-0.382991,-1.522114,-0.680174,1.836873,0.327379,-0.129077
-1.848016,0.031293,1.570346,-0.321314,-1.273970,0.208470,-1.170794,1.316719,0.775923,-1.924949
0.156116,3.407413,-2.423307,0.033803,0.945874,0.774612,-1.744582,0.956244,-0.380790,0.093532
-2.788647,-0.025211,-0.892174,0.661719,-1.926852,-1.593401,-0.571922,-0.397495,-1.407183,1.016413
-1.282382,2.982301,-0.182781,-1.486693,-0.002978,-0.115840,0.321837,-1.221180,1.060411,-0.122244
-0.713641,2.993619,1.282160,-2.016305,-1.758652,0.592470,0.843839,0.319241,-1.344386,-1.334306
-1.645270,-2.849127,2.022823,-0.872403,1.253112,0.628521,0.117485,-0.816820,-0.480818,0.058624
-2.132666,2.353937,-1.653192,-1.747068,0.806217,-0.478908,0.665515,-0.489077,0.608142,1.045630
-1.197352,2.254302,0.551478,1.158013,-0.803771,1.393127,-1.084646,-1.040466,-1.092753,-0.868993
-0.616618,-1.978408,-3.662992,-0.391491,-0.396688,-1.218522,0.242734,0.533255,0.480899,-0.973391
-2.662316,-1.234567,1.079030,0.831083,-0.469256,-1.341371,0.029302,0.095942,-0.059046,1.446832
-1.251958,3.510096,-0.990772,-0.890323,0.404707,0.146948,1.968135,1.015687,0.445060,2.526407
-0.530151,1.807478,-2.508295,0.626850,1.628778,1.251860,-0.851839,0.464699,0.086801,0.413294
-1.368245,1.353121,0.012321,-0.736580,-3.035492,0.607709,0.152326,0.243669,-1.563533,-0.070335
-1.672050,1.918564,0.134823,1.096679,-0.448704,-1.784067,-1.616665,0.071858,-1.192017,0.024221
3.503756,-1.517474,-1.512511,-0.242286,-3.304190,1.508119,1.849683,-1.426183,1.008335,1.397933
-2.648147,-2.386097,1.313890,0.510848,0.721245,2.900088,-2.629400,0.298678,1.200283,0.620634
-0.185837,3.306991,0.588930,-0.824810,0.924092,-0.116005,-1.977659,-0.521766,-0.226204,-1.384042
0.647940,-0.046894,3.257034,1.530885,1.027753,-3.969344,1.308252,1.579125,0.872663,0.274949
-0.490335,0.965265,0.097073,0.198469,-1.524650,-0.319247,-2.214262,-2.123755,-0.963982,1.333493
-4.062707,-1.840216,0.434108,-0.288200,-1.033609,-0.296036,1.656243,-0.864575,1.301756,-0.012548
0.343535,-0.175402,-0.750998,-1.899674,-0.766110,-2.493076,-1.745486,-0.105043,-1.343098,-0.680541
-0.551755,-3.363670,-2.028278,-0.259305,0.797865,-1.198455,0.921367,2.455350,-0.141298,-0.168473
-3.585752,-0.628688,-0.343290,0.573451,-2.489628,-0.916421,0.670270,-0.638081,-0.685032,0.160231
1.574302,0.045303,-2.299413,1.181646,-2.654008,0.571355,1.782567,-0.607478,1.198584,-0.702409
3.627411,-0.339843,0.369132,3.135970,1.005115,-0.897119,2.615680,-0.755926,-2.089786,1.041008
0.097076,-2.501095,-1.515998,-0.720898,-0.824468,-0.710332,-0.609468,2.767951,-1.175142,-1.231007
-0.221192,-1.481409,2.059947,-2.261573,-0.647967,-1.415195,0.586582,1.815428,-1.195093,-0.218108
0.719519,-1.064238,1.147836,-3.991341,0.548448,-1.027959,0.450774,-2.756658,0.669173,0.979795
-0.955858,-0.567572,-3.001664,0.119422,0.952551,-1.082864,1.732996,-1.289901,1.311714,0.278713
-0.948836,2.150405,1.198898,-1.165513,-0.201861,0.552294,-0.989388,-0.878370,-0.996061,-1.814774
-3.428629,-2.342315,0.374127,0.413672,-1.556478,-0.307525,1.542140,-1.094430,0.164900,-0.359118
-3.085847,-0.590455,-0.766252,0.725289,-1.605564,-1.550177,0.492081,-0.762689,-1.354844,0.968119
0.324795,1.037471,-2.729988,2.677370,-0.564116,-0.023396,-1.219319,0.440283,1.818005,-1.313346
1.881899,-2.308643,-3.765703,0.888129,-0.682655,-0.543013,0.947332,0.310683,-0.837740,-2.402114
-0.998131,-1.566546,-1.714395,-2.655482,-0.314659,-0.960633,-0.017817,0.558524,-0.300973,1.169013
-0.517683,-1.680928,0.997747,-1.678640,1.535833,1.109339,-1.416717,0.753862,-1.988401,1.012971
0.325371,-0.138150,2.634713,2.248197,-0.575772,-1.293244,-0.364141,-0.407629,0.975720,0.086905
0.154621,-2.647889,-0.169331,2.626093,2.220994,1.537571,-0.648259,-0.212509,0.098100,1.590860
-1.179989,-1.287980,0.782668,1.528336,1.452015,1.577300,0.584614,1.207746,-1.559097,0.167516
-3.283300,-2.027944,0.451889,1.450988,-1.407370,1.338504,-1.176377,-0.185387,0.554743,0.306471
5.121113,-1.485039,-2.657169,0.854812,-2.963778,3.312037,0.281057,-1.883347,0.298570,0.318280
0.357264,-2.097052,1.307872,3.736423,2.078578,2.231645,1.866962,1.637119,-0.413077,1.243572
-3.412652,-2.857233,0.746764,0.057028,-0.208692,1.910231,-0.840649,-0.558255,1.760978,0.211572
-3.897598,-1.464170,0.951797,-0.897700,0.451270,1.707779,1.486449,-0.160192,1.445698,-0.515879
5.295609,-1.040868,0.364709,-0.816070,-3.325899,0.339039,0.173079,-1.863953,-0.596698,0.516561
-0.893626,1.589687,3.514434,-0.471584,1.401688,0.358690,-0.824382,-1.380924,1.165539,-2.197238
0.349149,-1.513129,-3.622518,-0.787070,0.101137,-1.088110,-0.610651,0.207059,1.305023,-1.075050
4.045524,0.318042,-3.039376,0.333392,0.846908,0.220493,0.769276,-0.229311,0.354077,-1.477535
-3.410059,-1.376531,-0.319512,0.481964,-1.941263,-1.038853,0.976141,-1.252244,-0.394022,-0.172074
-3.494664,-3.103929,1.051177,0.753483,-0.709753,0.385679,0.547319,-0.606248,1.805826,0.268568
-0.033918,0.625951,0.439975,0.979346,0.758981,0.547585,0.129960,-3.079118,-0.379069,0.075783
5.304079,0.105692,2.459605,-0.275766,-1.503067,-0.880940,-0.049280,0.730950,-1.458416,0.160093
-3.703638,-2.210835,0.429715,0.304113,-1.526321,-0.006807,1.117699,-1.016560,0.757109,-0.291669
-0.419508,0.311450,-0.235157,4.252079,-0.482122,0.354062,0.138277,-0.546157,0.228108,-0.634276
-1.515440,1.841162,-0.254507,1.075598,0.570738,-0.475443,-1.875650,0.101987,-0.042301,1.380886
0.266072,-1.367585,3.086230,0.978136,2.239596,-3.055662,0.380585,0.955222,0.961669,1.162050
-0.881691,-1.174570,0.469278,-1.401400,-0.254349,1.707368,1.294197,-0.946476,0.641680,0.625774
0.291955,-2.853782,-0.811220,-0.868425,0.517621,-0.055988,-2.090967,2.048726,-1.437889,-0.478161
0.612822,-0.760648,-0.714506,1.838989,0.848834,-2.793602,-0.592422,-1.406214,-0.640534,-2.122631
3.210316,0.017336,-0.021675,-2.758286,0.119097,-1.305231,-0.547220,0.945870,1.201095,0.582677
-0.107647,3.826981,-3.025169,-0.640136,-0.172222,1.312917,1.134756,1.650222,-0.310555,2.323166
-3.803414,-1.294438,-0.061408,0.423439,-1.720841,-0.180155,1.056635,-0.658584,-0.014460,-0.057328
1.467309,4.030207,-1.354614,-1.194476,-1.593568,-0.402681,0.452190,3.492205,0.990719,1.244083
2.988612,-1.203676,-4.564043,0.019537,0.046665,1.192756,-1.269192,-1.773715,1.278086,-2.460282
-2.318745,0.987726,0.197977,-0.685522,-0.043461,-0.535565,1.438758,0.128369,1.376067,0.066458
-0.894641,-1.867425,-4.426503,-0.092086,0.649425,-0.668480,0.744651,-0.004081,0.804012,-0.190586
2.980894,-0.762424,-1.905900,0.968984,-2.921004,2.602871,0.483099,-0.866128,0.284690,-0.124676
2.690378,-1.133605,3.977846,-1.588276,-1.206907,-0.428405,-1.379169,2.319396,0.070081,-0.429683
0.595956,1.718174,-0.775767,-0.915087,1.315009,1.093002,0.171280,-2.258212,-1.313195,0.917685
-2.732376,0.415805,0.774980,-1.176811,0.459549,0.085728,-0.515546,-1.546615,1.368907,-1.372090
-2.759157,1.178542,-1.577351,-0.295785,0.376613,-0.105950,2.413986,-0.183588,0.645438,1.648616
-0.358224,-1.895170,-4.111626,-1.825529,1.348801,1.008094,-0.993856,0.794898,0.101354,-1.503303
0.068951,-2.742508,0.800489,2.451925,3.191124,1.063273,0.513767,1.754375,0.485360,-0.542405
3.921994,-1.552790,-0.935706,-0.215668,-2.916402,0.394437,-1.012283,-2.727583,-1.282402,-0.185081
0.149681,-0.258959,1.455396,0.235280,-0.500698,-1.875252,-0.274349,2.144819,-1.520355,-0.435587
0.012435,-1.433470,-1.850728,-1.421929,2.883248,-1.139270,0.790764,0.579910,0.301629,0.873378
1.510491,-1.723960,3.481690,-0.772167,0.841245,-1.765583,0.286878,-0.071261,-0.735456,0.210143
-2.134652,1.208969,-1.975773,1.503559,-0.175348,-0.174146,0.360535,0.048263,0.702871,1.115731
0.527824,-1.620339,-3.342523,-1.320414,0.111769,-2.507870,0.356742,-0.572537,0.208545,-1.792132
1.883923,1.101397,1.617753,3.087586,2.948275,-1.923352,1.262352,-1.536201,-0.305822,-1.472726
0.211726,3.459504,-1.542614,0.674348,-0.487515,-0.105504,0.702135,1.723893,0.694418,1.651816
0.631072,2.226673,-1.758579,2.268840,1.036514,2.394775,0.215831,1.666072,0.508246,1.670701
-1.181355,-1.159578,0.138061,-0.891258,0.027406,0.307193,-0.984658,-1.489253,-2.084689,0.588355
-2.673038,2.062070,0.377486,-1.325247,-1.046436,1.719213,1.950953,0.614708,0.107668,-1.452275
-1.711871,-1.043674,2.134120,1.515649,0.786518,-1.922378,0.283861,0.518153,-0.180141,0.175357
2.122353,2.746789,-1.142542,2.033135,-1.483793,-0.045255,-2.025908,1.075760,0.209636,-0.051285
1.308936,-0.237971,-0.671204,1.482182,1.975415,0.684920,0.191196,-2.126678,-2.152864,0.479112
1.780153,-2.941451,2.193511,-0.917285,0.955886,0.604949,0.336426,2.980622,-1.167883,0.769917
0.353347,-2.660184,-1.440413,-0.875538,3.411156,3.922563,2.354074,-1.498934,-0.189600,0.393126
0.290074,-1.355497,2.907059,2.767978,2.005664,1.977697,0.051320,1.985487,-2.161705,0.091986
-0.957962,3.115872,0.514624,-1.355828,0.642208,1.392294,-0.305100,-0.876938,-1.894850,-1.660230
-1.473082,-0.369011,-2.122889,-1.933721,-0.398321,-0.714754,1.333011,-0.910722,-1.516632,2.224360
-3.620066,-2.241608,0.559727,0.570705,-1.473111,-0.403459,1.173731,-1.209884,0.403563,-0.384694
-3.562742,-1.559508,-0.116895,1.297796,-2.080960,0.492886,-0.786319,-0.392007,0.178878,-0.137599
-0.846060,1.448492,-1.553178,-0.830403,1.581794,-3.009106,-0.785437,-0.949596,2.462757,1.712640
1.135266,2.939048,2.286678,-2.522645,-1.146678,1.479906,0.568083,-0.697829,-0.606217,-2.137473
-3.432170,-3.001297,1.345397,-0.629773,0.230585,2.095204,-0.629221,-0.189288,2.367167,-0.352114
1.010148,-1.581581,-2.122325,-2.779782,0.280245,-0.434931,-0.356264,-0.953625,0.864733,0.137373
-3.450502,-2.930180,0.661550,0.649811,-1.151109,0.523643,-0.489947,-0.181155,1.688761,0.129812
1.064613,-2.973448,-1.505224,-2.272820,2.252432,-0.302743,-0.669450,0.213931,0.221582,1.361311
-0.218401,-0.264824,2.141291,1.017248,2.233801,-3.946213,1.193364,0.329381,-0.301347,0.875591
-1.095296,-1.265138,-2.546206,-0.320043,0.178580,-1.404054,0.112676,0.646012,0.726101,0.336803
0.796294,3.144639,-0.398321,-0.512375,-3.651546,-0.388284,-0.103536,1.586882,0.253429,0.706750
-2.132413,-1.426783,-1.035729,-0.795202,-1.390859,-1.247925,2.021114,-1.927858,-0.289599,-0.000300
-2.027662,1.093578,-1.292763,0.184407,0.162136,-0.073096,1.500620,-0.886253,-0.523313,1.264218
1.147479,1.843724,-1.238491,0.483786,-0.661526,-1.602828,-1.781144,-0.923781,-0.440070,1.038853
-1.811100,2.062876,0.958648,-1.133847,1.113923,-0.354703,-0.437907,-0.684988,-0.591247,-0.561381
1.459915,-0.996708,0.285458,-3.115821,0.881379,0.564634,-0.776496,2.093462,-0.739990,-0.616406
-3.956300,-2.138873,0.767788,-0.030376,-0.597024,0.767193,1.072581,-0.513880,1.340920,-0.123489
-1.298829,-0.300943,-0.034850,-1.038815,1.399556,0.345096,-0.576920,-2.524809,-0.546979,0.680309
-0.280187,-2.042379,1.107180,2.954203,1.850655,2.310467,0.443382,2.043405,0.051037,0.036588
-0.822532,-0.006937,-0.455690,-0.800742,1.835482,0.173160,-0.016814,-1.610366,-2.104445,0.011795
-0.597307,2.805290,-2.245647,0.543207,-1.121820,0.348955,-0.338208,3.243810,-0.089317,0.803396
-3.374294,-0.645183,-0.555022,0.139847,-1.004416,-1.678485,1.463951,-0.657962,-0.657340,1.421734
-2.685552,-0.240326,-0.882581,0.275688,-0.260851,-1.774926,1.120985,-1.334004,-0.913760,1.231535
0.935906,-1.111331,-1.568818,-0.706684,2.732076,2.141694,-1.132625,-1.607203,-1.233776,0.228689
0.470104,0.176509,1.784413,2.172318,3.679376,-3.430096,0.477385,-0.409234,-0.087228,-0.830246
1.271909,1.195929,-2.342912,3.056618,0.070044,1.982430,-1.353111,0.409238,0.805974,-0.447072
-3.881044,-1.990562,0.677889,0.085860,-0.786297,0.394079,1.386773,-0.730605,0.704848,-0.210356
-1.700186,2.370117,-1.301527,-0.272728,0.155529,-0.999111,-0.895750,-0.539133,1.959618,1.791729
-2.716454,1.264173,-0.000553,-1.705595,-1.055858,1.059107,2.871881,-0.830397,0.303317,-0.410059
-2.776285,-0.056494,-2.000829,1.517776,-1.551236,-0.019579,-0.274584,-0.058965,-0.079930,1.039034
-0.030575,-2.815513,-2.439219,-0.619450,-0.580050,-2.088967,0.489255,0.781991,-0.149668,-0.475667
-1.507350,-0.190510,-2.838003,0.925341,0.282069,-0.282892,0.591618,-0.783399,-0.258396,-0.498709
-1.986298,2.097428,0.504495,-0.184429,-1.869194,1.911551,0.690043,1.126714,-0.758285,-1.349686
-1.669612,-0.773793,1.607091,-0.680347,-0.138971,-0.012232,0.034754,-1.850327,-1.527468,-0.602470
-0.950092,3.307388,-0.635475,-1.954587,-0.171943,-1.348252,0.210015,0.383873,-0.641029,0.389864
-0.186839,-2.390061,0.768208,-1.558999,1.936042,1.208754,-0.966319,2.422150,-2.260997,-1.364205
2.637990,2.862553,-2.402327,2.431049,2.452680,0.624119,-1.901876,1.891132,4.405759,-1.571769
0.288161,3.877905,-0.027002,-0.167180,2.041894,-0.252412,-0.488390,0.368144,1.797147,2.209197
-3.241562,-2.063230,0.016299,0.938865,-1.120729,1.386577,-1.985539,0.066703,0.974588,0.521201
-1.631268,-0.013023,-2.667477,1.663182,0.419486,0.696835,0.248809,-0.050420,1.059392,-0.134110
-1.554871,-0.020569,3.046211,-1.481626,-1.280819,-0.315623,-0.194761,0.325173,1.625045,-1.036391
-0.888959,2.527283,-2.875440,-0.779017,-0.486315,-0.996539,1.534341,2.544033,-0.753316,1.451234
-0.534556,0.770215,-1.274660,-2.706116,0.427023,-2.603795,-1.000654,-1.179063,-0.728858,0.661207
-0.907887,-2.098894,2.180322,0.401891,1.736104,-1.639495,-0.063516,1.677435,1.745435,1.615979
1.488499,2.734361,-0.336222,3.291543,0.368534,1.109451,-1.216626,1.304496,1.079689,-0.311484
-0.928643,-1.210763,-3.206033,1.664279,-0.020784,-0.468710,-0.074957,-0.209325,1.040817,-1.257533
-1.224324,2.630822,1.875776,-0.848445,-0.251841,0.439872,-0.723027,-0.870382,0.294432,-2.131290
1.273523,-4.056485,-0.966467,0.688536,3.003851,3.183619,1.783404,-0.288226,-1.074300,0.203741
-3.811731,-2.266243,0.726315,-0.078265,-0.383822,0.776317,1.380371,-0.538800,1.021544,-0.285889
0.234759,2.977725,-0.939536,-2.202892,0.025531,0.834769,3.430313,2.722346,-1.110238,-0.350591
-1.045906,-0.089705,-2.565128,1.401688,-1.518294,-1.087930,-0.624492,0.723992,-0.001149,-2.016940
-0.856920,-0.798065,0.655610,-1.242634,0.170007,0.217259,-1.604307,-1.799332,-1.970536,0.369927
0.138499,1.771721,4.090970,-0.275927,1.669796,0.015231,-0.994011,1.058536,0.974200,-1.320325
1.296139,-1.307853,-0.829928,-1.322150,1.562941,-3.507563,0.612306,0.568003,-0.337499,-0.524337
4.219536,-0.498097,-0.371129,-1.294244,-1.421479,-0.256739,0.038847,-2.005169,-0.063091,-0.612273
0.512052,-2.799966,-2.059058,-1.083699,-0.019004,-0.241590,-1.292436,1.099787,-1.283057,-1.116620
5.549607,0.367364,-2.167735,-0.379959,-0.623571,1.429281,-0.613266,-0.876716,-0.087500,-0.343237
-0.569383,-0.075542,0.614159,2.712433,0.198510,-2.147982,-0.082485,-0.689744,-1.089273,-1.089445
3.271142,-1.895636,-1.970198,1.516248,-2.963874,1.663223,-0.704209,-1.709158,-0.857569,-0.429849
3.807484,-0.068098,2.073822,-1.320699,-3.493988,-1.095439,0.611091,-0.662544,0.688859,0.699033
3.152768,0.317374,3.361882,2.755303,1.597168,-2.774328,0.409125,-1.150860,1.040674,0.529646
0.372068,-0.707271,3.023684,1.827523,3.101295,-3.752310,0.707668,0.038416,1.580231,0.079030
0.717676,-2.452812,2.213866,-3.847814,2.735655,0.576558,-0.178782,-0.122247,0.050459,2.254206
0.363076,-1.838738,-4.697615,-0.633371,1.710059,-0.727585,-0.677763,1.858069,1.813286,-0.868273
2.115881,0.481186,1.753059,2.175382,0.386045,-2.456261,0.751539,-0.440042,-1.826645,-1.646498
7.788116,-0.168050,-0.193333,0.005133,-0.606737,1.272441,2.311945,0.084120,-0.169411,0.535033
6.190081,-0.361541,0.785363,-0.275088,-2.309129,2.170622,3.439841,-0.626861,2.387430,1.286581
0.198250,-3.655443,1.759540,0.652696,0.443937,1.006827,-2.028480,1.369123,-0.513042,0.748340
1.798429,-2.394320,-1.777607,1.064680,-3.677222,1.854629,-0.382245,-0.677795,-0.985343,0.455994
-0.432920,-1.117635,0.802988,1.480137,-0.452551,-1.989972,-0.467878,-1.062684,-1.061195,1.249025
0.513576,0.966086,-0.689757,0.083480,0.364628,-1.682078,0.576792,0.864790,-1.913441,-0.093931
-3.672943,-1.867338,0.194257,0.758226,-1.252428,1.540034,-1.022047,-0.293935,0.998809,-0.223398
1.259436,-2.200829,0.091909,1.723032,-1.144583,-1.795487,2.136815,1.109557,0.266634,-1.185834
-3.880264,-2.376467,0.323199,0.319914,-0.938782,1.164392,-0.077064,-0.293333,1.876009,-0.200589
