0.000523,0.334655,0.925582,2.624072,0.976287,1.820267,0.665283,0.225199,0.230557,0.268907
37.184364,0.267364,0.174358,0.522716,9.671819,4.191527,5.119520,4.444986,7.681439,0.917376
6.687763,1.020196,3.242920,19.079082,0.045182,0.328639,3.918746,0.857700,0.943767,0.289590
0.205518,4.013725,11.517802,5.271592,1.309419,1.984616,0.000619,1.232709,4.196199,0.549528
0.776471,1.036848,0.053847,1.461023,4.464362,4.811655,0.002949,1.429338,0.202256,0.076083
2.808913,3.270769,0.409272,0.862319,0.254838,5.548224,0.039551,0.183135,0.094262,2.544496
0.005316,2.950024,4.492408,0.009480,1.794321,3.269335,0.288717,2.956052,1.367951,4.054417
0.860444,2.624314,6.001933,0.283666,0.100954,2.829288,1.489616,0.638948,0.612258,0.035701
4.721548,1.668900,0.001899,3.592715,0.043614,0.102675,0.917685,0.091506,0.214992,0.003012
0.000312,9.135806,4.754582,0.000164,3.291754,0.089127,0.010632,8.154880,0.003519,1.795772
40.553776,0.179646,0.367547,0.865817,4.935121,0.637065,15.386005,0.242340,1.653355,0.889258
4.027729,2.480659,0.297780,3.370413,0.377083,1.064325,0.129418,1.231101,0.412434,0.140766
6.514334,0.139763,1.344386,0.016632,0.248064,4.355116,1.073142,2.383665,0.546762,1.638520
3.508285,1.867033,0.817169,0.024288,0.326809,2.537811,5.754391,0.075888,0.037453,0.451586
22.139048,0.009107,5.067451,1.672591,0.321531,0.038434,2.631499,3.124908,1.028757,1.918440
2.013959,0.709886,4.452122,2.336883,1.477563,1.789831,3.611381,1.460244,0.009221,0.011997
0.608757,12.881232,0.410422,8.338217,1.610142,0.589611,1.647326,0.620759,0.338454,0.785308
5.056556,1.292230,2.621771,0.261211,1.208719,3.563866,0.038168,0.552614,0.474806,0.639714
13.248146,6.500041,0.767121,0.001087,1.978740,0.294688,2.385241,8.116348,5.426587,0.002146
11.284781,8.249363,0.339198,0.409263,0.728076,2.045694,0.478391,0.019328,1.970096,0.003068
1.599783,3.492318,9.199266,6.225081,8.545553,0.027347,3.586547,4.032955,0.014097,0.483916
9.532894,0.408386,0.835139,0.250516,4.196795,2.717170,0.338728,0.275081,1.148538,0.900382
0.308306,9.849980,0.003791,0.837338,7.121172,0.042948,3.483651,4.404835,0.477062,0.059406
0.368406,0.258043,0.007851,1.309273,0.555721,10.986881,0.003835,0.552607,1.354643,0.814333
1.503811,0.028654,0.149194,3.522857,12.479762,1.639407,0.988986,0.523486,0.002758,2.579265
0.273111,8.070876,0.183717,2.067173,9.055965,1.188347,0.000058,0.000707,0.968300,1.693738
4.583773,0.864165,0.043348,8.242495,0.583529,0.039085,0.018108,0.096301,0.039147,0.029092
3.620742,17.579489,0.317417,0.298301,2.466039,0.032438,0.074812,0.897946,0.606553,3.343279
3.362106,0.001317,0.009486,7.160914,4.923496,4.560568,0.704962,1.009388,0.570109,5.681499
0.214462,4.236635,11.259029,1.997377,1.635031,5.623435,0.081568,0.044732,0.598244,0.021991
0.245366,2.005844,0.000360,3.425583,2.299989,4.120924,2.883159,0.364053,1.405887,5.131610
0.750867,1.928153,1.482412,0.257111,2.143945,19.314926,0.032265,0.251805,0.069938,0.707290
1.741287,9.199821,0.001354,1.993024,2.838789,1.407092,0.182788,0.479515,0.824462,0.351429
1.150454,2.202510,0.387519,15.502369,1.689949,0.409325,1.346480,0.276915,1.859068,0.448962
0.000000,0.394824,5.140630,7.616602,1.771429,0.289780,0.614157,5.236505,1.665757,0.000115
2.127905,0.006225,9.488040,1.496789,2.615289,1.488756,0.317315,3.906315,0.175890,0.228714
5.687258,0.675782,0.924145,0.189826,0.256237,0.001457,0.046974,0.626594,0.878484,0.490785
10.597317,0.193478,0.493528,0.297603,3.965307,1.278787,0.581828,1.060648,1.297406,0.197237
7.810256,8.222857,0.784979,0.023262,0.101829,5.373318,4.638249,0.003076,2.184036,0.121068
12.694641,2.489382,0.069513,0.276733,3.703302,1.413299,1.548207,0.967982,0.247838,0.000847
12.133671,6.559977,0.627997,0.503405,0.329186,3.826669,0.673013,0.022736,1.611575,0.026014
0.256262,10.277770,3.314212,2.433992,5.281103,1.906383,0.003700,0.000014,1.613732,1.620847
0.257876,9.887156,3.332022,0.257270,1.682949,0.025774,0.220696,0.090352,1.730226,1.412657
0.111578,15.295408,6.621940,0.983874,0.006483,0.051790,0.598717,3.007964,0.251653,1.577209
0.034266,1.211790,0.826713,9.102169,5.582792,1.733413,3.528781,3.893635,0.026642,0.146411
1.900767,14.742183,3.341080,0.191734,8.965886,1.506106,0.109155,1.966635,5.161209,0.142189
13.708537,3.038663,10.605480,10.469185,0.742504,4.025907,2.064542,1.730851,0.215055,0.546007
14.352462,4.136720,0.022632,0.373421,2.183897,0.470379,0.001824,0.475142,1.432045,0.006884
1.738351,0.955292,3.597395,0.812846,0.488226,0.263510,0.934583,2.846746,2.615285,0.239520
0.024553,3.155795,1.884492,0.134870,4.486126,14.234311,0.000758,1.188921,0.533106,0.049811
0.004674,0.700103,3.116416,0.331155,1.126498,0.065232,20.146116,0.087518,1.206198,0.000265
0.737645,1.915494,0.058914,6.991334,6.308804,1.010318,1.290682,0.630770,1.171022,0.689759
1.009416,7.464433,0.000314,2.377124,0.024026,1.407975,0.003276,0.011000,0.078418,1.069682
1.056823,2.632511,16.621426,2.362855,8.880684,1.154339,3.801460,1.011112,7.993135,0.056225
0.213249,17.928801,0.152256,0.253561,4.225747,0.590438,3.814108,0.136955,0.888661,0.096902
0.001129,9.597068,0.086677,9.311352,0.226074,1.698895,15.123426,6.622802,0.014192,0.534298
17.028967,0.244602,26.267218,0.672049,4.944255,2.732074,0.856306,2.350418,1.068955,0.058139
3.347100,0.870474,0.055487,2.406878,1.505834,0.000826,7.038793,0.763193,0.001525,0.071413
4.603722,3.076643,0.591886,6.029800,0.792821,1.138702,2.638073,1.140478,0.536900,5.736015
0.002708,9.671420,0.121799,3.870543,5.464050,1.301198,2.439855,0.110185,2.707893,0.171043
6.744644,2.768593,0.444460,0.972368,0.038104,5.003740,8.021744,0.053643,0.037893,0.392883
0.212780,4.501094,8.319970,3.379869,0.025777,0.180876,2.598856,1.221008,0.046518,0.332820
1.420792,0.449660,1.309227,12.105540,9.907600,0.177343,0.979669,3.952300,0.539805,3.331806
10.741062,5.840284,0.964805,0.514400,0.051454,5.613894,1.162125,0.019140,1.170985,0.001932
0.720923,11.826570,2.735905,1.416523,2.354568,0.391013,0.032825,0.826149,0.014823,0.128637
0.000300,7.068327,9.851130,0.873520,0.867817,0.193381,1.915170,1.085813,0.233397,4.034621
0.533291,0.496657,7.655789,0.735795,0.507842,7.688521,0.570801,2.484034,1.283860,1.500834
3.077955,4.747926,0.173571,4.424098,1.121924,0.446452,0.020897,1.412771,0.478059,0.072696
9.854135,5.243084,0.133562,0.744263,0.327333,6.244572,4.263166,6.730071,10.940371,0.105861
0.077235,7.430000,6.324411,0.000371,0.463526,2.746728,0.611058,2.109266,0.035269,2.938977
1.839460,3.311772,4.825609,2.931865,0.880838,0.259252,0.397482,0.571566,0.821635,3.520794
1.520772,1.306677,5.945562,0.305349,0.795094,1.032258,0.000105,0.260988,0.064603,0.061073
0.219736,0.058571,0.067188,9.671845,5.389618,0.150744,1.068559,0.122554,2.822610,0.013341
13.739817,1.957639,0.021532,0.378498,5.504108,0.265424,0.208396,0.351504,0.007413,0.045136
0.618112,5.250241,11.482234,0.271122,1.154523,2.120739,0.284747,0.110343,0.037979,0.603252
0.001888,1.361016,0.457573,12.273897,0.201066,2.418191,3.858077,0.190979,1.648728,0.479753
0.312447,10.250106,1.991216,0.771906,2.290644,1.156353,0.040747,0.030375,0.355670,0.214571
0.033889,0.747387,8.722805,12.262099,2.348109,0.901202,2.837235,2.317223,0.165001,1.192875
0.001552,4.012330,4.130217,0.121272,2.908267,1.620802,0.480201,4.180478,3.728522,0.959153
25.152447,0.977934,3.652968,0.380214,2.255810,1.980250,1.078687,5.306882,0.457329,1.186996
5.256615,1.608974,9.706028,8.308879,0.018124,0.122337,1.433975,0.026468,6.210286,2.361510
4.146773,6.589764,10.510130,3.769379,0.172427,1.044818,0.273890,0.135148,0.501510,0.011548
1.799747,0.316532,0.008395,3.352537,0.031843,4.332843,0.072360,0.534940,0.329624,0.894158
10.751180,6.109288,14.617702,5.285345,3.612475,11.190429,0.027700,2.700691,0.132289,0.948220
1.143029,1.229098,1.095712,5.443958,7.070197,0.443092,2.332905,2.136392,0.329274,2.121486
1.132614,1.545948,21.757215,0.035483,3.915520,6.153720,1.631069,0.061104,5.109681,3.497127
0.039628,12.994420,2.350918,2.389812,4.750156,0.074127,0.122086,0.000089,0.527683,0.019699
0.071364,11.548254,1.285932,0.395813,1.111477,0.288214,0.777780,0.289702,5.334788,0.561712
8.641579,2.600732,6.901111,0.936559,2.755021,0.667239,0.265656,1.655625,0.326965,0.406389
0.023690,4.202068,0.416202,9.254001,10.914199,1.836030,0.622886,0.867583,0.793322,0.237323
2.362115,3.223351,0.594272,0.216731,2.490822,3.878376,2.067884,0.028501,3.952973,3.130730
0.615304,15.662576,1.619751,5.560644,0.047192,0.204731,10.088140,3.685493,0.129420,0.894378
8.427138,0.052706,6.984293,7.094400,12.968630,0.265936,1.088968,5.175764,4.065233,0.004651
0.005288,0.022418,0.001116,28.901995,0.191305,1.256045,0.169878,0.096602,1.542621,1.140593
3.100549,0.013824,1.328771,0.010719,1.051923,0.746218,1.193084,1.796608,2.153416,0.457109
23.950117,4.697233,7.137232,2.289077,12.775789,3.333667,0.936467,6.374985,0.691331,1.005696
0.059838,1.899066,0.000078,0.713064,2.305726,3.731886,0.940787,0.028755,0.032857,4.911684
0.218957,9.769300,5.622052,0.802659,0.044504,1.431789,0.752688,3.962863,0.217163,6.449605
5.751787,0.036770,6.930229,0.082143,1.311846,13.136657,0.305877,0.898475,1.184883,0.513617
0.062744,0.005590,2.098758,1.479416,0.221556,0.318488,3.039076,2.559734,2.229919,0.917390
8.950755,0.007105,4.348558,0.066225,17.045252,0.103460,0.014283,0.462378,0.822784,2.625703
9.760252,0.474844,0.276140,0.126742,2.434941,3.448128,0.852314,0.868273,0.738815,1.068296
1.012241,0.011879,1.656306,0.981717,0.127902,0.538012,0.391827,6.869280,4.987446,0.106501
11.087565,6.845341,0.864531,0.259941,0.054735,5.496768,1.747004,0.052942,1.767919,0.001173
6.704995,0.369481,0.060713,1.246918,0.550202,0.692993,0.745118,0.504304,0.704251,1.658895
0.909331,16.160542,1.412987,0.265371,1.711969,2.627063,1.271703,0.752112,0.230812,0.294617
0.128955,0.078408,0.315715,4.995731,1.625618,7.852347,0.223516,0.874935,0.291702,0.956490
10.949319,0.335999,0.350178,0.419951,5.137930,1.795144,0.007569,0.761652,1.006557,0.359762
4.698973,8.311948,5.570226,6.121254,11.352653,0.116835,0.738460,0.073998,19.243967,0.252972
24.387726,1.579391,1.196553,2.149680,12.997937,0.029952,0.152884,2.016205,0.467914,2.888734
0.769719,9.817852,2.772862,0.309496,0.161420,7.046782,1.922478,2.080847,0.457466,0.012739
3.081843,0.434098,6.198484,3.346047,1.812205,0.302921,0.749524,1.087279,0.640170,0.025625
0.247743,4.239435,9.562154,5.449618,9.650057,4.908095,1.180718,1.873283,1.205005,1.478067
0.875072,1.451006,4.081402,1.211641,2.465846,0.513890,0.986163,0.514116,0.040247,5.934971
1.452351,0.695864,0.153943,0.676288,0.186034,0.880883,3.178410,0.630586,4.824884,0.247786
0.001038,19.711775,1.388834,6.846832,1.918626,0.007990,0.199994,1.207741,0.028055,0.483171
1.347271,3.252635,0.498666,3.803566,0.005903,4.051694,1.102186,0.377848,0.344357,6.665643
2.016013,4.134051,1.940251,6.833025,0.020922,0.668818,4.781377,0.629603,0.005594,2.963016
0.258309,12.553922,0.429740,2.039051,0.033153,0.254588,0.437570,1.644282,0.394660,0.624607
0.724174,0.003547,3.123891,0.025715,3.140404,0.086479,0.458367,4.806777,9.763910,4.469458
12.101909,2.245710,0.183992,0.003853,2.312067,1.797745,1.864019,1.155903,0.003012,0.377717
0.672760,7.873232,1.347001,0.050656,1.359319,1.689260,7.774080,0.000027,2.521491,1.598449
1.063928,3.892403,0.597703,5.596618,0.110176,1.811554,0.796481,0.059484,0.758900,5.364244
0.996469,0.074589,0.122563,2.682984,3.046989,3.226731,0.044515,5.472253,0.058469,0.127841
14.722288,0.222265,3.877065,1.025168,22.128517,0.013570,0.192979,0.022419,2.015518,1.520038
1.465551,1.237583,1.168099,2.079188,0.244776,13.654679,1.108450,0.123728,2.515060,1.614652
6.535691,0.711847,14.269214,8.229172,0.498457,3.022003,0.081236,2.697037,8.465840,0.012531
5.651669,1.153018,4.437751,9.179153,0.666888,4.634375,0.018606,3.492764,4.416178,0.511344
1.912299,0.038612,1.815047,1.007056,2.086460,11.026947,0.195871,0.000092,0.966816,0.006459
11.609410,0.234778,0.401947,0.243875,4.043584,1.941982,0.532905,0.299448,0.854700,0.895295
47.705189,0.031022,18.415663,0.924792,1.703660,0.128344,1.895701,0.655404,0.007255,0.739622
21.965853,5.062030,4.734507,2.549511,11.460754,11.492506,2.812442,0.562548,0.251155,0.127850
1.768829,4.139739,2.975096,0.334963,0.103835,0.113406,3.036155,0.183101,0.429465,0.108615
12.539136,0.159001,16.217463,0.034195,1.773460,2.181980,0.964618,0.128820,3.051859,2.558838
9.233035,0.163564,0.022688,0.013500,1.568444,3.188928,2.142140,0.896076,1.302401,0.087256
4.336267,1.692855,3.131059,0.195447,0.528727,0.199300,0.364147,0.456825,0.453331,0.085928
7.477192,3.892170,1.370241,0.582048,0.130852,8.474061,5.211528,0.108899,0.403105,1.027117
0.043127,5.343159,0.006439,7.756554,0.535265,1.137046,1.630094,0.176575,6.217289,4.120574
15.108176,1.567406,0.251793,0.003766,0.510105,0.011201,4.455267,0.906878,0.120905,0.059892
0.590679,0.086835,0.181434,4.138714,1.187270,1.442131,0.002284,1.018591,1.441850,1.686299
33.396973,0.645258,6.743756,4.967778,13.949503,0.451688,0.356190,0.228589,0.015116,1.890717
0.001851,8.559196,5.594337,0.685309,1.769580,0.010037,0.318681,4.601744,1.905466,0.037543
0.128804,17.706074,0.248691,0.683807,4.605656,0.013397,0.647652,2.731786,0.602480,0.011153
0.321495,0.179403,0.141176,7.014685,2.906229,1.301409,0.698460,0.129807,2.115051,0.845731
3.817647,1.663463,0.008920,3.001590,6.638908,5.852829,9.171995,0.140410,0.416099,1.841135
7.733474,16.096949,0.323445,0.181983,9.455970,8.014257,0.004217,0.067140,0.014847,2.280247
0.415957,0.189548,0.343205,8.108983,0.231590,2.732588,1.148800,0.675454,1.439889,0.905590
2.810727,0.083763,1.858730,3.355801,0.214074,0.216919,0.096844,0.483459,0.058611,0.489816
6.225137,0.268157,1.393990,1.539057,5.119145,0.033214,0.018928,1.374511,0.163870,0.014458
0.639157,2.842579,0.008997,0.360501,0.925635,0.000793,0.642369,0.918578,3.138774,1.079499
0.608540,0.473524,4.631156,1.457683,0.099644,12.428137,0.869684,1.507474,0.044334,2.098234
7.421483,1.225479,0.823814,0.038248,1.639433,0.422606,0.056183,1.235478,3.672446,0.357023
5.505113,6.520020,1.846786,0.213845,3.277998,0.152947,0.552996,1.958724,0.368115,0.784844
3.131585,3.518115,9.697588,1.984501,0.383867,0.047521,1.785883,2.947014,0.746179,4.344328
16.279177,0.036893,2.069273,7.498577,5.112192,2.247028,1.089000,0.926148,0.000441,0.552937
8.931489,5.133714,0.898570,0.783922,0.184945,6.939287,4.790792,0.002486,0.927703,0.448757
1.507958,6.011298,1.205407,0.199533,0.828201,0.356848,1.897446,0.090570,3.484338,0.216156
0.339107,0.522271,0.903412,2.312081,1.740399,0.934861,0.252623,3.438030,2.952775,0.027886
8.394969,6.903391,0.385957,0.669312,0.417546,3.824820,4.688596,0.074234,1.241358,0.928998
14.969978,2.633177,0.169208,0.006540,0.393154,2.794549,0.024381,0.079353,1.687916,0.365051
0.010865,0.040386,0.000677,2.956297,0.965893,5.154309,0.114302,1.427425,3.701725,0.184299
2.725097,0.780507,7.446165,4.768921,4.495837,5.458825,0.122911,0.094096,0.127523,1.105791
0.244712,3.373519,7.471284,0.486552,1.355615,0.021697,0.007034,0.458858,0.164794,0.306176
13.067236,0.770435,0.002777,0.214142,2.023793,1.968267,4.614140,1.417362,0.005062,0.579562
0.064476,18.271341,0.221593,6.100421,1.166987,0.304927,4.107326,2.235743,0.001957,0.858528
9.902511,2.798499,0.000427,0.798564,2.057543,1.774321,5.244509,0.000067,0.204581,0.030770
4.735787,4.316988,5.016533,0.043210,2.312288,2.118615,0.969673,0.164137,2.633315,5.390035
0.731053,0.249412,0.277327,2.873718,2.800267,1.374359,1.254444,4.313577,0.012337,0.178991
3.916266,2.251658,0.180050,2.025581,0.634002,0.182896,1.061185,2.277501,0.285797,0.614344
1.322540,1.770547,1.003819,8.125780,2.489839,0.210705,0.700268,0.027614,1.791643,0.000637
11.622448,7.521584,0.232393,0.858517,1.476355,1.013303,0.742180,0.069509,1.711117,0.195220
0.144911,0.264776,0.475196,2.552445,16.345272,2.091661,0.155158,0.789719,0.432342,0.585771
0.000347,0.251739,1.115800,0.005840,0.258039,2.005403,1.786076,3.624282,1.244386,1.065637
0.809252,2.835800,0.368175,2.166387,11.371844,4.825493,13.618124,0.683648,0.375517,0.076955
1.740000,3.603812,2.993466,8.380330,3.058892,2.579842,4.232906,0.004249,0.593746,3.716273
0.608749,11.231709,4.384935,0.593955,0.684127,0.055798,1.153546,7.601407,1.590056,2.696829
2.267939,7.646556,0.831619,2.372378,0.590429,0.002084,0.822496,2.473398,1.237622,3.465557
4.071723,0.142298,0.117884,9.927706,0.077374,2.631929,0.054440,2.777007,0.127717,1.911342
9.499002,14.145658,1.873492,0.006973,0.048243,0.102679,0.305627,0.397206,3.026365,0.002792
2.365093,2.209725,0.027839,0.326005,1.986437,0.167892,0.069334,5.343449,11.297180,0.861982
7.118046,3.766427,0.511242,0.734566,0.684848,4.716072,6.623551,0.014717,0.011289,0.085865
34.637169,4.132032,15.235507,2.236624,3.389893,3.840810,0.008156,0.177305,0.004362,0.977491
0.431154,3.975882,12.887293,0.144572,0.319318,0.024708,2.023197,0.457311,0.011328,0.573967
0.003860,1.585356,1.013270,1.503933,2.648530,4.810296,5.583004,0.523795,0.342889,0.301831
0.848672,0.059636,0.138110,4.711545,4.678972,3.121553,0.010549,0.021305,0.300262,0.396177
0.306657,0.046092,2.712025,2.377122,0.510107,0.001444,3.249343,0.362284,3.577859,0.172547
1.991040,3.214495,0.537242,0.114486,0.002284,5.315676,0.033930,0.135709,4.453930,3.086325
1.062625,3.657253,5.951314,5.221201,1.014378,5.207887,0.088346,0.824820,0.169456,0.070106
0.010162,0.001869,0.277163,5.797526,0.579047,0.423005,4.563564,0.592248,0.582147,0.048942
5.109171,0.695261,4.058231,2.999953,0.205414,3.817839,0.636746,0.809605,0.016103,1.105915
2.622233,2.240770,2.543513,0.017124,2.912317,11.588955,0.217615,0.178592,3.809730,0.035873
4.866199,1.151748,3.696486,1.706712,1.668743,3.670608,0.659227,1.320331,0.302897,0.020377
0.005661,0.349995,11.360538,0.615659,0.203793,0.282010,0.493005,10.476376,2.589081,0.816852
0.916179,1.458264,6.197999,1.147375,1.064049,2.784813,3.399804,0.275040,0.407294,0.351683
8.145003,3.266065,0.000260,1.003145,0.087688,1.334768,0.024328,0.089145,0.028680,0.000024
5.059787,0.847425,0.488846,1.515490,0.000344,0.156583,0.011301,0.839932,1.751796,3.103083
4.357315,7.732648,0.001427,3.795423,0.050014,5.020007,9.920513,0.655459,0.047413,1.043788
23.726477,0.525145,10.345061,1.646457,9.671295,0.695380,0.218821,3.485585,3.076678,0.075548
0.182220,9.302107,4.744375,0.094598,0.165231,0.559255,2.220768,0.045276,0.921093,5.096864
14.007026,3.975945,0.119181,0.676086,3.948693,0.118444,0.296985,0.485474,0.268006,0.216451
0.608259,13.314692,0.027463,0.087263,2.381408,0.682027,1.781784,0.075037,4.267719,0.256709
4.544285,2.368271,7.770955,0.477145,2.642650,0.487339,0.180619,0.658819,1.840247,0.557690
14.691523,2.102966,0.028405,0.038549,2.133172,0.418225,1.020769,0.376217,0.264701,0.297019
1.207231,12.337616,0.065791,0.016987,0.837323,4.076850,0.002425,0.832060,0.064014,5.771480
8.015881,0.860801,0.539862,0.161204,1.726846,3.994264,0.124847,0.049369,0.115728,1.048212
4.811100,1.905392,2.493520,0.345246,0.000363,0.043453,1.627473,0.301412,0.155798,3.904417
0.020297,6.496709,2.574250,5.077160,0.029976,1.146067,7.889123,3.357132,0.218007,0.644642
4.158237,3.786280,1.543620,3.125059,0.833361,1.561393,1.721753,0.005345,0.969500,1.963457
0.010530,15.289592,0.318242,5.009754,3.069128,0.358026,0.079170,0.226152,0.046007,0.147527
11.101483,0.304071,0.184518,0.462092,4.915602,1.501398,0.384950,0.508105,1.885323,0.187973
41.712559,0.002434,2.810935,1.070695,3.884599,0.099884,0.293824,4.355725,5.305314,0.024870
3.569551,1.546367,10.072917,2.054302,9.770905,1.504101,0.276059,4.863790,0.723253,1.717047
0.020794,0.003368,0.547060,2.743787,7.159983,13.335747,1.414550,0.876740,0.019866,0.897406
5.611645,6.470681,2.330011,0.603628,0.024703,4.282470,0.615830,0.088066,4.856237,0.928588
0.617452,2.746564,6.249168,4.127829,2.401218,1.777732,0.004554,0.017315,0.050461,3.655468
0.049996,2.499012,10.147696,1.675401,1.116616,0.084023,0.002161,0.735645,0.143220,2.526434
9.033078,7.474876,5.047394,0.479837,13.758268,8.100583,0.650246,0.069967,0.035093,0.144662
1.392354,4.984641,6.554070,0.106973,2.632763,0.036760,1.074228,0.771026,1.300857,5.071797
0.712800,0.862102,1.479149,6.165195,0.887360,0.011283,0.197845,0.313864,2.372206,1.514182
0.463071,1.393184,1.138261,0.002737,0.022484,0.910141,0.648230,0.548939,1.612055,2.140004
5.106056,6.131188,0.539058,1.391177,0.156132,3.353207,5.413115,0.377229,1.959072,0.115224
0.768664,1.505077,0.076329,8.640756,0.903554,0.058388,2.298130,0.105069,2.796226,0.484532
0.468576,11.672771,2.836041,5.549281,4.868872,3.311259,5.422581,3.405922,0.032750,1.414868
0.703377,4.332532,2.260700,3.015761,0.001437,13.994665,7.253168,0.462950,0.259516,2.266506
7.337224,0.086543,0.358196,0.144888,11.137989,3.358143,6.109771,0.623463,2.329659,1.070606
0.682712,1.839447,0.141784,0.568461,2.095451,0.980326,2.162330,2.005141,1.149733,0.387651
21.065344,3.609729,1.108258,3.679971,9.820534,0.043577,0.007689,0.141817,4.705729,1.711747
1.827893,0.607835,1.108986,2.432461,0.108385,2.461929,0.927187,5.230863,0.015605,3.397189
4.206754,3.450518,0.877678,0.903148,2.633703,2.386345,0.641249,1.812274,1.392333,2.074888
8.266962,0.398204,0.520324,0.233424,2.998094,3.275081,0.239116,0.807575,1.639444,0.222257
17.870317,0.188726,0.575810,3.503894,10.454988,1.299704,0.891672,10.148565,0.077262,0.322220
1.026122,1.328279,0.042866,0.566296,0.074433,1.612591,0.030705,0.001690,0.389897,0.340991
0.423276,3.404220,11.539339,0.515837,2.184022,1.271098,8.931459,0.400332,2.808479,0.244354
0.234733,3.056882,2.293417,0.012538,11.789746,0.819197,0.330052,1.940885,0.126016,0.543133
26.125582,0.013486,1.165998,5.214081,12.965986,12.098162,0.251477,3.884560,0.885073,0.313692
4.424849,0.000091,1.807726,1.316730,0.597704,3.531919,0.569804,0.278326,0.558168,1.820153
15.998323,0.196659,2.509389,6.646097,5.491939,2.378306,0.598246,0.021941,0.048514,0.012506
12.425394,8.837720,0.458954,0.478070,0.070214,1.525316,0.154586,0.154255,3.059387,0.109485
0.485365,8.715302,2.062526,7.185642,1.758353,0.320046,0.000363,0.026726,3.148566,1.689691
3.886343,0.010399,4.814738,0.098846,0.771136,0.321345,0.375068,0.349798,2.027390,0.353084
0.274011,0.827269,3.933372,4.997524,0.766587,4.457784,0.164938,0.236139,0.357835,3.558279
0.651535,8.571068,1.848799,0.281800,5.340903,0.416678,1.983726,0.070045,0.011273,2.821789
7.991722,1.853723,0.223317,0.986548,0.160668,0.523185,0.001890,9.048755,0.036430,4.785221
0.339934,9.882764,0.404852,4.803959,0.089708,0.139801,0.332972,0.201550,0.073957,0.769722
7.423588,0.001050,0.614380,0.170094,0.149333,0.255537,5.056034,0.389924,0.159647,3.037542
4.632464,7.717507,8.547977,4.331469,1.085119,0.555680,0.207511,0.009857,0.791749,4.515810
0.000402,11.575258,2.739140,2.134909,0.235464,0.082928,0.033361,0.016724,0.024668,0.337670
0.531087,7.159541,0.932584,4.466743,0.709514,2.610208,0.127047,7.455945,0.000533,0.353797
0.605554,9.731459,0.003531,0.019354,0.374287,0.663417,1.819948,0.005585,0.018773,1.288108
3.960397,5.836373,1.410889,2.225979,2.589530,1.497134,1.129098,0.032310,0.437505,2.427030
7.858913,22.345501,0.074480,0.422980,6.933636,0.360710,0.027793,0.689430,0.073489,0.023013
21.101624,0.171275,5.302447,6.204192,0.513505,3.355341,0.471716,1.326629,0.232171,0.165564
2.250591,1.607553,2.593174,1.798396,2.420123,0.010322,0.002006,0.689078,0.109009,1.401020
5.795915,1.758620,8.829007,2.733477,6.129154,3.443515,0.694981,0.001897,4.850593,3.501458
0.923815,0.140286,7.318107,2.201490,2.282219,1.746598,1.399051,0.996787,1.556964,0.124107
1.326739,1.010072,2.678142,0.004907,2.260563,0.839537,2.872397,1.089998,0.383808,1.446146
0.000306,5.073842,7.148053,0.027623,0.466158,0.774284,0.060358,0.434022,0.039031,0.545759
8.122832,2.837684,0.390425,1.198699,0.129462,5.187401,6.646411,0.000373,0.050220,0.356288
0.007282,8.624156,0.144686,2.461880,1.463500,0.141107,0.142957,6.665200,0.003617,2.129063
1.527998,2.743109,1.684663,0.532432,2.420745,1.210862,0.159537,2.464336,3.448269,0.328664
0.240154,4.888606,2.287456,8.565174,0.000320,1.482454,4.697463,0.726618,0.005057,1.507315
0.220383,0.311097,1.033244,8.499215,2.075753,3.690699,0.550220,0.503001,2.544878,0.287024
1.232135,0.056287,2.742830,0.354181,0.828644,4.405510,0.651022,0.001737,0.097316,0.005487
2.702140,0.244180,4.086440,5.679615,0.000025,1.611314,0.889263,0.974670,1.344689,0.991493
0.728679,2.234151,17.173615,0.013493,1.338066,0.006593,10.494104,0.561242,6.180445,1.276574
2.222188,1.233199,3.157232,0.208719,0.000535,0.839607,0.002072,0.000666,2.816264,0.051872
6.900117,0.238731,1.252152,0.461831,1.188288,1.413802,0.044868,0.044373,1.314655,1.457082
1.404461,0.833906,4.493746,3.111897,1.905596,7.521670,0.249887,1.518087,1.017627,1.145953
1.767033,6.206210,0.329509,0.363727,1.602323,2.805369,0.003584,0.900918,0.919537,1.746632
0.897622,12.412565,4.323036,4.909870,1.760114,0.468307,7.917533,0.623148,0.051982,0.333219
12.472693,3.594932,0.385498,0.145097,3.647873,0.316264,0.316224,0.339052,0.802314,0.000000
5.596859,1.290368,0.099257,0.753364,0.680694,1.974054,10.647754,0.221224,0.105161,0.416036
6.274660,6.430220,0.038790,1.382079,0.921036,2.234914,3.131305,0.089011,0.453134,0.006262
5.956903,0.295235,0.433786,0.043056,2.171010,7.309196,0.014982,0.010596,1.195743,0.228004
0.008791,1.659090,6.866625,2.442225,0.837113,0.156184,6.898771,0.261007,1.344797,0.023873
14.211102,1.952754,0.070343,0.737903,3.913626,0.095835,0.677239,0.188592,0.007018,0.027739
0.931465,0.663498,6.628814,0.704200,1.236584,10.891863,0.054827,3.285147,0.424800,0.029794
11.632821,4.442081,0.041262,0.910651,2.027576,1.665821,1.712594,0.032736,0.833505,0.003730
5.657182,0.859144,0.005880,0.021898,2.184623,1.273847,0.507211,0.630614,0.262214,1.110190
0.606366,4.123152,8.516088,0.868877,0.597608,0.916002,4.761171,0.007862,0.340875,1.708205
1.199748,9.349583,5.353298,0.008839,1.204436,0.164386,0.035906,2.776332,0.097225,1.756481
1.918690,1.034276,5.124072,0.000274,0.672551,0.002767,2.108515,2.271497,0.072413,1.241619
0.638916,1.100202,9.585380,0.005385,1.531265,0.319970,0.081702,0.211330,1.640336,0.248885
14.302872,2.154938,0.049601,0.535052,4.132324,0.001465,0.317521,0.244195,0.014550,0.188484
1.144533,0.984224,10.829051,0.879670,0.344276,1.614886,0.253274,0.748919,2.107772,2.399169
5.808343,0.036651,5.560506,1.232056,0.173969,0.009225,0.001768,0.159750,1.763838,1.315097
1.655896,4.768163,0.069444,0.035806,0.410380,0.921605,2.780820,0.149618,2.997247,2.172561
15.694613,1.284917,0.052565,0.004612,0.483670,0.461490,4.673334,0.462956,0.081695,0.241315
0.028080,0.001488,7.403737,1.546209,0.374056,2.730535,0.681407,0.118600,2.071289,0.016970
0.265303,1.794106,1.130079,0.049384,1.673310,13.536977,0.076395,0.220000,0.011545,1.744547
1.024414,3.339818,1.148190,5.979100,0.037675,0.710595,2.064392,4.437014,0.018205,0.988427
0.002046,2.350092,5.232839,1.136506,0.673389,2.350996,0.529511,0.379159,0.175497,0.681288
14.018526,1.617285,0.000548,0.499930,4.418322,0.649283,0.741422,0.525660,0.011450,0.098355
8.468637,3.544107,2.586277,5.166352,3.023403,10.341722,0.973523,0.575908,5.779064,3.687210
12.809631,0.213065,0.355589,6.232735,1.405467,5.549643,0.078533,6.663176,0.082122,3.977188
2.303713,0.535031,2.133522,0.078084,4.753711,0.686794,1.279053,0.000088,0.011556,0.000436
3.597317,1.438011,1.618608,9.363542,1.400701,1.452870,1.663861,0.894936,0.079527,0.617951
2.347790,4.217807,0.000895,0.524218,0.460488,0.001649,4.373589,0.022964,0.002490,0.497075
9.104016,1.127179,2.084563,1.873812,16.128948,4.042718,1.067352,6.057678,0.290951,1.462743
0.056686,0.850787,0.237624,0.090762,2.416217,0.057637,0.150004,0.897649,1.227108,0.039927
1.053218,2.882324,1.091081,4.327373,0.109027,9.244044,5.310196,0.118209,2.530834,1.393703
3.194320,0.000820,11.696541,0.136951,5.130806,3.100049,0.205421,2.210776,1.466281,1.962443
2.366523,5.558326,10.164144,0.635157,1.448926,2.569133,0.071359,0.801623,0.001335,0.004865
3.733043,0.004762,2.983424,0.107943,2.020568,0.000530,0.029959,0.331982,0.946557,0.333732
24.640371,0.045270,18.652960,1.825203,0.043479,1.189126,0.019191,4.019478,0.128477,0.298537
6.492361,4.588355,0.141022,1.573530,0.222406,0.042015,0.698589,0.591776,0.114552,1.475002
0.354082,2.473245,1.356831,3.729637,3.765752,4.416947,0.123253,0.070906,0.521346,0.064602
18.343166,1.392002,1.726369,0.222194,0.040211,0.094332,0.049611,4.196887,1.730730,0.853418
0.006271,2.029393,0.537963,6.254336,11.427760,0.008544,0.000252,0.032199,0.001837,2.419633
1.667231,3.757315,10.758287,0.038448,0.163298,0.892067,0.568255,1.187795,0.037865,0.151036
0.048792,1.052133,1.525950,3.684747,2.808864,2.324270,0.499648,4.758852,6.673586,0.004267
0.588389,0.948728,3.605530,0.510354,0.025902,5.177565,0.639989,3.001264,1.756285,0.168364
0.115427,14.102269,1.357047,2.623777,1.225055,0.000402,2.336646,5.230193,1.739548,1.400548
14.600157,3.504469,0.253281,0.019425,0.870130,1.702918,0.270591,0.454498,1.120629,0.217501
1.576832,12.917119,0.302982,0.136563,0.006071,0.190844,0.108838,0.199672,0.906326,0.007668
12.591186,2.175236,0.002886,0.036251,1.322389,2.776348,1.817375,0.577435,0.267578,1.535267
1.237563,2.395115,4.357981,16.893759,1.674812,0.174115,0.000001,1.513342,2.085124,1.210911
3.481524,1.587558,5.812629,14.739850,6.037059,2.709145,2.170551,0.217886,3.590398,0.386477
13.615734,4.589384,0.889292,0.391597,0.421709,2.900866,0.058657,0.034488,1.113828,0.224324
1.027959,8.727787,1.059849,3.107367,0.027793,1.466686,0.017582,0.009219,1.299961,2.912823
1.202405,12.876602,0.335413,0.000017,0.019532,0.228685,0.156722,1.482695,0.529413,0.507406
0.410590,0.814491,0.000094,0.250730,2.278153,0.178054,0.231299,6.128284,1.773570,2.571378
1.124904,13.084476,0.010052,3.471943,0.805505,2.370047,8.170991,3.071743,0.969806,0.202365
2.177604,4.758495,6.048867,0.518779,0.499437,0.002442,0.250694,0.279558,0.347266,5.979839
13.983242,2.888860,1.442125,11.571085,0.000849,0.598767,3.761056,0.210036,2.524500,0.000920
3.883254,3.124456,0.279351,1.802501,1.114609,0.230185,0.688435,2.433586,0.004436,1.584935
3.097148,2.776695,4.158091,5.745784,3.949705,0.815999,0.034955,0.000070,3.377900,1.681109
0.088266,17.550411,1.500270,0.013563,0.949168,1.603604,1.444242,0.264427,0.478919,0.062540
0.369322,0.253123,14.582334,3.801397,0.566319,4.949762,4.391888,0.888344,0.090922,4.713692
0.237802,1.077585,2.135690,1.052516,1.160591,4.856550,0.066123,0.834564,0.329193,0.096932
13.934042,4.658763,0.490385,0.094608,2.889176,0.081731,0.668029,0.577634,0.691590,0.166961
0.447221,8.632670,1.924420,4.517408,0.540138,0.001349,0.035650,0.271519,2.084046,4.233947
25.081949,1.500814,11.181181,2.840722,8.737243,1.191665,0.227667,4.557177,8.469775,0.194651
0.469911,0.810880,2.323246,2.207021,1.614899,0.247093,2.079916,1.249686,0.118469,3.760964
0.000194,0.107810,0.175184,10.514600,0.615025,0.438757,1.110253,5.563514,2.523430,0.492396
0.104370,10.439258,2.438138,0.350074,4.083241,1.071749,0.969628,0.163004,0.259744,1.842370
8.352307,9.818233,0.700989,0.185589,0.115960,1.748353,2.684096,0.020640,4.552050,0.439404
0.110343,6.302207,2.216820,1.185446,0.104480,0.255017,2.209358,0.008901,1.395993,0.400886
4.452344,2.413418,3.749468,0.369183,2.920735,4.316657,2.816112,1.197739,0.453926,0.177334
3.856069,6.341905,3.641018,0.138289,1.336546,0.120712,0.674410,3.233709,0.248873,2.804322
3.229074,4.410512,0.011641,6.158132,0.580073,3.437913,1.908513,0.269935,0.542277,0.001014
0.733258,6.256891,9.650813,2.933609,0.495089,4.807399,0.245604,0.510455,0.388044,0.031256
49.177868,1.472671,4.553549,0.689421,8.424022,3.013425,4.466208,5.613379,2.443245,0.372612
18.545715,4.682778,5.163058,0.085978,15.569096,10.939130,0.316512,4.412754,1.237583,0.624834
4.832842,1.412561,3.760044,0.120362,0.221031,0.231202,0.012432,0.421305,0.228468,0.767999
0.128936,1.289264,5.126559,13.099044,3.968114,0.822494,0.928979,3.852560,0.315638,0.075211
1.460860,14.864786,3.909434,2.172462,7.508113,0.514724,1.233622,0.487011,0.003162,3.287729
0.541641,4.344245,6.855237,1.623897,0.008119,0.002470,15.466074,0.433614,0.368886,0.000005
0.365046,1.864591,0.640941,5.272941,8.009863,0.104491,2.461612,1.197688,1.307441,2.049103
2.959014,8.776194,0.559257,0.912061,0.336666,0.224621,0.253163,0.061127,0.371730,0.082226
1.565352,0.667719,5.118989,0.945340,0.224198,1.203149,0.760767,1.127014,0.038117,0.128994
1.496115,4.723276,2.672373,0.432502,0.196266,4.041840,0.488476,0.068496,6.241747,1.823606
0.301366,5.579266,3.651649,4.975931,0.007745,0.050740,1.927722,4.941149,1.501613,0.117690
0.045057,3.552744,8.407759,0.690563,2.296746,1.354471,0.003221,0.424122,1.596878,5.078871
4.958729,2.333837,2.580572,1.846748,8.905861,0.220606,0.006035,1.894909,1.284859,0.867916
12.636486,1.403423,0.496520,0.481298,3.451277,1.107341,0.667090,1.220631,5.205558,0.000618
0.007762,0.186287,0.942859,15.434375,0.052602,3.555155,3.840157,1.704151,0.015853,0.042671
0.010271,12.157939,2.001783,0.707341,4.848644,0.171943,0.142689,5.196224,0.089808,1.948997
14.158707,2.654408,10.419165,0.457217,5.835550,1.391424,1.254577,0.063490,3.621465,1.979216
9.398344,0.748872,0.115888,1.567102,0.128646,2.175744,0.005872,1.198932,0.418733,0.044932
12.310061,0.046017,0.196099,0.428086,0.378905,1.918929,0.012313,0.304314,0.865084,0.729741
0.972412,7.083068,0.834720,9.575367,1.675332,2.988946,0.011871,0.977893,0.057031,0.594073
1.405622,0.317426,15.122240,6.642833,3.700323,6.581784,3.166905,0.106239,2.734124,0.651377
0.147305,9.356883,0.193791,0.017093,0.274369,2.652888,0.000242,0.686488,0.665539,1.219966
11.732792,0.465494,0.211140,0.710947,6.437580,0.780504,0.057359,0.198821,1.093790,0.032125
9.770998,0.435601,2.428849,2.528696,16.171862,2.236083,1.746967,0.195681,0.543279,4.194453
0.948158,3.251065,0.433116,4.520063,1.395383,4.270563,2.102943,1.863546,1.050153,4.048272
2.134474,0.415892,1.662205,10.128000,1.999130,5.085295,1.013588,7.904193,0.038554,1.834670
0.147607,8.279270,0.305449,4.259111,9.255535,5.724070,12.356049,0.286836,0.000473,2.226691
0.301796,5.848751,0.629092,0.061828,6.055946,9.678272,0.533741,0.536776,0.012236,0.307191
13.245193,0.765142,2.409856,1.618146,12.715321,6.328314,0.005439,6.205666,0.000736,1.559194
7.801102,7.709502,6.025889,0.523546,3.429681,7.376487,0.025942,0.290204,2.324895,0.019701
11.310525,3.901935,1.026108,0.066745,0.484359,7.875016,0.025733,0.153349,0.624014,0.308977
52.539837,1.188482,0.725534,0.021690,7.105780,3.176044,11.661375,0.217444,1.162496,4.031868
12.472655,3.169522,0.055075,0.000717,3.981930,0.762519,2.005154,0.487092,0.001109,0.011552
10.506465,0.328997,0.889856,0.291076,2.514975,0.004033,4.406026,0.899231,0.027285,0.647881
2.400929,5.475946,0.283068,1.304731,2.834225,2.533426,1.791724,0.776301,2.422869,0.754223
5.088149,4.045537,0.441271,10.039195,2.354642,1.323897,0.099476,0.807207,0.915987,3.470587
0.009987,6.326675,1.933227,1.396645,0.477654,3.039204,0.235885,0.826605,0.043997,0.396907
9.670643,13.449965,0.242190,4.668929,0.160789,2.888713,7.223514,0.360676,0.371911,0.203081
3.897220,0.969060,1.716219,1.740362,1.779262,1.042826,1.304725,0.180460,0.641959,1.061399
4.381500,0.000488,1.530016,0.068947,0.183366,3.785380,0.453053,0.568328,0.000398,0.025550
1.587306,7.720419,0.239737,2.593274,1.068942,2.592528,2.221514,0.020940,2.548427,0.802932
2.451145,0.007710,1.017089,1.163613,3.076948,0.196001,1.232307,0.026198,5.154816,0.813116
1.063477,11.010522,1.770338,0.020709,0.699734,0.156527,1.299124,0.310878,0.010859,3.649797
0.002063,4.982926,5.320447,0.141510,2.370094,4.702403,5.615826,0.190825,0.584705,0.144630
2.179796,2.655085,0.107082,11.760363,8.075995,5.120908,0.517880,3.786375,0.741599,0.500367
15.054571,3.418854,10.968092,5.718146,5.392882,3.362491,2.985012,0.218565,0.084939,2.109727
1.083930,0.110553,3.462160,4.619514,0.055589,15.159682,0.786777,0.001487,1.411990,0.418936
1.485145,0.018215,0.060213,5.520386,0.087924,1.103811,0.004472,1.963869,0.132479,4.075538
26.371626,3.196650,2.079666,0.202526,13.216995,7.714020,0.591589,2.745697,1.200256,1.183308
1.397396,0.853236,1.984542,8.635519,0.083576,0.086350,0.928988,4.678092,0.099048,3.740673
8.892723,1.271123,0.617795,0.202269,0.033900,3.546081,5.151763,0.656970,0.415131,1.702218
0.154577,4.374024,1.352290,5.648267,0.104447,0.008245,2.094879,7.749096,0.075485,0.007244
34.573952,1.312856,0.295517,1.187635,15.102028,2.489110,0.254430,8.250311,1.316225,3.258716
53.697151,0.417361,0.115464,0.021256,8.547826,3.382029,5.435740,6.029488,4.226380,2.218143
0.107768,2.040803,0.000092,0.903003,0.670897,2.382044,0.369074,0.881580,0.413611,1.712772
0.401313,0.280377,7.126359,0.028966,0.496922,2.444895,1.298848,0.019574,5.465261,0.005416
8.649007,2.201186,0.922672,0.106042,10.718551,0.324852,0.464040,5.723082,0.926165,0.000001
0.541325,0.700060,6.659057,1.309450,1.508896,3.763803,0.020389,0.559293,0.006450,0.726615
0.215014,0.945676,16.375923,0.642616,0.003420,0.559688,0.075319,0.000152,3.679414,1.679210
0.087147,3.668891,2.091163,2.747550,1.232466,1.732039,4.852938,0.008672,0.016979,1.660228
0.979216,3.688026,0.221331,15.814072,0.631028,0.744183,1.572875,1.509797,0.554768,0.622678
26.844118,1.390023,0.494803,18.623671,0.471554,2.794218,8.831046,2.652082,0.118721,0.886659
0.059411,14.309769,1.016077,6.087362,2.596709,0.472850,2.770213,1.099288,0.285819,1.762312
0.514835,3.595753,2.438714,14.264709,2.094352,0.842400,1.329764,0.046485,0.415609,0.008763
13.105986,2.331779,0.053410,0.886473,0.000001,1.767422,6.660962,1.778718,1.118343,0.495617
40.163643,10.523391,3.951680,3.613623,2.118494,0.315620,0.005177,0.393732,3.735174,0.423504
0.000265,0.837009,2.338139,9.866550,0.504596,2.354561,0.227117,2.266928,0.670729,0.000010
17.120968,1.169401,0.001719,0.006408,1.941722,0.392963,1.627681,0.585071,0.261581,0.118565
1.399778,1.195224,1.554409,0.826518,1.260410,0.053226,0.308137,0.117803,0.175385,4.332050
0.000025,1.574612,2.736749,7.971336,6.282389,3.445625,1.571560,4.083448,0.732643,0.751181
0.805683,0.002196,1.286151,6.317392,1.826099,3.388004,1.973625,0.598105,0.469520,0.010076
0.250302,2.640909,1.514686,7.707850,0.174941,5.230356,1.796849,3.498383,0.188291,0.027936
0.187088,4.172239,9.099330,2.674760,1.038590,0.000338,7.004471,0.147463,0.223946,0.685648
12.205010,0.676767,0.365129,0.001112,3.212843,1.479055,1.781142,1.542311,0.272885,0.732529
0.526902,0.011385,9.578548,11.031807,3.528467,3.783078,3.419164,1.182143,3.246902,1.810157
7.807051,0.028591,0.574863,0.777854,4.670610,2.216611,0.010901,0.239255,2.730100,0.326110
0.543618,0.768484,6.838117,3.523204,0.354611,0.036557,0.961652,8.642229,0.189763,0.530007
1.532011,0.075672,2.531057,1.953320,5.795543,0.069450,4.663829,0.340402,0.182519,0.579301
0.064326,0.014320,0.739206,12.793163,1.395920,1.911538,1.586589,0.002777,0.000263,0.038457
0.040099,3.888697,11.777758,5.547195,0.046970,0.725608,4.628324,0.188853,5.241988,0.296623
0.641493,1.968082,3.166431,0.030947,2.454718,0.087154,10.038926,0.661608,0.009926,10.133073
0.916959,17.125021,0.030820,4.940601,1.649113,4.864541,6.142409,0.122122,1.247553,0.083281
0.250454,8.168403,1.966216,0.710861,0.054787,1.233133,2.840617,0.077052,0.216630,0.414077
4.275178,0.142771,2.132386,0.084549,1.918249,0.065453,0.560303,0.629935,0.709388,1.756728
1.109683,0.944993,2.900164,0.698461,0.001237,7.715909,0.040748,0.014543,0.375114,1.972089
3.224692,15.650124,0.085771,3.108692,1.335086,3.510557,1.330991,0.347779,0.371109,1.887957
0.197357,4.590595,5.786146,8.034228,0.052053,2.043507,0.832310,1.068066,0.072143,0.001723
0.248857,5.907715,3.985176,0.110503,0.674704,5.177682,0.043830,0.564438,0.268398,5.840055
0.797905,3.694131,0.270932,11.069736,0.312558,3.648550,0.008139,1.222100,1.624990,0.554139
1.064546,0.001284,1.480813,5.769398,0.190662,0.898566,4.893568,1.518369,5.081012,0.079359
22.666279,0.949637,4.433205,4.903463,0.884007,4.883570,1.418209,0.012521,0.068581,0.012687
0.333472,11.681662,0.953392,4.861484,0.154719,0.224281,0.024475,0.073073,0.460273,4.620768
0.354113,5.656416,1.714454,0.132564,0.000060,0.048849,0.005522,0.002546,0.010248,2.580060
0.101010,17.019453,2.390776,5.168621,2.154812,2.890800,3.493819,0.305271,0.231988,3.943101
3.745237,2.203926,15.964326,1.950522,4.276048,7.714034,0.204431,0.142511,2.621222,0.236633
13.280686,19.311905,2.053476,2.271851,11.281929,0.040892,0.228011,8.713355,0.973773,2.959196
2.038946,1.468090,0.066040,4.981205,1.706743,0.839939,0.693271,0.265120,0.177320,0.010280
2.679131,3.316025,0.503557,0.377851,0.483532,1.897415,0.000001,0.282336,0.023788,0.028116
0.001977,0.926084,0.034515,11.068831,0.029595,0.017035,1.138594,0.042214,0.423715,1.423247
0.202274,5.459096,15.384085,0.002561,1.266997,2.311663,0.019201,0.291436,2.005405,1.026695
3.446832,0.038926,6.542073,2.788049,1.443968,0.050475,0.129952,1.325245,0.596314,0.243015
0.732418,1.182006,17.605764,3.605838,0.496995,0.340826,0.639106,0.047714,0.351016,5.402209
0.267695,2.170448,2.353961,1.061439,0.389130,3.701184,0.427856,0.320281,3.202847,0.440414
1.615543,1.181753,6.312589,2.475017,1.475076,0.069175,8.154279,0.002439,0.047974,0.470145
5.473122,2.438664,1.191069,1.195881,0.840507,0.652545,0.512985,0.600191,0.003017,4.730913
0.483352,4.093356,0.918722,0.753386,0.200994,1.230315,4.570058,0.005989,1.960407,0.673732
7.307458,0.377955,3.991636,7.580794,0.622425,5.509688,0.020293,0.537858,7.451803,3.504733
0.683316,11.800319,0.005397,0.030686,0.256198,0.743407,1.019977,0.445115,0.039747,2.330375
3.035127,4.083587,0.259703,0.000005,0.779110,0.570754,0.862097,0.656492,0.186110,2.914992
27.055130,6.421144,7.712664,1.784908,0.186830,2.886571,3.087282,1.870043,3.075249,5.020006
0.004874,0.881220,6.710440,10.124455,5.325137,4.394839,0.118721,1.800224,0.022611,0.425239
6.716023,0.000247,5.937166,4.246243,3.697540,4.844478,2.618464,0.372814,3.062541,0.050272
0.500561,0.073487,0.005601,8.061180,9.190057,1.526482,0.089992,5.613877,0.559404,0.724178
3.933596,1.673841,0.495333,3.955186,0.347739,1.934748,0.000191,1.761972,9.291718,0.128076
2.541346,1.058801,2.977847,0.682270,0.124046,0.658178,0.615084,1.708493,0.173700,4.859444
4.752864,5.608695,3.421656,1.785805,8.782940,2.260093,3.220296,0.314762,0.017275,0.177798
55.885433,2.647525,0.795769,6.175346,11.789285,6.908411,1.432204,4.667394,5.550110,0.214386
1.154137,0.882003,3.306303,1.345513,14.381532,5.014645,1.767448,1.094466,1.244654,0.649261
0.027345,8.182489,11.572874,0.448251,0.027534,5.027828,1.075941,1.070921,0.484930,2.128070
10.109502,1.648569,0.108970,0.013921,1.316058,3.606669,2.652304,1.775921,0.488713,0.019762
7.781664,0.782208,0.427088,1.115769,4.146664,0.026318,2.111388,0.217810,0.041286,0.355268
0.014668,7.080173,0.141491,1.581756,0.191044,1.032693,12.787774,0.288019,0.009020,0.736812
0.049274,7.350727,8.954035,0.484487,0.275883,0.015924,0.715359,4.946837,2.552915,0.109078
4.287138,7.943422,2.209525,0.550848,0.165054,0.023965,3.692263,2.892322,1.228265,0.831814
0.610821,16.765654,1.942977,3.021311,0.882932,0.216760,6.126850,0.102767,0.120785,0.383875
4.986149,0.000533,1.509839,1.292583,0.807517,0.469767,12.382114,0.062941,0.123322,0.695117
0.574860,1.233846,1.342864,12.226876,1.730680,4.178001,0.010024,1.890054,0.753904,1.634753
1.598218,11.858644,3.835791,0.281425,5.369959,0.010804,5.489388,0.729272,2.028010,0.157724
1.376639,14.381058,1.335051,1.366870,0.901069,3.985733,1.319629,0.347924,0.987564,3.819264
1.889735,9.084352,0.004556,1.000384,0.581208,2.110983,0.000089,0.029043,2.073717,3.149933
0.131244,3.536380,2.028594,2.468883,12.287715,0.734776,2.286297,6.657838,0.751041,0.198128
6.588738,0.881809,0.316702,3.266724,0.021582,0.767972,0.172189,0.225913,0.085224,1.417672
0.936280,12.874532,1.459659,2.539079,0.029031,0.679810,0.046900,2.060039,1.072019,2.331298
0.422939,1.690577,12.342312,1.201620,8.133235,0.026114,9.484567,1.664525,1.097004,1.303817
4.428875,9.866434,3.148065,0.451922,10.381543,4.665099,0.069275,0.037483,1.594138,0.000358
0.706541,0.426996,1.178706,1.621800,5.560735,0.443284,0.082987,0.027980,0.595822,2.039315
0.130850,0.000110,0.454869,2.432290,1.107526,0.353344,0.162957,2.720476,6.754673,0.301435
3.894795,2.741541,0.736851,0.061118,1.037128,0.223886,0.374532,0.258653,0.217022,1.099359
0.042474,5.640807,6.041927,0.444183,0.000063,0.537815,3.457248,0.039732,0.147446,0.603626
0.115558,7.846466,0.003233,0.005444,0.691087,0.424077,1.010192,0.447831,1.056992,2.822398
0.027344,5.448187,11.049593,0.002968,1.884909,0.064592,0.203044,1.407872,0.041300,0.674593
2.377989,0.630021,7.363931,8.378673,2.046945,0.011475,2.095367,3.667901,3.500945,0.408326
0.147800,1.567964,2.869223,3.601453,0.061289,3.807099,0.357129,0.822091,3.053818,1.280355
3.931058,1.166371,2.962793,1.848357,0.042775,1.982257,3.673213,1.087781,0.216398,1.682719
14.900899,2.835519,0.588330,4.574580,11.136558,0.002579,5.251271,0.018974,1.591498,2.174376
4.640608,6.925377,4.002553,2.614263,2.976079,5.673802,1.294804,0.276524,3.020603,2.017645
4.268253,1.802617,2.144693,6.913462,1.889313,0.000519,4.112882,0.040831,0.102252,0.092370
0.040072,0.020243,0.052642,2.384409,3.333522,0.000578,0.784605,6.141553,0.754020,0.994382
0.207350,6.851642,0.432329,8.380345,1.007201,0.941559,5.449015,0.355544,0.295802,0.088153
12.475641,0.507870,0.174429,0.091870,2.860823,1.518224,1.672075,0.276249,0.522755,0.652824
1.053289,1.771902,2.222656,0.968099,3.869515,1.137943,3.753189,0.154959,1.806443,1.410663
4.834529,2.042351,0.554173,0.521467,0.001359,0.753976,3.735106,0.094264,0.006034,0.640640
6.962553,0.091327,1.061615,0.843219,4.099906,0.097092,1.388172,0.030748,0.156223,0.173314
0.126040,3.151718,4.962507,0.115436,0.795061,3.105815,12.845857,0.914272,1.640511,0.884172
3.001200,8.101927,0.601584,4.019733,0.019260,0.430716,1.013431,0.287672,3.200822,0.870513
8.561416,5.468761,0.702010,0.359933,0.002528,7.650864,5.265082,0.035310,1.077529,0.674373
4.772321,0.143595,20.510159,0.831923,0.081069,4.066811,1.014467,0.063817,4.236142,8.584921
30.230255,2.094009,3.324092,0.225676,5.663781,2.996297,0.791957,8.446934,0.165799,0.107004
11.347971,3.717349,0.796850,0.078481,0.026907,8.530026,1.148420,0.077435,0.793592,0.321676
0.210159,3.222864,9.650315,0.001383,0.375918,3.704943,0.052094,2.013938,0.867948,1.519960
2.338199,0.124981,5.750854,4.550713,12.360322,5.038830,10.808464,0.179963,3.556893,0.002632
0.122472,10.709491,0.077296,0.001846,0.747972,1.648964,0.082751,0.980217,1.374227,3.004512
0.000047,0.154120,12.551633,3.136788,4.405733,5.004561,0.086993,0.032332,7.348165,0.082837
4.874077,6.658420,0.016507,1.888536,2.563848,2.527276,1.537623,0.231750,0.116550,0.915626
11.971780,1.357218,0.225186,0.001165,1.425403,2.302608,3.410660,0.593820,0.267626,0.656237
14.705909,1.555130,0.085183,0.057894,3.726603,0.949713,1.231620,0.665024,0.142664,0.125136
5.060106,0.125903,1.486896,1.840773,5.597572,4.293090,0.479347,5.043309,0.089507,0.230973
5.112485,1.422430,6.329762,0.092609,0.655382,0.204477,0.523529,0.191841,0.960945,0.129101
13.604345,6.546134,0.246298,0.486902,0.579928,0.883070,0.185266,0.020099,4.944022,0.006025
0.886855,1.362011,7.722501,3.564744,0.072504,0.197763,1.942172,0.025687,0.675725,0.167888
3.564713,18.978857,1.310328,0.234846,10.460494,0.646976,1.642377,0.029823,0.000202,0.828224
0.188200,2.837374,1.770214,7.734568,0.000079,1.394390,5.021981,1.990279,1.210967,0.280144
1.552281,0.621750,7.948985,0.051418,0.089964,0.036102,1.392205,0.308760,0.856543,0.000032
1.614192,0.000140,0.153416,12.634401,0.375985,1.724180,0.650275,0.282806,0.481002,0.224213
39.815113,0.114594,5.293333,4.959131,0.000680,0.869738,0.158513,0.691460,0.406447,0.030281
23.624640,7.852597,0.889401,0.146202,0.047625,3.795804,19.538458,6.387364,2.328913,0.364593
14.182693,3.197630,0.140397,0.490270,3.432464,0.026579,0.324204,0.299070,0.204576,0.139154
14.731020,4.460127,0.435709,0.160916,1.818892,0.007886,1.263574,0.912354,0.572296,0.054607
0.960435,7.714769,3.499511,0.198695,0.480085,0.943508,0.414627,0.267862,1.919993,1.457140
0.849152,4.567122,1.387373,5.941177,2.021596,0.455742,8.686986,0.589719,0.093363,0.773049
7.983836,0.769436,1.935195,3.607548,2.414829,1.922758,0.010488,0.000080,0.670728,0.140683
0.816947,0.283142,0.365855,0.449499,13.249524,8.730203,9.301491,0.437532,1.123563,2.965547
4.063409,1.667326,0.276268,2.961480,0.081399,1.544672,0.181338,0.005773,2.871214,1.015027
7.451859,0.231455,0.884325,0.001131,0.029320,3.812226,2.779482,0.963322,0.079861,2.022744
0.001232,1.942879,3.079438,3.608165,0.902030,0.952649,1.713600,0.690380,0.570844,1.558573
0.462526,7.474480,4.755331,0.565456,2.471240,0.159352,0.116453,11.156054,0.659091,0.026310
8.093629,2.334071,0.753940,0.501361,2.941689,0.936853,1.674388,0.003420,0.295111,0.019688
0.006763,0.213843,0.977274,4.074708,0.052495,10.479805,0.425876,0.011644,4.482156,0.444631
0.320781,4.845886,2.244055,0.234334,2.114624,5.327712,0.000149,1.287234,0.039950,1.468482
0.085864,6.658571,10.490098,0.540663,1.034401,0.481744,0.041983,4.574372,2.506257,2.245705
2.126272,0.015306,11.169803,4.020442,0.654546,0.895966,2.460564,2.073138,2.090412,0.125884
0.503308,0.001571,0.813640,1.718609,1.218730,0.003583,0.551363,3.528987,3.522824,0.104760
4.680071,11.413637,0.224914,0.192050,4.042449,0.042389,1.495211,6.470953,1.207626,0.434928
4.277795,4.096420,0.595099,0.165358,0.171467,0.010791,2.180810,0.040230,0.109447,0.047660
0.406671,5.960845,1.454252,9.731165,0.995031,0.329214,3.802423,0.219683,0.323907,1.580047
16.518221,0.039004,2.342890,0.443590,2.510501,0.002337,0.568786,0.638568,0.254692,0.170300
1.820722,0.464235,0.742217,4.043792,2.109864,0.273870,4.693556,0.276677,0.127732,0.172256
9.185112,0.570952,0.124517,0.091944,0.285367,0.116191,0.104006,0.040788,2.250819,0.388827
0.000026,12.209728,10.541501,0.187612,0.076521,0.015003,1.656522,11.750167,0.002907,4.184573
5.380843,4.731830,0.920246,0.014854,4.036006,8.319681,0.417068,0.032458,1.686299,3.607521
0.458944,6.452811,8.046645,0.005021,0.040363,0.030678,5.412285,1.168488,0.601438,0.000211
0.005865,4.592293,0.000970,2.336231,7.040859,0.198445,1.394684,1.384474,0.088485,0.011345
1.635055,2.065122,0.215391,0.353565,0.372155,0.027791,0.715761,0.073937,3.236647,0.980832
2.463318,0.048259,5.917978,0.157770,13.734027,2.534649,0.000524,0.131123,4.137547,0.795957
31.831369,0.092313,2.411781,4.914185,2.402618,2.414931,1.125489,3.318704,9.313425,0.545775
3.773873,0.244985,14.888021,1.707188,9.079630,0.691422,0.068523,0.099461,4.739089,4.042105
24.417732,5.920271,9.284607,0.131313,13.619050,14.564764,0.200030,4.653136,0.217929,1.477858
1.123389,7.937666,2.918991,2.180823,0.801513,1.265009,6.032892,0.052269,0.085581,0.123260
15.671522,3.324680,15.154324,0.131391,1.782951,3.568542,5.479957,0.308961,2.875544,1.400598
14.035532,1.736318,0.208618,0.413999,0.893418,3.910461,0.509855,0.046642,0.428931,0.387796
1.075579,1.023977,0.023681,16.776283,1.259730,0.518379,1.849761,2.407223,2.646396,0.039065
0.732049,0.164325,0.619206,4.574123,0.001522,4.367685,0.495704,0.024033,6.848574,0.982427
0.197152,0.897342,0.012879,0.192409,0.867514,7.391162,3.626812,0.300615,0.577798,0.630390
0.584654,24.430853,0.091904,0.150831,3.651601,1.454582,0.897150,0.142792,0.001885,1.179293
0.820918,5.459195,2.577064,1.141311,0.307201,0.319180,0.419154,0.187685,0.412449,0.452669
2.644255,3.106611,1.462542,0.203040,5.015472,1.683513,0.037025,0.077528,0.444825,0.162316
12.237238,8.217293,0.483955,0.783665,0.097371,1.590996,0.926276,0.026352,3.640971,0.628830
0.002334,0.240536,2.152638,0.059965,0.189960,1.098303,1.825472,2.785069,0.734910,0.347757
2.256984,3.275859,1.767970,0.121171,3.204210,17.681885,0.028457,0.259328,1.227233,0.593891
3.319996,3.807909,0.079281,0.216173,1.340767,3.162321,1.275615,0.029725,0.338117,3.206201
19.445370,1.712073,0.880418,0.021333,2.797697,1.127335,3.129444,3.037024,1.336987,3.162065
0.293229,2.896580,10.188103,5.492702,2.094227,1.813792,1.341804,0.369910,0.618727,1.144632
7.133854,0.149559,0.052236,0.281321,1.333325,3.609151,1.709471,1.726787,1.983641,0.746942
1.518568,7.644541,10.210147,2.280272,3.060503,0.150245,4.702675,1.164970,1.211262,0.070614
6.102486,1.225474,0.829506,0.434204,1.291728,3.018799,0.539905,0.208325,0.020827,0.005810
1.045406,0.012206,0.022333,4.044496,1.313345,10.438114,0.072733,0.220307,0.088450,3.591372
0.040147,0.001019,8.050819,1.890217,2.035287,3.148959,0.258164,1.971035,0.040933,4.995273
0.229098,14.796895,8.071864,1.330378,0.023752,0.007245,0.013744,0.030359,0.000567,0.029336
1.571590,1.470244,0.297080,5.217156,7.507273,4.533259,0.819577,0.012633,0.479600,1.974064
7.027508,5.892448,0.637926,1.929139,0.224523,3.238097,6.212328,2.174875,0.859703,0.074248
8.103436,3.814815,0.269016,0.842519,0.377021,2.233147,6.828188,0.000424,0.118959,0.141734
0.018909,0.359803,1.927265,6.021450,0.034073,1.953134,0.746334,0.193688,5.697757,0.132276
1.286812,1.444984,0.021193,4.305963,11.889275,5.103469,0.006965,0.378507,0.509401,1.513350
0.608604,4.180301,0.066791,12.695142,0.197791,0.029533,1.546386,2.360155,2.551206,0.495637
4.462952,2.685803,6.313040,1.892151,2.916528,0.026871,0.068627,0.346318,0.228574,0.021075
0.002597,8.260730,0.619121,2.426222,4.432046,0.013417,1.104632,0.429389,4.222435,1.663281
0.018765,15.492557,0.044361,0.644855,0.340626,1.837916,0.053165,0.362076,0.877732,2.911699
3.264258,0.313654,3.806863,0.029733,0.710275,0.640699,0.004454,4.444968,0.876271,0.738833
0.789036,2.907918,0.254145,0.442060,3.073596,0.341195,0.338441,0.018162,0.535984,0.741541
14.756304,1.763350,0.053510,0.453245,2.467572,1.329719,0.000004,0.089172,0.361806,0.504974
0.106389,0.793953,0.758041,0.128895,2.847691,15.943905,0.153176,0.655861,0.000245,1.955964
0.026619,0.410467,5.132224,0.666378,1.264995,7.083737,0.015698,2.541725,0.072078,4.736336
12.410654,0.872070,1.906901,0.051549,17.741489,5.310628,3.180982,1.477033,0.644108,3.875083
0.937019,0.519407,4.793004,3.545222,1.061999,7.238471,0.532122,0.019007,1.243154,0.931029
4.268384,2.226127,3.664326,15.030876,5.397410,0.985104,0.337291,6.505439,0.144920,1.305087
0.145710,1.514822,0.025890,2.756238,0.021132,7.320194,1.252124,0.147958,6.016508,0.177464
2.754369,1.654928,2.778439,0.121833,0.134422,0.194409,4.307059,0.222145,0.002236,7.540642
0.023936,2.125994,2.239173,4.075749,3.428710,10.563097,1.475289,0.265535,1.764768,0.600304
4.740729,17.901033,0.932596,1.553528,5.136028,0.002236,0.000159,0.068312,1.119128,5.650684
8.102438,0.000976,1.527483,0.146403,12.790158,0.084090,3.734790,0.360760,3.685504,0.125397
9.412586,0.495046,0.560651,0.000044,1.079530,3.992221,1.850856,0.230674,1.278706,2.306580
14.838509,3.690929,0.137569,0.274032,2.501273,0.026707,1.703266,0.742941,0.201925,0.324679
5.704445,0.117664,2.413968,4.495019,0.972312,1.099644,0.536895,1.761045,2.270956,0.930123
0.188291,4.097447,2.609621,0.553574,6.775210,0.081642,1.686841,6.470303,2.585818,0.807277
0.214060,0.373217,1.285051,1.932582,3.899640,0.972171,0.464109,1.480668,2.765102,0.900203
2.113681,3.880365,4.019354,0.070976,0.686304,0.352956,2.704128,0.441611,0.029758,0.588137
1.457231,2.451628,0.616616,8.978738,1.775388,0.055795,0.758931,0.000262,1.601261,0.423600
0.014421,4.237488,6.454858,0.512299,0.057686,2.522624,0.252079,0.487603,2.053084,0.351779
11.677172,0.517724,12.895861,0.850389,12.842480,1.005626,1.203612,0.203121,2.354349,1.168015
13.427360,3.894888,0.057897,0.301590,3.669723,0.270603,0.416288,0.676606,0.229315,0.006838
1.618578,10.619708,0.432378,2.782265,0.647007,0.216062,2.913387,0.573578,1.042562,3.487259
2.051762,3.530522,0.420364,0.443533,0.272691,8.946022,1.674898,0.617935,2.243511,2.548087
23.729208,1.075597,12.629138,10.169293,0.005466,0.037586,0.277392,0.000998,11.082666,0.897559
2.984282,4.213257,5.459381,0.172545,2.109313,0.593727,0.490893,0.358430,3.492104,0.206617
0.116153,0.578457,9.193745,2.869210,1.551281,0.146435,2.195912,1.173502,0.224859,0.014546
3.108042,1.039011,8.516942,12.529261,0.960614,5.749781,0.815459,2.365683,0.011188,0.117626
10.740893,6.385865,1.630996,0.944089,0.300148,0.877292,7.377102,0.622014,1.434025,0.676505
1.436049,3.400138,0.357561,0.665398,2.233800,0.004359,0.744677,0.084438,2.715368,1.122296
5.584168,3.420916,4.397518,0.452151,0.938221,0.046543,2.065260,0.079844,0.859054,3.788491
7.055126,1.442953,0.372206,1.305849,0.165957,0.345300,0.205477,0.325143,0.037088,2.472332
0.157104,0.856066,0.032402,5.591902,6.141935,7.625097,0.235446,2.017592,0.345353,2.938271
7.355060,3.486300,12.754903,0.665586,0.229461,2.338565,2.038937,8.105240,2.159591,0.499785
0.354287,9.523655,1.184765,2.450141,1.507390,0.329248,3.699889,0.019945,0.760948,0.152886
4.207338,0.601739,0.740430,9.012728,1.414791,2.844121,0.782542,1.310921,2.896834,0.371824
3.214683,12.935933,0.003988,7.076203,0.776019,3.424120,12.654575,3.346879,0.455938,0.101553
0.195877,7.680186,3.822966,1.258656,0.116788,0.616962,6.982798,4.226705,0.013321,0.589046
1.681763,20.260885,0.615060,0.441391,1.576097,0.345800,2.971328,0.286797,0.278788,0.024314
1.841037,2.151408,0.332353,0.027045,2.369141,2.899674,1.226629,2.023536,3.547106,4.918077
5.061292,9.578915,0.577529,0.719725,0.002769,0.598567,0.511842,9.042410,1.950722,1.891501
0.003575,3.679123,0.454806,4.798991,0.050039,2.047825,0.447058,0.134355,0.328053,3.691320
1.204456,1.268359,0.464537,0.221519,1.799250,1.194196,0.759371,3.087104,4.543502,0.256260
2.986318,13.367711,0.044603,5.594638,0.382052,1.046449,4.976397,0.224605,0.243912,3.590265
0.185675,2.008222,0.728712,3.292437,3.559623,9.154463,1.750183,0.238225,4.093081,0.373642
10.752011,3.376108,0.081672,0.248134,0.141318,5.270762,4.102962,0.018402,1.683381,0.063691
0.293178,4.969402,4.529069,0.718456,2.392925,8.796444,0.384013,2.117864,2.438426,0.650426
3.863367,0.113012,8.323582,1.029467,0.022586,0.020038,1.026014,0.069264,0.401494,0.945209
0.990881,12.766284,1.857267,0.650815,0.004036,1.515084,0.836836,1.516646,0.190875,6.062424
0.327218,1.833942,0.978200,1.256807,1.686781,0.107288,0.434349,0.867407,2.348022,0.667669
4.699321,3.644283,0.005796,2.135296,2.259296,0.366171,0.602928,1.356097,0.027506,1.278155
14.541410,4.727623,1.098850,0.361599,0.648965,1.297625,0.357507,0.224151,1.320319,0.052842
9.526069,12.095922,0.443939,8.908985,0.346502,1.093226,0.388292,0.451490,0.728079,0.139819
0.104025,9.156589,0.326693,0.047512,0.146682,2.316831,0.462636,3.374101,0.107177,0.016661
3.415164,0.000979,2.465986,0.103242,1.623000,0.043460,1.370760,1.733748,0.602057,3.705429
0.024372,11.610467,5.872419,0.001143,0.894678,0.600023,3.043568,0.914403,0.145001,0.008748
7.776552,0.000636,0.795974,0.437872,3.712757,2.538928,0.327095,0.158003,1.980163,1.033095
1.644502,8.894117,0.033409,2.210256,0.000009,0.013419,0.103579,1.491281,1.124472,0.014944
0.509284,8.961758,1.643935,4.065485,3.092857,0.351021,0.712065,0.101915,1.807372,1.780371
2.706913,8.117525,4.091813,0.761087,1.570290,0.395039,0.013803,0.667196,0.231186,0.003437
4.548266,5.541019,2.733045,3.052247,0.649986,0.229353,0.442911,0.239196,0.369837,1.093342
1.433653,5.081878,0.304128,1.340994,0.646048,1.940804,1.176458,1.082570,1.194109,0.755148
0.380217,3.914099,13.417514,0.153265,0.157362,1.484795,0.058920,0.284361,0.231264,0.947491
7.087924,1.524156,1.164305,0.690699,0.220201,1.799276,0.000859,0.009205,0.003486,2.093323
1.567398,12.320771,0.981630,0.792675,0.163788,0.021594,3.873557,1.031621,0.198078,6.382733
0.281060,3.266977,6.291545,0.392941,2.652917,1.567152,0.725629,0.215945,0.007534,0.170812
1.872096,1.830936,0.000152,0.542550,9.214211,0.369310,0.023203,0.059374,2.444635,0.004947
2.795750,3.680887,0.018177,1.202705,0.201335,3.182896,2.613605,0.005164,1.420905,0.000587
12.276303,2.302729,2.287690,0.058702,10.917671,2.274421,3.421327,2.033998,1.016740,1.954217
7.012682,5.693459,1.726308,0.260965,0.520194,8.410509,6.913746,0.089208,1.440679,0.385187
0.034536,10.936189,0.346839,0.680312,0.853946,0.013457,3.911134,0.272239,0.051168,1.915571
0.419827,0.002199,10.608273,2.343608,1.056275,15.755694,1.711524,2.493636,0.761541,0.075597
0.240429,0.931737,0.009423,0.039390,2.324557,0.101918,4.902955,4.510336,0.929261,1.778203
16.505592,3.386395,0.188450,0.083059,1.068347,0.087637,2.743140,0.747490,1.694568,0.000157
0.118016,0.030766,0.563997,3.608760,0.586925,6.215427,3.046723,0.011034,1.803912,0.463136
0.304433,11.314274,4.113911,0.067239,0.636588,1.436295,0.848918,6.028742,0.019965,0.028383
12.857619,0.395249,0.117848,0.328846,6.198247,0.839828,0.449262,0.407147,0.469270,0.025674
2.478427,0.002052,5.287301,1.396288,7.043760,0.326447,3.177544,0.369030,1.436604,0.493379
13.158112,0.115493,0.136258,9.834309,1.010255,0.804823,6.841783,0.571424,4.367207,1.083698
0.009424,6.255476,2.298249,0.519694,0.679748,0.504572,0.371451,7.661554,1.380960,1.515379
0.048926,2.194573,4.243384,5.114713,0.419861,2.002776,0.344079,3.295781,1.428247,0.047571
0.517708,1.132603,1.317528,15.930802,0.300796,1.056700,0.203197,7.599165,0.447793,0.959998
0.913664,0.322138,9.009985,0.014262,0.907354,1.172595,3.003273,1.663843,1.720593,0.077681
0.900289,4.624242,1.437356,1.358421,0.040748,0.305028,0.978889,0.771533,0.992137,3.293405
11.755495,5.486441,0.139971,0.171125,2.422623,0.094572,2.378197,1.197776,0.027192,0.128965
9.522454,0.348638,0.587141,0.526044,2.577836,2.403050,0.242144,0.581694,1.835601,0.937254
0.105492,1.076345,7.452832,7.168311,0.318227,0.000547,1.486738,0.193850,3.305143,1.724877
3.541545,5.329833,14.180517,0.788773,0.466017,0.294863,0.897438,0.096524,0.701808,5.770153
0.996266,2.454067,2.939151,7.051585,0.099010,0.922815,0.000317,0.311949,0.090585,1.366592
0.267996,2.825520,0.995500,2.817831,2.358784,1.230633,2.007087,0.568308,3.953739,1.026110
0.105866,0.019085,6.941712,5.054389,0.331514,1.672480,0.132598,0.166162,0.952030,0.007552
0.023908,7.011317,0.028673,6.896367,4.932814,2.364124,0.420240,0.045160,0.009624,2.530834
1.392375,1.658891,0.612570,2.335811,2.108347,2.487875,0.341774,1.458650,2.430784,0.028062
10.780057,4.112558,0.204203,2.105365,1.980690,1.791592,1.383862,0.034368,0.307740,0.093925
26.225801,2.205342,7.060549,0.730703,8.783981,10.969590,0.078993,3.546997,0.089144,0.101302
0.127637,4.397626,1.710528,13.960855,4.320487,4.980239,3.485549,2.680158,0.170633,1.546471
11.646193,8.163778,0.557656,0.003252,0.043553,3.648984,0.706691,0.311648,3.101043,0.044763
15.191272,2.143795,0.905918,0.805866,0.203644,2.916509,2.209532,0.025661,2.090041,0.266131
28.043474,1.083406,0.133013,0.665970,11.061604,0.114947,0.029956,3.474320,0.356048,0.266835
0.798567,2.527105,12.351247,0.222392,1.964730,0.128659,0.679605,1.906950,1.358481,4.827856
0.121905,2.289559,13.122637,0.619480,0.010229,1.183983,0.372895,0.042873,1.703085,1.155733
16.366262,0.101151,9.237808,0.111150,0.717253,0.048617,0.591785,0.052583,0.125370,2.183109
11.628506,1.894838,0.102088,0.232290,3.768503,1.079215,0.952852,1.568114,0.155253,0.029610
12.212678,9.634373,1.104974,0.567737,0.503750,0.148748,0.299558,0.367536,3.261008,0.072129
0.001150,0.391814,0.193578,0.959118,0.576052,0.299849,0.016890,9.480969,0.143694,0.005743
28.133255,0.011171,6.049655,0.076047,2.259210,0.776056,0.002428,0.534288,2.126976,0.025630
13.716935,4.887789,0.184655,0.092484,2.329657,0.000046,1.249251,1.033395,0.573214,0.085071
0.175987,0.097001,0.055299,18.080179,0.232442,0.125360,0.019121,0.298288,0.052033,0.402307
2.296559,3.389879,0.064774,1.156910,0.325742,0.226046,3.518062,0.010401,0.001789,1.906847
0.070794,1.870290,9.524817,0.956751,5.015789,9.337070,0.144845,0.912450,0.924808,1.350359
0.777378,1.379615,0.220222,1.963922,0.064694,2.915107,1.674946,0.895817,0.411753,0.391593
0.085238,8.144070,0.658077,0.754162,0.267932,0.003135,4.372142,4.197278,2.067525,0.228638
0.375550,0.578585,0.510519,3.381880,0.720519,7.804211,0.350964,1.977438,0.410284,4.505563
10.306131,0.000301,0.000470,7.608144,0.014184,1.703629,0.299450,0.894670,1.442629,0.339513
0.011588,14.645781,9.151649,0.409774,0.029661,1.723751,1.287671,2.723232,0.096445,5.397099
14.465957,1.675570,0.003771,0.179300,2.961295,0.032456,1.116477,0.433732,0.000209,0.003286
2.152994,16.242569,1.834979,1.426773,2.539460,0.162152,0.204475,12.195494,0.981525,1.547743
8.931803,1.448835,20.830488,0.000382,0.002178,1.422667,1.610847,3.146067,1.633503,6.052986
5.376580,0.975602,0.039195,0.469941,0.001889,0.286830,2.070024,0.016479,1.893560,0.004417
0.800382,3.487277,19.593931,0.008480,0.421753,0.446866,0.554506,0.000017,0.646435,0.036323
8.885728,0.581290,3.632454,0.938930,8.532264,6.774937,0.233385,0.750177,0.081048,0.015544
7.238136,1.285060,15.823256,2.522621,1.456625,0.183531,1.902106,5.379598,0.004911,0.184628
0.355163,2.952121,0.601814,0.837383,1.729249,1.194654,0.029337,5.099523,1.724481,0.842147
7.465880,0.172894,0.600595,1.384884,0.211185,0.007349,0.265787,2.392019,1.873907,1.882631
7.612948,1.388962,2.488035,0.087489,0.141837,0.011225,5.827328,0.033705,0.416590,2.717935
0.128325,3.591671,16.905466,3.332556,1.819264,1.016253,0.987750,0.631863,0.010273,2.259921
0.004754,7.521352,0.640783,6.011936,10.183273,1.130550,0.263956,3.077832,0.235574,0.294204
15.382038,2.411157,0.875545,0.046513,8.505400,0.155581,1.024716,7.439711,1.644555,0.034255
0.022404,0.067060,2.118177,0.055357,0.250699,3.516570,0.075267,4.600249,2.311478,0.189736
0.000155,2.054836,3.425195,2.021883,8.313121,1.297935,0.625307,0.336296,0.090980,0.762789
2.281584,2.972039,12.122165,0.596243,0.707693,3.117284,0.082299,0.005078,0.540895,0.044160
4.556740,1.461607,3.903678,2.260691,0.030747,0.030327,0.129986,0.002329,0.494028,1.244855
0.278598,2.625498,11.172461,1.743493,0.012492,6.289414,0.127265,0.327799,0.043491,3.211738
3.549167,1.213074,2.617124,9.533187,8.692323,3.699281,1.593533,2.359913,0.093527,2.168923
0.044828,11.968165,2.379658,0.454745,0.237671,0.011131,0.492994,2.971807,0.482216,2.728495
0.398252,4.958073,3.092600,5.147636,1.074362,5.734947,0.046583,2.775795,0.258314,2.791242
1.395600,1.344622,0.019061,0.794340,0.000751,0.094368,0.969551,2.217875,4.345927,0.346162
7.145132,4.252132,0.142496,1.756280,1.095028,2.955694,3.806218,0.377866,0.011592,2.109101
2.930501,1.089256,4.554467,2.297193,0.618610,3.695538,0.080577,0.268483,0.032451,0.030750
4.504381,7.544850,1.305403,4.133638,2.201642,0.002048,4.104305,1.157259,0.043947,0.002630
1.713315,0.056630,0.450515,2.196862,3.902266,0.469115,0.036556,4.522759,4.634821,0.229548
3.168946,8.652134,4.811491,0.841411,0.913718,0.365964,0.113183,8.884107,1.363950,0.592773
0.124854,7.076581,2.074789,0.766567,11.635986,15.386503,5.541667,2.246803,0.035948,0.154548
0.084143,1.837372,8.450994,7.661705,4.022687,3.911285,0.002634,3.942158,4.672966,0.008461
0.917691,9.708656,0.264837,1.838270,0.412431,1.938484,0.093086,0.769021,3.590455,2.756364
2.169969,0.136169,4.506658,3.739276,0.158659,0.510874,1.776917,0.829414,2.300174,4.947777
13.104879,5.024805,0.313294,0.325705,2.170055,0.162779,1.377644,1.463819,0.162863,0.147990
12.693129,2.432065,0.013664,1.684275,4.330394,0.242936,0.618297,0.153669,0.031997,0.018933
0.715818,2.098130,2.412361,0.689569,2.502071,9.054718,0.616911,0.901733,6.065170,2.933136
1.288829,8.638002,5.228897,6.363738,1.314870,2.190122,0.322718,0.486965,0.367499,4.568789
11.779792,9.007787,1.810094,0.396613,0.053169,4.389879,0.395919,0.035830,5.603478,0.123984
1.020399,2.501399,4.504263,7.727190,0.078537,0.189165,0.126924,0.909401,0.747763,0.018871
11.905965,8.585953,0.437648,0.422255,1.325053,0.274202,0.240048,0.032817,2.851915,0.016851
1.133401,8.841394,2.265701,5.165711,5.073448,0.091653,0.448164,0.045766,0.049099,1.853167
0.047699,0.070132,4.585127,1.034794,4.989868,15.572598,1.424119,0.108492,0.090810,0.766659
1.199674,1.600574,6.483164,0.102428,0.031891,1.971368,0.012696,0.417332,0.527222,0.113437
0.634084,9.888756,0.158660,0.262528,13.333792,0.150765,0.010720,2.518196,0.064227,0.499495
4.547185,2.035709,1.072735,0.632346,1.934489,1.557317,4.084900,3.716638,0.083868,0.000000
4.111413,1.195914,1.671237,0.034006,0.026288,0.005343,2.251861,0.785445,0.273856,1.598247
1.316709,3.399318,1.533859,0.234049,0.437617,2.569058,3.172476,0.853370,0.193662,1.079216
3.280082,4.255459,0.919007,1.285608,1.240824,0.125814,0.191763,0.469208,0.349573,0.315149
2.131351,0.993427,0.081486,9.708343,0.776828,0.318811,0.602946,4.382581,0.547585,0.379956
15.652308,4.574779,0.589498,0.000923,0.356437,0.588585,1.150430,0.264073,1.798068,0.015249
1.686957,0.090567,0.001215,1.079137,1.958757,0.119091,0.332837,6.374662,0.299186,0.462820
0.078504,4.171314,1.225847,8.727313,3.424922,5.338260,0.196587,4.175505,0.002605,0.001339
0.676558,0.000048,0.207653,0.641187,3.368996,0.029984,0.000283,2.593280,4.428691,0.000139
0.356776,7.869650,5.042929,0.295074,1.258480,0.121769,0.114385,10.522306,0.007978,0.645446
11.385862,0.416261,0.308049,0.019557,1.008852,2.817312,2.143154,0.432914,0.432096,2.021327
7.212188,0.057757,0.778950,0.076004,0.068043,3.150362,1.256607,1.779566,0.834957,1.516679
0.875920,1.235057,2.461189,0.499402,7.464242,4.586852,1.282839,2.583102,1.522204,0.052299
0.220998,0.031155,3.184131,4.718963,13.537806,11.765561,0.227896,0.167473,0.007609,0.689308
1.617753,1.430246,5.489235,9.342915,0.004906,3.930027,1.830909,0.167476,0.649594,0.199873
15.062506,3.962337,0.459534,0.007372,0.618263,0.155298,1.923138,0.533784,0.496811,0.044249
2.890632,5.617453,1.693973,0.074380,0.024189,0.998223,0.802368,0.290665,3.840102,3.210294
7.379120,1.598133,0.000000,2.909053,1.114836,1.121708,8.247701,0.689559,0.092001,0.168148
7.707761,0.003192,4.003315,2.303644,2.406334,0.000383,0.075396,0.003477,0.006389,1.079591
0.000935,7.927115,5.949791,0.383718,0.336458,4.363784,0.239371,0.611510,0.022401,0.226259
2.272103,0.036294,8.054262,0.856257,0.079563,0.080028,0.350011,0.613715,0.066769,0.248710
3.945381,4.399204,0.254516,0.034014,3.493887,3.654027,0.476159,1.269484,0.574996,1.821653
2.787604,0.598756,2.582742,0.462872,0.019313,0.000150,0.001208,3.423709,2.333159,0.362970
0.902674,10.938814,0.403829,3.820411,0.029564,1.817784,0.044106,0.147359,0.410918,0.151994
0.034909,5.712391,0.590144,2.430478,3.748259,1.461086,0.933772,5.866811,5.112107,1.861055
6.958992,8.194207,5.771173,5.910001,6.015637,0.389524,3.617131,3.576379,19.410711,2.470457
0.083037,15.038148,0.000729,0.027949,4.169333,0.063712,0.238525,0.135530,3.229738,4.880550
10.507724,4.256916,0.000266,0.881467,1.256034,1.922597,3.942366,0.004449,0.949821,0.271650
2.661035,0.000170,7.115433,2.766173,0.175968,0.485579,0.061906,0.002542,1.122311,0.017985
2.417624,0.000423,9.279399,2.195216,1.640498,0.099618,0.037932,0.105738,2.640773,1.074107
0.790248,6.387160,8.268153,0.606867,0.236503,0.993090,2.354201,6.472102,0.567485,2.106079
0.285750,0.593231,1.624757,7.323062,0.182349,6.779748,1.001308,1.390189,0.531234,0.437194
0.824260,4.405356,4.753803,0.161517,3.014058,2.687943,0.004034,2.813789,3.046544,2.611387
2.215630,7.476730,0.113045,10.834258,0.135817,1.230881,1.480180,1.701709,1.165727,0.097022
0.862378,1.465946,10.278650,2.769825,0.000432,0.219689,0.005619,0.043817,1.083300,1.581390
1.498970,6.921223,3.518537,0.719858,0.063424,0.193488,0.522768,0.757565,0.086690,4.542396
1.621861,16.455072,0.934058,0.474082,9.023119,10.135431,3.180530,0.083074,1.154121,0.041510
14.529292,5.135859,0.527534,0.006125,0.147320,0.602668,1.905424,0.290305,1.043551,0.081732
0.055112,8.866843,0.882727,4.852731,0.000652,0.696839,11.767045,7.411168,1.232629,0.122914
1.093920,0.008047,6.579882,1.964728,2.305216,1.183591,0.389990,0.524165,0.000001,4.068048
0.734312,0.636907,0.429825,1.544139,0.028903,0.047202,2.573802,3.237597,3.883011,0.136846
0.019182,3.138995,16.736032,0.076135,2.788218,0.000232,0.988057,1.120499,0.949066,1.743258
1.679976,1.710481,0.688780,1.748082,2.442786,12.303000,0.374919,0.322628,0.113905,0.274930
17.804483,0.248101,0.137737,1.675068,2.020602,0.065915,0.001509,4.020704,0.003980,0.374878
0.262197,7.839809,4.239720,1.174404,0.000361,0.058366,1.670392,1.209532,1.646235,1.246840
30.798136,0.134956,4.699076,0.144369,0.388841,2.042844,0.376095,0.768631,0.007656,0.117812
0.324197,0.005707,0.377191,7.357292,0.039406,4.613825,0.006804,0.475747,1.186515,1.186890
10.700372,3.593436,3.881679,2.299008,8.784547,2.766310,0.495911,2.921222,0.735425,0.184770
14.496934,0.004637,4.300740,1.744246,12.207949,1.199986,0.373433,0.438965,0.474527,0.488648
9.939945,0.100726,11.302252,7.591694,2.550945,7.696897,0.167383,1.324479,1.083002,0.280525
0.138435,0.500232,9.142662,3.339839,9.618031,14.079830,0.500794,0.001476,2.497129,0.006246
0.515058,6.016289,4.901201,14.805670,7.483806,0.332419,0.031963,0.014944,0.002546,5.081444
0.131824,3.380958,22.067589,0.401159,2.924302,0.529380,0.459362,3.452420,3.288007,0.753898
4.476954,0.231540,3.073215,4.732286,0.149031,6.033220,0.564811,0.193637,3.336632,2.710955
60.654743,0.028241,0.037378,0.000026,0.368130,1.619106,5.345092,0.007076,0.028700,0.286260
38.317104,0.130712,0.616795,0.075673,5.332079,4.711599,11.832506,0.392955,5.699822,1.655291
0.039303,13.362267,3.095981,0.426013,0.197080,1.013700,4.114731,1.874496,0.263212,0.560013
3.234346,5.732769,3.159887,1.133544,13.521962,3.439649,0.146111,0.459407,0.970901,0.207931
0.187420,1.249107,0.644789,2.190806,0.204802,3.959991,0.218910,1.129297,1.126135,1.560063
0.263760,0.933323,0.475765,0.006969,0.132954,2.829387,0.332689,0.747861,3.661255,0.008823
13.490508,3.486953,0.037736,0.574907,1.568575,2.371705,1.044581,0.086398,0.997620,0.049907
1.586180,4.843649,0.008447,2.968841,1.310070,3.223773,4.565979,1.231117,0.071093,1.406203
15.056451,5.647596,0.104458,0.102345,0.881311,1.355809,0.005939,0.086044,3.519410,0.040236
