-32.811405,-4.754021,-0.335852,4.189757,-0.104224,2.601350,-1.769934,-6.474328,-6.372220,-5.703971
15.703603,-5.728977,-7.585569,-2.817339,9.855082,6.223723,7.092292,6.478703,8.854425,-0.374525
8.252810,0.086838,5.109362,12.805575,-13.450333,-4.832815,5.931472,-0.666647,-0.251352,-5.382171
-6.871509,6.035476,10.613697,7.219419,1.170785,2.976764,-32.082027,0.908604,6.228561,-2.600105
-1.098748,0.157151,-12.688354,1.646571,6.497593,6.822944,-25.303373,1.551350,-6.940990,-11.187138
4.485382,5.146499,-3.879875,-0.643322,-5.937361,7.441540,-14.028373,-7.372284,-10.256651,4.056017
-22.744293,4.698256,6.524792,-20.231981,2.539001,5.144594,-5.395271,4.707120,1.360705,6.079284
-0.652776,4.190158,7.782911,-5.471931,-9.958747,4.516771,1.730744,-1.945347,-2.130653,-14.473239
6.740844,2.224303,-27.214447,5.554227,-13.603718,-9.885348,-0.373066,-10.385498,-6.675786,-25.211052
-35.052990,9.607469,6.771124,-37.843365,5.174274,-10.499893,-19.733883,9.114176,-24.535957,2.542511
16.080313,-7.455817,-4.346866,-0.625738,6.932978,-1.958160,11.871260,-6.155741,2.183662,-0.509722
6.050602,3.945671,-5.261050,5.276832,-4.235626,0.270742,-8.880049,0.902936,-3.846453,-8.515016
8.138700,-8.546088,1.285241,-17.790512,-6.054359,6.389997,0.306571,3.772452,-2.622015,2.144516
5.450949,2.711521,-0.876880,-16.146111,-4.857055,4.044593,7.599993,-11.198293,-14.265174,-3.452595
13.451590,-20.406288,7.047896,2.233898,-4.927778,-14.152846,4.202033,4.948372,0.123129,2.829482
3.040506,-1.488116,6.485670,3.686369,1.695461,2.528120,5.576734,1.644256,-20.352440,-19.209152
-2.155561,11.099575,-3.867696,9.210732,2.068643,-2.294347,2.167796,-2.070772,-4.705006,-1.049598
7.038548,1.113399,4.185947,-5.830090,0.823254,5.519214,-14.183011,-2.575784,-3.234841,-1.940142
11.221551,8.129161,-1.151360,-29.638599,2.963888,-5.306381,3.775322,9.093607,7.345267,-26.682758
10.524931,9.164204,-4.695467,-3.879980,-1.378234,3.108407,-3.202168,-17.138065,2.944873,-25.131058
2.040610,5.431138,9.637532,7.941451,9.317402,-15.630883,5.546765,6.056234,-18.508736,-3.152304
9.792248,-3.889292,-0.782410,-6.011640,6.229177,4.341168,-4.701483,-5.605388,0.601454,-0.455733
-5.110174,9.934354,-24.212542,-0.770993,8.525515,-13.670522,5.420346,6.439297,-3.214248,-12.261729
-4.336738,-5.883080,-21.050951,1.170301,-2.551429,10.408745,-24.162815,-2.575836,1.318249,-0.891980
1.771931,-15.428100,-8.262484,5.468950,10.962063,2.146867,-0.048100,-2.810951,-25.594097,4.114960
-5.636600,9.069206,-7.358518,3.153768,9.569347,0.749434,-42.382149,-31.503820,-0.139899,2.288463
6.612231,-0.634033,-13.630303,9.160586,-2.339372,-14.079952,-17.421211,-10.163691,-14.073037,-15.362293
5.587976,12.450062,-4.983701,-5.253460,3.920000,-14.889460,-11.260270,-0.467496,-2.171310,5.241727
5.266114,-28.802757,-20.228973,8.549685,6.922736,6.590189,-1.518346,0.040581,-2.440417,7.544630
-6.686492,6.270211,10.515009,3.004601,2.135261,7.500017,-10.884799,-13.493862,-2.231215,-16.577541
-6.101854,3.022972,-34.433506,5.347345,3.617257,6.149946,4.598686,-4.388358,1.479503,7.102537
-1.244368,2.851416,1.709689,-5.898790,3.312135,12.858931,-14.912634,-5.989358,-11.552872,-1.504025
2.408704,9.637794,-28.683645,2.995126,4.531332,1.483225,-7.380524,-3.191981,-0.838291,-4.541618
0.608694,3.429179,-4.117070,11.903981,2.278735,-3.879320,1.292000,-5.576535,2.692952,-3.477903
-63.287998,-4.035962,7.110164,8.817614,2.483237,-5.379309,-2.117203,7.190414,2.216115,-39.388405
3.279522,-22.058567,9.771765,1.751606,4.175197,1.728235,-4.985095,5.917673,-7.547595,-6.407079
7.549029,-1.701937,-0.342600,-7.216437,-5.913579,-28.364037,-13.281431,-2.030136,-0.562659,-3.091088
10.251960,-7.133685,-3.066883,-5.263625,5.982767,1.067983,-2.352057,0.255715,1.130758,-7.050116
8.926653,9.150228,-1.051420,-16.333511,-9.921272,7.302425,6.663541,-25.120655,3.392598,-9.169699
11.036204,3.960916,-11.579314,-5.579398,5.685891,1.502340,1.898289,-0.141327,-6.058321,-30.720396
10.839922,8.169024,-2.020427,-2.980823,-4.825588,5.828208,-1.719768,-16.432768,2.072505,-15.847894
-5.913162,10.118989,5.203803,3.863192,7.227246,2.802102,-24.318077,-48.590805,2.078314,2.097420
-5.885891,9.950714,5.227078,-5.896111,2.260709,-15.888134,-6.562049,-10.440646,2.381029,1.500367
-9.524219,11.845610,8.209852,-0.070607,-21.882072,-12.857502,-2.227785,4.782727,-5.991974,1.978893
-14.651348,0.834272,-0.826452,9.591449,7.468514,2.389020,5.476247,5.903553,-15.744402,-8.344261
2.789289,11.685618,5.238869,-7.173007,9.525932,1.778554,-9.619556,2.937237,7.127514,-8.471334
11.369911,4.826825,10.255303,10.199128,-1.293010,6.048637,3.148236,2.382598,-6.674512,-2.628018
11.569263,6.166561,-16.452757,-4.278012,3.392322,-3.275518,-27.389156,-3.231764,1.559566,-21.621778
2.401374,-0.198641,5.559882,-0.899915,-3.113792,-5.792031,-0.293820,4.543487,4.175191,-6.206580
-16.098967,4.991087,2.751944,-8.700837,6.518714,11.533364,-31.205675,0.751532,-2.731866,-13.026763
-23.303089,-1.548383,4.936555,-4.799691,0.517306,-11.855398,13.041914,-10.579043,0.814185,-35.774857
-1.321523,2.822808,-12.297794,8.445601,7.999470,0.044581,1.108191,-2.001292,0.685652,-1.613025
0.040700,8.729968,-35.033478,3.760519,-16.193233,1.485949,-24.846329,-19.586161,-11.055865,0.292547
0.240025,4.203702,12.206683,3.734371,9.484464,0.623334,5.799504,0.047995,9.027172,-12.500688
-6.711131,12.535513,-8.174250,-5.959170,6.259035,-2.288256,5.813930,-8.634222,-0.512637,-10.136665
-29.474669,9.821385,-10.620956,9.690127,-6.457499,2.301666,11.796502,8.210418,-18.479527,-2.722165
12.311883,-6.115396,14.194140,-1.725989,6.941009,4.364924,-0.673709,3.711451,0.289595,-12.355326
5.246686,-0.602440,-12.558123,3.814541,1.777770,-30.828436,8.474981,-1.173658,-28.168163,-11.462230
6.631091,4.880772,-2.277620,7.803030,-1.008246,0.564100,4.212869,0.570871,-2.701067,7.586102
-25.672974,9.854902,-9.143572,5.877719,7.375147,1.143435,3.873640,-9.578771,4.326315,-7.668957
8.289590,4.422591,-3.521673,-0.121696,-14.190322,6.992948,9.042688,-12.704865,-14.214454,-4.057363
-6.720685,6.533181,9.201218,5.288998,-15.887646,-7.426187,4.147822,0.867187,-13.323789,-4.777906
1.525305,-3.471159,1.170149,10.829842,9.959684,-7.511849,-0.089208,5.968499,-2.677629,5.226797
10.310472,7.664340,-0.155603,-2.886994,-12.885839,7.492642,0.652528,-17.180674,0.685512,-27.140053
-1.421110,10.728588,4.371010,1.512235,3.719112,-4.078092,-14.837959,-0.829418,-18.290672,-8.906331
-35.233971,8.493167,9.934860,-0.587272,-0.615721,-7.135857,2.822073,0.357551,-6.319041,6.058028
-2.730360,-3.039434,8.839899,-1.332434,-2.942710,8.858428,-2.435155,3.951576,1.085177,1.763328
4.882623,6.765039,-7.605234,6.458247,0.499636,-3.502250,-16.799192,1.500716,-3.205182,-11.384887
9.936185,7.195868,-8.743168,-1.282736,-4.850103,7.955027,6.297322,8.280197,10.390320,-9.752651
-11.121853,8.709888,8.010201,-34.302284,-3.339258,4.388156,-2.139172,3.241313,-14.526079,4.681962
2.646904,5.200604,6.835521,4.671441,-0.551041,-5.862784,-4.006823,-2.429339,-0.853209,5.466406
1.820642,1.161681,7.741929,-5.152037,-0.995817,0.137881,-39.791725,-5.833792,-11.897498,-12.141476
-6.580981,-12.323168,-11.727065,9.855093,7.315580,-8.217593,0.287983,-9.116731,4.506509,-18.748217
11.379809,2.917325,-16.669205,-4.219368,7.406869,-5.760597,-6.811113,-4.540703,-21.299839,-13.454758
-2.089328,7.201792,10.600264,-5.668345,0.624025,3.264872,-5.455408,-9.572536,-14.204555,-2.195015
-27.239420,1.338631,-3.395394,10.889825,-6.966621,3.834906,5.863709,-7.190145,2.171491,-3.189826
-5.052230,10.107284,2.991185,-1.124354,3.599576,0.630904,-13.899007,-15.174885,-4.489528,-6.684285
-14.699450,-1.264546,9.406562,10.885649,3.707183,-0.451777,4.528953,3.649678,-7.825145,0.765950
-28.091795,6.033967,6.159729,-9.162395,4.636343,2.097300,-3.185773,6.212259,5.715367,-0.181123
14.005803,-0.096906,5.626459,-4.199714,3.533026,2.967201,0.328954,7.248394,-3.397709,0.744494
7.207062,2.065490,9.870416,9.195424,-17.417437,-9.124418,1.565415,-15.772824,7.931116,3.731898
6.177102,8.188699,10.216082,5.762699,-7.633939,0.190405,-5.624235,-8.691888,-2.997205,-19.375055
2.552114,-4.995827,-20.759998,5.253736,-14.969799,6.367729,-11.405020,-2.716953,-4.819808,-0.485858
10.314561,7.859906,11.648790,7.230734,5.578049,10.488467,-15.575197,4.314748,-8.784767,-0.230910
0.580573,0.895866,0.396963,7.359148,8.494315,-3.535056,3.678971,3.296809,-4.824426,3.266401
0.540818,1.891950,13.376034,-14.499803,5.927895,7.891377,2.124723,-12.139277,7.083938,5.437114
-14.019924,11.137569,3.712375,3.783638,6.767079,-11.300239,-9.133345,-40.521187,-2.776266,-17.055573
-11.465193,10.625163,1.092180,-4.025098,0.459004,-5.402846,-1.091430,-5.380483,7.271172,-2.504864
9.365932,4.150957,8.389190,-0.284651,4.401248,-1.757185,-5.756804,2.189621,-4.854981,-3.910578
-16.254305,6.234631,-3.806955,9.663295,10.379919,2.638797,-2.055912,-0.616891,-1.005507,-6.246609
3.733010,5.083076,-2.260150,-6.640792,3.963427,5.886500,3.155263,-15.451442,5.969239,4.956456
-2.109101,11.948632,2.094483,7.451251,-13.261275,-6.888168,10.038111,5.664956,-8.879972,-0.484787
9.256801,-12.781361,8.441225,8.509157,11.128941,-5.752234,0.370149,7.139745,6.090855,-23.324488
-22.767109,-16.494116,-29.522087,14.609279,-7.182740,0.990052,-7.698631,-10.150161,1.882593,0.571307
4.914385,-18.593615,1.234501,-19.698589,0.219841,-1.271344,0.766712,2.544532,3.331280,-3.399799
13.793077,6.718421,8.535298,3.596604,11.063877,5.229222,-0.285074,8.044791,-1.603140,0.024666
-12.230253,2.785402,-41.066948,-1.468713,3.628078,5.719285,-0.265087,-15.412792,-14.833678,6.912303
-6.596422,9.898634,7.498949,-0.954689,-13.516006,1.558789,-1.233852,5.980091,-6.632142,8.095331
7.598028,-14.345011,8.407476,-10.854306,1.178827,11.184849,-5.144532,-0.464942,0.736756,-2.893610
-12.024246,-22.526236,3.219623,1.700903,-6.545162,-4.969073,4.827415,4.081949,3.482890,-0.374458
9.518597,-21.484526,6.383453,-11.789793,12.316034,-9.852265,-18.451712,-3.350027,-0.847141,4.192456
9.894610,-3.234486,-5.588704,-8.970791,3.864885,5.375834,-0.694006,-0.613436,-1.314646,0.286918
0.052840,-19.252083,2.191406,-0.080137,-8.931234,-2.692082,-4.069052,8.369112,6.978782,-9.726465
10.448361,8.353951,-0.632194,-5.851250,-12.617363,7.401073,2.422940,-12.762016,2.474625,-29.307585
8.263985,-4.324079,-12.167202,0.958378,-2.594776,-1.592713,-1.277750,-2.973075,-1.522725,2.198189
-0.412782,12.084559,1.501380,-5.761470,2.334959,4.194705,1.043856,-1.237175,-6.367411,-5.307428
-8.895621,-11.056408,-5.007043,6.985991,2.110186,8.949995,-6.506907,-0.580244,-5.350604,-0.193198
10.393871,-4.736615,-4.557106,-3.768011,7.107882,2.540992,-21.209713,-1.182437,0.028386,-4.439843
6.720030,9.197028,7.458729,7.868404,10.550974,-9.324282,-1.316728,-11.307797,12.842946,-5.969275
13.871713,1.984897,0.779319,3.323738,11.138744,-15.235738,-8.156375,3.045348,-3.298343,4.607076
-1.136680,9.920165,4.429283,-5.093450,-7.920421,8.479908,2.838614,3.182401,-3.396412,-18.948683
4.888106,-3.624126,7.922855,5.245320,2.582073,-5.186707,-1.252142,0.363411,-1.937049,-15.913290
-6.059985,6.273079,9.805557,7.363660,9.845299,6.909130,0.721460,2.726034,0.809887,1.696940
-0.579560,1.616693,6.108093,0.833740,3.919660,-2.891296,-0.060511,-2.889387,-13.952645,7.734186
1.620715,-1.574756,-8.126406,-1.698682,-7.304080,-0.550817,5.022099,-2.002557,6.834869,-6.059234
-29.840027,12.947258,1.426504,8.354897,2.829902,-20.974741,-6.989835,0.819740,-15.519846,-3.158995
1.294549,5.122354,-3.021906,5.801909,-22.289478,6.076366,0.422549,-4.226825,-4.629906,8.238420
3.044933,6.163758,2.878580,8.346130,-16.794027,-1.746919,6.795530,-2.009330,-22.522404,4.717340
-5.878602,10.987795,-3.667946,3.094280,-14.794790,-5.941616,-3.589523,2.159762,-4.037771,-2.043933
-1.401573,-24.501884,4.946959,-15.898055,4.969855,-10.630885,-3.387868,6.818540,9.896238,6.502548
10.828539,3.513536,-7.352016,-24.142361,3.640003,2.547281,2.704504,0.629214,-25.211868,-4.228335
-1.721395,8.961531,1.293679,-12.953667,1.333213,2.276966,8.906490,-45.650974,4.016573,2.036987
0.269124,5.902178,-2.235147,7.479257,-9.579143,2.580513,-0.988246,-12.256025,-1.198155,7.295086
-0.015364,-11.273255,-9.116414,4.286180,4.838709,5.087628,-13.514908,7.381661,-12.330709,-8.933289
11.679753,-6.531281,5.885031,0.107952,13.449524,-18.674322,-7.144897,-16.493801,3.043867,1.818544
1.660011,0.925742,0.674796,3.178937,-6.112305,11.352816,0.447162,-9.075308,4.005483,2.080791
8.152915,-1.476133,11.544000,9.153561,-3.023719,4.802949,-10.902502,4.308869,9.276701,-19.020102
7.521767,0.618360,6.471629,9.628027,-1.759471,6.659911,-17.303459,5.431693,6.450466,-2.912869
2.815557,-14.132739,2.588878,0.030534,3.194100,10.424553,-7.080295,-40.361198,-0.146562,-21.898598
10.648102,-6.293420,-3.958307,-6.128327,6.067665,2.882452,-2.733501,-5.236787,-0.681862,-0.480337
16.785656,-15.083260,12.651874,-0.339561,2.313828,-8.916230,2.777699,-1.834909,-21.393513,-1.309900
13.417481,7.043247,6.752748,4.064569,10.592132,10.604148,4.490835,-2.498402,-6.000575,-8.932982
2.476859,6.169730,4.735010,-4.750037,-9.836564,-9.453631,4.823238,-7.373103,-3.670722,-9.641101
10.982676,-7.986008,12.099829,-14.660398,2.488215,3.388507,-0.156446,-8.900179,4.845644,4.080428
9.653445,-7.863119,-16.442104,-18.696560,1.954691,5.036448,3.308478,-0.476550,1.147447,-10.592061
6.371160,2.286198,4.956913,-7.089714,-2.767686,-7.004920,-4.387235,-3.402501,-3.435849,-10.658635
8.737385,5.901918,1.367970,-2.350413,-8.832192,9.280916,7.169651,-9.629769,-3.945814,0.116201
-13.652491,7.277981,-21.911720,8.896688,-2.714310,0.557779,2.122126,-7.530717,7.936010,6.149577
11.792121,1.951815,-5.989570,-24.241716,-2.923405,-19.507393,6.488738,-0.424513,-9.175553,-12.226326
-2.286484,-10.613062,-7.412806,6.168654,0.745496,1.590048,-26.413717,0.079998,1.589202,2.269345
15.237072,-1.902667,8.289019,6.961622,11.445588,-3.451617,-4.483183,-6.409449,-18.205549,2.766265
-27.327084,9.324329,7.477486,-1.641138,2.478702,-19.983999,-4.966441,6.629224,2.800013,-14.254661
-8.900723,12.481222,-6.043403,-1.650665,6.632915,-18.730013,-1.886583,4.364466,-2.200573,-19.526186
-4.928260,-7.461702,-8.502378,8.460082,4.633298,1.144138,-1.558582,-8.867017,3.253208,-0.727679
5.817957,2.210132,-20.496542,4.773513,8.220967,7.673658,9.624638,-8.526010,-3.808036,2.650856
8.883746,12.067436,-4.902002,-7.399683,9.757061,9.038633,-23.750450,-11.730186,-18.283663,3.579819
-3.809515,-7.222802,-4.644468,9.089664,-6.352806,4.365742,0.602443,-1.704045,1.583290,-0.430683
4.488187,-10.769463,2.692163,5.257962,-6.694367,-6.637018,-10.139276,-3.156402,-12.320179,-3.099673
7.941489,-5.716109,1.442595,1.872547,7.091974,-14.786767,-17.228977,1.381481,-7.855008,-18.399010
-1.943924,4.537125,-20.458811,-4.430937,-0.335601,-31.007593,-1.922152,-0.368840,4.967601,0.332222
-2.157107,-3.246578,6.656894,1.636631,-10.015489,10.944060,-0.606386,1.782498,-13.532634,3.218540
8.704906,0.883057,-0.841709,-14.173944,2.146938,-3.740647,-12.503983,0.918351,5.649555,-4.473038
7.407662,8.142489,2.664166,-6.699017,5.156087,-8.154579,-2.572778,2.919733,-4.340163,-1.052168
4.957642,5.463100,9.866637,2.976514,-4.158188,-13.231110,2.518531,4.693821,-1.271570,6.379227
12.116325,-14.330550,3.158177,8.749788,7.086071,3.516084,0.370277,-0.333197,-33.558395,-2.573244
9.509238,7.104316,-0.464481,-1.057272,-7.329584,8.413149,6.804073,-26.044226,-0.325911,-3.479892
1.783893,7.789683,0.811336,-6.999851,-0.818640,-4.475166,2.781695,-10.430144,5.421203,-6.652331
-4.696634,-2.821045,-0.441143,3.640031,2.406489,-0.292529,-5.975273,5.363097,4.702304,-15.546078
9.240191,8.390625,-4.134608,-1.743714,-3.792955,5.826110,6.710428,-11.293950,0.938969,-0.319852
11.752213,4.204800,-7.715796,-21.844513,-4.054374,4.463117,-16.129560,-11.004354,2.273508,-4.376470
-19.639561,-13.937645,-31.694035,4.707481,-0.150708,7.121705,-9.419473,1.545532,5.684042,-7.344779
4.353819,-1.076230,8.719327,6.784201,6.528106,7.370992,-9.104088,-10.264303,-8.944118,0.436730
-6.113443,5.280832,8.733953,-3.128706,1.321363,-16.635981,-21.528093,-3.383215,-7.830586,-5.140282
11.161838,-1.132639,-25.564548,-6.692983,3.061661,2.940840,6.640907,1.514809,-22.956413,-2.369001
-11.906009,12.617704,-6.544433,7.853598,0.670659,-5.158048,6.135592,3.494219,-27.084332,-0.662454
9.957453,4.469252,-33.700081,-0.976902,3.133489,2.490321,7.197049,-41.757568,-6.891353,-15.118753
6.753922,6.351809,7.004037,-13.644154,3.640419,3.260520,-0.133747,-7.847944,4.205028,7.315916
-1.360514,-6.030819,-5.570077,4.584442,4.471994,1.381000,0.984512,6.348376,-19.087753,-7.471676
5.928721,3.525025,-7.446067,3.065496,-1.979096,-7.377953,0.257910,3.574586,-5.439430,-2.115881
1.214089,2.481074,0.016554,9.098651,3.961712,-6.763253,-1.547360,-15.588760,2.532515,-31.955231
10.652976,8.763093,-6.337764,-0.662509,1.691909,0.057394,-1.294906,-11.579617,2.332797,-7.094758
-8.388976,-5.771210,-3.231276,4.069565,12.133922,3.204913,-8.092253,-1.025277,-3.641730,-2.322721
-34.599083,-5.990487,0.475863,-22.335779,-5.883148,3.022016,2.518999,5.592220,0.949553,0.276093
-0.919164,4.526756,-4.339457,3.357360,10.558310,6.835417,11.341172,-1.651674,-4.253707,-11.137646
2.405493,5.567622,4.761743,9.232611,4.855641,4.115931,6.266387,-23.717331,-2.263992,5.701076
-2.155619,10.504457,6.419632,-2.262463,-1.648635,-12.533778,0.620349,8.808939,2.014125,4.308533
3.556314,8.834659,-0.800757,3.751839,-2.288324,-26.811466,-0.848662,3.932940,0.925880,5.397730
6.097782,-8.468008,-9.285454,9.968489,-11.114061,4.202742,-12.640849,4.435770,-8.937506,2.813383
9.776779,11.506232,2.726518,-21.565727,-13.165695,-9.885201,-5.148088,-4.009842,4.809213,-25.541544
3.738482,3.443382,-15.553441,-4.867755,2.980748,-7.749688,-11.590508,7.278217,10.529700,-0.645017
8.523608,5.759295,-2.913738,-1.339691,-1.644056,6.735804,8.210909,-18.321663,-19.473473,-10.661860
15.395424,6.161637,11.828569,3.495929,5.301859,5.844228,-20.885046,-7.512786,-23.603626,-0.098874
-3.653677,5.994335,11.101617,-8.399144,-4.957768,-16.071589,3.060382,-3.397881,-19.458635,-2.411130
-24.133957,2.001268,0.057252,1.772284,4.230048,6.821718,7.468679,-2.808389,-4.648466,-5.202361
-0.712602,-12.244894,-8.597744,6.731634,6.701504,4.943707,-19.768055,-16.715231,-5.224998,-4.021104
-5.133475,-13.363762,4.332936,3.760514,-2.923391,-28.403368,5.117955,-4.409514,5.536232,-7.630923
2.990800,5.071128,-2.698303,-9.412488,-26.413668,7.255585,-14.694130,-8.673919,6.487434,4.894416
0.263800,5.631551,7.746129,7.177705,0.061999,7.166615,-10.538121,-0.836406,-7.709429,-11.542419
-19.930088,-27.283123,-5.572642,7.632427,-2.372863,-3.736549,6.593042,-2.274964,-2.349676,-13.103159
7.083505,-1.578522,6.083367,4.771145,-6.873704,5.818176,-1.960339,-0.917267,-17.931019,0.437216
4.186713,3.503973,4.054340,-17.664049,4.642386,10.640442,-6.623111,-7.481379,5.808942,-14.452314
6.871900,0.613575,5.677891,2.321603,2.223894,5.647380,-1.809648,1.206828,-5.187050,-16.908577
-22.471029,-4.559386,10.553988,-2.106595,-6.908112,-5.497349,-3.071487,10.202111,4.131456,-0.878569
-0.380199,1.638360,7.922515,0.597053,0.269618,4.447961,5.314538,-5.606042,-3.900922,-4.538484
9.108913,5.140248,-35.853123,0.013638,-10.570601,1.254059,-16.138966,-10.499010,-15.424173,-46.174263
7.041323,-0.718989,-3.108278,1.805531,-34.634079,-8.052548,-19.468725,-0.757560,2.434836,4.917933
6.392190,8.883283,-28.457123,5.792602,-13.009108,7.007043,9.965342,-1.834545,-13.241006,0.186122
13.752333,-2.797206,10.147331,2.165503,9.854847,-1.577777,-6.599102,5.422757,4.880820,-11.217784
-7.394031,9.685813,6.761790,-10.241180,-7.819081,-2.523899,3.465032,-13.441348,-0.356965,7.073030
11.463460,5.994403,-9.237946,-1.699979,5.964534,-9.264880,-5.272660,-3.138336,-5.718548,-6.646408
-2.159113,11.243311,-15.612524,-10.591694,3.768339,-1.661986,2.508550,-11.247249,6.301958,-5.905590
6.574656,3.744315,8.904744,-3.213495,4.220397,-3.121686,-7.432368,-1.812335,2.648760,-2.536070
11.670668,3.228323,-15.466030,-14.139894,3.290259,-3.785905,0.089275,-4.245616,-5.772448,-5.272155
0.817903,10.912313,-11.818328,-17.698814,-0.771069,6.103248,-26.153452,-0.798454,-11.937238,7.612872
9.039513,-0.650971,-2.677170,-7.926254,2.372537,6.014367,-9.036208,-13.065495,-9.365599,0.204490
6.822444,2.799844,3.968129,-4.618712,-34.399899,-13.619846,2.115138,-5.208401,-8.074392,5.915562
-16.925644,8.126934,4.106507,7.056208,-15.232210,0.592098,8.970287,5.259684,-6.615304,-1.906813
6.189093,5.782127,1.885403,4.948582,-0.791668,1.935122,2.359709,-22.720415,-0.134524,2.930214
-19.775555,11.843959,-4.972430,6.998163,4.870150,-4.460857,-11.014383,-6.456004,-13.371723,-8.311274
10.453811,-5.170249,-7.339616,-3.352711,6.915767,1.764959,-4.145960,-2.940466,2.753858,-7.259039
16.202667,-26.136225,4.488509,0.296658,5.893462,-10.005044,-5.319122,6.390604,7.247110,-16.043268
5.526135,1.893126,10.031552,3.126644,9.899348,1.772771,-5.589983,6.869748,-1.407096,2.347821
-16.820704,-24.726582,-2.619650,4.383504,8.549120,11.250173,1.506183,-0.571292,-17.018948,-0.470111
7.490902,8.109500,3.673579,-2.192307,-16.072504,6.316943,-2.105392,-10.551900,6.862999,-0.321770
-2.093967,4.387897,7.958222,6.157217,3.804316,2.498664,-23.416489,-17.615753,-12.970411,5.629429
-13.010626,3.977683,10.063675,2.241188,0.479038,-10.756008,-26.653664,-1.333317,-8.439960,4.025080
9.558357,8.736040,7.030673,-3.189062,11.385637,9.085163,-1.869220,-11.551056,-14.547811,-8.396455
1.437496,6.976338,8.165111,-9.707244,4.204118,-14.346281,0.310965,-1.129309,1.142297,7.051619
-1.470325,-0.644415,1.700120,7.899468,-0.519000,-19.475651,-7.036758,-5.032588,3.751525,1.801780
-3.343525,1.440086,0.562418,-25.627426,-16.481171,-0.408913,-1.882709,-2.604762,2.073798,3.304145
7.080855,7.875446,-2.683648,1.433824,-8.065089,5.254603,7.334472,-4.233951,2.920505,-9.384577
-1.142635,1.775587,-11.173123,9.365518,-0.440457,-12.336739,3.613745,-9.785251,4.465722,-3.146774
-3.292203,10.671740,4.527126,7.442367,6.874284,5.199931,7.342060,5.322347,-14.847858,1.507161
-1.528116,6.367418,3.542429,4.793969,-28.426077,11.459625,8.605277,-3.344661,-5.858366,3.553569
8.655318,-10.627663,-4.458789,-8.389675,10.468068,5.260992,7.860250,-2.051896,3.672924,0.296296
-1.657627,2.646872,-8.483726,-2.452991,3.212775,-0.086293,3.349219,3.021449,0.605970,-4.115592
13.235685,5.574746,0.446411,5.658444,9.921351,-13.607445,-21.141052,-8.482707,6.726270,2.334395
2.619509,-2.162144,0.449259,3.860459,-9.650328,3.912755,-0.328327,7.185733,-18.067434,5.311197
6.239471,5.378843,-0.566649,-0.442408,4.205669,3.777332,-1.929736,2.582240,1.437432,3.169948
9.173459,-3.998947,-2.837262,-6.318552,4.768453,5.152221,-6.213918,-0.928171,2.146966,-6.531446
12.521323,-7.241688,-2.397205,5.445509,10.193235,1.138445,-0.497950,10.064047,-11.120347,-4.918480
0.111989,1.232892,-13.678846,-2.469567,-11.282372,2.075243,-15.127970,-27.720480,-4.090502,-4.672565
-3.733766,5.320176,10.621809,-2.874876,3.392571,1.041789,9.509224,-3.975799,4.484711,-6.119806
-6.294255,4.852787,3.604831,-19.017632,10.715045,-0.866119,-4.814174,2.879998,-8.995735,-2.650940
14.170660,-18.701174,0.666977,7.171778,11.128056,10.827193,-5.995024,5.893418,-0.530209,-5.034970
6.458984,-40.394901,2.571326,1.194966,-2.235138,5.480108,-2.442743,-5.554467,-2.532354,2.601079
12.040745,-7.062871,3.995680,8.225666,7.397257,3.762678,-2.231205,-16.587431,-13.141290,-19.028826
10.943102,9.463403,-3.382309,-3.205085,-11.535748,1.833598,-8.108290,-8.117611,4.856344,-9.606456
-3.139311,9.402824,3.143994,8.564655,2.451062,-4.947875,-34.402424,-15.730688,4.981127,2.278073
5.895411,-19.829945,6.825727,-10.050404,-1.128691,-4.930285,-4.258895,-4.561831,3.069372,-4.521224
-5.622321,-0.823531,5.947650,6.987548,-1.154385,6.491190,-7.826796,-6.268329,-4.463168,5.512400
-1.860625,9.330350,2.668897,-5.500597,7.276147,-3.801995,2.974816,-11.546203,-19.479486,4.505245
9.026404,2.680448,-6.510780,-0.058818,-7.940693,-2.813444,-27.235428,9.565888,-14.385363,6.799020
-4.686048,9.948784,-3.927033,6.815993,-10.471673,-8.544909,-4.775918,-6.956179,-11.310201,-1.136661
8.706139,-29.787033,-2.115628,-7.693113,-8.258449,-5.925455,7.038100,-4.090196,-7.968402,4.825223
6.658121,8.874770,9.318634,6.366352,0.354775,-2.551754,-6.829588,-20.062653,-1.014124,6.547357
-33.962650,10.635307,4.376142,3.293793,-6.280762,-10.812969,-14.767580,-17.766708,-16.078712,-4.715075
-2.748346,8.548852,-0.303118,6.499910,-1.490393,4.166750,-8.960372,8.725027,-32.734230,-4.512464
-2.178470,9.881780,-24.521019,-17.132334,-4.267949,-1.782132,2.600590,-22.529652,-17.264778,1.099521
5.977387,7.661431,1.494927,3.475211,4.132209,1.752606,0.527317,-14.906666,-3.590165,3.850751
8.953625,13.491901,-11.279598,-3.736798,8.409611,-4.428415,-15.560656,-1.615096,-11.337756,-16.380180
13.243159,-7.663072,7.244763,7.926853,-2.894553,5.257366,-3.263192,1.227494,-6.341928,-7.810329
3.522966,2.061653,4.138316,2.548853,3.838374,-19.862297,-26.977066,-1.617318,-9.625364,1.464442
7.631220,2.451721,9.459119,4.367154,7.874005,5.370019,-1.580269,-27.219105,6.857948,5.442490
-0.344150,-8.529847,8.643988,3.427168,3.583573,2.421930,1.458335,-0.013977,1.922786,-9.062033
1.227854,0.043524,4.278336,-23.092155,3.542167,-0.759601,4.582445,0.374257,-4.158857,1.602122
-35.148067,7.053370,8.541878,-15.587357,-3.314671,-1.110995,-12.192670,-3.624878,-14.085939,-2.629990
9.097075,4.529641,-4.084628,0.787101,-8.878593,7.149498,8.225872,-34.285198,-12.991198,-4.481994
-21.377655,9.357166,-8.395727,3.912669,1.653928,-8.504519,-8.447942,8.238132,-24.416571,3.281884
1.841228,4.382430,2.265131,-2.737362,3.839490,0.830945,-7.971393,3.916999,5.376012,-4.832474
-6.195097,6.891850,3.593527,9.327362,-34.947552,1.709812,6.718634,-1.386937,-22.960876,1.782041
-6.568214,-5.071036,0.142028,9.293788,3.171757,5.671086,-2.594635,-2.984314,4.056669,-5.420813
0.906582,-12.495946,4.381989,-4.507743,-0.816323,6.439962,-1.864045,-27.602865,-10.118152,-22.606541
4.317079,-6.122902,6.113451,7.543188,-45.965530,2.071803,-0.509700,-0.111426,1.286220,-0.037103
-1.374637,3.491125,12.348618,-18.698776,1.264776,-21.809122,10.209455,-2.508496,7.910197,1.060459
3.467807,0.910332,4.993064,-6.804373,-32.715279,-0.759237,-26.837061,-31.763094,4.496734,-12.850643
8.388565,-6.220908,0.976572,-3.355167,0.749217,1.503885,-13.480601,-13.528797,1.188118,1.634839
1.475097,-0.788827,6.526086,4.930252,2.800308,8.763143,-6.022572,1.812967,0.075887,0.591667
2.472446,7.928265,-4.821332,-4.392244,2.047500,4.479900,-24.456818,-0.453148,-0.364308,2.422014
-0.469067,10.938616,6.357889,6.910700,2.455409,-3.294692,8.985899,-2.054086,-12.841463,-4.772701
10.959602,5.556907,-4.139777,-8.383430,5.620397,-4.999502,-5.000052,-4.697338,-0.956559,-64.280762
7.479444,1.107135,-10.032394,-1.229952,-1.670480,2.953590,10.272580,-6.551686,-9.781470,-3.808689
7.975902,8.082258,-14.112793,1.405329,-0.357236,3.492608,4.957253,-10.505576,-3.437732,-22.032766
7.750205,-5.298321,-3.627248,-13.659677,3.366618,8.638696,-18.244297,-19.748514,0.776380,-6.420582
-20.559530,2.198700,8.367433,3.877857,-0.772157,-8.063622,8.387717,-5.833473,1.286566,-16.220917
11.526278,2.906476,-11.527782,-1.320004,5.925794,-10.184740,-1.692581,-7.244775,-21.537743,-15.569015
-0.308334,-1.781604,8.214358,-1.523041,0.922235,10.371022,-12.610037,5.165548,-3.718153,-15.258670
10.656851,6.475864,-13.844488,-0.406481,3.069772,2.216285,2.336543,-14.849749,-0.790918,-24.282597
7.526001,-0.659341,-22.306404,-16.595903,3.393765,1.051174,-2.948111,-2.002364,-5.813446,0.453974
-2.172648,6.152293,9.302402,-0.610417,-2.235836,-0.381037,6.777138,-21.044453,-4.674050,2.325401
0.790900,9.707922,7.286214,-20.536211,0.807838,-7.841345,-14.448356,4.434714,-10.122231,2.446435
2.830047,0.146364,7.096152,-35.618793,-1.722746,-25.580635,3.239766,3.563121,-11.401805,0.939883
-1.945560,0.414724,9.816093,-22.687786,1.850505,-4.948904,-10.877674,-6.750397,2.149329,-6.040010
11.554233,3.334348,-13.045086,-2.716037,6.161943,-28.341866,-4.982273,-6.122630,-18.371401,-7.247258
0.586282,-0.069062,10.345903,-0.556804,-4.630939,2.081418,-5.964095,-1.255649,3.238237,3.800609
7.640523,-14.359169,7.451143,0.906306,-7.595269,-20.350349,-27.524099,-7.965580,2.464588,1.189578
2.190330,6.783510,-11.583681,-14.460492,-3.868143,-0.354552,4.441729,-8.250175,4.767226,3.369719
11.957506,1.088751,-12.793008,-23.360979,-3.154505,-3.358381,6.696268,-3.344604,-10.878071,-6.174158
-15.515980,-28.275145,8.694510,1.892681,-4.270637,4.362478,-1.665931,-9.259140,3.162406,-17.703283
-5.762585,2.538480,0.531090,-13.064141,2.235764,11.315217,-11.169327,-6.575776,-19.376148,2.416828
0.104756,5.237229,0.600136,7.766358,-14.239452,-1.483781,3.147921,6.470907,-17.398067,-0.050554
-26.890911,3.710848,7.187374,0.555719,-1.717339,3.712518,-2.761247,-4.211789,-7.557313,-1.666692
11.467024,2.087865,-32.609940,-3.010907,6.452574,-1.875661,-1.299346,-2.792947,-19.411928,-10.072023
9.278135,5.495068,4.126751,7.131840,4.804960,10.145929,-0.116538,-2.396470,7.618575,5.666979
11.075367,-6.714879,-4.490511,7.946787,1.478207,7.442650,-11.049494,8.236813,-10.855427,5.995762
3.624283,-2.716214,3.290971,-11.074379,6.770328,-1.631735,1.068885,-40.578121,-19.371859,-33.608158
5.559787,1.577621,2.091418,9.714401,1.463455,1.622267,2.211170,-0.482079,-10.994844,-2.090462
3.706593,6.250867,-30.481146,-2.804878,-3.367818,-27.828854,6.408379,-16.389503,-26.037247,-3.035782
9.592331,0.519928,3.190151,2.727260,12.076061,6.066734,0.283076,7.823062,-5.361800,1.651680
-12.465219,-0.701792,-6.241103,-10.420958,3.831359,-12.393022,-8.238979,-0.468932,0.888826,-13.987292
0.225184,4.597427,0.378570,6.362243,-9.624656,9.658621,7.251106,-9.273511,4.032637,1.441701
5.043784,-30.861286,10.680574,-8.634339,7.101856,4.913686,-6.873561,3.445448,1.662173,2.927971
3.741107,7.449440,10.070707,-1.971188,1.610463,4.097865,-11.465517,-0.960298,-28.743799,-23.129028
5.720630,-23.222504,4.747149,-9.668056,3.054735,-32.759167,-15.234678,-4.788856,-0.238531,-4.766025
13.916472,-13.441895,12.707478,2.613112,-13.617162,0.752278,-17.169010,6.041697,-8.911743,-5.250024
8.124026,6.616570,-8.507143,1.968751,-6.528533,-13.765979,-1.557783,-2.278426,-9.409991,1.687926
-4.508960,3.932672,1.325258,5.716665,5.758517,6.451221,-9.092014,-11.493176,-2.828740,-11.897566
12.634744,1.436398,2.371336,-6.532671,-13.956511,-10.253410,-13.044176,6.229272,2.382293,-0.688383
-22.026899,3.073661,-2.692475,7.961812,10.579611,-20.683292,-35.978985,-14.921528,-27.358032,3.837494
2.219958,5.748775,10.317431,-14.151259,-7.870200,-0.496026,-2.454568,0.747414,-14.217623,-8.209199
-13.116510,0.220705,1.835403,5.664076,4.485307,3.662866,-3.013356,6.775022,8.243592,-23.698511
-2.303352,-0.228581,5.569691,-2.921288,-15.866714,7.141256,-1.938274,4.773041,2.445951,-7.737505
-9.376911,11.492890,1.325948,4.189270,0.881557,-33.956532,3.685930,7.185177,2.404364,1.462980
11.643576,5.446222,-5.963967,-17.116425,-0.604156,2.311937,-5.676861,-3.424682,0.494618,-6.625388
1.977855,11.111656,-5.185837,-8.646673,-22.167641,-7.193203,-9.632186,-6.996834,-0.427158,-21.153221
11.000667,3.375064,-25.397425,-14.406791,1.213592,4.434739,2.594445,-2.384967,-5.725492,1.861839
0.925672,3.793264,6.392853,12.277264,2.239661,-7.591644,-61.123856,1.799371,3.191319,0.831123
5.417695,2.007296,7.643726,11.684931,7.808254,4.328322,3.365700,-6.617715,5.551426,-4.128768
11.340410,6.617544,-0.509554,-4.071606,-3.749869,4.625277,-12.316792,-14.623265,0.468182,-6.491244
0.119760,9.409041,0.252441,4.923925,-15.560656,1.663373,-17.549234,-20.353149,1.139302,4.643141
0.800508,11.098013,-4.744203,-47.703049,-17.092451,-6.407632,-8.048706,1.710517,-2.762057,-2.946444
-3.865911,-0.891139,-40.260242,-6.007934,3.575828,-7.494483,-6.358255,7.873388,2.488484,4.101659
0.511153,11.167563,-19.977449,5.405726,-0.939320,3.747570,9.122747,4.873849,-0.133152,-6.938637
3.379790,6.774696,7.816740,-2.850178,-3.015193,-26.123329,-6.008557,-5.535275,-4.593373,7.766895
11.456079,4.607265,1.590028,10.633740,-30.709646,-2.227422,5.753098,-6.777067,4.021753,-30.364086
5.891957,4.947744,-5.538499,2.558755,0.471226,-6.379228,-1.621372,3.862467,-23.529659,2.000114
4.909619,4.435282,6.188940,7.593493,5.965647,-0.883106,-14.564866,-41.524055,5.286469,2.255960
-10.542088,12.442873,1.761696,-18.676441,-0.226570,2.050972,1.596400,-5.776944,-3.197383,-12.038394
-4.325944,-5.966692,11.638270,5.799432,-2.469387,6.945843,6.426512,-0.514186,-10.413326,6.733613
-6.237846,0.324513,3.295382,0.222287,0.646793,6.863279,-11.796476,-0.785404,-4.825497,-10.135337
11.440771,6.682706,-3.094631,-10.240713,4.607740,-10.876140,-1.752048,-2.383476,-1.601513,-7.773861
-3.494779,9.361452,2.842999,6.548893,-2.674954,-28.698414,-14.479437,-5.661993,3.189073,6.267455
13.993612,1.763268,10.484877,4.534288,9.413744,0.761541,-6.427005,6.586959,9.278719,-7.107444
-3.279844,-0.910432,3.660953,3.438066,2.081453,-6.071392,3.180458,0.968008,-9.263939,5.752992
-37.122467,-9.673422,-7.565057,10.217928,-2.111069,-3.577761,0.454220,7.453492,4.019913,-3.076852
-9.814255,10.186696,3.870582,-4.558405,6.110050,0.300932,-0.133948,-7.878011,-5.854550,2.653768
9.218064,9.920333,-1.542887,-7.314475,-9.356928,2.426291,4.287981,-16.852880,6.582070,-3.571362
-9.572560,7.994926,3.457305,0.738818,-9.809671,-5.934309,3.442661,-20.505520,1.448831,-3.969793
6.485887,3.826326,5.739697,-4.327583,4.654921,6.351475,4.496499,0.783622,-3.430147,-7.512073
5.861448,8.022197,5.612228,-8.592124,1.259838,-9.182496,-1.710762,5.097010,-6.040220,4.478278
5.090780,6.444890,-19.340176,7.894490,-2.365171,5.362949,2.806952,-5.687406,-2.657788,-29.938078
-1.347433,7.963586,9.845639,4.674022,-3.053169,6.819101,-6.097649,-2.920423,-4.111194,-15.050660
16.917698,1.681059,6.583500,-1.615153,9.255195,4.790604,6.499390,7.492243,3.879671,-4.287430
12.682436,6.705036,7.129070,-10.656119,11.922634,10.389828,-4.996098,6.447096,0.925742,-2.042356
6.842026,1.500072,5.751929,-9.195108,-6.555477,-6.360087,-19.054459,-3.754032,-6.411741,-1.146392
-8.896248,1.103418,7.098260,11.172396,5.985841,-0.848672,-0.319943,5.857494,-5.008109,-11.237175
1.646086,11.721587,5.921139,3.369522,8.755308,-2.884259,0.911820,-3.124610,-25.000772,5.168960
-2.662886,6.379143,8.360225,2.105585,-20.904741,-26.072805,11.893801,-3.628971,-4.331074,-52.984123
-4.376523,2.705836,-1.931820,7.220529,9.036251,-9.809209,3.912196,0.783438,1.164221,3.115639
4.711471,9.433062,-2.523888,-0.399762,-4.728003,-6.485490,-5.965990,-12.137671,-4.297721,-10.849900
1.946121,-1.754065,7.091842,-0.244119,-6.493673,0.803195,-1.187486,0.519292,-14.188810,-8.894290
1.749649,6.742433,4.268970,-3.640122,-7.071552,6.065791,-3.111565,-11.643364,7.953062,2.609310
-5.209064,7.465770,5.624890,6.968744,-21.109713,-12.946466,2.850443,6.938280,1.765581,-9.292603
-13.462382,5.505639,9.246802,-1.607970,3.611129,1.317697,-24.919653,-3.725087,2.032717,7.057672
6.953704,3.680704,4.117159,2.664077,9.496759,-6.563825,-22.192900,2.775882,1.088555,-0.615221
11.016263,1.471887,-3.040629,-3.175858,5.379798,0.442815,-1.758152,0.865846,7.164673,-32.088398
-21.100266,-7.298178,-0.255534,11.884891,-12.789945,5.508585,5.843491,2.315081,-17.998802,-13.698671
-19.883827,10.848599,3.014170,-1.503712,6.856203,-7.646167,-8.456081,7.156878,-10.466850,2.898113
11.510237,4.239676,10.178329,-3.398778,7.660818,1.434594,0.984972,-11.972948,5.588842,2.964933
9.730513,-1.255926,-9.359615,1.950974,-8.906030,3.376077,-22.311783,0.787946,-3.780626,-13.474456
10.902603,-13.370859,-7.075246,-3.684688,-4.214692,2.830590,-19.096230,-5.166786,-0.629420,-1.368313
-0.121498,8.502214,-0.784594,9.811555,2.241009,4.755181,-19.255297,-0.097086,-12.438878,-2.261600
1.478685,-4.983572,11.796161,8.223534,5.682396,8.183436,5.006351,-9.737178,4.368182,-1.861672
-8.317821,9.711312,-7.126663,-17.671829,-5.616651,4.237189,-36.167164,-1.633671,-1.768265,0.863478
10.694014,-3.320857,-6.754293,-1.481629,8.087226,-1.076250,-12.413993,-7.015379,0.389340,-14.931522
9.899389,-3.609111,3.854004,4.028965,12.087601,3.494879,2.422848,-7.084522,-2.649769,6.226753
-0.231194,5.120256,-3.633957,6.551445,1.446934,6.304851,3.228274,2.703401,0.212525,6.072697
3.292909,-3.810198,2.206845,10.055237,3.008411,7.063162,0.058616,8.978576,-14.139256,2.635581
-8.308941,9.179920,-5.150615,6.293190,9.664015,7.577049,10.918797,-5.423665,-33.246902,3.476600
-5.202861,7.670631,-2.012861,-12.088170,7.821820,9.857978,-2.726691,-2.702070,-19.123512,-5.125921
11.220583,-1.162579,3.819911,2.090178,11.043273,8.012880,-22.644606,7.927884,-31.330757,1.929002
8.921559,8.870263,7.800211,-2.810455,5.352537,8.678495,-15.859974,-5.372970,3.664033,-17.055136
10.534828,5.912800,0.111931,-11.755804,-3.148330,8.962515,-15.895072,-8.143179,-2.048056,-5.100741
17.204887,0.749924,-1.393420,-16.637367,8.516117,5.018865,10.667498,-6.626523,0.653916,6.055062
10.959589,5.009938,-12.590433,-31.445110,6.000936,-1.177491,3.021477,-3.123889,-29.548788,-19.373289
10.214566,-4.828078,-0.506802,-5.359943,4.005337,-23.944006,6.440470,-0.461287,-15.640773,-1.885046
3.803792,7.384592,-5.481087,1.155210,4.524343,4.037082,2.532712,-1.099699,3.843300,-1.225000
7.065598,6.069761,-3.552947,10.016989,3.719249,1.218542,-10.022835,-0.930153,-0.381109,5.404029
-20.005491,8.011755,2.862828,1.450861,-3.208870,4.827599,-6.272989,-0.827020,-13.565792,-4.013115
9.854553,11.287211,-6.158437,6.692172,-7.937443,4.607044,8.587485,-4.428823,-4.295608,-6.923304
5.907549,-0.136494,2.345726,2.406395,2.502399,0.182120,1.155189,-7.436201,-1.924926,0.258789
6.416228,-33.119350,1.846960,-11.614824,-7.366811,5.781095,-3.438512,-2.454006,-33.999367,-15.926149
2.006605,8.876409,-6.202653,4.138484,0.289540,4.137234,3.466491,-16.790195,4.062722,-0.953214
3.893690,-21.129326,0.073588,0.658085,4.881201,-7.077410,0.907190,-15.817341,7.122131,-0.898474
0.267279,10.418079,2.480561,-16.838411,-1.550673,-8.054093,1.136505,-5.074100,-19.642237,5.622687
-26.854895,6.974844,7.259481,-8.492119,3.747655,6.723198,7.494137,-7.193656,-2.330629,-8.397429
3.384158,4.240785,-9.702844,10.704207,9.071960,7.093470,-2.857707,5.782237,-1.298308,-3.007117
11.776684,5.338806,10.401311,7.572553,7.318210,5.266611,4.749460,-6.604190,-10.708946,3.242264
0.350013,-9.564295,5.393472,6.645963,-12.550100,11.806900,-1.041481,-28.277935,1.498316,-3.778519
1.717688,-17.395752,-12.203081,7.419695,-10.558910,0.428947,-23.494831,2.931125,-8.778535,6.101850
14.211369,5.046951,3.179936,-6.935198,11.211328,8.872808,-2.279796,4.386527,0.792738,0.730978
1.453195,-0.689309,2.976604,9.362885,-10.779175,-10.637393,-0.319897,6.700687,-10.041537,5.729498
9.490348,1.041876,-2.091558,-6.940696,-14.698001,5.497486,7.119559,-1.824545,-3.818152,2.310151
-8.108547,6.408812,1.310699,7.519152,-9.811043,-20.837933,3.211590,8.892510,-11.221366,-21.399944
15.387489,1.182172,-5.294180,0.746831,11.790353,3.960441,-5.944324,9.164703,1.193303,5.130466
17.299513,-3.794886,-9.375552,-16.725115,9.318557,5.291774,7.352587,7.802805,6.259686,3.459895
-9.675103,3.098011,-40.342464,-0.443106,-1.733440,3.769498,-4.328865,-0.547381,-3.834081,2.336996
-3.965163,-5.522575,8.528677,-15.381149,-3.037115,3.882602,1.135584,-17.083151,7.376109,-22.662941
9.369662,3.426568,-0.349524,-9.745218,10.301361,-4.883147,-3.334445,7.576299,-0.333118,-62.139397
-2.665419,-1.548650,8.234127,1.170889,1.786592,5.756269,-16.905968,-2.523606,-21.904238,-1.386954
-6.675341,-0.242576,12.142057,-1.920486,-24.659664,-2.520542,-11.230960,-38.176754,5.657786,2.251051
-10.597491,5.645349,3.203878,4.389457,0.907748,2.385576,6.860047,-20.618893,-17.700861,2.201677
-0.091216,5.667940,-6.549585,11.990438,-1.999513,-1.283202,1.966941,1.789186,-2.558889,-2.057367
14.288491,1.430219,-3.055680,12.700653,-3.264688,4.462603,9.460121,4.235869,-9.254709,-0.522432
-12.261329,11.556326,0.069265,7.844291,4.144233,-3.252765,4.425131,0.411116,-5.439085,2.460828
-2.883315,5.557899,3.871609,11.542629,3.210497,-0.744818,1.237746,-13.326865,-3.813155,-20.573681
11.174697,3.676875,-12.723769,-0.523347,-58.439938,2.473402,8.235370,2.501070,0.485752,-3.048539
16.038330,10.221557,5.967818,5.579429,3.260273,-5.008350,-22.858974,-4.047990,5.723109,-3.731425
-35.773117,-0.772701,3.688703,9.941653,-2.970561,3.719100,-6.437494,3.554378,-1.734529,-50.104557
12.335282,0.679633,-27.647764,-21.932829,2.881870,-4.056483,2.115692,-2.327914,-5.823944,-9.260439
1.460592,0.774494,1.915653,-0.827477,1.005119,-12.738801,-5.112560,-9.288424,-7.560070,6.366934
-45.959373,1.971736,4.372350,9.015311,7.981248,5.372681,1.963310,6.110270,-1.351075,-1.242555
-0.938358,-26.583141,1.092919,8.005379,2.615242,5.299439,2.952647,-2.232224,-3.283463,-19.967157
-6.015360,4.217535,1.803227,8.869332,-7.571082,7.185312,2.545115,5.438673,-7.251701,-15.538325
-7.279544,6.203691,9.590094,4.272849,0.164443,-34.704414,8.453753,-8.313176,-6.498563,-1.638990
10.865382,-1.695611,-4.375539,-29.538044,5.068896,1.699844,2.506987,1.881720,-5.640209,-1.351751
-2.782703,-19.436623,9.812997,10.426466,5.475860,5.778453,5.339199,0.726700,5.114693,2.577163
8.924870,-15.437775,-2.404358,-1.091021,6.693736,3.456896,-19.625162,-6.211381,4.361786,-4.866364
-2.647059,-1.143649,8.349365,5.469378,-4.502480,-14.370354,-0.169822,9.366258,-7.217879,-2.757185
1.852618,-11.210663,4.033020,2.907733,7.630941,-11.583269,6.687426,-4.680082,-7.386914,-2.370959
-11.916137,-18.440460,-1.312343,11.069779,1.448605,2.813829,2.004643,-25.563820,-35.805023,-14.150192
-13.968621,5.898042,10.710626,7.440734,-13.281786,-1.392977,6.654237,-7.238764,7.194960,-5.277956
-1.928082,2.940433,5.005701,-15.093804,3.900015,-10.597104,10.016872,-1.793994,-20.032232,10.057411
-0.376503,12.336311,-15.111729,6.937799,2.172505,6.870419,7.883387,-9.132067,0.960590,-10.794550
-6.012716,9.121371,2.936311,-1.482153,-12.613222,0.910099,4.534127,-11.132136,-6.642823,-3.829191
6.309542,-8.453600,3.288659,-10.728941,2.829049,-11.840685,-2.515772,-2.007041,-1.491163,2.447045
0.451989,-0.245712,4.624226,-1.558576,-29.076229,8.873871,-13.898974,-18.373335,-4.258362,2.949265
5.084882,11.945177,-10.666604,4.925776,1.255091,5.453761,1.241752,-4.586969,-4.304990,2.759922
-7.047474,6.618690,7.623894,9.049442,-12.835505,3.103760,-0.797150,0.285983,-11.418077,-27.637314
-6.040501,7.714196,6.004475,-9.566269,-1.708865,7.141354,-13.582248,-2.483834,-5.712201,7.664169
-0.980489,5.675123,-5.671394,10.441372,-5.050693,5.621202,-20.894382,0.871068,2.108507,-2.563813
0.271643,-28.913996,1.705001,7.611304,-7.197370,-0.464500,6.896256,1.813773,7.059503,-11.004017
13.553802,-0.224422,6.467178,6.905029,-0.535443,6.887374,1.517403,-19.023775,-11.637947,-18.966537
-4.769407,10.675047,-0.207284,6.867689,-8.104570,-6.492067,-16.112803,-11.362406,-3.369849,6.647141
-4.508577,7.525414,2.341258,-8.775754,-42.213100,-13.111402,-22.578650,-25.942038,-19.893661,4.116298
-9.956342,12.309456,3.785389,7.133747,3.334093,4.610181,5.433003,-5.153142,-6.345347,5.958379
5.734792,3.431971,12.031507,2.901508,6.310425,8.872815,-6.894532,-8.461516,4.185039,-6.259253
11.232205,12.858252,3.124896,3.563799,10.523833,-13.883605,-6.420434,9.401855,-0.115425,4.711737
3.094057,1.667526,-11.801962,6.973344,2.321682,-0.757525,-1.590968,-5.765576,-7.512416,-19.879963
4.279939,5.206179,-2.979517,-4.226793,-3.155748,2.781624,-60.916008,-5.492341,-16.236403,-15.510388
-27.039993,-0.333498,-14.619867,10.441017,-15.287843,-17.686478,0.563688,-13.745453,-3.729264,1.532802
-6.940598,7.371207,11.870717,-25.915737,1.027755,3.639246,-17.166779,-5.354563,3.022021,0.114415
5.374201,-14.097649,8.157154,4.453004,1.595576,-12.969223,-8.862173,1.222962,-2.245249,-6.143661
-1.352409,0.726196,12.456550,5.570062,-3.036482,-4.674679,-1.944269,-13.213581,-4.546732,7.325714
-5.723591,3.365494,3.717992,0.258950,-4.099056,5.683406,-3.687026,-4.944688,5.055363,-3.561388
2.083184,0.725268,8.002075,3.935782,1.688145,-11.600512,9.113855,-26.128761,-13.189969,-3.277684
7.382351,3.871520,0.759368,0.776879,-0.754587,-1.853897,-2.898957,-2.217108,-25.204325,6.749450
-3.157361,6.120795,-0.368158,-1.229822,-6.968164,0.900164,6.599217,-22.226215,2.923461,-1.715126
8.637664,-4.225604,6.011509,8.797148,-2.059126,7.411270,-16.926620,-2.693322,8.722613,5.446549
-1.653784,10.718937,-22.678772,-15.130634,-5.914244,-1.287732,0.085903,-3.515280,-14.006953,3.674259
4.821769,6.110418,-5.855237,-52.893242,-1.084014,-2.435513,-0.644438,-1.827706,-7.302299,4.646373
14.322496,8.076124,8.872044,2.516159,-7.285541,4.603822,4.895763,2.718515,4.878803,7.007042
-23.121025,-0.549158,8.267509,10.053717,7.263308,6.429430,-9.254731,2.553266,-16.456802,-3.713668
8.271122,-36.076347,7.735792,6.280049,5.679128,6.852469,4.180467,-4.285073,4.860819,-12.986740
-3.005426,-11.337889,-22.517414,9.063987,9.633182,1.836918,-10.457945,7.492629,-2.522748,-1.401546
5.947897,2.237143,-3.051028,5.971670,-4.587463,2.866245,-37.187706,2.459991,9.680960,-8.925329
4.050637,0.248144,4.739024,-1.660434,-9.064180,-1.816568,-2.110656,2.326133,-7.602012,6.865866
6.769554,7.488618,5.342364,2.518339,9.436399,3.541264,5.078958,-5.020179,-17.625778,-7.500723
17.472986,4.228401,-0.992130,7.906613,10.714874,8.393782,1.560047,6.690744,7.443016,-6.688030
0.622576,-0.545301,5.193426,1.288880,11.578051,7.002402,2.473466,0.392022,0.950486,-1.875810
-15.631284,9.128855,10.634413,-3.484784,-15.601297,7.013804,0.317885,0.297574,-3.143209,3.279860
10.047297,2.171072,-9.626949,-18.563225,1.192750,5.571063,4.236233,2.494237,-3.109459,-17.041697
8.910725,-1.066776,-3.694827,0.475742,6.176989,-15.797492,3.245680,-6.619222,-13.841995,-4.494434
-18.336302,8.500439,-8.492702,1.991394,-7.188677,0.139714,11.067949,-5.405788,-20.447891,-1.326433
-13.073839,8.663303,9.520188,-3.147182,-5.592752,-17.979595,-1.454758,6.943276,4.070363,-9.622631
6.321674,9.000076,3.442990,-2.589683,-7.823729,-16.204300,5.672927,4.612467,0.892919,-0.799740
-2.140859,12.244205,2.884677,4.801955,-0.540727,-6.640212,7.872372,-9.881464,-9.179878,-4.158103
6.977653,-32.733505,1.789306,1.114583,-0.928485,-3.281178,10.927948,-12.010656,-9.089589,-1.579424
-2.404382,0.912610,1.280319,10.873156,2.382167,6.209685,-19.989565,2.764741,-1.226840,2.134522
2.036361,10.740351,5.838550,-5.506379,7.299710,-19.664305,7.395239,-1.371102,3.070700,-8.021031
1.388200,11.577908,1.254978,1.357271,-0.452420,6.005082,1.204520,-4.585160,-0.054349,5.819797
2.764008,9.582940,-23.413879,0.001666,-2.356683,3.244848,-40.498802,-15.369559,3.167496,4.983013
-8.819210,5.485590,3.071951,3.925005,10.894711,-1.338448,3.591326,8.233332,-1.243364,-7.030539
8.188023,-0.546256,-4.993490,5.141125,-16.659060,-1.146544,-7.639952,-6.460596,-10.694403,1.515757
-0.285943,11.097315,1.642513,4.046763,-15.371352,-1.676127,-13.288282,3.138754,0.302026,3.675978
-3.737226,2.280351,10.913965,0.797672,9.102633,-15.831274,9.770175,2.212903,0.402082,1.152166
6.462934,9.941603,4.980436,-3.449368,10.162620,6.688609,-11.594242,-14.261707,2.025258,-34.461643
-1.508628,-3.695764,0.714055,2.099974,7.451322,-3.533183,-10.809875,-15.531521,-2.248835,3.094844
-8.832266,-39.569008,-3.421137,3.860154,0.443541,-4.518019,-7.879259,4.346450,8.296043,-5.208059
5.904846,4.379947,-1.326202,-12.138317,0.158322,-6.499740,-4.265115,-5.872824,-6.634960,0.411395
-13.718728,7.513412,7.811754,-3.524377,-42.030479,-2.693668,5.387305,-14.008555,-8.313666,-2.192318
-9.372019,8.946741,-24.903286,-22.640686,-1.604673,-3.725553,0.044037,-3.488857,0.240717,4.506182
-15.631348,7.362520,10.433463,-25.275635,2.752903,-11.898198,-6.924102,1.485632,-13.840480,-1.709583
3.762098,-2.006449,8.671097,9.231752,3.111062,-19.402443,3.212600,5.644176,5.441852,-3.889929
-8.303243,1.953360,4.577643,5.564777,-12.126167,5.805942,-4.471755,-0.850802,4.848431,1.073305
5.945095,0.668365,4.717013,2.667860,-13.688054,2.971599,5.650461,0.365415,-6.647468,2.260116
11.732125,4.526325,-2.303789,6.603512,10.467510,-25.885738,7.202644,-17.218426,2.018061,3.373348
6.665749,8.404434,6.023371,4.173493,4.736444,7.538742,1.122041,-5.582673,4.800936,3.048447
6.302502,2.559034,3.313652,8.396955,2.763039,-32.846550,6.141463,-13.890076,-9.903301,-10.344687
-13.971590,-16.937283,-12.786711,3.773808,5.229033,-32.377495,-1.053488,7.882782,-1.226170,-0.024466
-6.832962,8.357946,-3.641861,9.232619,0.031162,-0.261526,7.363180,-4.491065,-5.289986,-10.547634
10.960629,-2.942477,-7.583809,-10.368257,4.564909,1.813357,2.232558,-5.586994,-2.817016,-1.852040
0.225476,2.484397,3.468724,-0.140804,5.876565,0.561205,5.744005,-8.097841,2.568244,1.494233
6.843542,3.101303,-2.563546,-2.827734,-28.667664,-1.226427,5.723029,-10.256556,-22.193932,-1.933856
8.427685,-10.394020,0.259671,-0.740595,6.127739,-10.128154,1.424431,-15.121881,-8.062544,-7.611653
-8.994932,4.985474,6.957012,-9.376598,-0.995996,4.921756,11.087631,-0.389247,2.149791,-0.534633
4.772949,9.085883,-2.207040,6.041972,-17.153458,-3.658092,0.057942,-5.411024,5.052616,-0.602246
9.325456,7.378889,-1.536566,-4.437778,-25.972019,8.837105,7.214051,-14.520974,0.324289,-1.710999
6.787296,-8.428620,13.119690,-0.799170,-10.911436,6.092539,0.062379,-11.950605,6.269705,9.337363
14.804419,3.209785,5.216731,-6.465137,7.531064,4.765849,-1.012986,9.266991,-7.804182,-9.706015
10.549182,5.702333,-0.986232,-11.052327,-15.701398,9.309504,0.601008,-11.110621,-1.004025,-4.925811
-6.774515,5.082419,9.845415,-28.590734,-4.249072,5.687815,-12.832163,3.040462,-0.615064,1.818322
3.688815,-9.031551,7.597323,6.580794,10.920298,7.023297,10.337640,-7.448178,5.510707,-25.797569
-9.119627,10.297688,-11.118433,-27.337349,-1.261146,2.172111,-10.822247,-0.086776,1.380585,4.777739
-43.239449,-8.121408,10.987003,4.964851,6.440181,6.993660,-10.605141,-14.903607,8.661789,-10.817751
6.878924,8.233711,-17.823370,2.761252,4.088923,4.026526,1.868498,-6.349806,-9.334867,-0.382819
10.781588,1.326497,-6.474580,-29.335098,1.539378,3.622200,5.328384,-2.263448,-5.724712,-1.829391
11.674919,1.917666,-10.696482,-12.373693,5.713131,-0.224075,0.904768,-1.771630,-8.456867,-9.026168
7.041596,-8.999644,1.722807,2.650003,7.479997,6.327700,-3.193504,7.027156,-10.481444,-6.364390
7.086320,1.530309,8.013874,-10.333488,-1.835054,-6.893562,-2.810589,-7.170577,-0.173013,-8.890712
11.336776,8.159848,-6.085387,-3.125587,-2.366257,-0.540051,-7.322052,-16.968231,6.940804,-22.200487
-0.521472,1.341806,8.877580,5.520284,-11.396378,-7.038559,2.882877,-15.902901,-1.702301,-7.749813
5.520246,12.782700,1.173800,-6.292171,10.195522,-1.891116,2.154728,-15.254531,-36.939198,-0.818524
-7.253798,4.529166,2.480258,8.884360,-41.036766,1.443841,7.008751,2.989140,0.831325,-5.526181
1.909703,-2.063845,9.003117,-12.888819,-10.459316,-14.424691,1.437033,-5.103789,-0.672507,-44.998665
2.079551,-38.530697,-8.141299,11.015547,-4.248299,2.365825,-1.869031,-5.485120,-3.178532,-6.493399
16.000479,-9.408364,7.237292,6.954055,-31.677395,-0.606113,-7.999340,-1.602329,-3.909956,-15.188303
13.733652,8.950132,-0.509024,-8.350481,-13.221669,5.793037,12.908903,8.053216,3.671533,-4.381922
11.517587,5.048282,-8.526434,-3.095646,5.356060,-15.754572,-4.891819,-5.242268,-6.891460,-8.565033
11.682328,6.493472,-3.608036,-7.933995,2.598070,-21.031475,1.016008,-0.398364,-2.423795,-12.627527
-0.175321,8.873230,5.440073,-7.018120,-3.186822,-0.252542,-3.823423,-5.720890,2.832996,1.635014
-0.710147,6.596426,1.421932,7.738725,3.056943,-3.412813,9.388691,-2.293545,-10.298238,-1.117931
9.022116,-1.138274,2.867248,5.572121,3.828864,2.839247,-19.793131,-40.992592,-1.734533,-8.517579
-0.878063,-5.479957,-4.366904,-3.472713,11.222002,9.410243,9.685526,-3.589900,0.505975,4.721048
6.088906,2.220206,-5.586693,4.715087,-10.893821,1.888364,-7.415117,-22.385841,4.580656,0.064777
8.722647,-6.355343,-0.533883,-29.465328,-15.328330,5.811787,4.439639,-0.162287,-10.976652,3.059409
-29.093573,2.884458,4.884716,5.572864,-0.447789,-0.210671,2.339095,-1.609117,-2.434825,1.927273
-3.348638,8.735810,6.771808,-2.476009,3.929150,-7.976418,-9.338509,10.475106,-1.810548,-15.798773
9.081432,3.681141,-1.226629,-2.998499,4.685967,-0.283284,2.238560,-24.660208,-5.300141,-17.057911
-21.698364,-6.699043,-0.099838,6.100965,-12.798840,10.203532,-3.707171,-19.338980,6.514869,-3.520006
-4.937907,6.853732,3.510335,-6.301641,3.252332,7.265408,-38.268265,1.096576,-13.984856,1.668686
-10.661913,8.233810,10.207795,-2.670735,0.146891,-3.171837,-13.769317,6.603315,3.990257,3.513527
3.276188,-18.151514,10.480455,6.042738,-1.840597,-0.477086,3.910347,3.166282,3.202319,-9.000303
-2.981665,-28.037617,-0.895677,2.351771,0.859075,-24.458118,-2.585621,5.476501,5.468909,-9.798042
6.702525,10.574241,-6.479829,-7.165860,6.066445,-13.727491,1.747026,8.109682,0.819325,-3.615830
6.312199,6.124045,-2.254107,-7.815740,-7.658205,-19.669504,3.386178,-13.954553,-9.607975,-13.218427
-3.907563,7.753078,1.626397,9.881648,-0.021634,-4.825222,5.800605,-6.582029,-4.895793,1.986700
12.179632,-14.088932,3.697519,-3.530179,3.997603,-26.314009,-2.450513,-1.947930,-5.939842,-7.687850
2.602435,-3.332625,-1.294693,6.067887,3.242545,-5.624559,6.715021,-5.580267,-8.937000,-7.638255
9.630844,-2.434007,-9.047709,-10.364765,-5.445964,-9.348268,-9.829396,-13.894709,3.523405,-4.102440
-45.931850,10.867061,10.229025,-7.267390,-11.162170,-18.238241,2.191972,10.700440,-25.365200,6.216511
7.308503,6.750292,-0.360963,-18.281658,6.059518,9.201067,-3.797929,-14.886790,2.269347,5.572089
-3.382404,8.097489,9.056149,-22.992285,-13.940205,-15.131783,7.333807,0.676242,-2.208094,-36.761509
-22.317257,6.620296,-30.131493,3.685157,8.476256,-7.023608,1.444759,1.412848,-10.531291,-19.451902
2.135323,3.149457,-6.667724,-4.515314,-4.292763,-15.560905,-1.452323,-11.311378,5.100954,-0.084054
3.915205,-13.164226,7.721734,-8.019766,11.377979,4.039179,-32.805489,-8.823217,6.167430,-0.991104
15.028553,-10.347393,3.823379,6.914515,3.806848,3.829046,0.513413,5.209685,9.691094,-2.629860
5.767872,-6.108604,11.728369,2.322814,9.580681,-1.602571,-11.641627,-10.023479,6.756949,6.066076
13.877053,7.723416,9.677635,-8.816908,11.341468,11.633035,-6.989041,6.677457,-6.616854,1.696328
0.505302,8.996928,4.652327,3.386204,-0.960893,1.020935,7.805256,-12.817517,-10.676207,-9.091786
11.951112,5.217499,11.805365,-8.814357,2.511395,5.524908,7.387771,-5.100963,4.587200,1.463136
11.472288,2.396293,-6.806489,-3.830009,-0.489455,5.922280,-2.925531,-13.312201,-3.676128,-4.113963
0.316421,0.102903,-16.255934,12.246958,1.002775,-2.853527,2.671157,3.815164,4.226549,-14.082097
-1.354597,-7.842954,-2.081647,6.603079,-28.175409,6.402513,-3.047779,-16.191938,8.356001,-0.076996
-7.051990,-0.470422,-18.901031,-7.157735,-0.617237,8.687127,5.595251,-5.219889,-2.382242,-2.003908
-2.331011,13.879386,-10.366649,-8.215082,5.624834,1.627382,-0.471347,-8.452950,-27.247826,0.716216
-0.857003,7.371286,4.111252,0.574041,-5.125772,-4.959639,-3.776261,-7.265711,-3.846298,-3.442190
4.223033,4.922870,1.651085,-6.924178,7.003119,2.262166,-14.315080,-11.105400,-3.518105,-7.896398
10.876835,9.147287,-3.151946,-1.058695,-10.115708,2.016692,-0.332598,-15.791885,5.612172,-2.014669
-26.319656,-6.188197,3.329711,-12.221018,-7.213369,0.407223,2.613752,4.448359,-1.337657,-4.587235
3.535285,5.153253,2.474748,-9.165997,5.057210,12.475286,-15.458046,-5.861499,0.889270,-2.262930
5.211376,5.806866,-11.008321,-6.651978,1.273534,5.000060,1.057196,-15.268785,-4.709335,5.059907
12.888163,2.335222,-0.553110,-16.709442,4.468007,0.520530,4.954672,4.824482,1.261272,4.999708
-5.327926,4.618856,10.080934,7.397861,3.210238,2.585874,1.276892,-4.319044,-2.085009,0.586659
8.533242,-8.251866,-12.820292,-5.507972,1.249360,5.574050,2.328619,2.372389,2.974631,-1.267131
1.814343,8.833514,10.090321,3.579866,4.857928,-8.232004,6.723450,0.663149,0.832382,-11.511122
7.855068,0.883040,-0.811805,-3.623059,1.111712,4.798342,-2.676823,-6.812585,-16.813663,-22.358257
0.192849,-19.134380,-16.510498,6.068644,1.183789,10.186220,-11.382679,-6.569708,-10.532998,5.552604
-13.963471,-29.918024,9.058401,2.765116,3.086257,4.981671,-5.881037,2.946944,-13.879259,6.985592
-6.399782,11.701706,9.069738,1.239751,-16.242922,-21.399363,-18.618902,-15.177130,-32.466881,-15.325972
1.963394,1.673894,-5.271272,7.174339,8.754822,6.564105,-0.864104,-18.985012,-3.191212,2.953613
8.468014,7.702958,-1.952298,2.853634,-6.487383,5.102898,7.932544,3.374344,-0.656513,-11.293175
9.086692,5.814734,-5.702218,-0.744205,-4.236346,3.489172,8.343056,-33.728951,-9.246021,-8.485268
-17.233288,-4.439357,2.849413,7.797011,-14.675892,2.907320,-1.270670,-7.128969,7.557039,-8.785192
1.095152,1.598629,-16.738014,6.340703,10.751554,7.078655,-21.570629,-4.219262,-2.929401,1.799394
-2.156654,6.212075,-11.752801,11.036376,-7.037942,-15.296865,1.893179,3.729404,4.067456,-3.048362
6.496222,4.290742,8.002385,2.769559,4.648662,-15.707090,-11.635065,-4.605249,-6.409723,-16.762230
-25.854836,9.170184,-2.082247,3.849306,6.466043,-18.723328,0.432178,-3.671495,6.255630,2.209657
-17.266552,11.901231,-13.529993,-1.905376,-4.677225,2.643256,-12.743750,-4.412005,-0.566381,4.641465
5.137845,-5.035495,5.805673,-15.267543,-1.485735,-1.933462,-23.512831,6.478686,-0.573616,-1.314535
-1.029031,4.635822,-5.949187,-3.545184,4.876468,-4.669979,-4.705167,-17.408339,-2.708481,-1.298651
11.689776,2.463385,-12.715625,-3.436668,3.922698,1.237598,-53.612942,-10.497698,-4.415237,-2.967313
-9.731031,-1.002050,-1.203071,-8.897655,4.544929,12.025947,-8.148102,-1.831879,-36.113327,2.913609
-15.748130,-3.867214,7.103056,-1.762793,1.020886,8.502625,-18.041676,4.051285,-11.421997,6.754425
10.937947,-0.594486,2.803281,-12.877831,12.489901,7.251459,5.025612,1.693902,-1.910415,5.882811
-0.282515,-2.844920,6.806077,5.496434,0.261242,8.596469,-2.739890,-17.210848,0.945250,-0.310366
6.302634,3.475499,5.639940,11.769843,7.321854,-0.065178,-4.719952,8.132766,-8.388727,1.156395
-8.365092,1.803617,-15.868610,4.403167,-16.750683,8.645226,0.976475,-8.298620,7.793445,-7.508897
4.400222,2.187791,4.438008,-9.142350,-8.715293,-7.112832,6.341808,-6.533628,-26.505186,8.774083
-16.209400,3.275621,3.500877,6.102075,5.351307,10.237913,1.688772,-5.758774,2.466875,-2.216288
6.758451,12.528781,-0.303063,1.913192,7.106274,-26.504742,-37.981049,-11.655035,0.488796,7.521010
9.086157,-30.104408,1.839765,-8.344487,11.068759,-10.752579,5.722662,-4.427815,5.664969,-9.017112
9.737090,-3.053545,-2.513071,-43.591042,0.332346,6.012146,2.673726,-6.370022,1.067708,3.629685
11.713903,5.671358,-8.614784,-5.621981,3.981611,-15.733766,2.312825,-1.290458,-6.948097,-4.885456
7.562134,-9.293558,3.827315,6.527316,-0.121944,0.412520,-2.701111,2.457705,3.562086,-0.314598
-7.251706,6.125134,4.165775,-2.568240,8.309228,-10.880863,2.270743,8.109246,4.125979,-0.929772
-6.694652,-4.280388,1.089202,2.861379,5.910244,-0.122572,-3.333800,1.704578,4.417112,-0.456593
3.250395,5.888725,6.041563,-11.488885,-1.634835,-4.522796,4.320272,-3.549600,-15.263909,-2.305214
1.635285,3.894546,-2.099853,9.532153,2.492933,-12.534048,-1.197980,-35.812840,2.044620,-3.730445
-18.410002,6.271085,8.098867,-2.904769,-12.389330,4.018525,-5.984641,-3.119340,3.124067,-4.537299
10.673376,-2.859018,11.104504,-0.703823,11.086489,0.024367,0.804865,-6.922459,3.718708,0.674486
11.279906,5.904950,-12.373471,-5.205836,5.646333,-5.676671,-3.806063,-1.696639,-6.395667,-21.650433
2.091336,10.261126,-3.641362,4.443985,-1.890909,-6.654218,4.643981,-2.414073,0.181021,5.424842
3.121269,5.478389,-3.763743,-3.530736,-5.643297,9.516299,2.239883,-2.090569,3.509283,4.062143
13.752832,0.316497,11.013737,10.072907,-22.623249,-14.249791,-5.569058,-30.010576,10.446443,-0.469368
4.748398,6.246180,7.371434,-7.630983,3.241410,-2.264135,-3.090135,-4.455960,5.430871,-6.848331
-9.349700,-2.377287,9.634925,4.577623,1.906906,-8.343545,3.416150,0.694840,-6.480895,-18.372574
4.924869,0.166203,9.302836,10.979254,-0.174510,7.596513,-0.885977,3.739565,-19.512367,-9.294956
10.310404,8.052197,2.124530,-0.249872,-5.226642,-0.568561,8.678858,-2.061999,1.565567,-1.697293
1.571694,5.314965,-4.466495,-1.769184,3.490443,-23.606441,-1.280319,-10.734610,4.338287,0.501073
7.469585,5.341424,6.432076,-3.447162,-0.276947,-13.321463,3.149747,-10.977575,-0.659795,5.784662
8.485048,1.592520,-4.292172,1.158929,-7.800048,-4.618032,-6.872373,-4.879256,-14.307619,3.931069
-8.038121,-0.674926,-14.894227,7.475595,7.883052,8.822453,-6.281093,3.048333,-4.617374,4.680918
8.665862,5.423648,11.056771,-1.767957,-6.392904,3.689495,3.094039,9.087659,3.343715,-3.012168
-4.506452,9.788036,0.736323,3.891911,1.782255,-4.824775,5.681887,-17.001616,-1.186450,-8.156329
6.240074,-2.205916,-1.305159,9.548563,1.506921,4.539480,-1.064925,1.175765,4.619236,-4.296631
5.071381,11.117978,-23.992445,8.498003,-1.101278,5.345490,11.022476,5.246400,-3.410943,-9.933060
-7.080163,8.853718,5.824005,0.999071,-9.326017,-2.097416,8.440295,6.260019,-18.754490,-2.298505
2.257648,13.066584,-2.110825,-3.551762,1.975829,-4.611756,4.729506,-5.424251,-5.547253,-16.141483
2.650624,3.327227,-4.784008,-15.679125,3.745909,4.623492,0.887133,3.061110,5.498741,6.917953
7.042614,9.813164,-2.384264,-1.428333,-25.576416,-2.228874,-2.908639,9.562841,2.901955,2.768067
-24.467148,5.657443,-3.421737,6.811500,-13.006945,3.112929,-3.496365,-8.717460,-4.840561,5.671816
0.807908,1.032423,-3.329793,-6.545889,2.550915,0.770756,-1.195460,4.895513,6.573907,-5.913184
4.751361,11.260571,-13.506340,7.477720,-4.178771,0.197180,6.969151,-6.485806,-6.127663,5.551264
-7.312477,3.028116,-1.374441,5.175175,5.514040,9.616328,2.430836,-6.230134,6.120503,-4.275442
10.314898,5.284163,-10.879258,-6.053138,-8.498021,7.218734,6.130976,-17.351389,2.261825,-11.959190
-5.328683,6.963041,6.560090,-1.435999,3.789291,9.443071,-4.156539,3.258981,3.871097,-1.868019
5.869659,-9.468760,9.203102,0.126124,-16.461527,-16.981537,0.111533,-11.594935,-3.963210,-0.244723
-0.039783,11.060646,2.688744,-1.865426,-23.939968,1.804367,-0.773594,1.808843,-7.192519,7.826463
-4.851625,2.633857,-0.095725,0.992685,2.270588,-9.694486,-3.621612,-0.617771,3.707021,-1.754387
6.720352,5.616121,-22.368784,3.294581,3.539732,-4.363155,-2.197343,1.322909,-15.605773,1.065835
11.626064,6.746428,0.409386,-4.417727,-1.877785,1.131491,-4.467156,-6.494597,1.206789,-12.770215
9.789137,10.826389,-3.526769,9.498282,-4.602945,0.387100,-4.108418,-3.453516,-1.378217,-8.544330
-9.828608,9.617337,-4.858608,-13.232007,-8.336222,3.648944,-3.347605,5.281581,-9.698977,-17.783009
5.334116,-30.090996,3.919906,-9.861420,2.103186,-13.619108,1.369613,2.389859,-2.203627,5.688385
-16.131056,10.648498,7.688170,-29.420834,-0.483332,-2.218319,4.833830,-0.388623,-8.386294,-20.580797
8.907870,-31.968164,-0.991009,-3.586528,5.696965,4.046504,-4.853257,-8.013360,2.967010,0.141402
2.160345,9.491029,-14.761370,3.444426,-50.522648,-18.722822,-9.847290,1.735596,0.509487,-18.255442
-2.930400,9.523932,2.158846,6.091124,4.903599,-4.546674,-1.474806,-9.917627,2.570476,2.505105
4.324742,9.094236,6.119158,-1.185659,1.959798,-4.033600,-18.600346,-1.757469,-6.360390,-24.638472
6.578459,7.435896,4.366467,4.846197,-1.870963,-6.394951,-3.536839,-6.212459,-4.319896,0.387562
1.564440,7.060242,-5.169432,1.274268,-1.897355,2.879816,0.705763,0.344562,0.770440,-1.219679
-4.199683,5.926319,11.276721,-8.145557,-8.031013,1.716665,-12.297400,-5.461301,-6.358914,-0.234251
8.505191,1.830295,0.660669,-1.607113,-6.571812,2.550979,-30.662037,-20.359838,-24.576199,3.208363
1.951792,10.906380,-0.080522,-1.009048,-7.857184,-16.656727,5.881100,0.135200,-7.031627,8.050067
-5.512005,5.141461,7.987573,-4.056730,4.237237,1.951112,-1.392852,-6.656562,-21.229504,-7.674821
2.723280,2.626731,-38.187378,-2.655603,9.644582,-4.326084,-16.344509,-12.264009,3.882141,-23.056509
4.464984,5.659525,-17.404747,0.801590,-6.960801,5.028224,4.172400,-22.870501,1.525651,-32.316166
10.890676,3.622427,3.593971,-12.313434,10.381300,3.568709,5.341947,3.083504,0.072101,2.909728
8.458841,7.553761,2.371181,-5.834172,-2.838345,9.248222,8.397134,-10.495944,1.585671,-4.143283
-14.617343,10.388660,-4.598726,-1.672918,-0.685696,-18.710447,5.923027,-5.650491,-12.909988,2.822982
-3.769299,-26.577591,10.256447,3.698850,0.237771,11.974375,2.333830,3.968330,-1.183067,-11.214968
-6.190134,-0.307068,-20.258007,-14.046155,3.663403,-9.917473,6.904579,6.542089,-0.318621,2.499813
12.176311,5.297376,-7.248048,-10.806123,0.287123,-10.573107,4.382481,-1.263945,2.290589,-38.028244
-9.280582,-15.119333,-2.487229,5.573580,-2.314175,7.934710,4.838330,-19.572693,2.562154,-3.342918
-5.165078,10.536266,6.142549,-11.723799,-1.961414,1.572435,-0.711343,7.802267,-16.997263,-15.469379
11.091605,-4.031291,-9.286779,-4.830072,7.922688,-0.758096,-3.475000,-3.902488,-3.285777,-15.905055
3.941762,-26.877501,7.232341,1.449751,8.478045,-4.861876,5.020916,-4.329387,1.573370,-3.068193
11.191936,-9.374428,-8.656370,9.927439,0.044311,-0.942995,8.351693,-2.430416,6.402037,0.349083
-20.257795,7.962604,3.613972,-2.842521,-1.676521,-2.970770,-4.300980,8.843168,1.401810,1.805213
-13.104609,3.413500,6.277123,7.088212,-3.768943,3.016324,-4.633419,5.179583,1.548033,-13.226561
-2.859149,0.540777,1.197599,12.022376,-5.217284,0.239516,-6.920821,8.807658,-3.489231,-0.177298
-0.392136,-4.919584,9.547241,-18.458330,-0.422233,0.691481,4.775949,2.211124,2.356781,-11.096870
-0.456179,6.650406,1.575643,1.330345,-13.898968,-5.156597,-0.092666,-1.126455,-0.034283,5.176451
10.702410,7.392907,-8.539618,-7.666869,3.842858,-10.242380,3.762479,0.783757,-15.655600,-8.895267
9.787489,-4.576259,-2.312572,-2.789775,4.112553,3.807628,-6.159260,-2.353054,2.637783,-0.281425
-9.767813,0.319517,8.723213,8.554169,-4.972627,-32.617153,1.722346,-7.125353,5.191903,2.367583
5.491928,7.267136,11.516920,-1.030481,-3.315979,-5.303800,-0.469957,-10.153656,-1.537817,7.611873
-0.016246,3.898865,4.682220,8.482867,-10.043205,-0.348854,-34.983170,-5.059165,-10.429444,1.356389
-5.718719,4.510983,-0.019589,4.499149,3.726882,0.901286,3.025661,-2.454162,5.970080,0.111939
-9.752430,-17.192970,8.414666,7.036686,-4.794986,2.233609,-8.774614,-7.794692,-0.213493,-21.219099
-16.214640,8.457995,-15.425257,8.386204,6.930947,3.736702,-3.765023,-13.452438,-20.166588,4.032638
1.437562,2.198180,-2.128446,3.684376,3.239420,3.958286,-4.662611,1.639511,3.857464,-15.518887
10.326210,6.141121,-6.899374,3.233274,2.968166,2.532393,1.410929,-14.638433,-5.118163,-10.272207
14.187288,3.434760,8.488384,-1.362589,9.436914,10.401905,-11.024108,5.498608,-10.499083,-9.943810
-8.940219,6.432183,2.331302,11.449120,6.355327,6.972502,5.422711,4.281605,-7.679371,1.893417
10.661839,9.118912,-2.536336,-24.878208,-13.609863,5.621720,-1.507707,-5.063350,4.915078,-13.490834
11.815941,3.311832,-0.429112,-0.937371,-6.911277,4.648633,3.443003,-15.907181,3.201549,-5.749044
14.478319,0.347914,-8.761060,-1.765452,10.438181,-9.395006,-15.235104,5.408698,-4.484913,-5.737576
-0.976885,4.026232,10.917109,-6.528818,2.933028,-8.905606,-1.677434,2.803393,1.330536,6.837543
-9.139774,3.597519,11.180211,-2.079729,-19.901783,0.733456,-4.284138,-13.678125,2.312364,0.628577
12.139496,-9.950308,9.655689,-9.540890,-1.443277,-13.132109,-2.278359,-12.791514,-9.018057,3.390754
10.655239,2.775721,-9.910258,-6.339700,5.761689,0.331078,-0.209746,1.953776,-8.089598,-15.285673
10.868110,9.838234,0.433520,-2.458526,-2.977851,-8.275488,-5.235196,-4.346997,5.133519,-11.418914
-29.391296,-4.069198,-7.131443,-0.181281,-2.395383,-5.230976,-17.723810,9.768528,-8.425628,-22.408604
14.492199,-19.519146,7.817307,-11.189185,3.539565,-1.101070,-26.146641,-2.722244,3.277626,-15.912532
11.372571,6.891125,-7.336390,-10.339313,3.672920,-43.341324,0.966497,0.142663,-2.416829,-10.702183
-7.545199,-10.132221,-12.572843,12.572027,-6.336856,-9.018415,-17.184992,-5.253646,-12.837202,-3.954428
3.610776,5.301842,-11.885988,0.632996,-4.871258,-6.458032,5.463035,-19.829079,-27.472908,2.803159
-11.500030,2.719090,9.788567,-0.192013,7.003392,9.702106,-8.390965,-0.397911,-0.339484,1.304493
-1.093676,1.397580,-6.571399,2.931242,-11.891392,4.646545,2.240008,-0.477807,-3.853636,-4.071650
-10.693679,9.108415,-1.817230,-1.225356,-5.719761,-25.038151,6.406942,6.229678,3.154508,-6.408517
-4.253317,-2.376325,-2.919884,5.291582,-1.423548,8.923290,-4.547372,2.961030,-3.869155,6.537490
10.130957,-35.220806,-33.280846,8.812788,-18.481966,2.313750,-5.236760,-0.483372,1.591545,-4.691440
-19.359936,11.657125,9.614994,-3.874557,-15.278211,2.364745,1.098048,4.350846,-10.157223,7.321603
11.603471,2.241626,-24.235525,-7.464189,4.714816,-14.887051,0.478499,-3.627781,-36.796890,-24.832697
3.330429,12.106547,2.636311,1.543549,4.047413,-7.900787,-6.893588,10.861994,-0.080988,1.896988
9.509391,1.610190,13.186995,-34.182682,-26.620092,1.531033,2.070543,4.977679,2.131199,7.819696
7.305061,-0.107273,-14.067690,-3.279571,-27.238052,-5.423761,3.159754,-17.830809,2.772789,-23.549007
-0.967025,5.424864,12.921215,-20.716167,-3.749416,-3.498230,-2.560939,-47.785027,-1.894749,-14.398186
9.486931,-2.356075,5.602002,-0.273669,9.310642,8.309052,-6.319273,-1.248360,-10.912561,-18.084366
8.596268,1.089235,11.992959,4.018520,1.633478,-7.362903,2.792348,7.307498,-23.088015,-7.337031
-4.495717,4.701341,-2.205377,-0.770757,2.378575,0.772422,-15.325886,7.075295,2.366583,-0.746123
8.730810,-7.622206,-2.214186,1.414133,-6.753372,-21.337566,-5.754656,3.787646,2.727480,2.747653
8.815529,1.426904,3.958566,-10.580479,-8.482095,-19.497950,7.654695,-14.723091,-3.802907,4.342390
-8.916898,5.552965,12.280272,5.227774,2.598956,0.070019,-0.053530,-1.993773,-19.883163,3.540933
-23.229187,8.762959,-1.932889,7.790143,10.078874,0.532897,-5.784677,4.882450,-6.278727,-5.313520
11.870138,3.822254,-0.577216,-13.324272,9.296947,-8.080437,0.106037,8.715561,2.160484,-14.652740
-16.496689,-11.735376,3.259622,-12.568303,-6.008482,5.461193,-11.233946,6.627813,3.638897,-7.218495
-38.106735,3.127772,5.346852,3.057560,9.197641,1.132531,-2.039067,-4.732784,-10.410532,-1.175953
3.582365,4.730545,10.835801,-2.245770,-1.501550,4.937763,-10.846050,-22.942905,-2.668869,-13.549698
6.586542,1.648306,5.914741,3.542411,-15.121988,-15.181727,-8.861045,-26.327785,-3.062482,0.951189
-5.550216,4.192117,10.481489,2.414203,-19.033588,7.986102,-8.952905,-4.843928,-13.616019,5.067401
5.501265,0.838874,4.178242,9.792381,9.391358,5.681174,2.023611,3.728960,-10.290622,3.362441
-13.484518,10.780276,3.765146,-3.422318,-6.240243,-19.534657,-3.071587,4.730206,-3.167580,4.359232
-3.998418,6.953129,4.903237,7.116079,0.311505,7.585294,-13.317719,4.433875,-5.878516,4.457975
1.447608,1.286003,-17.198610,-0.999936,-31.242945,-10.251775,-0.134293,3.459371,6.380824,-4.607206
8.540103,6.286068,-8.461973,2.445939,0.394251,4.706594,5.804936,-4.226627,-19.358240,3.240974
4.669418,0.371301,6.584375,3.611974,-2.085829,5.676777,-10.937877,-5.710838,-14.887766,-15.121540
6.536351,8.776506,1.157444,6.163324,3.427467,-26.886625,6.132397,0.634304,-13.570676,-25.800159
2.338371,-12.469535,-3.462911,3.418028,5.913168,-3.287208,-14.370441,6.554035,6.660330,-6.391268
5.009148,9.371232,6.822796,-0.749916,-0.391880,-4.365620,-9.462206,9.486137,1.347983,-2.271117
-9.035969,8.498235,3.169740,-1.154500,10.658031,11.871400,7.436404,3.515649,-14.443232,-8.109355
-10.749812,2.641972,9.269077,8.843254,6.045163,5.923194,-25.794323,5.957341,6.695927,-20.725533
-0.373035,9.871592,-5.770207,2.644094,-3.846488,2.874621,-10.311166,-1.140617,5.551495,4.403366
3.364536,-8.659214,6.538546,5.727875,-7.995346,-2.916864,2.496673,-0.812288,3.617606,6.944101
11.174331,7.011192,-5.040479,-4.871759,3.364708,-7.884017,1.391370,1.654875,-7.881763,-8.297681
11.035686,3.859751,-18.644083,2.264130,6.365274,-6.145078,-2.088027,-8.134125,-14.948847,-17.227703
-1.451972,3.218324,3.824422,-1.614225,3.982996,9.568749,-2.097775,-0.449222,7.828430,4.673323
1.101952,9.364134,7.184101,8.037123,1.188828,3.404684,-4.911770,-3.125021,-4.347433,6.598011
10.711376,9.546181,2.577011,-4.016326,-12.743386,6.424526,-4.023935,-14.457520,7.484577,-9.066341
0.087700,3.981829,6.536238,8.880216,-11.049246,-7.231597,-8.964556,-0.412448,-1.262361,-17.241957
10.757646,9.337885,-3.588753,-3.744257,1.222332,-5.619292,-6.197023,-14.839008,4.551366,-17.733719
0.543834,9.465207,3.552025,7.131301,7.053032,-10.378521,-3.485632,-13.394539,-13.089304,2.679145
-13.214924,-11.540841,6.613514,0.148538,6.980890,11.923611,1.535461,-9.646037,-10.418650,-1.153975
0.790633,2.042757,8.117870,-9.895823,-14.963364,2.947677,-18.963343,-3.795187,-2.780063,-9.452469
-1.978529,9.951416,-7.995327,-5.808249,11.249537,-8.217002,-19.698164,4.010895,-11.922857,-3.014685
6.577426,3.087156,0.304924,-1.990450,2.865664,1.923769,6.111815,5.701503,-10.764048,-70.461288
6.139912,0.776998,2.230380,-14.684476,-15.802398,-22.722109,3.525416,-1.048841,-5.624769,2.036439
1.194897,5.313918,1.857854,-6.306934,-3.589061,4.097740,5.013983,-0.688624,-7.129564,0.331082
5.158846,6.289464,-0.366813,1.091086,0.937102,-9.002709,-7.172359,-3.286345,-4.564625,-5.014845
3.286550,-0.028642,-10.889154,9.871450,-1.096749,-4.964662,-2.197215,6.417299,-2.615486,-4.202662
11.945784,6.603701,-2.295176,-30.349358,-4.480168,-2.301908,0.608602,-5.782764,2.548060,-18.167461
2.271040,-10.430313,-29.155869,0.330764,2.919805,-9.241211,-4.777686,8.044572,-5.240580,-3.345875
-11.051055,6.202729,0.884361,9.408806,5.346508,7.273997,-7.064445,6.207090,-25.842333,-28.733194
-1.696947,-43.176075,-6.826612,-1.930150,5.275005,-15.231071,-35.486416,4.138494,6.462753,-38.566177
-4.476041,8.959555,7.026829,-5.300691,0.998463,-9.144617,-9.416327,10.221109,-20.981281,-1.901403
10.563660,-3.806348,-5.113802,-17.086927,0.038274,4.498349,3.310534,-3.635986,-3.644198,3.056366
8.580670,-12.383978,-1.084907,-11.191633,-11.672155,4.983604,0.991995,2.503141,-0.783359,1.808937
-0.575356,0.916868,3.911450,-3.015498,8.729856,6.615147,1.081720,4.121416,1.824729,-12.815092
-6.556114,-15.064658,5.029910,6.738466,11.315483,10.706127,-6.422632,-7.760556,-21.186869,-1.615865
2.089123,1.554107,7.395119,9.704823,-23.092560,5.943956,2.626668,-7.760474,-1.873583,-6.992458
11.778973,5.979514,-3.376822,-21.324169,-2.088265,-8.088329,2.840104,-2.726347,-3.038085,-13.540918
4.609928,7.495394,2.289065,-11.285412,-16.163784,-0.007726,-0.956262,-5.366077,5.843428,5.065448
8.680046,2.036129,-65.147186,4.637516,0.472110,0.498796,9.163329,-1.614283,-10.362063,-7.743073
8.869282,-24.959991,6.024198,3.624153,3.813559,-34.164345,-11.226501,-24.588051,-21.945810,0.332592
-30.292761,8.991152,7.745018,-4.159879,-4.730696,6.398633,-6.209288,-2.135962,-16.497404,-6.453933
3.564281,-14.401663,9.060258,-0.673960,-10.992905,-10.967600,-4.559179,-2.120336,-11.754270,-6.043061
5.960889,6.433741,-5.942857,-14.683437,5.433088,5.627717,-3.222477,1.036272,-2.403353,2.604657
4.452312,-2.227499,4.120811,-3.345391,-17.141544,-38.250298,-29.179993,5.344968,3.679444,-4.401298
-0.444688,10.389702,-3.938029,5.821101,-15.292301,2.595423,-13.554979,-8.316243,-3.862451,-8.181735
-14.570665,7.568179,-2.290421,3.856917,5.738296,1.646758,-0.297589,7.684021,7.085999,2.697592
8.425464,9.135069,7.612641,7.715876,7.792817,-4.094658,5.583642,5.534435,12.880415,3.927773
-10.807290,11.771944,-31.372166,-15.536298,6.200666,-11.957807,-6.224658,-8.679649,5.091672,6.884688
10.215087,6.290951,-35.756569,-0.547939,0.990016,2.838882,5.957570,-23.517101,-0.223581,-5.659898
4.250506,-37.705647,8.522014,4.418793,-7.545655,-3.137401,-12.082678,-25.947943,0.501134,-17.450808
3.833887,-33.735802,9.675199,3.414773,2.149757,-10.016618,-14.209947,-9.757708,4.217310,0.310477
-1.022365,8.053078,9.174086,-2.169065,-6.261639,-0.030112,3.718436,8.110454,-2.460457,3.234746
-5.440141,-2.267759,2.107884,8.646928,-7.390973,8.312136,0.005676,1.430738,-2.747143,-3.593253
-0.839360,6.439810,6.770411,-7.917824,4.791515,4.294201,-23.942310,4.492915,4.838075,4.168713
3.454972,8.737117,-9.467488,10.347992,-8.670445,0.902159,1.703145,2.308853,0.665970,-10.131285
-0.643021,1.661180,10.119361,4.424524,-33.645473,-6.581910,-22.503780,-13.583597,0.347488,1.990390
1.757931,8.401829,5.463621,-1.427531,-11.977465,-7.133469,-2.816908,-1.205802,-10.620299,6.572850
2.100135,12.162998,-0.296263,-3.241467,9.553567,10.058422,5.024995,-10.805332,0.622515,-13.818440
11.622444,7.106131,-2.777495,-22.128649,-8.317393,-2.199219,2.799916,-5.371450,0.185138,-10.876060
-12.587557,9.477691,-0.541735,6.859862,-31.858490,-1.568673,10.706674,8.698866,0.908323,-9.103974
0.389854,-20.943623,8.182181,2.933024,3.627117,0.732017,-4.089460,-2.805324,-58.797005,6.093862
-1.341193,-1.959237,-3.667083,1.886863,-15.390642,-13.260437,4.105751,5.102228,5.891686,-8.637668
-17.171059,4.967906,12.236525,-11.184132,4.453267,-36.345463,-0.052180,0.494115,-0.227036,2.413618
2.253030,2.331182,-1.619194,2.425617,3.878853,10.900110,-4.260624,-4.912982,-9.434559,-5.607786
12.505294,-6.053724,-8.609505,2.240325,3.054807,-11.810170,-28.212902,6.043021,-24.000692,-4.261105
-5.813715,8.943054,6.273372,0.698174,-34.423107,-12.338433,2.228184,0.826172,2.164917,0.958109
14.885244,-8.698067,6.720124,-8.405257,-4.102283,3.102352,-4.247026,-1.142822,-21.159847,-9.288107
-4.891905,-22.436216,-4.234387,8.667180,-14.044346,6.640611,-21.672449,-3.226236,0.742732,0.744105
10.293989,5.555099,5.890196,3.615404,9.437194,4.419008,-3.045966,4.655645,-1.334614,-7.333677
11.612761,-23.337290,6.335432,2.416076,10.866427,0.791763,-4.277876,-3.575705,-3.237393,-3.110043
9.973840,-9.968566,10.531650,8.803387,4.067011,8.863157,-7.762882,1.220449,0.346292,-5.520282
-8.587555,-3.008286,9.610727,5.237255,9.830862,11.485973,-3.003409,-28.309788,3.974409,-22.044151
-2.881435,7.793286,6.903025,11.704281,8.741225,-4.783141,-14.953541,-18.255241,-25.941174,7.059872
-8.800056,5.290398,13.437549,-3.966832,4.660222,-2.762321,-3.378449,5.381237,5.169327,-1.226875
6.509826,-6.353745,4.875929,6.750710,-8.267247,7.805491,-2.480967,-7.130107,5.233083,4.331223
17.828648,-15.491211,-14.273888,-45.793022,-4.339988,2.092753,7.279552,-21.502029,-15.421150,-5.432387
15.833927,-8.836850,-2.098593,-11.210579,7.268966,6.731684,10.730767,-4.056572,7.558613,2.188745
-14.055718,11.258801,4.907983,-3.705775,-7.053571,0.059094,6.143415,2.728846,-5.796937,-2.518020
5.097864,7.583645,4.996716,0.544386,11.310397,5.365141,-8.353163,-3.378028,-0.128249,-6.820811
-7.271838,0.965996,-1.905823,3.406039,-6.886647,5.976942,-6.597348,0.528080,0.515905,1.931421
-5.787906,-0.299681,-3.226079,-21.568319,-8.762991,4.516923,-4.779615,-1.261789,5.636301,-20.543785
11.300282,5.424461,-14.232474,-2.404025,1.955054,3.750606,0.189420,-10.634972,-0.010349,-13.018425
2.003525,6.851727,-20.732872,4.725869,1.172944,5.083645,6.595339,0.902995,-11.481705,1.480479
11.777225,7.518637,-9.810590,-9.899348,-0.548707,1.321986,-22.262951,-10.652772,5.464699,-13.953838
