0.03750, 0.35040, 0.51435, 0.07662, 0.04279, 0.33614, 0.14488, 0.65223, 0.37972, 0.36890
6.97918, 0.89011, 0.26249, 1.21475, 0.18085, 1.57418, 3.41622, 1.49602, 1.16282, 1.86864
0.28192, 0.78065, 2.45415, 0.08701, 0.00913, 0.82982, 3.91837, 1.92609, 0.31329, 1.05429
0.74818, 0.75444, 0.71834, 1.24685, 0.68137, 1.71235, 0.95825, 0.49635, 1.44586, 1.72208
0.24633, 0.54915, 0.10837, 0.23858, 0.20303, 0.94273, 0.04652, 0.50016, 2.01859, 0.41718
0.05761, 0.57299, 0.32159, 0.97945, 1.22201, 0.29838, 1.53777, 0.28773, 0.03501, 0.04914
0.63846, 0.21761, 0.02642, 0.69662, 1.04396, 1.55454, 0.20418, 1.84137, 1.64047, 2.61344
0.29557, 0.42456, 0.02090, 0.32171, 0.24934, 0.28835, 0.24551, 0.82476, 0.94004, 1.23149
0.21268, 0.00132, 0.53059, 0.02844, 0.24006, 0.39626, 0.52183, 0.27537, 0.22921, 0.06509
0.21430, 0.33237, 0.10131, 0.48385, 0.08077, 0.92149, 0.09224, 2.20566, 5.49125, 4.06515
4.07890, 0.92641, 0.65934, 1.19893, 0.49004, 0.57560, 3.88479, 0.33502, 0.51202, 2.31994
0.48110, 0.11607, 1.06344, 0.07702, 0.01968, 0.27343, 0.13096, 0.06612, 0.48477, 0.23077
0.25020, 0.22396, 0.16020, 0.57203, 1.32310, 0.59664, 0.62404, 1.37225, 0.06420, 1.37627
0.42676, 0.20914, 0.04670, 0.32937, 0.55392, 0.14850, 0.24754, 1.24207, 0.41976, 1.28800
1.37175, 0.38781, 0.35240, 1.16374, 0.15304, 0.30440, 3.71388, 1.45336, 0.34513, 0.84903
0.18535, 0.10291, 0.65031, 0.33961, 0.09730, 0.71050, 0.13280, 1.21792, 1.40228, 1.24951
0.23784, 0.23578, 2.95259, 0.36509, 0.54875, 0.36891, 0.14800, 0.15017, 0.23917, 0.01603
0.01676, 0.18225, 0.59037, 0.21501, 0.48606, 0.08635, 0.36827, 0.46966, 0.83032, 2.36443
1.76418, 0.28275, 0.11214, 0.16331, 0.59595, 2.68935, 0.11690, 4.63079, 3.20261, 0.36173
0.12454, 1.27875, 0.55788, 0.05280, 0.05389, 0.20569, 1.16341, 0.39280, 1.05999, 0.76075
0.09917, 0.05967, 0.26793, 0.00937, 1.64203, 2.13062, 2.21331, 1.43846, 4.46590, 2.81379
0.38142, 0.22914, 0.04373, 0.37275, 1.04043, 0.39841, 0.72529, 0.65708, 2.04983, 0.94800
0.08713, 0.76048, 0.36839, 0.07500, 0.33163, 0.34790, 0.03712, 2.60862, 5.03811, 0.77187
0.85773, 0.90510, 0.08971, 0.24482, 0.73647, 0.28691, 2.84323, 0.55935, 0.43509, 0.17188
0.92787, 0.52028, 0.24111, 1.29742, 0.13826, 0.58125, 0.42905, 0.57684, 4.81583, 1.58964
0.50296, 0.32568, 0.08713, 0.29970, 0.70011, 0.78151, 0.40421, 0.01783, 5.15646, 0.88755
0.17222, 0.18874, 1.52216, 0.06572, 0.08079, 0.39069, 0.82445, 0.05056, 0.00626, 0.04600
0.57797, 0.46542, 0.01247, 0.89851, 0.15560, 0.79024, 0.23545, 0.14231, 1.63934, 3.79621
2.02779, 0.16950, 0.32267, 2.37626, 0.18420, 0.53927, 4.94830, 0.45960, 2.75485, 0.15887
0.19389, 0.27288, 0.43342, 0.29321, 1.03939, 0.81227, 0.03456, 0.35502, 1.81424, 2.60399
1.31883, 0.28853, 1.70536, 2.63125, 0.04084, 0.06557, 0.05803, 0.28015, 0.69483, 1.78504
1.33062, 1.32339, 0.14119, 0.57396, 0.31363, 0.22756, 3.14651, 0.34045, 1.24779, 1.24750
0.18744, 0.51781, 1.04134, 0.12886, 0.07132, 0.15570, 0.04877, 0.59564, 1.70987, 0.26935
0.33671, 0.52718, 1.05867, 0.02771, 0.20325, 1.34793, 5.28722, 0.62305, 0.93434, 0.40797
1.04307, 0.08092, 0.83284, 0.04723, 0.07466, 1.06377, 0.99738, 0.45913, 4.84305, 2.60944
0.08428, 0.11143, 0.25237, 0.26425, 0.58729, 0.27385, 0.34500, 0.16135, 4.96302, 4.14628
0.51565, 0.00075, 0.04712, 0.15846, 0.21402, 0.18843, 0.42918, 0.37200, 0.14800, 0.72527
0.40436, 0.10923, 0.08265, 0.15765, 0.65066, 0.86861, 0.47496, 1.08457, 1.60861, 0.76091
0.14608, 1.77813, 0.76069, 0.10031, 0.15154, 0.13781, 2.79023, 0.70887, 1.19341, 0.98304
0.19774, 0.01237, 0.07835, 0.08541, 0.92430, 0.75888, 0.46806, 1.16056, 1.35967, 0.63884
0.09786, 1.36509, 0.76172, 0.09526, 0.01204, 0.23199, 1.43896, 0.23813, 0.98794, 0.66836
0.66511, 0.36275, 0.74960, 0.37004, 0.30241, 0.24869, 0.10129, 0.12686, 1.39750, 6.95402
0.54568, 0.16648, 0.00162, 0.24056, 1.13942, 0.59566, 0.51797, 0.55005, 0.83150, 0.51300
0.12823, 0.01708, 0.16539, 0.20679, 1.84111, 1.40612, 1.32572, 0.06940, 0.57371, 0.61021
0.40607, 0.15064, 0.87503, 0.42007, 0.69308, 0.24015, 1.90113, 1.21235, 5.12695, 1.92420
1.30650, 0.63293, 0.10966, 0.22828, 0.54565, 1.89524, 0.28587, 2.02808, 2.53239, 6.34638
0.47113, 0.49601, 1.12689, 1.59937, 0.21522, 0.23862, 8.80847, 0.26083, 1.01253, 1.59807
0.10741, 0.86381, 0.36542, 0.08192, 0.19439, 0.29636, 0.48997, 0.65144, 1.41929, 0.42132
0.26116, 0.51726, 0.14390, 0.04326, 0.03164, 1.02967, 0.98777, 1.31415, 0.85671, 2.66033
0.54718, 1.50549, 0.03554, 0.30354, 0.64318, 1.07580, 1.39240, 0.67763, 1.82709, 1.37405
1.29881, 0.14904, 0.08722, 0.77690, 1.77903, 0.24129, 0.91962, 2.07129, 1.50408, 2.32924
0.78841, 0.07670, 0.03291, 0.32054, 0.00063, 0.74381, 3.04971, 0.52023, 3.23889, 0.90688
0.15644, 0.13537, 1.11087, 0.45571, 0.12153, 0.12788, 0.01644, 0.16367, 0.08147, 0.21010
2.12936, 0.85074, 0.09699, 1.26485, 1.65315, 2.62782, 0.57590, 0.07067, 5.35742, 5.15704
0.46798, 0.00423, 0.06015, 0.10141, 1.78893, 0.09549, 0.05266, 0.24350, 1.24829, 3.50046
0.55328, 0.51751, 0.47203, 0.14967, 2.24970, 1.51906, 1.63883, 7.85262, 0.66915, 0.03471
0.47060, 1.03206, 0.10382, 0.30643, 0.16613, 1.08471, 0.48239, 2.84329, 2.12237, 16.04774
0.18771, 0.09614, 0.19472, 0.03824, 0.51729, 0.76224, 0.59981, 1.08731, 1.81500, 0.56277
0.11352, 0.36266, 1.66526, 1.78224, 1.35230, 1.16020, 0.99891, 1.20080, 0.89484, 0.23900
0.42430, 1.20983, 0.98755, 0.12758, 0.37292, 0.43482, 0.60577, 1.84798, 1.79109, 0.39154
0.23247, 0.84199, 0.84664, 0.48989, 0.72979, 0.02172, 1.94518, 0.50191, 1.07952, 0.22335
0.09927, 0.10570, 0.19511, 0.98438, 0.85144, 0.11405, 0.12176, 0.28896, 1.40461, 4.52247
1.25681, 0.10482, 0.49197, 0.99998, 0.02049, 1.92519, 1.90569, 0.18325, 9.87571, 1.91916
0.05030, 1.46012, 0.83832, 0.04224, 0.03352, 0.29303, 1.63129, 0.13568, 0.89245, 0.81335
0.07493, 0.00078, 0.46148, 0.16556, 0.47402, 0.19306, 0.01578, 0.46046, 1.59146, 0.59201
0.96054, 0.23243, 0.31953, 2.04482, 0.57054, 0.66889, 0.22661, 0.17332, 2.00890, 1.13923
0.25970, 1.20408, 0.45975, 1.29487, 0.73939, 1.10898, 2.34642, 0.80052, 0.02921, 1.94490
0.43954, 0.08602, 1.13229, 0.07378, 0.05548, 0.26488, 0.12958, 0.13760, 1.02204, 0.56916
0.82715, 2.89997, 1.78307, 1.49430, 0.44013, 0.12612, 2.22827, 5.03061, 0.22645, 1.64723
0.93666, 0.09182, 0.38162, 2.26075, 0.12413, 0.33629, 0.02619, 0.17240, 1.42943, 0.34198
0.40073, 0.14415, 0.39655, 0.73819, 0.31426, 0.22457, 0.28429, 0.26963, 2.07888, 5.11397
0.05578, 0.39502, 0.06154, 0.17906, 0.01331, 0.09619, 0.27496, 0.42700, 0.30318, 2.04572
0.12833, 0.74331, 0.87448, 0.30918, 0.05110, 1.12201, 1.62754, 0.84066, 2.47745, 0.98584
0.06423, 0.07049, 0.13546, 0.01252, 0.40561, 0.57085, 0.33429, 0.63557, 2.68880, 0.77943
0.05481, 0.63529, 0.09873, 0.71271, 0.33383, 0.07463, 1.69668, 0.23891, 0.96909, 1.74388
1.21719, 0.65738, 1.30300, 0.27964, 0.19524, 0.94054, 1.78240, 0.48406, 0.28494, 0.16833
0.41278, 0.03939, 0.45676, 0.06166, 0.53062, 0.06647, 0.16739, 0.26197, 0.89220, 0.32400
1.11341, 0.03253, 0.86020, 0.63636, 0.06927, 0.93235, 2.65735, 0.16502, 5.52186, 4.03316
1.02298, 0.45409, 0.19524, 0.91222, 0.04197, 1.10051, 0.18084, 1.49751, 4.76209, 1.79038
0.03335, 0.91158, 0.42073, 0.92335, 0.91081, 1.73986, 1.98995, 2.22191, 0.14026, 0.44376
2.00063, 0.71584, 1.48137, 2.13196, 0.97645, 0.77312, 2.89271, 0.02812, 0.70432, 0.71397
0.07592, 0.61606, 0.32594, 0.07459, 0.88867, 0.06775, 3.02993, 0.35457, 0.21895, 2.12065
0.99659, 0.08520, 0.03059, 0.24642, 0.07186, 0.55724, 2.00660, 0.59120, 0.06076, 0.03050
0.14324, 0.85795, 0.45451, 1.92275, 0.50053, 0.80530, 7.84222, 1.08949, 1.92949, 1.38647
0.76562, 0.00403, 0.15321, 0.28263, 0.06989, 1.41865, 1.83625, 0.37335, 5.46920, 1.74164
2.50057, 0.89331, 0.30024, 3.50563, 0.67664, 0.81872, 0.73656, 0.25325, 4.18838, 5.44210
0.16085, 0.16077, 0.32113, 0.03570, 0.09790, 0.02229, 0.06544, 0.76692, 2.37318, 4.77106
1.72786, 0.63176, 0.23485, 0.25597, 0.66549, 0.71694, 0.17619, 0.46723, 0.69759, 0.40763
0.50377, 0.46805, 0.66716, 0.40971, 0.09772, 0.42122, 1.59250, 1.07442, 0.27177, 0.85812
0.38031, 0.86077, 3.29087, 0.05188, 0.40739, 0.87519, 0.12069, 0.12089, 2.62498, 0.88852
0.50148, 0.89825, 0.14757, 1.13065, 0.49808, 1.66971, 1.21647, 2.09784, 0.74295, 0.76599
0.53491, 0.79956, 0.41017, 0.28292, 1.27592, 0.45890, 0.48529, 4.46542, 1.27059, 3.03491
1.53802, 0.31217, 1.08827, 0.02135, 0.04935, 1.81290, 0.48847, 3.92191, 5.66184, 7.79929
0.66340, 0.45521, 3.52346, 0.29020, 0.65778, 1.85577, 3.13562, 0.86165, 0.03579, 0.08689
0.50586, 0.22564, 0.52896, 0.53810, 0.20717, 1.01483, 0.31896, 0.76664, 0.05933, 0.20604
0.90419, 1.85176, 0.54637, 0.46425, 0.08175, 3.02984, 2.21638, 4.18099, 2.16683, 2.56156
0.04982, 0.60168, 0.25166, 1.25341, 0.61158, 0.74012, 1.47757, 0.54926, 0.58163, 1.71629
0.16899, 0.51041, 0.32717, 1.41900, 2.86637, 1.80266, 0.81527, 0.13978, 0.85886, 1.21733
0.21048, 1.27090, 0.31965, 1.63132, 0.76986, 0.03405, 2.53389, 0.45401, 0.95612, 1.28846
0.99694, 0.21840, 0.00731, 0.82759, 0.72551, 1.18619, 0.03071, 0.94872, 0.20668, 0.79313
1.82294, 0.20123, 0.09523, 1.50862, 0.09881, 1.10166, 0.22728, 0.92029, 5.38787, 4.59897
0.28838, 0.22820, 0.06359, 0.47980, 1.22546, 0.44844, 0.82625, 0.92834, 0.94427, 0.57969
0.89457, 0.76436, 1.15259, 1.06792, 0.26638, 0.33251, 0.02984, 2.30686, 0.08474, 0.99469
0.08741, 1.72524, 0.84237, 0.04504, 0.03710, 0.21356, 1.97992, 0.28140, 0.97494, 0.83014
0.23220, 0.60052, 0.86845, 0.77686, 0.07115, 0.22803, 0.21041, 0.08977, 0.23324, 0.15460
0.08251, 0.48062, 0.21355, 0.14205, 0.71389, 0.53478, 1.94274, 0.31033, 0.58344, 0.05548
1.46000, 0.26486, 0.16141, 0.34179, 0.14847, 0.36703, 3.74045, 0.61161, 0.74734, 0.13291
0.44069, 0.07854, 0.08417, 0.21870, 0.60416, 0.68655, 0.69075, 0.90017, 2.32214, 0.70956
5.32230, 2.45666, 0.73258, 2.27161, 0.30873, 1.90614, 2.21588, 0.46543, 4.19830, 6.83015
2.12802, 0.43399, 0.57641, 1.21899, 0.12139, 2.63864, 0.81442, 1.49736, 2.47781, 3.82401
0.24284, 0.58482, 0.17970, 0.27296, 0.29377, 0.47812, 1.45682, 1.50518, 1.91547, 2.56269
0.00068, 0.50906, 0.21301, 0.30395, 0.08105, 0.66923, 2.42015, 0.30188, 0.50014, 2.29902
0.41023, 0.02051, 4.54243, 1.37207, 0.60148, 0.26558, 0.31511, 0.76427, 3.49215, 3.77718
0.46703, 0.51247, 0.16072, 3.01206, 0.43028, 0.47960, 0.27021, 0.06770, 1.93303, 0.57247
1.96847, 0.13263, 0.02181, 0.70230, 0.18535, 0.61638, 1.08417, 0.16672, 0.48998, 0.16297
0.04748, 0.04674, 1.66407, 0.48176, 0.60401, 0.08852, 0.15277, 0.47651, 1.73826, 0.68270
0.05958, 0.39664, 0.95853, 1.53826, 1.40557, 1.55714, 1.48318, 1.73802, 0.19873, 0.30627
0.02527, 0.07759, 1.54289, 0.73918, 1.19978, 0.79247, 0.74533, 1.58660, 0.18331, 0.54376
0.01899, 0.16880, 0.01479, 0.08517, 0.67380, 1.03857, 1.44951, 0.51044, 0.06631, 0.21865
2.71794, 1.16302, 0.35342, 2.40506, 0.23429, 1.29959, 0.07328, 1.75560, 2.33125, 3.53651
0.03063, 0.01858, 0.14789, 0.34389, 1.42014, 0.30571, 0.36537, 1.16616, 0.76973, 0.37883
0.41165, 1.01056, 0.28602, 1.45193, 1.49696, 0.16940, 0.32526, 1.65849, 0.34942, 1.77969
0.05694, 0.29211, 1.06235, 1.43358, 1.28670, 0.56961, 1.45419, 1.47998, 0.42951, 0.52415
0.34772, 0.34743, 0.44775, 0.12553, 0.08279, 0.58569, 1.30288, 0.97863, 3.35367, 0.90164
2.65466, 0.22643, 0.48688, 0.96927, 0.01310, 1.06897, 0.43867, 0.87207, 6.84973, 5.50472
0.50250, 0.93306, 0.09234, 0.28673, 1.00953, 1.23663, 2.69817, 2.92652, 0.71628, 0.40675
1.03914, 1.47046, 3.83884, 1.33810, 0.88905, 0.19566, 0.47302, 1.53081, 0.60173, 6.25544
0.32691, 0.92032, 4.39401, 1.40121, 0.43974, 0.08032, 0.18761, 1.34163, 0.14533, 1.92934
1.20481, 1.03510, 0.09182, 0.09380, 0.38556, 0.04603, 3.00592, 0.02265, 0.86175, 0.36113
0.29547, 0.16083, 0.04364, 0.42273, 0.98047, 0.39564, 0.68926, 0.61164, 1.98892, 0.78972
1.43939, 1.31957, 0.22963, 1.16590, 0.10749, 1.31316, 1.91689, 0.02717, 1.22481, 10.41701
1.35773, 2.37305, 0.93068, 0.43276, 0.01895, 0.71382, 2.66543, 1.26044, 3.00186, 2.35031
0.45202, 0.03755, 0.23630, 0.48857, 0.26143, 0.00943, 0.23480, 0.19271, 0.20473, 2.50291
0.70421, 1.55944, 1.21810, 2.09098, 0.04922, 0.32715, 0.14360, 0.94110, 2.75572, 5.72787
0.43562, 0.29725, 0.12436, 0.13092, 1.01291, 0.66730, 0.65267, 1.00149, 0.48552, 0.27370
0.48013, 0.04921, 0.14130, 0.01213, 0.13963, 0.42543, 0.47830, 0.03050, 0.37699, 0.37585
0.26311, 1.11049, 1.35021, 0.67334, 0.43661, 0.08918, 2.70358, 0.30222, 1.06530, 0.55422
2.55595, 1.29792, 0.59441, 1.60821, 0.87007, 1.74491, 1.50709, 0.24104, 0.27960, 0.20510
0.04450, 0.08840, 0.19812, 0.29936, 1.08831, 0.68201, 0.09757, 1.12542, 0.15960, 0.22302
0.97077, 0.13874, 0.15674, 0.55900, 0.07897, 0.48196, 1.64741, 0.28674, 1.40343, 0.57222
1.32347, 1.07861, 1.09972, 0.82667, 0.08665, 2.76558, 0.50743, 1.42542, 3.08651, 8.13108
0.60925, 0.08996, 0.43989, 0.94007, 0.27933, 0.62525, 1.43159, 0.51179, 0.67768, 0.62487
0.33211, 0.02147, 0.41997, 0.06585, 0.71551, 0.48314, 0.11579, 0.07839, 2.77061, 3.45763
1.12490, 0.28311, 0.13040, 0.40390, 0.02740, 0.35677, 2.15004, 0.61916, 1.90715, 0.63357
0.04981, 0.52917, 0.07499, 1.67953, 3.47260, 0.38197, 0.17377, 0.45073, 4.12947, 0.80070
0.54077, 0.30618, 1.24422, 0.83433, 0.00711, 0.89813, 2.30895, 0.03465, 6.63506, 1.55371
1.26402, 0.02060, 0.18898, 0.43783, 0.46704, 0.96431, 2.81407, 0.69982, 0.31007, 0.31687
0.21531, 0.04673, 0.45036, 0.35265, 0.04273, 0.05897, 0.97974, 0.00729, 0.76782, 0.53492
0.04744, 0.03507, 0.17088, 0.05153, 0.04125, 0.47228, 0.35175, 0.10508, 3.92832, 1.38135
0.80817, 0.37970, 0.02414, 0.54293, 0.44760, 0.42997, 0.13482, 0.80473, 1.13836, 0.08072
0.20250, 1.74215, 0.44383, 1.18514, 1.23013, 0.35361, 3.63599, 0.22229, 0.08640, 0.90066
0.56100, 1.11813, 0.51317, 0.29766, 0.17102, 0.00603, 0.54475, 1.06861, 0.82154, 0.41476
0.19255, 0.17888, 0.07511, 0.34720, 0.14284, 0.07856, 0.25881, 0.91489, 3.37125, 2.50164
0.36702, 0.36221, 1.43338, 2.98027, 0.19343, 0.80606, 1.36325, 1.52837, 0.04208, 0.56141
0.60891, 0.97443, 0.68381, 0.18617, 0.27474, 0.54761, 2.61647, 0.87684, 1.49276, 1.23041
0.10648, 1.52505, 1.29245, 0.31968, 0.34227, 0.10426, 2.34137, 0.36344, 0.93537, 0.47668
1.59070, 0.30457, 0.13092, 0.18355, 0.47734, 0.41632, 0.22135, 0.16758, 0.37546, 0.34406
0.55617, 0.22442, 1.34888, 0.60910, 0.00211, 0.45285, 0.02878, 1.41833, 0.38964, 0.41862
0.13320, 1.21149, 0.90582, 0.46085, 0.27719, 0.09844, 2.13283, 0.77992, 1.38822, 0.41081
0.13204, 1.21845, 0.47284, 0.07350, 0.13696, 0.57973, 1.20288, 0.11306, 0.59547, 0.31145
1.52842, 0.51996, 0.18247, 0.04575, 0.08700, 0.87531, 2.77114, 0.81472, 0.76617, 0.16861
0.14306, 1.13440, 0.57548, 1.02405, 0.19573, 0.33396, 0.75120, 0.28354, 2.77217, 1.83533
0.20936, 0.30662, 0.18670, 0.45195, 0.08858, 0.27832, 0.10119, 0.01330, 0.69142, 1.70138
0.00517, 0.06067, 0.29842, 0.69027, 1.91564, 0.33617, 0.29227, 1.19274, 0.50110, 0.30419
0.22579, 0.31511, 1.13731, 0.20131, 0.85364, 0.46606, 0.47998, 3.45453, 0.96414, 0.08582
0.05610, 0.82900, 0.36026, 0.19707, 0.31245, 0.08764, 1.28197, 0.67625, 2.17599, 0.18185
0.29305, 0.69250, 0.82000, 3.23569, 1.53183, 0.99416, 1.12750, 0.18342, 0.84613, 1.11050
0.05160, 0.34110, 0.47100, 0.25059, 0.03757, 0.54310, 0.65567, 1.37566, 2.12063, 0.98604
0.07727, 0.10600, 1.02986, 0.13972, 0.25872, 0.91933, 0.20853, 0.89800, 0.04311, 0.29037
0.74088, 0.56188, 1.36729, 0.18713, 0.12898, 0.41018, 0.98811, 0.14381, 0.62272, 0.71992
0.09137, 1.05192, 0.56056, 0.17554, 0.14790, 0.08277, 0.94473, 0.70709, 1.49661, 0.59008
0.33559, 0.05953, 0.04431, 0.10882, 0.06591, 0.17935, 1.39609, 0.51493, 9.09582, 2.53638
0.03795, 0.41390, 0.17186, 0.31455, 0.30953, 0.73173, 0.22847, 2.58579, 0.39616, 0.89874
0.74660, 0.40513, 2.42082, 0.30112, 0.93180, 0.79058, 0.48534, 2.50381, 4.57783, 0.59662
0.39415, 1.16899, 0.11547, 1.87937, 2.63405, 0.57124, 0.62425, 0.39548, 2.67452, 1.22418
0.35036, 1.12922, 0.14999, 0.85529, 0.30243, 0.54004, 0.15146, 3.02460, 3.07357, 4.93648
0.91193, 0.00101, 1.32303, 0.96420, 0.83790, 1.29562, 0.03071, 0.23725, 0.86584, 0.28068
0.79974, 0.00953, 0.34711, 0.62454, 0.35751, 0.91395, 4.48778, 1.75437, 0.02650, 0.10801
0.30241, 0.92390, 0.40618, 0.45186, 0.64251, 0.12988, 0.65086, 0.58906, 0.44160, 2.12001
1.79595, 1.86930, 0.98673, 2.42796, 0.01141, 0.07263, 0.41466, 1.48097, 1.21278, 1.26516
0.20687, 0.82796, 0.57445, 0.36745, 0.54638, 0.08179, 1.70817, 0.47797, 1.60686, 0.50040
0.38799, 1.50655, 0.51846, 0.79238, 0.11828, 2.06736, 0.80085, 1.05379, 0.91083, 12.56362
0.23939, 0.32621, 0.07689, 1.32970, 0.00883, 0.11449, 0.94745, 0.12821, 0.43833, 2.45149
0.60671, 0.34491, 0.86600, 0.81325, 0.16853, 0.13836, 0.26226, 1.18088, 1.39957, 0.19483
0.14058, 0.13168, 0.14789, 0.22627, 0.37898, 0.00471, 2.14537, 0.61791, 2.92447, 0.58536
1.16557, 0.29066, 0.44689, 0.77835, 0.67663, 0.15842, 0.57162, 0.09733, 0.75977, 0.88510
1.09390, 0.61608, 0.12571, 1.79750, 0.24319, 1.27895, 1.12330, 1.07938, 0.04684, 0.11010
0.39764, 0.17377, 0.29507, 0.02963, 0.17512, 0.09196, 3.02577, 0.18640, 3.00558, 3.92280
0.43581, 0.03448, 1.07516, 0.39974, 1.19905, 0.11403, 0.35683, 0.23841, 0.02948, 0.10018
0.14668, 0.52275, 0.79668, 0.90472, 0.67227, 0.22408, 2.33723, 0.05082, 0.01112, 0.64080
0.84854, 1.13825, 0.00305, 0.97222, 0.13549, 0.64568, 1.73046, 1.59237, 1.87957, 1.75087
0.08706, 0.93981, 0.44573, 0.05298, 0.03611, 0.35358, 0.05044, 0.78664, 0.45455, 4.00419
0.39423, 0.69428, 1.06894, 0.56466, 0.08512, 2.90633, 0.80832, 3.86518, 0.24214, 4.10942
0.25686, 0.01243, 1.08064, 0.52565, 0.84575, 0.03242, 0.19738, 0.29858, 1.19794, 2.78896
0.13202, 0.18211, 0.46202, 0.01610, 0.10554, 0.09135, 0.32748, 0.14828, 0.24824, 0.35585
0.81270, 0.05487, 0.65170, 0.70539, 0.31382, 1.36298, 0.19532, 0.70689, 0.15747, 0.18047
0.19505, 0.37547, 0.39237, 0.12387, 1.51500, 1.07672, 1.44348, 4.56781, 0.15682, 0.19079
1.70402, 0.40190, 0.31329, 0.13943, 0.02608, 1.80543, 0.18149, 2.91838, 3.51647, 10.58756
1.03251, 0.12831, 0.33359, 1.37020, 1.47023, 0.81595, 0.31025, 0.55888, 0.08354, 1.13757
0.10760, 0.26079, 0.15087, 0.04123, 0.39511, 0.61715, 0.29017, 0.78729, 1.97189, 0.91417
1.27479, 0.68641, 0.02553, 0.21499, 0.78877, 0.32395, 0.58524, 0.15696, 0.93449, 2.19674
0.14808, 0.44839, 1.04608, 0.78355, 0.13793, 0.61051, 0.56017, 0.86177, 0.58218, 1.06997
0.02111, 0.34283, 0.28340, 0.05201, 0.48093, 0.62595, 0.40671, 0.53061, 1.03377, 0.44786
0.03304, 0.48627, 0.17817, 1.62928, 2.34695, 1.11280, 0.86245, 0.74338, 0.60668, 0.17640
0.03301, 0.47079, 0.37030, 0.09525, 0.29164, 0.89503, 0.65064, 0.32591, 1.14930, 0.27484
0.36799, 0.31952, 0.43114, 1.06417, 0.56184, 0.84187, 0.18492, 0.43521, 0.13272, 0.86577
0.09862, 0.48146, 0.38606, 1.09689, 2.18820, 0.58023, 0.11167, 1.48226, 1.59371, 2.07093
0.15326, 0.22366, 0.68890, 0.23406, 0.62231, 1.03372, 0.60238, 1.78545, 0.29593, 0.44813
0.01168, 0.13000, 1.03525, 0.34213, 0.28771, 0.00137, 0.02657, 0.50088, 1.80358, 1.14021
0.57724, 0.19363, 0.04162, 0.21398, 0.64744, 0.83673, 0.62216, 0.82580, 2.20193, 0.65149
3.51053, 0.30160, 0.93180, 0.48797, 0.07012, 1.84868, 2.74023, 2.19873, 0.10574, 0.63348
0.18718, 1.10131, 0.26485, 1.48644, 0.36770, 0.10953, 2.12798, 1.26770, 7.30136, 3.06953
1.48398, 0.56888, 0.14228, 0.78953, 0.14228, 0.14839, 4.92398, 0.37946, 3.95634, 0.48395
1.49519, 0.80165, 1.07925, 1.42397, 0.08759, 0.23003, 0.08598, 0.12478, 0.23953, 0.08731
0.19047, 0.28922, 0.37881, 0.45444, 0.53552, 1.04178, 0.35340, 0.08923, 1.40549, 6.52992
0.19911, 0.03664, 0.01338, 0.24339, 0.64633, 1.16925, 1.51424, 0.05877, 0.63801, 3.64294
1.01558, 1.43437, 0.37164, 0.47040, 0.02658, 0.38207, 1.90273, 0.68155, 4.53495, 2.33809
0.30638, 0.39302, 0.26167, 0.89861, 0.32726, 0.66062, 0.23211, 0.52086, 0.78628, 9.29187
1.28957, 0.37473, 0.22867, 0.66894, 0.15043, 0.45010, 1.34465, 0.04934, 1.57254, 0.71901
0.82061, 0.07794, 0.19253, 0.78655, 0.17626, 0.65900, 0.14076, 0.84296, 0.20270, 0.05451
0.24126, 0.59894, 0.12373, 0.06879, 0.65048, 0.70530, 0.75162, 3.52056, 0.31363, 1.05216
0.96706, 0.30123, 1.18568, 0.86186, 0.04839, 0.16753, 1.97643, 0.09982, 0.25161, 1.20989
0.71382, 0.46815, 0.77289, 0.12747, 1.19943, 0.64115, 1.26970, 4.22588, 2.23844, 1.53228
0.26159, 0.85260, 0.10907, 0.15183, 1.69330, 1.31983, 2.70461, 5.14547, 0.09885, 0.67011
3.44166, 0.37448, 0.10387, 0.86599, 0.24599, 0.23365, 0.73814, 0.14381, 4.34486, 2.19269
0.11118, 0.25344, 0.94290, 0.15416, 0.15638, 0.40876, 0.10411, 1.50052, 0.67231, 0.38527
1.53012, 0.21799, 0.05234, 0.81088, 0.01686, 3.54798, 0.80991, 0.97383, 6.37093, 2.00354
0.14757, 0.57302, 1.23080, 0.80726, 0.92942, 1.30334, 0.88420, 0.54891, 1.45565, 0.58578
1.11036, 0.17440, 0.58114, 0.57378, 0.17334, 1.03041, 0.35050, 0.79338, 1.88887, 0.39874
0.61876, 0.23155, 0.08992, 0.12904, 0.75176, 0.68596, 0.75134, 0.92979, 1.21048, 0.60950
1.28019, 0.48820, 1.67813, 0.04655, 0.18700, 3.46839, 1.76536, 3.51780, 1.67596, 1.01189
0.11165, 0.19405, 0.20343, 0.08235, 0.19768, 0.15084, 0.41696, 0.15980, 0.08291, 0.00050
1.38970, 0.63677, 0.52158, 0.21268, 1.58240, 0.74764, 0.37920, 0.63976, 1.52810, 4.01822
0.27124, 0.06690, 0.11314, 0.03252, 0.16826, 0.39458, 0.01971, 0.79184, 6.44748, 2.40277
3.43049, 1.35988, 1.18460, 0.07045, 0.45547, 2.07147, 5.15562, 1.08914, 2.65919, 1.34136
0.00048, 0.80544, 0.52711, 0.38340, 0.52900, 0.44906, 1.36164, 0.04332, 0.82060, 0.93965
0.14026, 0.88791, 1.59611, 0.00631, 0.00518, 1.10063, 0.20611, 0.83051, 0.93133, 4.06042
0.24046, 1.48738, 0.76737, 0.25114, 0.14194, 0.17468, 1.04672, 0.51601, 0.55023, 0.53376
0.36964, 0.46426, 1.55705, 1.06849, 0.82529, 0.32018, 0.67721, 0.67825, 1.02847, 0.62605
0.23761, 0.48083, 0.21560, 0.16592, 0.02090, 0.40559, 0.39708, 0.43461, 0.88752, 1.87866
0.05574, 0.36697, 0.72627, 0.77236, 1.15042, 0.48034, 1.79136, 0.65702, 1.31755, 2.05398
0.50820, 0.27225, 0.32484, 1.01106, 1.10088, 0.34525, 0.13519, 0.32680, 2.00515, 1.01645
0.79179, 0.13242, 0.94513, 1.99162, 0.17275, 1.33750, 0.40748, 1.70531, 0.95425, 2.33893
0.02760, 0.05723, 1.11220, 0.34031, 0.37045, 0.10386, 0.49765, 0.99966, 0.18566, 0.63356
0.38221, 0.87205, 0.37058, 0.89700, 0.74646, 0.78772, 0.30926, 0.32165, 0.52510, 0.38609
0.54698, 0.14196, 1.67522, 2.77938, 0.55939, 0.08940, 1.42221, 0.25271, 0.55192, 0.42145
0.00618, 0.10099, 0.59000, 0.19075, 0.34399, 0.03829, 0.02349, 0.52818, 0.21587, 0.26745
0.04367, 0.89495, 0.15128, 0.07771, 0.60922, 2.22104, 0.87484, 1.93395, 0.16859, 1.88134
0.04962, 0.18481, 0.16586, 0.49286, 1.19510, 0.31224, 0.00160, 0.21652, 0.01617, 0.55686
0.04834, 0.16490, 0.80032, 0.34007, 0.61315, 1.12955, 0.41079, 1.39060, 1.11107, 0.53446
0.09614, 0.01037, 0.04085, 0.17620, 1.50099, 0.02856, 1.15679, 0.23532, 3.34040, 2.30947
0.21318, 1.08208, 0.77400, 0.05000, 0.00468, 1.86615, 0.08875, 1.81625, 0.07333, 4.66581
0.10652, 0.13536, 0.12724, 0.23735, 0.40741, 0.27951, 0.94098, 0.26949, 1.34922, 1.73455
0.79780, 1.13753, 3.11079, 2.50458, 0.10927, 0.20607, 0.07571, 0.85274, 4.33056, 2.78709
0.21774, 0.79995, 0.84058, 0.30504, 0.23564, 0.65534, 1.51347, 1.02461, 0.38486, 1.99184
0.37990, 0.03103, 0.27550, 0.29588, 0.41403, 0.74320, 0.23705, 1.01944, 0.97661, 2.12488
0.15009, 0.28196, 0.01060, 0.07322, 0.31164, 0.21308, 0.64332, 0.73484, 0.12923, 1.43291
0.20141, 0.91050, 0.86990, 0.44548, 0.60633, 0.04296, 1.78688, 0.41570, 1.18919, 0.18062
0.86989, 0.09247, 1.22304, 0.95061, 0.00167, 1.56571, 0.10363, 0.83867, 0.20290, 1.25643
0.92740, 0.65640, 0.26519, 0.79257, 0.61301, 0.03935, 0.51495, 0.11018, 1.91297, 0.35211
0.25758, 0.50514, 0.55512, 1.21132, 2.03206, 0.64110, 0.27309, 0.24330, 0.87174, 1.87228
0.55580, 0.16633, 2.80185, 0.78152, 0.57033, 0.22130, 0.16561, 0.33527, 0.36444, 0.22718
0.15992, 0.18751, 0.24782, 0.20486, 0.35794, 0.21391, 0.29924, 0.03208, 1.09678, 0.90205
0.42192, 0.04862, 1.69551, 1.11032, 0.51629, 0.16286, 0.63053, 0.34048, 0.54262, 0.40469
2.86493, 0.76645, 0.09845, 1.55485, 1.87574, 1.20364, 0.90425, 0.36110, 2.53738, 3.85371
0.84660, 0.22576, 0.03647, 0.36643, 0.00697, 0.23672, 0.46590, 0.33052, 0.46060, 1.45415
0.11691, 0.62143, 0.59813, 0.29629, 0.23915, 0.57302, 0.51236, 0.00897, 0.89550, 0.65629
0.34492, 0.99548, 0.94929, 0.98543, 0.65704, 0.80019, 3.09984, 0.43210, 0.26952, 0.89043
0.63137, 0.33181, 0.00619, 0.62136, 0.89743, 0.38149, 0.41787, 0.56438, 1.46348, 0.32102
0.10074, 0.34980, 0.32235, 0.82958, 2.77299, 0.11911, 0.29344, 0.83774, 0.36655, 5.00839
0.08060, 0.25781, 0.21340, 0.17609, 0.56158, 0.22441, 0.35348, 0.60576, 1.77795, 0.92433
0.18005, 0.66732, 0.47041, 0.44806, 0.90753, 0.01859, 1.62101, 1.10267, 1.57584, 0.05854
0.22204, 0.24584, 0.26689, 0.06639, 0.38263, 0.39414, 0.51659, 1.78115, 0.60118, 0.62679
0.25417, 0.90152, 0.14399, 0.57403, 0.35850, 0.23740, 1.60262, 0.17630, 0.59634, 0.42416
0.93734, 0.01134, 0.18242, 1.05694, 0.17625, 0.28695, 2.15510, 0.27316, 0.23734, 1.71682
0.05894, 0.06732, 0.09888, 0.03638, 0.46307, 0.61058, 0.32738, 0.53180, 2.08666, 0.64613
0.64611, 1.32296, 0.32574, 0.20371, 0.17395, 1.02380, 2.52805, 1.07822, 0.30393, 2.99152
0.00884, 1.01140, 0.43937, 0.04275, 0.06946, 0.17701, 0.97220, 0.52966, 1.93207, 0.39446
0.29627, 0.07838, 0.13778, 0.39507, 0.48595, 0.32177, 0.50573, 0.73081, 0.89412, 0.13740
0.06002, 0.94012, 0.17286, 1.84220, 0.25511, 0.07230, 1.76739, 0.55621, 0.25306, 0.84745
0.21663, 0.07807, 0.00283, 0.46925, 0.04927, 0.20712, 0.15811, 0.88116, 2.74366, 5.32498
0.09153, 0.25518, 0.34845, 1.04163, 0.23670, 0.56115, 0.26786, 1.47950, 0.04122, 0.58827
0.31945, 0.57200, 0.07351, 0.01777, 0.22023, 0.48334, 0.44601, 0.01420, 0.71089, 3.79972
0.06076, 0.15657, 0.12355, 0.00191, 0.28868, 0.73282, 0.24357, 0.53310, 2.19156, 0.71240
0.16655, 0.70250, 0.81942, 1.69140, 0.34212, 0.74519, 1.37688, 0.95837, 0.29359, 2.89193
0.28713, 0.44152, 0.20186, 0.21015, 0.32368, 0.19293, 0.27628, 0.15144, 1.09022, 3.83422
1.59140, 0.13686, 0.48809, 1.02017, 0.60227, 0.91658, 0.22256, 0.00219, 0.23282, 0.00872
0.01004, 0.01485, 0.15869, 0.56976, 1.57345, 0.26130, 0.25693, 0.82856, 0.18026, 0.10338
0.53350, 0.14773, 0.82816, 0.43909, 0.57784, 0.21486, 0.05850, 0.33698, 0.75538, 2.21959
0.28047, 1.41804, 0.06147, 0.61122, 1.05179, 0.62488, 2.14020, 0.57379, 0.65751, 0.39138
0.00699, 0.05615, 1.18190, 0.49453, 0.64130, 0.51077, 0.46674, 1.13147, 1.63987, 2.03290
0.24152, 0.66196, 0.00027, 0.31948, 0.20395, 0.38105, 0.37481, 0.36685, 0.62766, 2.62337
0.05043, 0.00916, 0.09219, 0.16982, 0.74656, 0.47060, 0.46365, 0.80219, 2.07408, 0.54570
3.77191, 0.95855, 2.34848, 1.12356, 0.23164, 1.24367, 0.47248, 0.37275, 0.63733, 3.79632
1.31858, 0.02323, 0.21355, 1.86771, 0.24418, 0.83981, 6.17291, 2.76440, 2.03703, 0.00737
0.07702, 0.10586, 0.30150, 0.02406, 0.08555, 0.08055, 0.31529, 0.28101, 2.40381, 1.01201
0.67397, 0.28526, 1.50081, 0.26320, 0.04499, 0.04437, 1.14240, 0.14048, 1.84419, 1.54424
0.18927, 0.15578, 0.20125, 0.11502, 0.72653, 0.01024, 0.47493, 0.32925, 0.02601, 1.07347
1.53512, 0.87813, 0.87281, 0.59319, 0.13793, 3.24022, 1.93239, 2.70925, 3.65945, 1.47585
0.21597, 0.24401, 0.27757, 0.09001, 0.01594, 0.07096, 0.01791, 0.91147, 0.70180, 0.27995
0.34090, 0.91899, 0.17555, 0.14731, 1.18749, 0.97100, 2.42507, 4.74265, 0.24325, 0.27849
0.52164, 1.47582, 0.05612, 1.50462, 0.48523, 0.01271, 1.69761, 0.58922, 3.32825, 3.98999
0.15047, 0.14068, 0.36697, 0.26047, 0.02180, 0.07622, 1.04839, 0.09819, 3.04145, 5.14444
0.43293, 0.00523, 0.00824, 0.06069, 0.15450, 0.08024, 0.21262, 0.35963, 0.87715, 2.54845
0.01298, 1.45848, 0.40077, 0.00497, 0.19338, 0.77905, 0.31233, 2.41349, 0.25638, 11.92717
0.08887, 0.05534, 0.18324, 0.79866, 1.05678, 0.07058, 0.75829, 0.32412, 0.42382, 0.08231
0.38001, 0.22253, 0.01227, 0.14940, 0.05584, 0.13791, 3.19029, 0.17369, 2.46548, 0.56030
0.96738, 0.20071, 0.26154, 0.84676, 0.37714, 0.45066, 2.30169, 1.22048, 0.25700, 0.39147
0.27739, 0.07344, 0.04268, 0.44849, 0.40718, 1.07889, 1.75998, 0.02108, 6.12540, 1.89937
0.20503, 0.16766, 0.10656, 0.67256, 0.28662, 0.24790, 0.35312, 0.18223, 1.24182, 2.08675
2.27520, 0.43789, 0.17684, 0.21974, 0.11839, 1.58215, 1.38060, 1.09907, 4.91290, 1.20258
0.54966, 0.90052, 0.09708, 0.14227, 0.07598, 1.05648, 1.21837, 1.34584, 0.15707, 1.91980
0.42825, 1.38586, 0.32269, 0.53035, 0.28192, 0.24658, 0.15061, 3.32665, 2.21708, 2.41630
0.09267, 0.90086, 0.39955, 0.08137, 0.21928, 0.53873, 0.68994, 0.40532, 0.72010, 0.48542
0.25348, 0.15892, 0.16740, 0.04047, 0.16461, 0.36452, 0.02686, 0.56130, 0.00306, 0.53524
0.00807, 0.13551, 0.13361, 1.01833, 1.76303, 0.03734, 0.73476, 0.74622, 0.53806, 0.19155
1.20355, 0.09927, 1.81119, 1.24057, 0.12228, 1.04944, 1.57172, 0.17887, 3.26088, 1.31858
0.76611, 0.18946, 4.92584, 0.95862, 1.63683, 0.05802, 0.70792, 0.07780, 2.35701, 2.07610
0.09043, 1.01669, 0.52254, 0.03179, 0.08881, 0.64926, 0.79300, 0.14959, 0.74736, 0.88665
0.72203, 0.22777, 0.67032, 0.98568, 0.15903, 0.03915, 0.18525, 0.01710, 0.19729, 3.83160
0.26545, 0.12097, 0.16785, 0.37735, 0.10898, 0.53226, 0.13136, 0.31851, 0.08782, 0.82510
1.11916, 0.16994, 0.61335, 1.56589, 0.10802, 0.90319, 0.00820, 1.62581, 0.54528, 0.37994
0.18858, 0.81595, 0.33353, 0.02675, 0.99821, 0.61291, 0.77828, 5.32506, 1.05227, 0.44610
0.32848, 0.09225, 0.21364, 1.23402, 0.37073, 0.44569, 0.27442, 0.20585, 0.22839, 8.26865
0.00152, 1.37838, 1.98194, 0.17708, 0.30376, 0.64236, 4.38236, 1.02959, 0.03450, 0.19375
0.03694, 0.18433, 0.85463, 0.63268, 0.37122, 0.67207, 0.21779, 0.74912, 0.93226, 0.79334
1.38390, 0.15764, 0.32545, 1.17955, 0.10541, 1.35301, 0.76426, 0.87323, 2.86302, 1.26716
0.21572, 0.04009, 0.00583, 0.18923, 1.03040, 0.00098, 0.03947, 0.75055, 0.16881, 3.80443
0.60013, 0.00070, 2.84602, 2.85007, 1.39919, 0.27728, 0.49725, 0.90665, 1.61895, 3.71948
0.29177, 0.69782, 0.08726, 0.01070, 0.08136, 0.02668, 1.95230, 0.27396, 0.86337, 0.77035
0.10351, 0.32026, 0.23734, 0.14162, 0.56582, 0.46308, 0.25062, 0.70345, 1.33745, 1.11357
0.93119, 0.10858, 0.61650, 1.32444, 0.27225, 0.34417, 1.12836, 0.19228, 0.23399, 5.02444
3.20161, 0.45414, 0.28905, 0.40583, 0.00098, 3.29190, 0.11978, 4.34649, 3.25831, 11.75800
0.61469, 0.17650, 0.24644, 2.22750, 1.06583, 0.58095, 0.07771, 0.34322, 0.42450, 0.84361
1.35009, 0.34461, 2.40337, 0.10822, 0.03829, 2.18495, 0.74333, 1.00465, 0.48774, 0.06306
0.31437, 0.01940, 0.20169, 0.34596, 0.50550, 0.11165, 0.02775, 0.06307, 1.14389, 6.33060
0.34055, 1.86581, 0.81816, 0.24199, 0.11354, 0.33362, 1.82152, 1.10059, 0.88155, 0.84276
0.71480, 0.01556, 0.03257, 0.49271, 0.12859, 0.28623, 1.49101, 0.18481, 0.12338, 0.16675
0.31399, 0.57540, 0.43800, 0.66024, 1.09008, 0.74424, 1.19680, 0.22840, 0.77740, 1.15313
0.21013, 0.35020, 0.01212, 0.71572, 0.43329, 0.25721, 0.27698, 1.00590, 2.80491, 4.27916
0.06665, 0.26985, 1.94890, 0.51186, 0.70953, 0.00127, 0.01919, 0.03334, 0.14941, 0.16017
0.19147, 0.37213, 0.33433, 0.12703, 0.11610, 0.00225, 2.38761, 0.00469, 2.77925, 6.25020
4.40300, 1.17170, 0.72695, 0.26739, 0.17316, 2.20181, 4.47708, 2.28739, 0.50834, 1.58663
1.42661, 2.09073, 0.37624, 0.89184, 0.17091, 2.89977, 3.20319, 2.44773, 3.45351, 1.98926
0.04345, 0.07619, 0.27409, 0.13394, 0.19749, 0.04676, 0.12015, 0.19309, 0.33945, 3.26100
0.36526, 0.19381, 1.34737, 0.34787, 0.07563, 0.42682, 2.67725, 0.22171, 6.31318, 3.09475
0.18622, 0.34732, 1.14175, 0.53725, 1.02960, 0.48627, 0.55288, 1.46093, 2.79094, 2.14748
0.13246, 0.43019, 0.40013, 0.03943, 2.22008, 0.35288, 0.55969, 3.08560, 0.73729, 1.98649
1.11275, 0.43055, 1.65543, 0.61808, 0.18197, 1.78542, 0.44534, 0.61489, 2.11791, 0.62718
0.32069, 0.10131, 0.43052, 0.01708, 0.14333, 0.15026, 0.11353, 0.22629, 0.10083, 0.37005
0.08841, 0.61418, 0.06268, 0.24808, 0.08399, 0.27935, 0.13309, 0.70923, 0.05439, 1.87189
2.11965, 0.66899, 1.03784, 1.75091, 0.05467, 0.46529, 0.08290, 0.37159, 0.15304, 0.08056
0.59560, 0.15568, 0.53213, 1.39344, 0.07697, 0.66066, 2.31058, 0.84556, 0.27684, 0.02635
0.37652, 0.25638, 0.20462, 0.80693, 0.45373, 1.22498, 0.45484, 0.31369, 1.30991, 9.05501
0.45980, 0.22287, 0.58710, 0.53595, 0.13738, 0.30689, 0.59781, 0.99904, 5.32012, 1.05250
0.79376, 1.39455, 0.78498, 0.36574, 0.13397, 1.67036, 0.39593, 0.60761, 0.42550, 1.99026
0.22488, 0.94035, 1.63703, 0.03712, 0.04485, 1.24850, 1.67304, 1.91978, 0.07653, 1.13691
0.36201, 0.66332, 0.23402, 0.50052, 0.07283, 0.52215, 0.03622, 1.82204, 4.86658, 2.64522
3.40953, 0.07291, 0.15345, 1.95945, 0.10241, 0.49221, 0.78765, 0.44230, 2.23702, 4.07534
0.03941, 0.25941, 1.13928, 0.27305, 0.20918, 0.10531, 0.22122, 0.28982, 0.02477, 0.35456
0.01328, 0.39094, 0.29498, 0.27573, 0.63624, 0.19452, 0.78771, 0.11669, 0.70890, 0.48983
0.01136, 0.18293, 3.62911, 0.59080, 0.10828, 0.30437, 0.19532, 0.09640, 0.19400, 0.40791
0.91411, 0.30357, 1.40469, 1.71813, 1.67322, 1.05904, 0.32252, 0.00034, 4.19887, 4.25390
0.32775, 0.23055, 0.30619, 0.59211, 0.17113, 0.24765, 0.81679, 0.62231, 0.62579, 0.01743
0.40960, 0.04927, 0.03366, 0.14231, 0.42239, 0.72077, 0.51724, 0.57999, 3.26772, 0.75168
2.62168, 0.54702, 0.29162, 2.49960, 0.07999, 0.63739, 0.86399, 0.19090, 5.76563, 2.88433
0.17556, 0.44787, 0.80464, 0.81703, 1.22406, 1.42301, 1.54725, 2.39475, 1.80072, 0.24521
1.02833, 0.01156, 0.25842, 0.86155, 0.14919, 1.59831, 7.68164, 2.38870, 2.16019, 0.25233
0.38980, 0.45493, 3.85648, 1.26020, 1.06157, 0.29732, 0.18654, 2.17208, 3.65757, 0.46898
0.25820, 0.79624, 0.53395, 0.12814, 0.08112, 0.02304, 2.21323, 0.65248, 3.71755, 0.45847
2.08224, 1.15159, 0.61195, 0.48969, 0.02291, 2.80827, 2.53197, 2.27826, 2.43024, 1.35189
0.22917, 1.22376, 0.97721, 0.20503, 0.18818, 0.87277, 2.98476, 0.28485, 2.03489, 3.56386
0.02997, 1.35522, 0.61556, 0.00805, 0.12730, 0.53791, 2.30378, 0.16962, 0.78795, 0.76061
5.21894, 1.38417, 0.58807, 2.28320, 0.43083, 1.85249, 3.03272, 0.14731, 0.76700, 3.22026
0.04931, 0.00264, 0.16384, 0.08969, 1.09970, 0.46244, 0.20490, 0.80969, 1.49690, 0.78212
0.14862, 0.03717, 0.33737, 0.51346, 1.06849, 0.27062, 0.05861, 0.89827, 0.95051, 1.29245
0.28342, 0.64009, 0.26480, 0.25960, 0.40051, 0.81617, 0.51747, 2.42869, 1.50920, 0.24535
1.09325, 0.45402, 0.07550, 1.08700, 0.16549, 1.81632, 3.37484, 0.57327, 2.19456, 1.03636
0.03505, 0.49318, 0.56723, 0.01671, 0.05372, 0.28971, 0.10233, 0.50053, 0.99307, 1.87700
0.27333, 0.18798, 0.58465, 0.15214, 3.55214, 0.17942, 0.29372, 1.29732, 0.05367, 1.38296
0.28018, 0.35292, 0.17497, 0.24975, 0.27437, 0.45780, 1.05558, 0.43450, 1.29253, 0.51045
0.19647, 0.28870, 0.30518, 0.12217, 0.11924, 0.24026, 0.78796, 0.05371, 0.73451, 0.34120
0.34026, 0.67965, 0.66013, 0.23543, 0.50508, 0.88685, 0.80421, 2.18755, 0.32820, 0.47942
1.16917, 1.07243, 0.57330, 0.84807, 0.16862, 1.02874, 0.08669, 0.06750, 0.74929, 0.31565
0.38211, 0.02550, 0.17884, 0.77849, 0.35879, 0.30393, 0.17083, 0.08610, 0.10270, 5.39562
0.27522, 0.48439, 0.26126, 0.52300, 0.38084, 0.20145, 0.22162, 3.27185, 1.27713, 0.65225
0.45823, 0.29984, 1.18267, 0.49391, 0.32255, 0.61473, 7.11182, 1.03371, 4.38364, 1.66898
0.02628, 0.40588, 0.56757, 2.76446, 0.60492, 0.49231, 4.82066, 0.13718, 3.19194, 1.26244
1.31922, 1.49332, 0.41243, 0.09284, 0.13747, 0.19827, 6.82456, 0.05060, 0.19666, 1.02756
1.19808, 0.14243, 0.04560, 1.16232, 0.14283, 1.59854, 1.82567, 1.05380, 0.05426, 0.01463
1.64361, 2.11732, 0.49778, 0.79137, 0.00105, 2.45249, 2.85681, 1.46560, 2.38400, 1.93391
0.00614, 0.10135, 2.46165, 1.21923, 0.78695, 0.82634, 0.75112, 0.70478, 1.35101, 1.03398
0.11256, 0.31693, 0.04955, 0.82703, 2.50769, 0.13845, 0.38322, 1.04283, 0.13149, 0.65306
0.21157, 0.29461, 0.07106, 0.34466, 0.03120, 1.43709, 2.62185, 2.44114, 0.03389, 2.26144
3.85448, 0.74318, 0.58773, 1.17117, 0.03041, 3.99448, 2.26816, 3.55435, 2.39000, 2.04797
6.21814, 0.88113, 0.14723, 1.76315, 0.04790, 2.50302, 3.79292, 1.88184, 0.87950, 2.38694
0.31767, 0.41946, 0.43044, 0.45980, 0.20574, 0.70113, 0.23142, 0.30055, 0.09267, 0.28538
1.80915, 0.39992, 0.36429, 0.93557, 0.22768, 0.45058, 0.13272, 0.29319, 0.63124, 2.16649
0.23428, 0.58421, 0.65702, 0.17088, 0.10083, 2.47119, 0.72842, 2.81484, 1.97373, 1.40191
0.07228, 0.30870, 0.13071, 0.00147, 0.75098, 0.68615, 0.24752, 0.11521, 1.10259, 2.92059
0.97550, 1.57924, 0.04947, 1.48419, 0.15901, 0.30222, 0.20259, 0.12648, 1.16075, 6.18518
0.75949, 0.03307, 0.28437, 0.55629, 0.64912, 0.35564, 1.39850, 0.75865, 1.03225, 0.64853
0.04394, 0.49845, 1.44006, 0.48519, 0.24234, 0.94195, 3.16811, 1.00568, 0.34928, 1.36668
0.56271, 0.98383, 2.45736, 1.15432, 0.09393, 0.66287, 11.83116, 1.29621, 1.06492, 0.04248
0.06075, 0.46131, 1.37991, 0.30728, 0.83875, 0.42695, 0.54524, 2.74791, 1.10062, 0.28779
0.03121, 0.22914, 1.00180, 0.44154, 1.26839, 0.35681, 1.35086, 0.05976, 2.42941, 2.17160
0.15151, 0.12812, 0.41101, 1.32528, 2.50284, 0.03847, 0.17276, 1.09746, 0.09175, 0.00930
1.83130, 0.03533, 0.61557, 0.32180, 0.07107, 1.68372, 1.16234, 1.36660, 0.27558, 9.94364
0.02961, 0.23092, 1.54820, 0.64934, 0.46419, 0.31431, 0.20645, 0.31516, 1.84144, 1.53609
0.01352, 0.10174, 0.25738, 0.31994, 0.99289, 0.28154, 0.34827, 0.65040, 0.91495, 0.25644
0.25611, 0.01974, 0.69703, 1.05579, 0.51626, 0.87932, 0.05869, 0.06176, 0.53123, 1.12078
0.01946, 0.13342, 4.63712, 0.81677, 0.00425, 0.77079, 0.12144, 1.97897, 1.12336, 0.79552
0.54570, 0.45307, 1.70952, 0.00346, 0.06408, 0.43404, 0.32635, 0.48236, 0.46906, 0.85386
0.09970, 0.48555, 1.40248, 0.38817, 0.99460, 0.57953, 0.04431, 0.83281, 1.75344, 1.54596
0.50529, 0.19474, 0.39549, 1.77917, 0.11449, 0.20541, 1.89947, 0.49630, 0.44090, 1.23995
0.10706, 0.05010, 0.19954, 0.44023, 1.29580, 0.55289, 0.34390, 1.27757, 1.04899, 0.64370
0.86505, 0.17438, 4.38018, 1.88747, 1.89778, 0.00973, 0.59406, 0.62614, 1.27051, 2.00248
0.87921, 0.30585, 0.02866, 0.32060, 0.49426, 0.71149, 0.84814, 0.54094, 2.37894, 0.82932
0.57518, 0.03072, 0.84510, 0.61470, 0.22709, 1.68269, 0.07408, 0.89699, 3.66529, 1.74697
0.11622, 0.01827, 0.06815, 0.41214, 0.97677, 0.06318, 0.37133, 0.78699, 3.20506, 2.97700
0.20594, 0.41110, 2.23486, 0.00053, 0.05152, 0.43857, 0.98726, 0.58589, 0.31361, 0.72939
2.40107, 0.74827, 0.55949, 0.33851, 0.13520, 0.47334, 0.63900, 0.10933, 1.71793, 8.38397
0.87035, 0.31212, 0.59478, 3.35301, 1.78316, 0.72837, 0.01914, 1.24556, 1.31788, 5.88829
1.11497, 0.13606, 1.47190, 0.54954, 1.69277, 0.39609, 2.03461, 0.35486, 1.03882, 0.58530
0.02266, 0.25489, 0.40140, 0.00019, 0.23081, 0.27638, 0.17058, 0.71023, 0.21531, 2.94866
0.14508, 0.26588, 0.27240, 0.38625, 0.10401, 0.56153, 0.18718, 0.33729, 1.52548, 1.39023
0.27705, 1.01371, 0.13898, 0.97662, 0.90066, 0.11419, 2.18713, 0.15986, 0.00501, 0.59238
0.58788, 0.05889, 0.92980, 0.58006, 1.62333, 0.22588, 0.14592, 0.85875, 0.08975, 1.63324
0.30438, 0.11404, 0.67933, 0.05454, 0.06095, 0.13020, 2.84195, 0.09580, 2.28964, 4.50349
0.66926, 0.19881, 0.99988, 1.85095, 0.41659, 0.58038, 1.91349, 0.01679, 0.06725, 1.55222
0.20524, 0.22207, 3.51770, 0.94041, 0.15427, 0.26221, 0.17032, 0.34049, 0.05629, 0.08807
1.99377, 0.29752, 0.76437, 0.74550, 0.34522, 1.25613, 1.90333, 0.15028, 0.86658, 0.51586
0.01135, 1.07394, 1.14158, 0.02206, 0.05560, 1.25205, 0.21080, 1.18070, 0.20318, 5.15128
0.13046, 0.06307, 1.85968, 1.57864, 0.80940, 0.46600, 0.10179, 0.75253, 0.06736, 0.15028
0.25316, 0.24754, 0.07557, 1.13504, 0.14625, 0.22157, 0.38592, 0.13196, 0.03957, 0.05490
0.47424, 0.19929, 1.34616, 0.80004, 1.61585, 0.76178, 1.13481, 2.55310, 0.68995, 0.72191
1.01691, 0.76011, 0.41112, 1.22729, 0.01744, 0.22687, 3.50498, 0.51263, 2.94539, 7.11712
0.80637, 0.13265, 0.77731, 2.10301, 0.53037, 3.56612, 1.60481, 1.63393, 4.84516, 0.97067
0.00276, 0.13179, 0.48283, 0.11784, 0.00907, 0.48519, 0.36228, 0.32102, 1.77229, 0.59310
0.04008, 0.15740, 0.30878, 0.10527, 0.19063, 0.21281, 0.02868, 0.14726, 0.19279, 0.24738
0.07551, 0.16957, 1.62483, 0.52867, 0.67000, 0.03438, 1.37448, 0.93725, 0.22411, 0.03312
0.64198, 0.20184, 0.34988, 0.34179, 1.19081, 0.29622, 0.11393, 0.16970, 1.38821, 4.82346
0.23492, 0.11879, 1.27906, 0.45790, 0.02299, 0.40325, 0.74018, 0.81102, 0.19038, 1.13045
1.11235, 0.66244, 0.24210, 3.58470, 0.12432, 0.31347, 0.51273, 0.54635, 1.92860, 3.27967
0.88983, 0.27435, 0.76155, 0.79293, 0.19438, 0.41556, 0.20664, 0.28193, 1.05307, 0.93711
0.35391, 0.47665, 0.59568, 0.06530, 1.89267, 0.24007, 0.68533, 0.65296, 0.69507, 1.48765
0.08544, 0.15751, 0.93255, 0.96917, 0.63811, 1.55555, 0.18078, 0.59646, 0.30248, 0.52562
0.10545, 0.58814, 0.13911, 0.06110, 0.62668, 0.21639, 0.66884, 1.59803, 0.55717, 1.73269
1.08486, 1.54154, 3.94154, 2.96061, 0.66863, 0.21923, 0.14884, 0.60377, 0.61650, 0.97163
0.40446, 0.14472, 0.08060, 0.90099, 0.00464, 0.05981, 0.02229, 1.09556, 0.07887, 1.83353
0.36988, 0.12223, 0.13691, 0.75257, 0.26469, 0.29657, 0.49273, 0.10879, 0.22691, 2.52539
0.68977, 2.25470, 3.64958, 3.14695, 0.12250, 0.79373, 0.42171, 0.85641, 0.69191, 4.91823
0.00225, 0.08719, 4.43412, 0.61463, 0.48307, 0.53520, 0.25819, 0.68692, 1.19347, 1.85661
0.73380, 1.41864, 1.04154, 0.10467, 0.01507, 0.28308, 4.90933, 0.50509, 2.78441, 1.78269
0.70600, 0.09444, 0.47956, 0.28138, 0.08323, 0.92724, 1.71413, 0.72130, 8.55928, 1.61106
1.69709, 1.59412, 0.54864, 1.37431, 0.03276, 0.16190, 2.19784, 1.37818, 0.32483, 0.05546
0.40321, 0.18876, 0.62772, 1.05112, 0.90001, 1.34004, 0.12816, 0.18177, 0.76468, 1.23908
0.17478, 0.28400, 0.02478, 0.17293, 0.14671, 0.77658, 2.32806, 0.23793, 5.04874, 1.39727
6.32330, 1.17817, 1.32198, 0.29922, 0.23911, 2.59098, 6.04441, 1.77037, 1.30329, 2.69819
0.56266, 0.87703, 0.05467, 1.05001, 0.44350, 1.31040, 0.40660, 1.23686, 5.60060, 1.82888
0.52274, 0.48525, 0.30190, 0.61772, 0.00156, 0.05006, 0.36732, 1.20054, 1.00435, 9.28844
0.30393, 0.14268, 0.13583, 0.21268, 1.26819, 0.70733, 0.68172, 1.41953, 0.23312, 0.25067
0.11862, 0.24835, 0.10209, 0.15103, 0.12271, 0.37048, 0.47386, 0.25780, 3.20598, 0.86830
0.56173, 0.31379, 0.05874, 0.70080, 2.51663, 0.11731, 0.84259, 1.26834, 0.00092, 0.87820
0.51929, 0.42091, 0.04851, 0.11036, 0.11016, 1.55126, 0.05812, 1.69355, 1.93119, 6.60953
0.16254, 0.63988, 0.05096, 0.28919, 0.58274, 0.18123, 0.08564, 2.34129, 1.52429, 3.26924
0.25841, 0.05624, 1.02899, 0.26714, 1.83575, 0.02503, 0.19397, 1.23457, 0.62348, 0.15127
0.32009, 0.07455, 0.04690, 0.67437, 2.15879, 0.06373, 0.37375, 1.84138, 0.69062, 1.49455
1.32308, 0.08617, 0.62325, 0.35510, 0.44463, 1.12126, 6.40650, 0.63887, 0.88761, 0.14079
0.17416, 0.60316, 0.08187, 0.09026, 1.33243, 0.90069, 0.02657, 1.61276, 1.21864, 6.07747
1.28305, 0.84052, 0.03810, 1.74192, 0.08110, 0.21144, 0.36561, 2.25630, 0.47003, 0.59356
0.75647, 0.80503, 0.29492, 1.49117, 0.36605, 0.32645, 0.10389, 0.32486, 0.37046, 0.80396
0.28001, 0.44426, 0.14132, 0.24539, 0.96609, 2.83988, 0.43000, 2.60902, 4.14111, 2.25002
0.16603, 0.18869, 1.29367, 0.51537, 0.09868, 0.22842, 0.25746, 0.00047, 0.01917, 0.07999
0.18920, 0.22593, 0.00679, 0.38466, 1.76841, 1.68150, 1.50031, 0.38478, 0.18306, 0.02552
0.68628, 0.09287, 1.21202, 0.29078, 1.84418, 1.23513, 0.01381, 0.88441, 3.82028, 6.70466
0.18697, 1.13587, 0.43653, 0.85076, 0.01717, 0.48384, 1.14390, 0.68879, 3.39612, 1.86755
0.31666, 0.09151, 0.26682, 1.04547, 0.04248, 0.37312, 0.54529, 0.17047, 2.71321, 0.89701
1.68707, 0.66205, 0.28780, 0.13634, 0.09373, 1.36525, 0.36744, 1.41672, 2.12134, 0.33112
0.15794, 0.01123, 0.03831, 0.31800, 0.71655, 0.04535, 0.25895, 0.34961, 0.52679, 0.53823
0.14896, 0.04218, 0.00726, 0.17624, 0.54068, 0.13921, 0.23973, 0.36598, 0.54922, 5.21103
0.61679, 0.31879, 0.03164, 0.77949, 0.33688, 0.49068, 0.34209, 0.02202, 0.29268, 1.88467
0.02551, 0.02329, 0.03006, 0.10832, 0.03294, 0.39311, 0.04569, 0.48178, 1.32390, 8.56536
1.66749, 0.94713, 0.36680, 0.95764, 0.03290, 0.11505, 2.85714, 1.59843, 1.56251, 4.32087
0.46368, 0.77372, 0.80249, 0.79590, 0.46201, 0.78743, 2.00607, 1.27709, 0.05729, 0.80396
0.38896, 0.39886, 0.30388, 0.28273, 1.49175, 1.34153, 0.08997, 0.09178, 0.77191, 0.61992
1.61719, 0.03951, 1.05175, 1.22427, 0.62888, 0.53649, 3.63823, 0.72995, 5.28834, 0.59118
1.41511, 0.76288, 0.97307, 0.23882, 1.06809, 0.83536, 0.12988, 0.60390, 0.49435, 5.36831
0.10798, 0.09511, 0.54715, 0.13956, 0.05006, 1.21252, 1.81798, 0.76965, 1.50283, 0.48939
0.70610, 0.00306, 0.33866, 0.24331, 0.04666, 1.24797, 0.29446, 1.05140, 3.85179, 0.96652
0.06817, 0.05579, 0.64401, 0.49919, 2.12597, 0.06850, 0.60975, 0.39393, 1.70493, 1.17994
0.16747, 0.11841, 0.04559, 0.38736, 1.19273, 0.33045, 0.51222, 0.66425, 1.34780, 0.53442
0.97879, 0.03789, 0.03822, 0.58818, 0.24725, 0.73547, 1.38294, 0.09475, 2.16679, 1.36428
0.23249, 0.20134, 0.12489, 0.10388, 0.45209, 0.04480, 0.75198, 0.48624, 0.15816, 1.56226
0.06879, 0.19763, 0.12521, 0.01609, 0.09478, 0.27309, 0.49299, 0.30391, 2.85514, 0.88567
0.04349, 0.82907, 0.63824, 0.32855, 1.53145, 0.73728, 0.90332, 3.91450, 0.93636, 0.77060
0.50885, 0.60961, 0.30576, 0.43232, 0.91463, 0.67469, 1.80537, 0.04487, 0.09376, 1.84505
0.19643, 1.51845, 1.13607, 0.41493, 0.32118, 0.10497, 2.88877, 0.46275, 1.09160, 0.44505
2.33848, 0.60165, 1.64310, 5.76882, 0.57433, 0.25583, 1.27064, 0.34373, 2.35147, 3.40580
0.88400, 1.45171, 0.38761, 0.03608, 0.03698, 2.76571, 2.78917, 3.48956, 0.36885, 1.07787
0.02103, 1.71888, 0.72868, 0.01821, 0.16260, 0.51959, 2.22066, 0.03380, 0.78413, 0.66527
0.16590, 0.31368, 0.09050, 0.03928, 0.40183, 0.91996, 0.32396, 0.66855, 2.57618, 6.20560
1.24765, 0.21595, 0.41256, 1.72539, 2.41953, 0.99682, 0.48218, 0.26570, 8.79716, 3.33720
0.68523, 0.13423, 0.35276, 1.21512, 0.36172, 0.57206, 0.84417, 0.70443, 1.17693, 0.06237
1.42847, 1.52107, 0.79975, 1.44110, 0.06922, 0.82156, 2.90258, 1.05858, 1.53623, 3.89969
0.06676, 0.17799, 0.58927, 0.12675, 0.48396, 0.73533, 0.68411, 1.47833, 1.43774, 0.21919
0.09630, 0.12249, 0.07348, 0.44992, 1.80672, 0.26150, 0.42021, 0.97728, 0.52196, 0.39854
0.01292, 0.05258, 0.21501, 0.31975, 0.95793, 0.30458, 0.42740, 0.73989, 1.59733, 0.48655
0.19450, 0.02977, 0.25425, 0.06218, 0.44733, 1.44777, 1.70255, 3.15837, 1.94552, 1.59254
0.38790, 0.05156, 0.01184, 0.50430, 0.16372, 0.03385, 0.63003, 0.06777, 0.95796, 2.02143
0.50348, 1.80492, 0.68160, 0.20901, 0.12481, 0.33271, 0.91490, 0.55312, 0.90497, 0.46987
0.02715, 0.28315, 0.75466, 0.62489, 0.00186, 0.44693, 0.98608, 0.68462, 0.22788, 1.21961
0.10157, 0.00421, 0.19503, 0.04412, 1.29108, 0.29736, 0.07541, 0.67911, 3.44970, 6.52014
0.15566, 0.66290, 1.14395, 0.15126, 1.33946, 0.44090, 0.28790, 1.09727, 1.07569, 2.14633
0.26309, 0.17929, 0.00818, 0.10445, 0.64707, 0.27997, 0.13966, 0.05281, 0.74688, 2.67897
0.59343, 0.48421, 1.38331, 0.02740, 0.27500, 0.37852, 1.63374, 0.30218, 0.27802, 0.27251
0.07409, 1.32372, 0.88612, 0.03250, 0.15254, 1.21807, 0.69860, 0.94265, 0.60469, 5.29115
3.49878, 0.51998, 1.74527, 0.16145, 1.80953, 2.06226, 2.51121, 2.18520, 0.80533, 0.91789
0.04511, 0.27726, 0.16998, 0.02234, 0.31751, 0.60569, 0.25871, 0.55125, 1.84783, 0.77268
0.07044, 0.33733, 0.25391, 0.19968, 0.63096, 0.52294, 0.21496, 0.86800, 0.85112, 0.77422
1.03455, 0.28251, 0.28661, 0.26549, 0.46375, 0.68164, 0.40316, 0.22832, 0.36406, 0.49041
0.07583, 0.30975, 0.14924, 0.99023, 2.51027, 0.08435, 0.33140, 1.03738, 2.58698, 0.88340
0.10594, 0.58762, 0.63678, 0.02572, 0.02842, 0.70431, 0.18388, 0.05688, 2.15777, 1.20711
0.23994, 0.64768, 0.03357, 2.37954, 2.88837, 0.65966, 0.86931, 0.33623, 7.45015, 2.60995
1.50843, 0.19190, 0.05033, 0.33565, 0.13475, 1.07932, 1.52543, 0.14139, 0.28246, 0.00927
0.04546, 0.20321, 0.04042, 0.87731, 1.73633, 0.16448, 0.65545, 0.83847, 0.13043, 1.19151
0.33732, 0.27879, 0.95746, 0.71628, 0.10628, 0.68354, 0.18438, 0.89316, 0.52886, 0.46317
0.39842, 0.08257, 0.17292, 0.25889, 0.04608, 1.60515, 0.08215, 2.89847, 5.98222, 2.93567
0.12950, 0.14466, 0.28122, 0.05544, 0.27929, 0.38842, 0.31254, 0.71614, 1.60893, 1.09503
1.97676, 1.37822, 0.37465, 0.06820, 0.12236, 0.60200, 4.81405, 0.23273, 0.20082, 0.14099
0.10430, 0.45044, 0.41447, 0.12483, 0.97564, 1.09022, 0.45747, 0.29952, 1.05863, 0.70386
1.25978, 0.12026, 0.09874, 0.22275, 0.05423, 1.28876, 0.05451, 1.10279, 3.84967, 7.59890
0.37990, 0.28817, 1.11624, 0.58411, 1.25141, 0.13158, 0.29923, 0.75827, 1.17855, 5.41221
1.18583, 0.29458, 0.83981, 0.58528, 0.17346, 0.37703, 0.30405, 1.18139, 0.05050, 0.28125
0.16171, 0.28735, 0.59584, 1.29858, 0.01656, 0.37382, 0.57991, 0.93880, 2.30072, 4.25692
0.30030, 0.09725, 0.11334, 0.11102, 0.34084, 0.14548, 0.23218, 0.02752, 0.02162, 1.51750
0.29315, 0.01985, 2.76849, 1.28354, 0.79676, 0.19329, 1.70692, 0.14231, 0.16697, 0.37729
0.11861, 0.49953, 0.49038, 0.16912, 0.02216, 0.47975, 1.56271, 0.46751, 0.42126, 0.62342
0.18108, 0.04370, 1.21702, 0.04165, 0.22425, 0.81493, 0.40746, 1.27235, 0.52010, 0.13590
0.18693, 0.82279, 0.34547, 0.17392, 0.04872, 0.40122, 0.56368, 0.07426, 0.43240, 0.14745
0.50212, 0.49732, 0.19115, 0.69532, 0.41121, 2.05585, 0.10232, 3.68970, 4.04919, 9.16287
1.70782, 0.34279, 1.17969, 1.55053, 0.01112, 1.14684, 1.43478, 0.05853, 2.71005, 0.80283
0.27687, 0.00208, 0.10230, 0.92457, 0.82364, 0.10024, 0.10865, 0.67296, 0.65603, 4.91827
0.28252, 0.14463, 0.65377, 0.03178, 0.58084, 0.32341, 0.68156, 0.83760, 1.45591, 1.80749
1.25650, 0.15115, 0.00839, 0.60104, 0.18502, 0.24594, 0.67383, 0.10352, 0.28677, 0.16532
1.07406, 1.02301, 0.24328, 0.27081, 0.03644, 1.06581, 0.88606, 0.03386, 5.84436, 5.40516
4.81591, 1.01025, 1.41394, 1.13408, 0.50218, 0.87754, 4.02468, 1.03636, 0.02442, 0.45087
1.29905, 1.51405, 0.18767, 3.26410, 0.58969, 0.96275, 1.90643, 0.04851, 4.60970, 4.01700
2.23011, 2.35073, 0.30309, 0.84102, 0.12685, 2.99530, 4.35720, 2.73960, 2.75642, 2.17168
0.00909, 0.09391, 0.01030, 0.09020, 1.32757, 0.19807, 1.03671, 1.32088, 1.02881, 2.84136
2.62685, 1.35351, 0.43389, 1.02217, 0.70860, 0.04643, 3.45303, 0.68261, 0.72471, 2.05768
0.00090, 1.09122, 0.44756, 0.03315, 0.03776, 0.68653, 1.03271, 0.08850, 1.19649, 0.31776
0.51586, 0.38293, 0.87955, 0.06421, 0.09516, 2.44596, 4.92690, 2.02419, 0.57904, 0.53965
1.06868, 1.22564, 0.56810, 0.94370, 0.42241, 0.55816, 2.41791, 1.89009, 0.19474, 0.01160
0.33995, 0.68585, 0.59661, 0.53306, 0.14869, 0.10316, 0.68460, 1.39993, 0.85278, 0.01643
0.10467, 0.12548, 0.62660, 0.36338, 0.23347, 0.73798, 1.80348, 0.19178, 2.04255, 0.70362
0.14561, 0.07009, 0.22798, 0.06947, 0.70148, 0.12133, 0.08327, 0.22483, 0.57448, 0.55338
0.16070, 0.41725, 0.23774, 0.39862, 0.03044, 0.13192, 0.39827, 0.09447, 1.90512, 0.80732
0.28172, 1.62679, 0.99164, 0.43079, 0.15720, 0.17047, 1.33712, 0.71377, 0.73350, 0.39004
0.38888, 0.12129, 0.05811, 0.05240, 0.57979, 0.79617, 0.03346, 0.47909, 1.34452, 1.05870
1.12773, 1.10723, 0.04758, 0.97152, 0.20076, 0.22078, 2.81524, 1.14815, 2.21730, 1.66603
0.06350, 0.59477, 0.23331, 0.79356, 0.33513, 0.45894, 0.90821, 0.51482, 0.30087, 2.26394
1.56490, 0.01795, 0.74287, 1.68695, 0.40229, 1.33594, 1.34929, 0.61570, 2.20467, 0.14693
0.62109, 0.31251, 0.50374, 0.22930, 0.20770, 0.84641, 4.31414, 0.41229, 1.17868, 1.98755
0.53596, 0.44245, 0.03158, 0.44454, 1.05477, 0.87769, 1.03283, 1.34845, 0.31002, 0.38408
0.04383, 0.76652, 0.06786, 0.85984, 0.01746, 1.47980, 2.45353, 1.02402, 1.06240, 1.47277
0.11195, 0.26817, 0.48530, 0.02053, 0.12549, 0.01749, 0.46485, 0.19814, 1.33895, 0.78169
1.95003, 0.40084, 0.30770, 1.53316, 0.06787, 0.29977, 3.90272, 0.07111, 0.88377, 0.03970
0.44539, 0.03273, 2.38991, 2.65921, 0.28560, 0.46032, 0.44982, 1.02717, 0.73894, 1.40761
0.15011, 0.27266, 0.37632, 0.30746, 0.34719, 0.01796, 0.10750, 0.58605, 0.23363, 0.83868
1.29038, 0.23923, 0.59496, 0.66730, 0.09292, 0.39039, 4.18032, 0.25580, 3.34961, 0.51427
0.14101, 0.10836, 0.53196, 1.07742, 2.61276, 0.05863, 0.07181, 1.24620, 0.08181, 0.72426
0.07485, 0.25438, 0.22303, 0.02781, 0.83068, 0.76163, 0.41080, 2.30078, 0.29878, 0.75770
1.18312, 0.43028, 1.44549, 0.82068, 0.66807, 0.66870, 0.16245, 0.30758, 0.20812, 0.84111
0.39284, 1.04916, 0.10268, 0.17569, 0.56480, 1.37496, 0.16918, 0.23969, 6.17258, 1.45881
1.17168, 0.59154, 0.52693, 0.65413, 0.11134, 0.86575, 3.62452, 0.89252, 0.27305, 0.88495
0.05161, 0.06889, 0.25973, 0.15519, 0.14689, 0.06996, 0.99453, 0.16337, 1.77752, 4.39206
0.67599, 0.75221, 0.77626, 0.46417, 0.49241, 0.89992, 0.44913, 0.93833, 0.71455, 3.98001
0.24590, 0.23039, 0.10113, 1.09561, 0.24436, 0.32152, 1.53651, 0.25943, 0.14973, 2.84316
0.47684, 0.11554, 0.17014, 0.03351, 0.11327, 1.47355, 0.00213, 1.16001, 1.90315, 1.32651
0.32980, 0.14402, 0.18076, 0.25476, 0.16313, 0.01319, 0.52203, 0.04766, 0.94439, 0.99319
0.02880, 0.68823, 0.26600, 0.03294, 0.04174, 0.79093, 0.46083, 0.23485, 1.76981, 0.47896
0.36919, 1.31121, 0.00789, 0.81626, 0.99065, 0.56313, 2.81496, 1.02155, 1.70033, 0.39700
0.02335, 0.77944, 0.17383, 2.62497, 0.62626, 0.85058, 2.89267, 0.98230, 1.41624, 0.49278
3.61077, 1.04266, 0.10866, 1.44561, 0.26700, 1.47013, 1.61219, 1.00828, 4.56762, 2.36830
1.43485, 0.71372, 0.23725, 0.11964, 0.01073, 0.62536, 4.00483, 0.16643, 0.34147, 0.95165
0.10815, 0.24006, 1.17344, 1.43131, 0.92961, 2.49379, 2.39360, 2.17319, 3.17930, 0.46191
2.39069, 1.45239, 0.70951, 0.28377, 0.42245, 0.65397, 0.31071, 0.18415, 0.07786, 0.15346
0.69928, 0.42191, 0.34593, 2.03698, 1.73537, 1.49047, 0.02683, 0.04804, 0.45823, 1.32788
1.49329, 1.01615, 0.27840, 0.20457, 0.01772, 0.47592, 5.91024, 0.33096, 1.82856, 0.31663
0.86059, 0.03292, 0.48349, 1.57266, 0.41065, 0.95667, 0.90384, 0.23918, 1.84495, 6.26611
0.72973, 1.07422, 0.41412, 1.11829, 0.65045, 0.64536, 0.04965, 0.43530, 4.89410, 3.26578
0.37982, 0.52378, 0.02331, 0.86769, 1.86358, 0.23260, 0.76218, 0.60533, 0.54746, 0.79978
0.10328, 0.21438, 0.16295, 0.10722, 0.67386, 0.79260, 0.15027, 0.94320, 1.08644, 0.74107
0.19727, 0.74098, 1.13217, 0.73764, 0.48380, 0.20896, 1.14341, 0.17964, 1.55324, 1.10607
0.77169, 0.25535, 0.06961, 0.79916, 0.32057, 1.08733, 0.03788, 2.17592, 7.48594, 1.32287
1.07713, 0.17593, 0.01979, 0.31248, 0.01767, 0.69540, 1.01122, 0.32817, 3.03259, 1.33456
0.11166, 0.06700, 0.04643, 0.18534, 0.27930, 0.04868, 0.32781, 0.38534, 1.44635, 3.44364
0.24540, 0.90277, 1.78872, 0.10781, 0.29611, 0.14750, 0.60015, 0.57221, 0.14527, 0.62651
0.38058, 0.36336, 0.00380, 0.07604, 0.10079, 0.51257, 0.56626, 0.56968, 1.17987, 5.03655
1.24658, 0.34259, 0.20296, 0.81641, 0.17888, 1.27972, 0.09308, 2.58936, 4.68608, 9.94116
0.04683, 0.17414, 0.16293, 0.08964, 0.58846, 0.40767, 0.30932, 0.88791, 1.67367, 0.70075
0.21144, 0.43670, 1.06404, 0.79720, 0.68604, 0.97624, 0.07660, 2.28099, 0.50868, 0.05019
0.21054, 0.73086, 0.01680, 0.60909, 0.92296, 1.56584, 1.25569, 3.43072, 0.26363, 0.13499
4.27228, 0.21158, 0.46907, 1.90607, 0.14166, 3.07287, 1.09414, 1.57993, 1.47134, 8.39894
0.63435, 0.44054, 0.70022, 1.26587, 0.09791, 0.14550, 0.06196, 0.11773, 1.18439, 0.64160
0.27924, 0.12270, 0.42595, 0.31508, 0.02012, 0.44952, 1.34276, 0.46707, 1.17051, 3.11037
0.58638, 0.29394, 0.89027, 0.58507, 0.22689, 0.53679, 8.68007, 0.60742, 0.92155, 1.53883
0.22335, 0.14733, 0.24153, 1.61809, 2.69453, 0.04551, 0.23479, 0.64122, 0.46839, 0.66724
0.43355, 0.47562, 0.54904, 0.47779, 0.15467, 0.67786, 0.03177, 0.89425, 1.15468, 0.39374
0.50070, 0.33408, 0.04848, 1.11246, 0.76012, 0.07267, 0.24385, 0.55491, 1.10695, 4.78156
0.03876, 0.02855, 0.21609, 0.96449, 0.36175, 0.05548, 0.73319, 0.18884, 0.30225, 1.75423
1.83668, 0.14275, 0.15784, 1.14546, 0.08441, 0.78800, 5.15467, 0.66523, 3.31040, 0.53101
0.37063, 0.99681, 0.12268, 0.22996, 0.12395, 3.08960, 0.23789, 4.43449, 0.44431, 8.85165
0.29258, 0.00877, 0.22315, 0.21588, 1.50307, 0.08270, 0.26123, 0.08809, 0.23760, 3.21909
0.40175, 0.41881, 1.64530, 0.51627, 0.01510, 1.59887, 0.20367, 1.17484, 1.74684, 0.78271
0.78475, 1.44339, 0.66927, 0.00023, 1.42760, 0.27404, 1.94946, 5.99806, 0.60750, 0.14439
0.07387, 0.03973, 0.28243, 0.61742, 1.36576, 0.56106, 0.19251, 1.94904, 0.86202, 3.94980
0.13771, 0.00800, 0.03664, 0.02368, 2.20468, 0.14008, 0.36915, 0.24562, 0.58218, 0.99289
0.27788, 0.91471, 0.50115, 1.77259, 0.45757, 0.93783, 0.77689, 1.61875, 1.00626, 3.11540
0.31751, 1.07308, 1.16380, 1.29534, 0.48959, 1.37859, 0.99606, 1.90967, 0.02888, 1.82657
0.47413, 0.10577, 1.16731, 1.13784, 0.50994, 0.15111, 0.15948, 0.14478, 0.13725, 2.07445
1.64744, 0.20523, 0.00849, 0.36105, 0.05216, 1.08194, 0.59991, 1.04287, 1.90470, 0.56655
0.41198, 0.06981, 0.74523, 1.27416, 2.27137, 0.33525, 0.59341, 0.72920, 0.80503, 1.68354
0.43442, 0.88734, 2.62408, 0.85987, 0.02316, 0.21288, 0.22271, 2.07377, 1.47954, 0.34207
0.08588, 1.71612, 0.76199, 0.07188, 0.19098, 0.17094, 2.28304, 0.42861, 0.99654, 0.11320
1.51596, 0.66823, 0.25716, 0.94201, 0.64298, 1.38049, 0.83122, 0.32350, 1.94679, 0.60798
0.22985, 0.69745, 0.01586, 0.86019, 0.06590, 0.29625, 0.05472, 0.09690, 0.86592, 3.34577
0.16362, 0.24648, 0.12332, 1.46578, 2.87922, 1.59408, 0.77001, 0.12169, 0.23114, 0.23951
1.04576, 0.13446, 0.01037, 0.38442, 0.04561, 0.38842, 0.53863, 0.16411, 2.00901, 0.63725
0.01061, 0.11826, 1.35903, 0.31159, 0.30924, 0.78754, 0.24004, 0.39451, 0.60604, 0.15270
0.12663, 0.80629, 0.48828, 0.15606, 0.23002, 0.50555, 0.51365, 0.31266, 0.74234, 0.92693
0.17545, 0.26345, 1.56087, 0.33879, 0.20506, 1.00761, 1.19856, 0.61305, 0.26961, 1.24636
0.17264, 0.24071, 0.16259, 0.17830, 0.34852, 0.82154, 0.17924, 0.66140, 0.48395, 0.43225
0.23022, 0.34046, 0.18824, 0.96452, 0.33848, 0.98412, 0.28832, 0.69914, 1.61686, 2.22047
0.11085, 0.01854, 0.00402, 0.44269, 0.82676, 0.08425, 0.11985, 0.72767, 0.42960, 5.76268
0.79513, 0.27389, 0.03041, 0.46980, 0.60819, 0.45171, 0.91241, 0.44450, 2.07172, 0.97803
0.19574, 0.12942, 1.20851, 0.40243, 0.10403, 0.05693, 0.02389, 0.02260, 0.03121, 0.83927
0.24561, 0.55957, 1.19850, 0.31784, 0.51551, 0.66725, 0.29636, 1.47885, 1.02529, 0.58672
0.25496, 0.01669, 0.11836, 0.11643, 0.13835, 0.07073, 0.71140, 0.26569, 2.18594, 2.77153
0.14612, 0.07292, 0.71072, 0.34397, 0.28959, 0.08978, 0.27089, 0.04625, 0.43284, 4.24834
0.36017, 0.21972, 0.06894, 0.23733, 1.07289, 1.39748, 0.04262, 0.17559, 0.54539, 0.03225
0.35932, 0.14773, 0.33035, 1.08668, 0.49759, 0.13446, 0.08155, 0.16754, 1.26680, 2.33803
0.07620, 0.23773, 0.24466, 1.02116, 0.76641, 0.01137, 1.14402, 0.15541, 0.28768, 0.15228
0.93663, 0.24236, 0.04856, 2.11182, 0.58450, 0.58673, 0.08858, 1.23606, 0.48059, 4.38534
0.01910, 0.23219, 0.15881, 0.09618, 0.24217, 0.08777, 0.17377, 0.15198, 0.62885, 5.65063
0.46616, 0.51555, 0.39734, 0.36321, 0.00779, 0.50241, 0.15234, 0.26026, 4.07974, 0.74150
1.01281, 0.32938, 0.00357, 0.12441, 0.44642, 0.20327, 1.53891, 0.13152, 0.43773, 0.33445
2.67999, 0.68246, 0.14898, 0.71276, 0.37602, 1.19576, 1.40952, 1.37415, 2.16609, 1.69578
0.15123, 1.77746, 1.32918, 0.28022, 0.50691, 0.21656, 3.14927, 0.59166, 1.19398, 1.04577
0.29686, 0.07684, 0.60026, 0.79597, 1.46333, 0.18795, 0.00138, 0.20597, 0.37680, 0.43208
0.80329, 1.79947, 0.52112, 0.83862, 0.45750, 0.89588, 5.38060, 0.73574, 0.31786, 3.03528
0.75565, 0.02547, 0.23018, 0.62461, 0.79997, 1.83019, 0.20819, 1.84295, 0.94572, 0.19486
0.22490, 0.39117, 0.39667, 0.52770, 1.24002, 0.27473, 0.26384, 0.68082, 0.42566, 0.36458
1.13187, 0.59725, 1.52602, 0.71650, 0.05410, 0.26082, 0.05749, 0.39791, 0.11261, 0.00704
0.28912, 0.12012, 0.44054, 0.27618, 1.26741, 1.26198, 0.26519, 0.43523, 1.03087, 0.16826
0.20131, 0.02038, 0.10321, 0.07611, 0.55801, 0.69243, 0.43406, 0.69849, 2.90809, 0.72208
1.37434, 0.47718, 0.10362, 0.27301, 0.14910, 0.10421, 1.13766, 0.60337, 2.97061, 2.13373
0.09538, 1.90758, 2.57076, 0.72507, 0.20443, 0.58583, 4.94042, 1.41975, 1.20161, 0.00150
0.67310, 0.17273, 0.52589, 1.93240, 0.12154, 0.64692, 0.53130, 0.88487, 1.58842, 0.27517
0.38625, 1.17838, 0.39274, 0.06950, 0.56342, 0.23084, 0.34597, 1.04267, 0.13128, 3.83762
0.42546, 0.08664, 2.36630, 1.08777, 0.56256, 1.63197, 0.77998, 1.29547, 3.17913, 0.92917
0.48330, 0.27439, 0.05185, 0.48914, 0.91153, 0.01818, 0.14917, 1.08995, 1.16691, 4.24048
0.53905, 0.02581, 0.79897, 0.84782, 0.92032, 0.99008, 0.11076, 0.12960, 0.24420, 0.37003
0.06364, 0.09399, 0.09914, 0.10893, 0.91360, 0.70141, 0.10057, 1.32265, 0.80725, 0.87247
0.60863, 0.24900, 0.00810, 0.42823, 0.89375, 0.58466, 0.82430, 0.82714, 1.20296, 0.78723
1.13692, 1.20199, 0.15584, 1.24962, 0.61234, 0.37047, 0.70306, 0.62274, 1.72807, 2.92945
0.83849, 0.25233, 0.86778, 3.35879, 0.19881, 0.32008, 0.89686, 0.55795, 1.40171, 1.47713
0.22056, 0.18718, 0.62605, 0.16670, 1.06209, 0.66259, 1.47497, 0.04503, 0.12342, 0.53971
1.74658, 0.25023, 0.03380, 0.94621, 0.04732, 0.17618, 2.38493, 0.37629, 1.47674, 1.00801
0.28284, 0.17758, 0.42500, 0.37124, 0.22549, 0.01380, 2.45206, 0.59253, 0.36461, 2.29356
0.03117, 0.30984, 2.95837, 0.91154, 0.34604, 0.11966, 0.08962, 0.25323, 1.66971, 0.38703
0.45792, 0.18148, 1.59430, 0.42786, 0.00072, 0.38784, 0.12531, 1.21122, 0.33495, 0.27143
0.00413, 0.72062, 0.58855, 0.16874, 0.12111, 0.20056, 0.73960, 0.44324, 1.97286, 0.44623
1.79828, 2.07146, 0.24412, 0.15789, 0.22964, 1.44253, 3.03338, 2.01467, 1.66498, 1.81124
0.06700, 0.22327, 6.28522, 1.27498, 0.06129, 0.59513, 0.22932, 1.27857, 0.69516, 0.45303
0.24302, 1.82024, 0.75602, 0.15072, 0.02135, 0.12044, 1.92122, 0.49070, 0.77943, 0.66731
0.28103, 0.89881, 0.51976, 0.31459, 0.74415, 0.72745, 1.46105, 0.42782, 0.22050, 0.46753
0.66862, 0.92255, 0.79466, 0.15152, 0.03134, 2.35667, 1.41825, 1.47215, 1.67994, 2.90989
0.23292, 0.62862, 0.70371, 1.34363, 1.36642, 0.76667, 0.03466, 0.00623, 2.39699, 4.06526
0.46199, 0.54789, 0.45790, 1.43486, 0.09828, 0.26928, 0.21020, 0.56294, 0.77870, 2.26538
0.48931, 0.22415, 0.44306, 1.54693, 0.27256, 0.00893, 1.68483, 0.09165, 1.33321, 1.86989
0.17454, 0.00190, 0.14461, 0.02447, 0.69331, 0.85664, 0.31548, 1.41937, 1.32631, 0.51290
0.38807, 1.00720, 0.56693, 0.51630, 0.52303, 0.16947, 0.46131, 0.68084, 0.59424, 1.14017
0.04954, 0.19974, 0.11514, 0.19216, 0.15229, 1.63252, 0.46227, 2.17919, 1.63976, 0.13266
0.09356, 1.96350, 0.68518, 0.20603, 0.15888, 0.50879, 1.01747, 0.34614, 0.36452, 4.92765
0.07892, 0.33083, 0.23040, 0.16894, 0.68120, 0.50094, 0.17895, 0.98543, 0.97247, 0.77023
0.38424, 0.31800, 1.45902, 0.03599, 0.35921, 0.82784, 2.50366, 0.46304, 0.49290, 0.30419
0.16351, 0.16441, 0.25824, 0.45455, 0.63660, 0.07679, 0.80186, 0.43295, 0.00673, 1.58217
0.25852, 1.34238, 0.73026, 1.29972, 0.57435, 1.02177, 2.66473, 0.60729, 1.81629, 3.04576
0.57168, 0.23852, 0.18384, 0.44217, 0.39973, 0.03926, 1.25986, 0.35738, 0.35209, 0.21605
1.05017, 0.07963, 0.24341, 1.47610, 0.06445, 0.35739, 1.36208, 0.70358, 0.02265, 0.23885
2.00427, 0.08040, 0.12523, 1.85636, 0.10454, 0.75297, 3.08286, 1.30338, 0.71649, 0.01599
0.47584, 0.36589, 0.80018, 0.07051, 0.03766, 2.08746, 0.34909, 1.36428, 0.14214, 0.17681
1.02825, 0.32195, 0.01916, 1.17645, 0.10785, 0.60955, 0.40516, 1.71632, 1.53128, 9.66176
0.03146, 0.05914, 0.12059, 0.05500, 0.60810, 0.57219, 0.22077, 0.71264, 1.41216, 0.41145
1.06869, 0.48141, 0.21990, 0.17494, 0.01829, 2.44709, 0.03116, 4.67686, 4.76884, 2.27824
0.65492, 2.10053, 0.52702, 4.12140, 0.76600, 0.16857, 1.96893, 1.97452, 0.35582, 2.97789
0.35948, 0.17888, 0.28826, 0.47900, 0.47947, 0.24109, 0.06404, 0.09419, 0.08965, 0.10148
0.25251, 0.34088, 0.06528, 0.38493, 0.75762, 0.12733, 0.14318, 0.39851, 1.24910, 5.52845
0.97002, 1.23236, 0.12548, 0.13449, 0.12707, 0.39721, 1.44123, 0.66396, 2.61049, 1.49702
0.01156, 0.57578, 0.12349, 0.07483, 0.17768, 0.88332, 0.19104, 2.83276, 1.07092, 11.80241
0.68433, 0.31774, 0.12296, 0.25529, 0.05676, 1.27660, 0.28429, 0.92148, 2.20867, 1.85340
0.11028, 0.97514, 1.23188, 0.87840, 0.18503, 0.38421, 0.24147, 0.30842, 0.49312, 0.21505
0.33955, 0.00102, 0.10788, 1.19392, 1.32523, 0.03399, 0.07788, 0.54330, 0.35772, 3.69859
0.13565, 0.61306, 0.37640, 2.51061, 0.14704, 0.29832, 3.26477, 0.02720, 0.98524, 2.96916
0.41399, 0.27045, 3.18540, 0.03677, 0.00913, 1.46383, 0.04292, 0.61714, 2.39395, 1.07334
0.23185, 0.68917, 0.75652, 0.26135, 0.26489, 3.15108, 1.00335, 3.39802, 1.23735, 1.25574
0.84832, 1.17291, 0.28886, 0.30023, 0.03996, 0.22149, 0.62582, 1.04403, 0.54188, 1.42054
0.00489, 0.16546, 0.02228, 0.07608, 0.85858, 0.93289, 0.27471, 0.05765, 3.96982, 2.19985
0.19773, 0.88958, 0.04068, 0.24022, 0.10429, 0.13470, 0.32274, 0.02341, 1.53328, 6.49261
0.10021, 0.13322, 0.23131, 0.27527, 0.19026, 0.01988, 0.37807, 0.04733, 0.72091, 4.09238
0.72982, 0.07614, 1.45008, 2.36532, 0.48821, 0.00355, 0.17629, 0.64436, 1.05980, 1.39366
1.19059, 0.06594, 0.79162, 0.84499, 0.23537, 0.71758, 6.79348, 0.67104, 4.91781, 0.74678
0.59598, 0.09933, 0.10114, 0.57543, 0.04989, 0.68745, 0.20754, 1.10740, 1.81942, 4.09151
0.67336, 0.21618, 1.94182, 0.76371, 0.23327, 0.59675, 0.00425, 1.01818, 0.39342, 4.49271
1.62945, 0.20651, 0.08954, 0.41375, 0.07760, 1.08976, 0.45464, 0.69494, 0.61764, 0.04158
0.05710, 0.19587, 0.47921, 0.32368, 0.88738, 1.29916, 0.77122, 2.13518, 0.75298, 0.11163
0.44497, 0.40908, 0.48248, 0.19038, 0.23799, 0.16601, 1.89270, 0.01089, 0.08463, 1.29117
0.05364, 0.00074, 0.18025, 0.33632, 1.54397, 0.04905, 0.78734, 1.04977, 2.56134, 1.20525
0.81463, 0.50995, 0.49013, 0.19392, 0.14724, 1.43338, 0.47808, 1.73359, 3.21325, 0.94187
0.20453, 0.76692, 0.95219, 0.71393, 0.17926, 1.32688, 0.84789, 2.46084, 0.23785, 4.62427
0.42125, 1.48508, 0.41097, 0.11839, 0.71192, 0.04591, 3.99187, 2.75485, 7.85821, 1.15895
0.80083, 0.43287, 4.20153, 0.88362, 0.31891, 0.59342, 0.13306, 2.08421, 0.89923, 3.28286
1.00389, 0.28551, 0.60754, 0.80949, 1.10531, 1.39769, 0.42158, 1.17915, 0.49458, 0.21556
0.89594, 0.66797, 0.38840, 1.28219, 1.74457, 0.93452, 0.43748, 0.74444, 0.09589, 2.80462
0.08900, 0.17939, 0.16230, 0.14630, 0.68428, 0.69821, 0.18613, 1.29036, 0.81107, 0.86105
0.05051, 0.39181, 0.19149, 0.05093, 0.08752, 0.47784, 0.44623, 0.57292, 2.85603, 0.50633
0.48635, 1.43297, 0.58537, 1.33667, 0.52696, 1.38128, 0.82545, 1.92783, 1.26699, 4.39917
0.05422, 0.32375, 1.68564, 0.81564, 1.54701, 0.76920, 1.19139, 0.90841, 0.45893, 2.42045
0.50515, 2.39398, 0.84309, 0.20187, 0.07269, 0.48323, 2.71450, 0.20496, 0.80482, 1.80492
0.14050, 0.11531, 1.19319, 0.14962, 0.25280, 0.71059, 1.40129, 0.63265, 0.47173, 0.50088
0.22309, 1.15738, 0.45835, 0.13562, 0.20962, 0.17025, 0.80022, 0.67324, 1.25030, 0.93658
0.13490, 0.08486, 0.04332, 0.14406, 0.49246, 1.70774, 1.76311, 0.24130, 2.94739, 0.75776
0.55524, 1.75132, 0.33387, 0.86704, 0.81887, 0.15892, 4.27290, 0.01764, 2.24934, 0.97962
0.10546, 0.19414, 0.04169, 0.03558, 0.61810, 0.35632, 0.11979, 0.14202, 0.67143, 1.92771
0.46053, 0.33463, 0.41722, 0.17037, 0.02215, 0.17221, 0.03835, 1.02003, 7.78624, 1.24825
0.01785, 0.03480, 0.59088, 0.17053, 1.49407, 0.76799, 0.03144, 2.27158, 0.15597, 0.47886
0.11011, 0.07094, 0.03138, 0.60208, 0.46007, 0.19372, 0.06144, 0.72052, 0.10834, 2.58668
0.13388, 0.17454, 0.10816, 0.11532, 0.64376, 0.83677, 0.75172, 1.07739, 0.17104, 1.70451
0.39756, 0.04665, 0.46523, 0.07741, 0.12946, 0.24071, 0.08810, 0.12129, 0.71953, 0.36259
0.21285, 0.17828, 0.46619, 0.62934, 0.14182, 0.79739, 2.76353, 1.96021, 0.31682, 0.99381
0.19886, 0.71507, 0.41831, 0.30017, 0.60736, 0.38158, 0.59691, 0.33746, 0.38058, 0.55767
0.44127, 0.05428, 0.35535, 0.20348, 0.01617, 0.93307, 0.26641, 1.27596, 2.63003, 0.57328
0.07184, 0.25381, 4.05081, 0.18974, 0.05718, 1.21856, 0.03995, 1.03929, 0.27248, 0.73036
1.40775, 0.22790, 0.05012, 0.07401, 0.00131, 0.86872, 0.09583, 0.99715, 2.71978, 0.81367
0.06253, 0.08831, 0.16634, 0.47071, 0.03571, 1.12812, 0.16665, 2.82044, 4.62980, 4.03998
0.16053, 0.24343, 0.03503, 0.88907, 1.70179, 0.18979, 0.70408, 0.68434, 0.47783, 0.67905
0.31430, 0.21356, 0.03525, 0.59246, 1.11270, 0.49981, 0.72138, 1.14213, 0.04775, 1.17456
0.65680, 0.42452, 0.02531, 0.20461, 0.24851, 0.51235, 1.60165, 0.56099, 5.02934, 1.77815
1.62063, 0.76038, 0.60111, 0.62622, 0.03314, 0.14006, 5.46765, 0.02291, 5.92779, 1.42857
0.31416, 1.01177, 0.98789, 0.41598, 1.34676, 0.11486, 0.23581, 0.12935, 0.49895, 2.78023
0.05191, 0.31731, 0.26165, 0.21322, 0.73871, 0.48820, 0.29199, 0.66132, 0.36089, 0.52190
0.53267, 0.67895, 0.49748, 0.93698, 0.21874, 0.54442, 0.41238, 0.91018, 0.10674, 3.86062
0.24164, 0.16881, 0.81154, 0.27930, 1.27211, 0.55655, 0.53718, 1.63851, 0.19209, 0.20581
0.02121, 0.06719, 0.12592, 0.31598, 0.34230, 0.06541, 0.36968, 0.30757, 2.27458, 2.77110
0.31028, 0.11360, 0.43473, 0.43339, 0.99985, 0.14730, 0.00364, 0.12470, 0.90797, 0.49305
0.17794, 0.14242, 0.00284, 0.25224, 0.09767, 0.29170, 0.06871, 0.75725, 0.42796, 3.44882
0.03346, 0.25670, 0.06711, 0.44998, 0.46284, 1.25763, 0.34893, 1.68138, 2.56281, 0.37095
0.88643, 0.10220, 0.23377, 0.00403, 0.01266, 1.37631, 0.02582, 1.00974, 0.84022, 1.22801
0.18703, 0.53864, 0.97775, 0.00496, 0.04877, 0.02936, 0.04738, 0.45139, 0.28585, 1.47134
1.79193, 0.20763, 0.24082, 1.82110, 0.16011, 0.60582, 2.50987, 2.39093, 1.01452, 2.12636
4.53631, 3.75834, 0.62984, 2.57488, 2.35104, 3.46857, 0.55788, 3.29071, 1.55056, 4.30959
0.91949, 0.37373, 0.30095, 1.62010, 0.17587, 1.29946, 0.21626, 1.01422, 1.05320, 3.66923
0.02441, 1.10435, 0.55640, 0.16858, 0.21951, 0.04923, 1.43814, 0.75110, 1.70642, 0.13098
0.28952, 0.78266, 0.26895, 0.08779, 0.00645, 0.19414, 0.00779, 0.14143, 0.42070, 3.63673
0.28939, 0.37459, 0.76647, 0.40817, 0.13006, 0.31484, 0.22159, 0.38506, 1.06166, 4.95372
0.08287, 0.83763, 0.20263, 0.38127, 0.82692, 0.72485, 0.07787, 2.04702, 3.18172, 6.40711
0.59533, 0.58615, 1.87226, 0.00581, 0.25901, 0.84817, 0.14792, 0.48932, 0.51999, 1.33172
0.28872, 0.99575, 0.83397, 1.37513, 0.69953, 2.11882, 1.07479, 1.19737, 0.54683, 1.74647
0.48989, 0.31669, 1.34503, 0.08713, 1.73184, 0.46721, 1.00711, 0.84905, 0.45573, 0.76735
0.71647, 0.80240, 0.03452, 1.11511, 0.01185, 0.24749, 0.15870, 0.58487, 0.77950, 2.61469
0.10253, 0.15626, 0.93252, 1.07591, 1.15091, 0.95432, 0.01497, 0.05019, 0.27446, 0.82120
0.07069, 0.96629, 1.80552, 0.16291, 0.28197, 0.01008, 1.80359, 1.86354, 5.09392, 0.31423
0.12124, 0.53571, 0.31771, 0.23417, 0.74014, 0.46496, 0.50336, 0.48995, 0.20825, 0.57583
0.09670, 1.26586, 0.46139, 0.07654, 1.47777, 0.84883, 0.88932, 7.07795, 1.33291, 0.87022
0.86690, 0.13154, 0.13658, 2.26582, 0.02940, 0.63850, 0.34131, 0.06780, 3.05913, 1.58541
1.74924, 0.12774, 0.26827, 0.27863, 0.14253, 1.29998, 0.48035, 0.67879, 1.15192, 0.27010
0.14903, 0.33953, 0.17121, 0.37712, 1.04306, 0.78647, 0.11231, 1.77410, 1.18003, 5.35543
0.61338, 0.94290, 0.60257, 0.42250, 0.67051, 0.35916, 0.40140, 0.03728, 2.10917, 0.15365
0.14496, 0.21273, 1.07529, 0.21699, 0.07474, 1.21747, 1.25070, 1.20435, 0.11335, 0.63332
0.77439, 0.01835, 0.41645, 1.84864, 0.00801, 0.03866, 0.95285, 0.04289, 0.15615, 0.02992
0.40622, 0.50823, 0.46296, 0.41392, 0.62888, 0.78317, 1.96532, 0.26635, 0.02264, 0.58083
1.39255, 0.13516, 0.30430, 0.24267, 0.12163, 0.85961, 3.69744, 0.45989, 0.03756, 0.07782
0.06875, 1.04941, 0.28101, 0.58564, 0.34566, 1.52507, 1.01266, 2.29214, 2.16718, 1.40820
0.98464, 0.52107, 0.79770, 0.50829, 0.05428, 1.01181, 0.62370, 0.64458, 2.65521, 5.08697
0.59052, 0.53149, 0.88993, 1.38926, 0.28903, 0.17156, 7.25826, 0.79221, 2.08588, 2.77992
1.15414, 1.39236, 0.71096, 1.47796, 0.22883, 0.52644, 5.28201, 0.34972, 4.02026, 2.78756
1.00584, 0.21251, 0.15392, 1.89619, 0.47227, 2.05816, 3.55425, 0.19336, 6.78426, 3.34231
0.79029, 1.01898, 0.11129, 1.67774, 0.16053, 2.07702, 0.67021, 0.63667, 2.26955, 5.15223
1.52033, 0.98970, 0.54911, 0.49821, 0.10483, 0.83742, 5.21854, 0.27944, 0.28774, 1.45922
1.55298, 1.48165, 1.11423, 0.10648, 0.11567, 0.94176, 3.36240, 0.20658, 0.12870, 0.63572
6.95275, 0.67346, 0.13349, 1.79742, 0.44963, 1.04508, 3.01330, 0.08669, 0.59011, 2.40259
0.25622, 0.01731, 1.01356, 0.70128, 0.32105, 0.33998, 0.96861, 0.60233, 0.54215, 3.30995
0.27928, 0.88020, 0.23803, 0.76003, 0.09570, 0.84260, 0.54277, 1.13164, 4.72628, 1.90582
0.44464, 0.39419, 0.15729, 0.67694, 0.64208, 0.59956, 1.77397, 1.04165, 0.07891, 0.11927
0.78449, 1.09217, 0.31949, 0.19664, 0.06940, 0.01127, 0.52179, 0.44964, 0.48927, 0.39743
0.01959, 1.20108, 0.46154, 0.00433, 0.01312, 0.33178, 1.02578, 0.35263, 1.60100, 0.31871
0.94438, 0.12855, 0.62787, 0.35218, 0.59313, 0.36743, 1.83550, 0.06621, 1.16293, 1.62287
0.35060, 1.54578, 0.54175, 0.13051, 0.16232, 0.35510, 0.99493, 0.34299, 0.95068, 0.43863
