-2.409135,0.968258,-2.586587,-0.515570,-0.016916,-0.787752,2.439474,0.341301,0.138916,2.049870
0.625215,-0.376035,2.351715,-0.756434,-0.635383,0.541601,-0.038051,1.304263,-2.479202,0.728683
1.144872,1.750560,2.374909,0.280339,-1.097350,-2.405884,0.007106,-0.217109,0.539736,-0.725420
0.191892,0.563155,3.062265,2.589658,1.220814,-2.213082,-0.380203,0.244654,0.572749,-0.223395
-2.272316,2.048547,1.231460,-1.916926,1.092741,-0.319950,-0.554873,0.454827,-0.365151,-1.817919
-1.219042,-0.263342,-0.501333,1.587448,0.916737,0.699531,1.377431,0.202064,1.324696,0.773090
-3.253373,-1.248157,-0.212655,0.484180,-1.967993,-1.604865,0.723707,-1.023958,-0.527308,0.258346
-0.552339,-0.923071,1.469883,0.900677,0.157324,-3.513602,0.919473,0.079891,-0.909373,1.281955
0.138288,1.690959,1.339626,2.250007,0.764048,3.163649,-0.985178,-0.416195,1.788865,-0.908376
3.511952,-0.409014,-2.604130,-0.682620,-0.546343,0.584806,0.485296,-0.784097,-0.633891,-0.445168
0.523052,2.673703,-0.354407,1.247054,-0.121992,0.400355,-1.754932,-0.209753,-1.097364,1.281337
-3.007538,-2.057927,0.629976,0.653186,-0.972554,2.171954,-2.188635,0.062731,0.815647,0.500541
-0.837355,2.623057,2.317129,0.077202,1.779960,0.632066,-1.438277,-1.050071,0.812698,-2.697974
0.135660,1.089570,1.702655,2.858917,1.035830,1.529817,-0.465271,0.308020,-0.360221,0.742253
0.013437,0.385672,1.992072,0.834269,0.544740,-3.417525,1.011697,-1.438159,2.215638,1.030624
1.817236,-2.149911,-0.359209,-0.684652,-2.628556,-1.558634,-0.661724,-0.364534,-0.310434,-0.549615
0.722047,-1.931226,-2.419869,1.658235,-1.060808,-1.646507,0.232407,0.023769,-1.354320,-1.958766
1.519377,-4.044221,1.228410,1.771469,3.319025,-0.517907,2.316740,0.096152,2.452878,1.577986
0.619537,-1.682791,-1.983300,-0.882086,3.347704,-0.135133,1.124574,-1.255919,0.334022,1.737681
1.876431,-1.036364,-2.523185,-1.826979,0.148132,-1.020798,-2.757441,-1.697386,-0.556410,-1.020589
-1.020838,2.067495,2.569215,-1.273415,-0.872116,2.211171,0.261597,-0.297469,1.566712,-2.231483
0.449608,1.661468,0.808731,-0.907976,-1.093406,0.663012,-0.026688,-0.257338,-0.529326,-1.420085
-1.219548,0.132831,-0.974044,1.439566,1.722718,1.633794,1.656121,-0.376848,1.409669,1.319741
-0.089267,0.043137,-0.591411,-3.030338,-0.522089,-1.181381,-0.969514,-2.199262,-0.882314,1.458146
-3.414841,-2.424693,1.613319,-0.940314,0.580904,2.747365,0.172814,-0.170941,1.937112,-0.604142
-1.372871,3.026798,0.716628,-2.752362,-0.376032,2.535189,2.996266,-0.045759,0.431683,-1.202939
-1.957440,0.596092,-1.208119,-0.591778,-1.483294,-1.443151,0.146045,0.805099,-1.355759,-0.115318
-1.947757,-0.608993,1.012385,0.884672,-0.379049,0.006941,-2.070414,-0.655054,-0.016284,-1.491708
-1.437765,0.743604,-1.095887,1.683469,1.403909,-0.238248,2.108612,0.487338,-0.164287,1.151733
1.325096,-2.079203,1.646985,-0.780547,-3.363480,-1.347159,-2.187752,1.272812,1.124425,0.039004
0.027386,3.350251,-0.701692,-1.595821,1.364834,-0.320826,-1.172262,-1.542063,-0.944261,1.622279
2.696742,-0.761338,-0.032407,-0.776044,-1.830552,-1.583842,-1.681306,-1.044822,-0.394574,-0.251310
0.610629,-0.479638,-0.819662,1.755612,-0.032778,-2.959879,-0.737175,-0.841087,-1.485446,-0.965551
6.763121,-1.673207,-2.350824,0.457770,-2.473151,2.480725,-0.345391,-2.883137,-0.028324,-0.315354
-3.621807,-1.865990,-0.085956,0.658733,-1.944721,-0.406779,0.303180,-0.862829,0.243480,-0.216980
-0.938108,3.488706,0.162788,-2.293542,-0.648546,1.557317,2.510818,2.091910,-1.084559,-0.526357
0.505202,-1.072601,1.748784,-0.288364,-0.420833,-2.653694,-1.706798,2.750724,1.151504,0.103173
-2.076538,-1.799470,0.923806,1.024063,0.260318,1.613360,-3.005883,0.607315,1.318855,0.844278
0.914082,-2.094071,0.090264,-1.522239,-0.415774,-2.355372,-0.926347,0.119977,-1.389327,-0.379638
-3.532099,-2.676274,0.730581,0.976895,-0.575734,1.608621,-0.943950,-0.284068,1.504296,0.469063
-3.644393,-2.176192,0.272482,0.421431,-1.860256,0.444586,0.077011,-0.714206,0.619578,-0.532632
-2.242953,-0.822765,-0.131002,0.671342,-0.097685,-0.314601,-0.365018,-0.925461,-1.482162,0.420637
-1.287918,-0.768386,-2.539311,-1.141898,-0.086445,-1.511484,0.709610,-0.015241,-0.107336,1.138605
-0.253198,-0.971532,2.542560,0.354384,1.739214,-3.688453,-0.180297,0.729082,0.941426,1.051750
-0.459653,-1.679011,-1.422530,0.143471,-0.817443,-1.739805,-0.643264,1.957462,-0.076814,-0.687252
1.735572,-1.077084,-2.402555,-2.268156,2.409291,0.455133,-1.968170,1.045166,-1.046271,-0.029083
0.429635,-0.338372,1.937068,-2.411872,1.484516,-0.018612,-1.891397,-0.983042,-1.434420,0.947232
3.398428,0.463027,3.500658,1.976263,1.701550,-2.648198,2.167528,-0.337122,1.868496,0.522981
0.537476,-1.040168,1.276014,1.579179,1.746407,1.388959,-0.713133,2.203665,-2.347692,-0.998941
3.387924,-3.219946,-3.776204,-2.380518,0.730796,1.578670,0.883464,0.436737,1.786227,-1.785834
4.049850,0.841666,0.973860,-0.585230,1.159946,-1.673152,0.283145,0.820354,-0.326848,-0.150193
-0.607854,-3.982468,-0.481212,-0.004242,-0.217348,-0.742850,0.557219,-0.599251,-0.261766,1.076478
0.228128,-2.854881,0.816048,1.592887,2.458099,1.150186,2.215587,-0.552506,0.766194,2.503228
0.521422,1.033654,3.530152,-1.899171,1.119194,1.975775,-0.695053,-2.474612,1.175485,-1.313431
-1.912387,-0.228691,1.388274,1.967188,-1.388884,-0.268931,-1.478197,0.084519,1.129878,-0.930890
0.017118,-2.576652,0.703100,2.068542,2.432696,2.387102,0.647736,0.863066,-0.897882,0.802590
5.428501,-1.246841,1.261091,-0.953708,-3.288334,0.287543,-0.335944,-2.016171,-0.647630,1.112313
1.281537,0.502154,0.503272,3.548330,-0.249259,-1.635028,0.430003,-1.197966,-0.735430,-0.726964
1.299267,2.177165,-0.265079,3.680393,-1.683010,1.374938,-2.254954,-0.540740,1.801597,-1.533813
3.624740,-1.648838,-2.366750,0.542500,-3.535039,3.059339,1.394892,-1.225769,-0.693380,0.905781
0.219426,1.718076,-2.938038,1.725784,-1.954387,0.650389,0.097651,2.008155,0.346678,-0.690873
-0.557478,1.483276,-1.020849,-2.776842,1.176034,-0.889144,1.919939,1.064013,0.332764,-1.485610
-0.283270,-1.597437,-0.242032,2.189259,3.398991,0.967052,2.865832,0.122096,1.468352,1.019176
-3.558904,-1.457779,0.040467,0.866773,-2.017869,-0.732424,0.624490,-1.136251,-0.518287,-0.586863
-2.599180,0.413629,0.152042,1.382165,-0.827183,-1.578192,-0.752120,0.190060,-1.032772,0.901094
-0.161131,3.801973,1.283035,-2.502801,2.115617,-0.861194,-0.253577,0.211570,1.584385,0.153363
0.883533,3.952819,0.065277,1.536150,0.753136,0.484025,-2.360582,-0.234487,-1.139085,1.020556
-0.110533,-0.801845,0.969201,-0.143265,0.659177,-2.870021,-1.351582,0.350917,1.425814,0.843402
-0.662803,-2.332709,0.420142,-0.839119,1.374127,0.997125,2.048417,2.625786,-1.581192,0.001967
-0.931307,0.711150,1.012529,1.562639,1.549882,-0.114907,-2.870553,-0.095893,-0.277585,0.817766
1.192078,3.503121,2.068900,0.455493,1.318702,0.080688,-0.538576,-0.271129,-1.148416,-1.395069
-0.012872,3.459797,-0.456740,-1.664879,1.840703,-0.715452,-1.468761,-0.602192,-0.597677,-0.750626
-3.200947,-1.452684,0.028820,-0.909623,0.391547,-1.655000,2.974232,-0.979470,0.283094,1.260985
2.091031,0.075902,-1.921187,0.388634,1.278791,-0.273457,-1.141134,-0.333855,-0.549720,-1.598162
-1.590900,2.615554,-1.506281,-0.491368,0.779636,-0.365327,0.427068,-0.928154,-0.923891,1.126113
-0.069770,-2.855436,1.621129,-2.597063,-0.352696,-1.018267,-1.922126,2.266738,1.049892,0.599615
-0.772369,-3.020195,0.733436,1.049165,-0.193302,0.207876,-1.013306,0.207019,0.316912,1.795246
3.483776,-1.353207,3.371278,-1.035255,-4.047061,-1.421811,-0.510984,0.359355,1.928530,0.807572
-0.150120,3.171887,-0.974058,2.291718,-0.747541,1.314376,0.362758,-0.888814,1.234373,-0.340049
-2.819706,-2.662273,0.471288,0.930119,-1.052752,1.219503,-2.306318,0.280736,1.062659,0.984965
0.453830,2.333282,0.933119,-0.667714,0.622544,-3.234945,-0.099075,-0.256034,-0.313812,-1.704442
-2.114275,2.802964,-0.372203,-1.368601,-0.230144,2.034596,2.767433,0.584439,-1.138173,-0.572651
0.603025,1.438542,2.145062,-0.253132,1.097950,-1.702754,1.417516,0.084098,2.766140,0.130587
2.952253,-2.821828,-0.007017,-3.058602,2.318449,-0.307803,-2.110057,2.233301,-1.848860,-1.210384
-1.203425,-1.709796,2.722933,-2.832327,1.064278,2.485862,-0.454032,0.645161,0.519597,1.192889
-0.003382,1.074412,0.950908,2.984645,0.748735,-2.754782,-0.198317,-0.661452,-0.926975,-0.733711
-3.525380,-1.049879,0.010589,0.171407,-2.453190,-1.027092,0.765508,-0.968572,-0.066791,0.155615
-2.271782,-1.102599,0.662520,-0.817438,-1.132813,-0.521687,-0.975461,0.614356,0.185188,1.220427
0.876866,-0.323267,-2.165783,-3.707063,2.411960,-0.296411,-1.810203,0.300548,-0.105343,1.144846
-1.916764,-1.020169,-0.631676,-1.449245,1.583072,-0.514452,0.787346,0.170344,0.180834,1.441783
-0.906687,1.315536,-0.374294,0.238647,0.308556,0.578355,-0.204359,-2.167611,0.241268,1.737249
-4.069757,-1.916659,0.700822,0.201583,-0.802371,0.366029,1.314332,-0.634805,1.210822,-0.010533
1.428612,1.284082,2.551789,-2.187800,0.033840,-1.120771,-0.708644,0.182614,1.020409,1.087621
-1.464566,-1.414948,1.914537,1.917914,1.262071,-1.660724,-0.402233,1.554872,1.167807,1.034495
-2.653955,-1.024793,-1.176578,-0.488327,0.382476,1.056873,0.966747,-1.263666,-1.612140,0.440116
2.514828,0.306052,-3.164193,1.650062,-0.974803,-0.348403,1.005641,0.299540,0.406500,-1.159381
0.021768,-2.889085,0.342856,2.539038,3.774885,1.506940,3.506006,1.700539,1.145507,0.293084
3.101849,-0.581838,4.366207,-1.401875,-2.731930,-1.220995,-1.048422,1.855399,1.161421,0.129890
0.400772,-1.110446,-0.502031,-3.802377,0.205165,-0.411065,-0.607717,1.853528,-0.316834,0.546288
1.634404,4.413635,-0.003560,-2.668325,-1.945249,0.576093,1.768901,1.250018,-0.522192,0.137680
-0.764582,0.213835,1.499073,1.989485,0.143525,-1.646889,-1.135699,-0.567339,-1.463817,0.544209
-1.368244,1.353122,0.012332,-0.736568,-3.035496,0.607684,0.152321,0.243989,-1.563070,-0.072366
-0.388518,-1.438133,-3.838772,-0.207398,1.519008,1.783384,-1.036223,0.652131,0.462052,-1.818592
3.042613,0.271666,4.294701,0.951118,-3.223963,-0.613888,-0.186742,0.879078,2.633225,1.397412
0.844194,-3.094570,-3.415152,-0.347931,0.710817,0.411191,-0.727524,1.743025,0.654727,-1.919835
-0.703131,-0.053110,1.559662,0.262688,-0.920435,1.043990,-0.420462,2.292147,0.200946,0.089640
-2.193303,0.893451,1.126205,-0.425506,-0.868488,3.060703,0.557254,-0.401737,-0.123972,-0.953971
-2.856626,1.245425,-0.915013,-0.866789,-0.809638,-0.913657,0.145419,-0.699044,0.118319,-0.050680
0.107504,2.869890,-2.348973,-0.602322,-1.525606,-1.429795,0.558379,2.782350,1.111613,1.132275
2.302171,-0.260202,0.620385,2.901087,1.628631,-2.849494,-0.315423,-2.492762,0.208956,-0.296441
1.058895,0.873726,0.593330,3.166892,1.055422,-1.344150,0.756185,-1.774229,-0.672516,-1.750272
-2.286341,-0.477926,-1.748825,0.552793,-1.083530,-1.014855,0.243127,-0.492235,-0.050331,1.597272
-0.281431,-4.643735,-1.450636,2.034654,2.042573,1.236640,2.535587,-0.320782,0.371983,0.798815
3.656162,-3.335994,-1.193404,0.152208,-3.299616,0.834046,1.020760,-1.367294,0.492628,1.826609
1.936395,0.374456,2.389966,3.057841,2.319560,-1.285623,1.222485,-1.176360,-0.499006,-0.941932
-1.791597,2.053195,-1.416502,-0.822873,0.350812,-1.229972,-1.105934,-0.084948,0.707049,1.222975
3.044551,0.746969,1.639921,1.427453,-4.069028,-0.002563,2.138439,-0.228440,2.404602,1.381121
1.579531,-2.294823,1.843539,0.269434,1.388486,0.646744,1.327126,1.696583,-0.762502,0.553865
-0.173633,2.912465,-1.532449,2.025722,1.108824,1.481383,-1.996964,1.805833,0.994993,1.877411
0.053327,3.263355,1.660223,-0.630408,0.702086,0.685985,-0.120167,-0.193696,-0.590953,-0.235855
3.422343,0.534313,-0.495984,0.252195,2.257937,-2.622703,2.006239,1.411178,0.194202,-0.395423
2.744181,-1.231932,-1.847580,0.553594,-2.226712,0.005657,0.111342,-1.078209,0.270136,-0.884466
1.699240,0.741121,-1.898278,-0.895941,3.592414,2.909667,-0.006960,-1.617724,1.548693,1.045903
1.545673,0.628693,1.619126,1.760311,1.781609,-1.741778,-0.635598,0.683099,2.506275,1.963915
2.156564,3.825237,-0.959809,-1.978687,-2.312842,0.324432,1.868015,1.443670,-0.522854,1.077486
0.266190,-1.042201,1.159714,-2.774392,1.794676,0.000537,-1.590029,2.464927,-0.948725,0.360353
-1.221329,1.008925,0.178236,1.454105,0.152428,2.042366,-2.212607,-0.942456,2.019938,-0.583318
3.198667,-1.204377,-2.065330,1.308098,1.519138,-0.692990,-0.466760,-2.064882,-0.285266,0.372208
2.215596,0.763942,2.641442,-3.148527,-1.289940,-0.710207,-0.008859,1.995116,-0.133237,-0.472650
-0.492425,1.560252,2.495698,-0.161240,-0.124049,-0.974508,0.203074,0.246257,1.725643,0.735283
5.030878,0.432655,4.066772,-0.464954,-3.562237,-0.525672,0.413995,0.323838,1.947431,1.370593
2.421118,-0.450825,-2.289371,-4.353343,0.919651,-1.391557,-0.960272,-0.402276,0.550786,0.628054
0.510052,-2.905459,1.489793,2.713102,3.736401,1.812930,1.091047,1.558393,0.384056,0.853638
0.707831,-2.660718,-1.787265,1.949544,-0.444969,-1.359263,0.937449,0.872972,-1.432812,-1.827255
-0.250888,-1.144303,-2.159635,-2.189620,2.674091,-1.096998,1.606161,-0.887562,0.698043,1.785202
4.145271,0.681679,-2.241349,0.251725,2.478092,2.049419,-1.131344,-2.071323,1.427338,-1.788667
2.617408,0.394968,0.540388,3.509416,0.338514,2.618979,1.913606,0.408723,0.800522,-0.035266
-0.310174,-2.078029,2.449855,-2.266765,0.754104,-0.137998,-0.618579,-0.880286,1.571229,0.880803
3.540570,-1.028500,2.824629,0.395213,-3.325048,-1.829259,-0.634473,-0.299166,-0.858234,0.006512
-0.595003,1.362744,1.550151,-0.968398,1.378533,1.533459,-1.318306,-2.696265,0.510233,-2.859486
-3.319248,-1.555430,0.234844,0.241410,-1.488390,-1.422560,1.447109,-1.419251,-0.584082,-0.350794
-1.002855,2.634292,-2.672942,1.627421,1.098924,0.545353,-2.467797,0.436964,0.735152,0.234647
0.979496,0.062668,3.021147,-2.470562,0.010821,0.326022,-0.214747,2.900455,0.502731,-0.697466
-0.964970,-0.450633,-2.393725,1.359058,1.246165,0.523398,0.829073,0.697891,2.697725,-0.863773
-0.119979,-0.084572,-1.575393,-1.170787,2.830708,0.337915,2.180497,-1.077903,-0.752674,1.120403
6.227253,-1.362532,0.635069,-1.554034,-3.391906,0.101580,0.486882,-1.634489,0.309064,0.898525
0.682234,0.724424,-0.094051,-3.481722,-0.153966,-1.274159,-0.631143,-0.983125,-1.145588,0.210394
-0.844905,0.500778,0.370417,1.999469,0.672893,-2.667624,-0.861309,-0.191636,-1.334623,-0.577887
5.043724,-0.635341,2.545593,-2.812536,-2.354640,-0.778503,-0.580535,0.631278,0.281242,0.117462
-1.425090,2.137328,-0.999390,-3.004845,1.192811,-1.840844,0.810266,-0.411823,0.987388,0.311124
1.971076,-0.198247,2.035893,-1.753722,-2.330455,-2.233171,-1.512967,0.897054,0.361611,0.397425
3.873171,-1.927923,-2.086676,1.163416,-3.056385,2.597928,-0.181066,-2.501358,-1.416694,0.330154
0.363790,-0.220771,3.473713,-1.662251,1.044087,1.543058,-1.498877,-1.744296,1.338333,-1.165361
1.972962,4.232478,1.077700,-1.628906,-2.830923,0.541068,0.729644,0.618319,0.041891,-0.393059
0.076046,-2.135794,-1.242651,-2.965990,1.989715,1.497743,-0.678206,1.902663,-1.914767,-0.158894
-3.566171,-1.145830,0.157133,0.036787,-1.409124,-1.573034,1.856999,-0.894363,-0.349564,0.610743
0.528647,3.130158,0.865443,1.421419,0.277755,2.341047,-0.721182,0.701224,0.235907,-1.341718
-0.228253,3.680646,1.367167,0.112881,2.051623,0.100008,-1.281216,-0.677263,-0.775665,-0.312840
-3.562203,-2.119935,0.462025,0.845724,-1.787422,-0.634773,0.850920,-0.904261,0.371393,-0.393979
0.182636,-2.156026,-0.578232,1.273577,-2.130783,-1.028803,0.100968,1.283189,-1.709099,-0.699309
-2.350940,1.276856,-0.497288,-2.172090,0.798693,-0.612959,0.820937,-0.642589,-0.636801,-0.019006
-0.051826,2.259531,2.168721,-0.424303,-2.286569,2.649994,1.223883,1.106495,0.685260,-1.071681
-0.557782,-1.267320,-1.614695,-3.118042,1.037542,-1.610296,-0.031761,1.651990,0.886731,0.241252
-0.828764,1.350606,-1.588666,0.453172,1.263841,-1.418351,-2.477196,0.515820,0.085777,0.001884
3.425232,-2.592211,-0.855831,0.047274,-0.926324,-0.518828,1.247930,0.393378,-0.380138,0.070773
-1.580464,2.316903,-1.064010,-0.824321,-1.102132,0.964429,0.719404,1.053582,-2.348983,0.373623
-2.314190,-3.765252,2.457226,-0.748466,1.191360,2.076056,-0.758902,0.180875,2.422583,0.485040
6.150774,-0.969986,3.872632,-0.473047,-1.605942,-1.722023,0.108447,-1.402166,2.585599,0.991959
-3.087754,-0.722667,-0.644758,0.384910,-1.199010,-1.811387,1.058154,-1.016658,-0.986647,1.086939
4.525436,-1.406049,-0.767914,3.126089,1.283600,0.037054,1.300451,-2.729186,1.001652,-0.857051
-0.550155,2.742524,-2.600384,0.183025,-1.008042,0.277081,-0.410142,0.113543,0.164463,1.951471
0.914434,-2.207144,-3.741958,0.708141,-0.910876,-0.700514,-0.139443,0.298278,-1.102644,-2.230525
0.088860,3.161663,-1.138249,0.781874,0.234087,-0.412929,0.089685,2.712987,0.004708,1.095015
-0.860076,-0.975581,-5.060213,-0.995916,0.091538,0.904280,0.871742,0.635062,2.030075,-0.641874
5.470618,-0.663712,1.223494,-0.472522,-1.123616,-0.478932,0.312750,-0.377400,-2.028963,-0.391044
-3.481913,-1.737975,1.304991,-1.469199,1.585775,1.593221,2.072459,-0.217847,1.661624,-0.332866
0.320390,-2.728729,-3.519394,-0.019669,0.210646,-2.274406,1.876309,0.880325,0.806839,-1.673581
-1.528013,2.689497,-1.309423,-0.908666,-1.606833,-1.293694,0.525531,-0.438458,-0.746594,0.999787
-3.949734,-1.718736,0.735344,0.290642,-0.582392,-0.076902,2.220930,-0.792346,0.653386,0.160966
-1.598054,1.478308,2.030934,-1.389251,-1.011086,0.572896,0.286495,0.800946,-0.063116,-2.372528
-1.733616,0.503418,1.498601,0.185875,-2.408856,-0.217705,-0.868385,-0.108428,0.461339,-0.976083
1.902839,0.139626,1.549237,3.130582,1.594429,-2.274677,0.293684,-2.321913,-0.013245,-0.502022
-0.276860,1.879829,-0.857458,2.212367,-1.132367,0.844708,-2.938311,1.608842,-0.750255,0.180275
-0.275479,-1.839996,1.918369,-1.411863,2.124310,0.335400,2.142689,1.450416,-0.255786,1.372311
-1.107284,-1.997146,-4.126125,0.193778,0.041836,-0.600305,-0.713305,0.403750,1.285560,-1.505159
3.248862,-1.321360,-0.204162,1.930737,-3.619221,1.191015,0.172240,-1.434630,-1.012016,0.829184
-2.639581,-2.332773,1.248016,0.195344,0.969012,3.144144,-2.339507,0.327464,1.003812,0.281555
5.221430,-0.096818,2.296125,-1.597684,-3.463188,-0.235845,1.178889,-0.311305,1.792693,1.032663
-0.837111,2.554839,-1.443355,-0.273705,1.208134,1.077178,-0.129997,-0.711448,1.177869,-0.254320
1.974587,-0.399507,-2.011523,-1.474523,3.882229,-1.270166,1.948732,-1.238004,3.155490,-0.544585
3.385653,-0.144812,4.713133,-0.878759,1.903214,-0.740481,0.062699,3.596639,2.561904,-0.133032
6.398847,0.127752,-0.397799,0.042349,-3.820715,2.775986,2.458432,-1.196867,1.754373,1.087327
-1.046264,-0.085129,-2.736727,0.538925,-1.644831,-1.339015,0.172206,0.603721,0.555326,-1.647664
-1.484028,0.170380,1.267895,1.794955,0.925428,-2.774027,0.471643,-0.147884,-1.194380,-0.045185
0.562700,4.441324,-1.877555,-0.852886,-1.626565,0.596779,0.866705,3.181583,0.060609,1.838955
5.661600,-1.031240,-1.034429,0.378623,-0.708820,0.522607,-0.943062,-1.384931,-1.624047,-1.005717
-0.516406,-0.397894,-1.308394,-0.554334,2.712643,1.613518,-0.705454,-1.622138,-0.531739,-0.171862
0.871014,-0.813671,-1.113499,-0.571723,0.047016,1.634549,-1.342220,0.055958,0.397926,-0.585203
-0.815182,2.844462,1.599106,-1.052228,-1.154111,2.980879,1.276158,-0.362857,0.184711,-1.883574
-1.122319,-0.522874,-2.362455,0.142297,0.537292,-1.539245,1.504720,-1.183040,1.327618,0.706547
-2.192563,-0.411362,-0.164260,-0.483949,1.127809,0.345417,1.048976,-0.956897,-0.821420,-0.331737
1.545842,1.967359,-0.282682,1.359296,2.072598,-2.821985,-0.372191,-0.792792,2.675502,1.834095
-1.099053,-1.886524,-2.158689,0.485631,0.898421,1.543062,2.872333,0.109337,-1.132958,-1.043883
-1.834109,2.060612,-0.578502,-1.110331,-0.104083,-1.042283,-0.967833,0.160471,0.569681,0.369312
2.400516,-1.743080,-2.882626,-2.980364,2.392125,0.025006,-1.019683,0.863782,2.302915,-2.024902
-0.788334,-0.335149,-3.015372,0.563075,-0.985210,-1.717375,-1.250460,-0.021466,-1.576021,-0.675345
0.672286,0.431754,0.369053,0.608962,2.535046,-0.571927,1.980121,0.189233,1.382282,-0.007332
1.374465,3.069884,2.677137,0.804758,-0.626384,0.119698,0.237237,0.241277,-1.444833,-0.419930
1.952251,4.698246,-0.248287,-3.035492,-0.222296,0.799771,3.422935,1.429149,0.264355,-0.376604
1.043555,-2.108754,-0.255566,2.712463,3.813747,2.440651,1.598803,1.818148,0.599446,1.435288
-1.551654,2.598408,-0.887931,-1.601117,1.403688,-0.935538,0.702025,-1.675695,-0.217303,1.458761
-1.323408,-3.240983,0.692312,2.583964,2.830108,0.509242,2.123290,0.169310,0.017732,0.435318
1.674275,3.705410,-0.751540,1.993744,0.593770,-0.483729,-1.736084,-0.311221,0.522955,1.161891
-2.880229,-0.483319,1.548791,1.478576,0.871622,0.256417,-0.628873,0.682034,0.808041,-0.964877
-1.072742,0.135585,1.892324,0.189970,-1.223472,-1.134896,-0.840944,1.208807,0.770893,-0.672372
1.536649,-0.324388,3.272949,2.839735,1.875232,-2.809582,1.346848,-1.252531,0.365371,-0.618749
0.238255,-3.801275,-2.892187,-0.601549,0.633439,0.117655,-0.049049,2.297115,0.841495,-0.491521
-0.415932,4.052524,0.579799,-2.418283,-1.538428,1.004709,1.658206,2.023932,-0.430257,-0.313982
0.321644,3.080902,1.134061,0.184715,1.607025,-0.688065,-2.558825,0.616393,-1.027499,0.609855
0.115186,-0.904859,1.917480,1.671832,0.396805,-3.822261,0.936978,0.439319,0.091548,0.571854
2.741604,1.508934,2.979834,-0.202076,2.170998,1.360805,0.136931,-1.339970,0.812628,1.262332
-2.091235,0.894054,0.658989,1.668090,-1.889510,0.152498,-0.864035,-0.223257,0.261817,-0.697400
6.413175,-2.115592,-0.965384,-0.426663,-3.079325,1.764189,0.727627,-2.941983,-1.030284,0.741434
-1.870252,0.118180,2.095238,1.868259,0.327459,-2.335627,0.506272,1.274635,-0.443706,0.446037
3.146911,-0.516347,-1.887971,-2.311502,-0.200093,-0.632345,-1.181878,-0.831764,0.244053,-0.674261
0.947279,0.246986,1.898905,-2.305042,0.264383,-1.832895,-1.611913,1.991044,1.868173,0.187698
-0.906002,-1.405919,2.142521,-2.248047,0.205521,0.901384,-1.282476,-0.659556,-0.491482,0.803652
0.043419,3.066088,1.003309,-3.133871,1.397158,0.653724,0.654783,-0.236893,-0.402753,-1.988194
4.520245,-2.112481,0.487652,-0.998818,-4.028651,-0.056993,-0.406779,-1.728890,-0.745536,0.969566
-3.709882,-1.397843,-0.261573,0.932355,-2.084280,0.517202,-0.496079,-0.322930,0.540599,-0.328072
-2.109237,1.779493,-0.663156,0.417690,0.283021,-0.691756,-1.016107,-0.778898,-1.026688,-1.040544
0.559518,0.135807,0.552469,1.891189,-2.615712,-0.308594,-0.305375,-0.805316,-1.817959,-0.660982
-2.191883,1.301056,1.642325,-0.643116,1.391191,0.144349,-0.952368,-0.577830,1.114617,-2.829077
-3.468984,-1.039941,-0.007252,0.828605,-2.407105,-0.968940,0.502566,-0.879287,-0.726394,-0.473628
0.001549,1.154632,3.276308,-0.532358,0.316996,-0.784166,-1.424103,-0.038081,0.792715,0.459249
0.434513,-1.299897,0.524890,-1.673270,2.282253,0.094706,-1.829948,-1.316107,-1.586750,1.328208
1.170353,1.367116,1.310690,1.251629,3.867889,-3.128634,1.668996,-0.220867,-1.950648,-0.805427
1.880796,0.209501,-0.151626,3.330007,0.506342,-0.277291,0.962184,1.071203,2.546168,-0.462411
-0.618179,-2.935039,-0.070656,2.709238,2.107007,2.110705,1.199012,-0.076638,-0.827913,1.388366
-2.029869,-0.203929,0.260046,-2.482008,-0.677192,0.006230,0.641189,0.528562,-1.170535,-0.475110
1.556749,2.951077,3.620057,-2.213470,1.730056,1.391683,0.544045,-0.863632,2.249592,-1.751628
1.297596,2.125301,-2.126025,0.748596,-3.259420,0.174750,-0.173886,0.147707,1.450756,0.353857
-0.896146,-0.630271,-0.612334,0.963314,1.077646,-3.079067,-0.085706,0.337574,-0.116144,-0.355370
-1.406879,0.186003,2.232577,-0.062776,1.886069,-0.381769,-0.370688,0.706327,3.443724,-1.142651
-1.599743,2.619805,0.925884,-1.409923,1.633010,2.084469,2.147005,0.105961,1.000449,-0.735154
3.785936,2.742045,-0.743511,-2.876786,-0.850964,-1.710893,0.359547,0.045186,1.494591,-0.048157
-2.861679,-0.378676,-0.419557,0.204539,-0.615687,-1.915461,1.317467,-1.111709,-1.137540,0.818449
2.218270,-0.548201,-1.415869,-4.190883,1.338801,1.758507,1.856020,2.105243,-1.451592,0.784159
0.058427,1.644083,-2.230885,1.287064,-3.010635,-0.238201,-0.124270,1.777448,1.181388,-0.080238
-3.961423,-1.833950,0.279106,0.034389,-1.205004,1.086154,0.518023,-0.502526,1.220762,-0.507158
-3.340959,-1.136803,-0.317742,0.513804,-1.919761,-1.398118,1.505500,-0.716585,-1.132623,0.265548
-0.940782,0.182457,1.672172,-0.673402,-1.064035,-1.271855,-1.411208,1.161528,0.122202,0.620266
0.808505,-0.466730,0.348063,-2.303923,0.273073,-1.992626,0.005818,-0.359734,-0.746915,0.827217
-1.082799,1.592754,2.332412,-1.598647,-2.136441,0.230053,0.434094,1.684425,0.299232,-2.576837
-0.186910,3.901600,0.415663,-0.060794,1.638604,0.740327,-1.408279,-0.790970,-0.837686,0.074687
-1.242312,2.027157,2.418108,-1.918758,1.164166,0.946267,-0.377152,-0.675028,2.107646,-1.634966
1.520331,-0.643332,-4.202577,-0.406699,1.282035,0.986237,-0.560192,-1.596381,1.226140,-1.903574
-3.592943,-2.333702,1.137055,0.418447,-0.263932,2.279708,-0.484858,-0.137263,1.444232,-0.225208
1.280813,1.000324,-0.919993,3.279478,-0.503908,3.219659,-1.965286,1.021036,2.195634,-0.228056
-1.228175,-1.678013,0.891510,0.669339,0.379070,-2.577758,-0.620808,0.397072,0.730506,1.565667
-1.967022,2.436281,0.915391,-1.968823,1.297021,-0.591317,0.704240,-1.501136,0.752664,-1.000315
-1.424440,2.690403,0.259801,-0.399447,1.166999,-0.632698,0.029227,-0.461909,-1.104777,0.503101
-2.122050,-0.695633,0.740142,0.111882,-0.365335,2.482431,-1.407440,-1.267141,-1.030396,0.174322
2.584339,-1.806749,-3.512629,-2.217425,0.422256,-0.515012,-0.027594,0.104196,-0.280031,-1.466316
-3.642920,-1.621962,1.119522,-0.854032,1.541755,1.984866,1.363515,-0.203741,1.445794,-0.431564
-0.563803,-0.389104,-1.848167,0.618358,0.676219,1.736694,-1.494887,-1.066235,-0.405673,0.579948
-1.664918,0.740724,1.061291,-0.605642,0.545749,1.665462,-1.396380,-2.245042,-0.189145,-1.386778
-3.515640,-2.016228,-0.482795,-0.531216,-0.518345,0.165292,1.494714,-0.649006,0.175955,0.272490
0.036055,3.214494,1.879572,-1.859614,-1.340052,3.416851,1.781831,-0.343311,0.416624,-1.701935
-3.193568,-0.710825,-0.478964,0.602966,-2.031772,-1.583153,0.620444,-0.882704,-1.197762,0.631389
1.050903,3.037859,-0.819907,-1.644407,-2.217008,0.244014,2.649364,2.564496,-0.495970,0.234535
1.958879,1.938040,-0.021356,4.370651,0.087641,-0.113710,1.565207,-0.961948,0.301558,-1.667321
4.679958,-3.022316,-1.863884,2.453581,-3.013676,2.221181,0.833415,-0.823907,-0.744714,0.564967
-2.845215,1.352212,-0.782591,-0.689580,-0.626222,-0.702377,-0.077244,-0.804113,-0.463763,0.500423
-1.114982,0.317721,2.167338,-3.657656,-0.297860,-0.910720,-0.174553,0.615671,1.501490,-0.972287
-0.006840,-1.007854,-3.516769,0.258016,-1.033247,-0.423167,-0.779967,-0.324131,-1.357257,-1.059955
-0.217717,-1.110451,1.111115,1.303126,0.362550,0.780690,0.713437,0.990011,-3.626874,-0.310691
-0.865156,0.008162,-2.452968,2.313733,0.392091,0.151656,-0.240589,0.779167,0.876714,1.325704
1.170186,0.397888,-2.445700,1.829955,-0.304491,0.626216,0.029343,2.108704,-0.712480,-0.319850
3.646611,2.981029,0.279514,3.008363,1.864123,-1.919891,1.868458,-0.836412,-0.670146,-0.811537
-1.859972,-0.445674,-0.237768,-2.086821,1.551046,1.102157,1.707657,-1.611264,0.447316,-0.116387
0.103948,-0.706148,-2.448648,-0.063820,2.808051,1.351858,-0.431173,-1.563186,0.530175,1.450936
0.214810,2.105141,-1.594826,1.811525,0.139336,0.174110,-3.480974,1.250604,0.392736,-0.836086
-2.310232,1.956269,-0.606394,-1.076584,0.668144,-1.442933,-0.718175,0.000361,1.925444,1.331707
-3.527228,-1.747151,0.113786,1.162587,-2.172235,-0.354883,0.186064,-0.774239,0.190188,-0.282072
-3.600815,-2.664172,1.048130,0.049082,0.363945,2.406472,-0.295135,-0.286830,1.967702,0.067707
-0.695264,3.080027,-0.241873,0.516144,0.929305,0.961845,-1.129844,0.079710,-0.286029,-0.096398
0.110270,-2.702360,-4.037908,-1.836244,1.742066,1.401006,0.047895,0.496646,-0.515634,-0.225567
-0.095286,0.689707,-1.569112,1.471419,-3.947971,-0.551906,-1.152109,0.532287,0.442436,0.520851
-1.431720,2.741102,-0.008406,-2.012628,1.672138,-0.527987,0.841309,-0.476025,-1.312532,-1.377380
-2.204303,-2.457285,0.746299,-1.989479,-1.800683,-0.825638,0.243236,0.412363,-0.287603,1.217895
3.832400,0.092730,1.390632,3.323032,2.384986,-3.511530,2.600527,-1.134105,0.616713,-0.380513
2.280413,0.555035,1.964527,0.388717,-0.034337,-1.245030,-0.134336,1.472281,-2.180946,-0.630557
0.793720,0.105404,-0.705828,4.531339,-0.010986,0.335801,0.338328,-1.964188,-0.154842,-0.690261
-3.381558,-2.294424,1.028011,0.716679,-0.327894,2.309947,-1.213415,-0.189570,1.104419,-0.037932
-2.022697,0.392867,1.903405,-1.003525,-0.412932,1.025281,-0.715589,0.129684,0.965522,-1.432716
0.783292,-1.004640,-0.151598,-2.527691,-0.517783,0.021479,-0.526434,2.632895,-1.910888,-0.480785
-0.063753,-2.813903,-0.513051,1.624680,2.318096,1.844874,3.512456,1.092549,-0.809479,0.938120
-0.753891,1.805500,2.519546,1.468234,1.984150,2.364360,-1.150622,1.758135,1.643795,1.141840
3.616307,0.064494,-2.580993,0.516318,-1.506710,1.242956,1.009082,-2.515901,0.401641,-1.176042
-3.029081,-0.198378,-0.920584,0.928887,-2.834644,-1.074925,-0.417672,-0.212466,-1.509700,0.499992
-1.919246,0.193083,-1.267358,0.003755,0.062735,-1.277054,-0.905555,-0.506154,0.170816,0.200922
0.201667,1.577163,-1.636679,0.734437,1.170721,1.993976,-0.001884,-2.175398,-0.282062,0.006177
1.340040,-0.998754,3.016870,-1.041821,-1.021461,-1.557110,-1.017697,1.604572,-1.126033,-0.409625
0.207033,3.468727,1.921499,-2.081882,-1.930579,-0.153303,0.492873,0.424233,-0.456491,-2.180620
1.863696,-1.356611,1.975199,-2.104179,-1.480072,-1.196060,0.355090,2.956642,-0.061735,0.792607
1.221168,-0.879542,1.158515,-3.052813,-0.687645,-2.216082,-0.464797,1.622101,-0.755160,0.102086
2.572778,-0.227330,0.738308,1.250512,-0.357467,-1.746450,0.766474,0.048115,-0.680199,-0.852095
-0.443772,-1.968246,-1.142857,-2.361485,1.077949,-0.430435,-0.758255,1.498115,-1.209912,0.166988
-3.418381,-0.740020,-0.261654,0.201907,-1.802981,-1.665697,1.222464,-0.581017,-0.820898,0.847232
1.110233,4.556256,0.692173,0.861386,0.780689,0.122539,-0.946919,-0.696208,-1.578754,0.352668
0.034697,-1.450623,-1.567467,0.192289,0.765615,-0.912984,-2.561597,-0.883974,-0.335119,-1.197261
0.502401,-2.192314,-0.877818,-0.507331,0.450518,-2.379032,0.118927,1.395027,-2.265112,-1.000556
0.451901,-0.932110,1.995173,0.484756,-0.186503,-2.727211,-1.112280,0.969066,0.477811,0.010878
0.126249,0.159817,1.760926,0.863288,1.453486,1.940102,0.059230,0.839658,-0.094970,-0.510819
-0.588274,-1.887860,-1.501966,0.118142,0.455388,-1.806202,-0.292871,0.577422,0.477297,0.390405
-0.168589,1.750350,-2.122987,0.277583,2.454968,0.601167,-0.438914,1.474170,1.184929,1.116867
-1.735353,0.566244,0.058474,2.181942,0.262380,-0.557362,1.676269,-0.983722,2.259441,1.908150
1.630013,-2.704607,-2.994680,-0.543588,-0.132362,-1.392471,-0.374597,0.337455,-1.297720,-1.413919
2.622326,-1.509385,2.160743,-3.373733,-0.244136,-1.001696,-0.430573,2.914401,0.253008,0.360996
0.028787,1.718189,2.629209,2.153432,0.485605,2.377575,-2.234604,-0.623113,0.388956,-0.422443
-0.367457,1.543755,-1.371272,1.044856,1.046450,-1.440027,-1.950053,-1.743266,-1.259337,1.250528
-0.560231,0.237225,0.653909,2.799329,0.511923,-0.701974,2.298837,0.106534,1.136711,0.748297
1.389485,3.819147,-2.456267,-0.749673,0.811485,-1.737368,0.575564,0.466122,2.190200,1.432013
-0.485171,0.284382,1.141326,-1.809167,-1.195690,0.367159,-0.801753,-0.196523,2.121423,-1.998205
-1.164688,-0.129391,2.673548,2.122772,1.251151,-2.483428,0.018720,0.920716,0.095230,0.556539
0.548699,-1.077707,2.729458,-3.070974,1.506123,1.296795,0.279233,-2.112727,0.916700,-0.826604
-0.570438,2.304614,-0.565139,0.227645,-0.201421,0.049607,0.714008,-0.412839,-0.709354,-2.892153
-3.251847,-2.577134,0.515014,0.474923,-0.670905,1.941146,-1.445321,-0.153491,1.211422,0.016992
-1.571726,-1.620976,-3.659651,-1.081107,0.828257,0.043512,-0.179840,0.953161,-0.015696,0.668190
-0.938237,2.884493,0.713894,-1.892210,-2.422352,0.857059,0.997296,1.416572,-0.576452,-1.334468
-3.811897,-0.866744,-0.362440,0.463585,-2.257637,-0.363762,0.534064,-0.529195,-0.026931,0.098880
1.554982,0.495088,-0.886980,-2.052938,3.048141,2.728434,-0.342726,-2.278095,0.550942,0.953914
2.433063,-1.866305,-2.353999,-3.809472,2.612796,0.946667,0.103193,1.467386,-0.432912,-1.207862
-3.322950,-2.400593,0.146082,0.093165,-1.037142,-1.218717,0.818876,-1.288880,0.680970,0.174014
2.382575,-3.384926,-0.619829,-2.355364,2.334002,-0.514501,-0.717225,2.613287,-1.318480,-0.753082
0.839613,2.861195,2.443258,-1.477090,0.047305,2.879971,0.377837,-1.144189,0.559288,-1.259565
-0.561648,-0.787597,-3.571630,1.071116,1.647818,-0.868866,1.536235,-0.209004,0.621594,-0.275746
4.709094,-0.434275,2.843150,-1.806144,-1.902544,-1.268615,-0.955864,-0.207057,-0.664873,0.015172
5.739279,-0.870571,2.109521,-1.157767,-2.805225,-1.871588,-0.865267,-0.776918,-1.195960,0.233090
-3.695636,-2.384799,0.910791,0.130782,-1.090930,-0.306876,1.500527,-1.004699,0.962647,-0.298458
-3.724419,-1.441172,-0.027083,0.693214,-2.146657,-0.248550,0.535939,-0.653093,0.066998,-0.291056
3.875904,-0.247985,1.464210,-0.991889,-2.003806,-0.256345,-0.761772,0.645930,-1.599327,-0.374316
-0.413936,-3.629099,-1.485338,1.284387,-0.191211,-1.401208,0.667517,0.635668,0.836032,-0.196350
1.741190,0.711919,-0.345692,-3.328332,-0.526054,-0.635706,-0.928411,-0.017179,0.630683,0.779860
-2.076894,2.443647,-2.220873,0.301346,1.190827,0.352202,-0.867709,1.020457,0.533298,1.016347
1.427330,1.344923,3.162113,2.143712,1.437705,-3.617400,1.584399,-0.274262,-0.823929,-0.682276
5.694896,-0.354914,-1.808707,0.355591,-1.436015,0.930445,2.349201,-2.282300,0.820597,-0.715069
-0.066739,-3.025774,-0.163813,0.071163,-1.392729,-1.506676,0.973702,2.600273,0.305512,-1.303821
0.647658,0.909001,1.868587,2.323067,-0.093199,-0.552880,0.012115,1.634318,1.397594,1.335402
1.368350,-0.495055,1.177541,1.336360,-1.419578,-2.255609,1.077739,0.048150,-0.746886,-1.174651
1.438207,-0.400528,-2.881007,2.898384,-0.085651,0.127550,0.528574,-1.130214,0.680735,-0.829278
0.052561,-2.959553,-3.290882,-1.181959,0.626180,-1.468089,0.098717,1.769819,-0.078192,-0.124455
-0.070062,-2.011960,-1.495758,0.007509,0.898620,3.079257,1.417216,-1.101603,0.282807,0.987345
3.997628,-1.435378,-0.370319,0.259988,-3.987319,1.641322,1.210309,-0.808430,0.825635,2.617109
-1.384852,2.511835,-0.596974,-0.145094,-2.325449,-0.295008,0.308857,2.206040,-1.353814,-0.646680
1.780269,-1.631909,-3.416075,-0.533918,0.817205,-0.094938,-2.508460,-1.868755,-0.155113,-1.886648
1.727550,-2.207511,-4.099906,-1.583684,0.480243,1.178442,-0.915991,0.287999,0.811272,-3.519879
-2.176179,-0.887914,-1.416249,-1.273678,-0.713590,-1.253309,1.439358,0.496302,-1.612076,-0.197933
1.620108,1.672968,-0.393943,2.506512,-0.956040,1.550507,-2.891200,1.067382,1.458060,-0.902790
-0.616268,-1.561848,2.152166,0.399726,-2.318780,-0.164927,-0.277620,1.644008,1.660672,0.493374
2.858878,0.612952,-0.255667,0.248811,2.040435,0.485794,-2.104341,0.075530,1.345650,1.386785
-0.891089,2.375418,-0.791204,0.524438,0.474306,-0.585125,-1.438858,-0.594650,-0.865023,1.544579
0.272841,2.850847,-1.157417,1.757093,-0.573349,1.246281,-2.107694,1.262347,-0.642438,1.086048
2.719329,-0.782529,-0.807601,0.957186,-3.394238,0.775575,-0.722526,1.340169,-2.251620,-0.015961
-1.564061,1.415611,0.907073,-3.447311,1.595572,-0.716776,1.749845,-0.125198,1.103876,-1.779890
-1.095139,2.606514,0.223486,-1.229437,0.523915,-0.454560,-1.444946,-0.930021,-1.219770,-1.193444
-2.302069,-0.198815,1.915479,-2.676282,1.446064,1.470694,2.454375,-0.475972,1.572236,-0.921880
6.094469,-1.154964,-0.743187,-0.486634,-2.475303,1.659270,-0.304230,-2.519421,0.658974,-0.031629
-2.993087,-0.100120,1.201897,-2.683095,0.481810,-0.064656,0.220606,0.758315,2.553761,-2.115828
-1.963101,-0.185162,-2.483586,0.073176,0.485984,-0.335679,0.776772,-1.638499,0.318562,0.843525
-0.865572,3.335255,-2.339863,-0.953492,-0.194110,-0.374529,0.850475,2.572172,0.605969,2.433525
-1.207884,2.541881,1.399462,-1.569012,1.022029,0.293465,-0.770056,-0.948423,-0.156773,-1.948943
5.114404,-1.361791,-3.043885,-1.579264,0.315125,1.899434,-0.492243,-1.425678,1.202922,-1.473081
-0.461594,0.440615,-1.328937,0.097406,-0.016096,3.072008,0.516808,-0.229313,-2.154781,-1.827721
-0.306931,-0.260969,0.237109,-2.580496,-1.306396,-1.199643,-1.119962,-2.570646,-1.214997,0.935722
0.286842,-0.258948,2.017437,1.934627,1.874777,-3.863086,0.894943,-0.861160,-0.200369,0.883203
-1.268785,3.089700,-0.061117,-2.764071,1.964339,-1.010919,0.908795,-0.487697,-0.199297,-0.070152
2.851711,-1.824702,-3.366253,0.894669,-2.701456,2.204209,0.694583,0.086458,-0.886165,-0.429710
0.121408,2.543903,-2.041392,0.933864,-0.189080,0.706066,-1.198968,0.503641,2.799574,-0.742510
-1.041651,-3.646975,-0.254133,1.768016,1.564720,1.444251,1.901522,0.175280,0.145494,0.447645
0.593005,0.927082,-4.412879,-0.961855,0.156335,-0.355784,0.645940,-0.371458,-0.598038,0.634413
2.507229,3.708382,-0.295953,2.517710,1.526562,1.802078,-2.698003,0.531582,1.511510,0.544277
-0.348703,3.498061,1.952866,-0.644961,-1.073031,1.321370,0.432795,-1.618241,-0.509209,-1.249254
2.780058,-1.982038,0.046410,-0.746597,1.306679,-2.377635,-0.875297,-0.902773,-0.548655,0.184641
0.525862,2.190185,0.418609,0.233060,0.371520,2.001534,0.695001,0.390309,-0.768438,-0.697942
0.564480,3.727629,1.884730,-2.275416,-2.053753,0.569662,1.489487,0.563399,-0.425963,-2.066879
-3.210176,-0.763509,-0.247762,0.656023,-1.635093,-1.476821,0.740967,-1.270426,-0.896344,0.260878
1.567088,-0.957185,0.058307,-3.252092,-0.262031,-2.373852,-1.496657,0.140558,0.335855,-0.171160
3.427421,-2.179438,-2.265671,0.075319,-0.770985,-0.984684,3.092705,0.708543,0.232350,-2.311416
3.606012,-0.966850,-1.309489,-1.072673,-3.996079,1.132407,-0.861863,-2.788146,0.083850,1.766965
-0.647424,3.906242,0.112394,-1.990097,-1.473836,0.411896,1.411220,0.598852,-1.387434,-0.317953
1.198334,3.213343,-0.025370,0.314393,0.285718,0.766707,-0.697145,-0.833699,-1.004061,2.593300
6.021964,-1.522189,-0.060643,2.092955,-2.600519,2.005268,2.116666,-2.316850,-0.208289,2.059170
0.582789,0.023648,2.236669,-3.047152,2.261902,1.397782,-0.036168,-2.345557,-1.579133,0.159539
-1.050562,1.422712,1.479730,-2.207996,-1.865082,-0.659119,-0.440379,-1.587305,0.256089,-0.511353
0.562013,-0.913404,2.286852,2.368113,1.157676,2.337516,-0.474931,1.306555,-2.479686,-0.948865
1.919869,1.767166,-0.080817,4.144913,-1.696931,0.386311,1.452328,0.701714,-0.279260,-0.745598
-0.303372,3.048677,0.403184,-1.005875,-0.278067,-0.998988,0.228899,-0.081188,-2.128571,-0.112171
-0.955125,-1.590623,-2.677449,-1.694634,-0.038273,0.369121,-1.408935,1.146642,-1.499948,0.473969
4.665741,-1.096704,2.824113,-0.639340,-3.655791,-1.089040,0.037587,-0.646004,0.762945,0.921579
-1.532820,2.678538,-1.220803,-1.592249,-1.178387,-1.277836,1.111480,1.852041,-0.008275,0.110557
-0.430233,1.551332,-1.287395,0.693306,1.736728,2.172381,3.806806,1.278858,-0.304709,0.703529
-2.766382,-2.481886,1.151975,0.940990,0.263943,2.681031,-2.270984,0.202104,0.963161,0.782782
0.871760,2.243214,1.711488,4.473070,1.573919,-0.737538,0.560403,-0.674341,-0.674771,-0.897925
-0.514226,3.107984,-0.334673,-0.501944,-2.668999,-0.273449,1.640049,2.320595,-0.652602,0.059932
1.791264,-1.712916,0.952321,1.108567,1.124183,-2.330286,2.730549,1.592873,-0.180409,0.648273
0.448814,2.826788,-1.145078,2.083033,0.457988,1.045053,-2.611899,0.902811,-0.597393,1.077019
5.126513,-1.137840,2.678058,-2.022599,1.602904,-2.004322,0.619503,1.342487,-0.529028,-0.322378
-0.255310,1.839568,3.086200,-1.964737,-0.702128,1.909462,0.469098,-0.026626,0.379229,-1.487240
-3.224643,-0.585862,-0.412022,0.701289,-2.288123,-1.260899,0.174018,-0.723313,-1.373664,-0.181995
2.034803,0.042275,1.719484,0.370919,-4.195043,0.738148,0.714213,0.860849,1.812860,1.584133
-0.766117,1.557346,0.362995,1.190149,-1.167393,-1.061426,-0.653434,1.454281,-0.112711,-2.702500
3.741841,4.015878,2.209215,0.875819,1.743739,-0.817488,-0.058893,-0.797706,-0.663550,0.796044
0.281093,-1.023842,1.102400,-2.726374,1.049791,0.198242,-1.209589,2.264550,-1.061013,-0.147834
-1.798299,1.464919,0.786031,2.124272,0.391687,-1.391639,-0.205072,0.358870,-1.595136,-0.989109
0.864086,3.034235,0.687920,0.468020,0.611314,-1.491966,-1.799591,0.424826,-0.800679,1.022739
-0.068009,4.520880,-1.353429,-0.672456,2.055402,-0.295458,-0.383849,0.235258,0.547379,1.816357
0.403999,-2.279984,-0.882497,0.417290,-1.906065,-2.363777,0.912265,0.698597,-0.754461,-1.801679
1.055337,-0.349269,1.099282,3.472345,1.794430,2.835044,1.294955,2.360585,-1.430693,0.182054
1.195811,1.220178,2.142427,2.832819,1.402373,-2.238393,1.224637,-1.701968,-0.756316,-1.238306
6.823097,-0.207237,4.738131,-0.998216,2.138135,0.892433,0.891636,0.494074,4.581700,1.045494
-2.447768,-1.355833,-1.157423,-1.242085,-0.964039,-0.165571,-0.052128,-0.735950,-1.042917,1.104345
-0.643723,3.448949,-0.007111,-1.930057,-1.339053,1.534091,1.863880,1.923994,-1.755819,-0.371050
4.261234,-1.877762,-1.815995,2.928915,-2.163290,2.293234,3.497239,0.562890,0.440845,0.590511
0.597178,4.075985,1.564102,1.132082,0.511481,-0.172275,-1.295010,-1.232460,-0.943872,-0.587216
1.532804,3.867770,0.780561,-0.832028,1.866892,0.049058,-0.675500,-0.703809,-1.547260,-0.943665
1.433353,-1.796776,-3.487352,1.037833,2.258463,0.426693,0.013711,-0.480719,1.481965,-1.193259
0.156508,2.996500,-1.917408,0.143691,-2.424301,-0.489683,-0.436512,1.674698,0.533268,1.057421
5.509892,-0.701788,5.706716,-0.915200,-1.764105,-0.913879,-0.567463,1.307272,0.796625,0.182659
1.793216,-3.674461,-3.446501,-0.609807,1.145798,0.220751,-1.580200,1.810661,1.672037,-2.554986
0.153123,-2.984178,-1.821790,-1.204129,-0.239222,-1.162049,-0.240709,2.764054,-0.630993,-1.088364
-1.001660,-3.270958,1.686497,2.088879,1.302529,0.735744,1.182160,-0.128722,0.967975,2.453535
-3.495807,-0.934617,-1.018234,-0.138596,-1.252993,0.116680,1.544882,-1.192973,0.316484,0.710542
1.684401,-2.133722,-3.154467,1.011406,-1.165668,0.317091,-1.244883,0.141942,-0.383327,-2.427216
-1.119404,-1.038213,-1.990906,0.587700,-0.571912,0.368450,-1.519151,0.661150,-0.200882,-0.026433
5.455205,-1.902752,1.054702,1.075375,-2.903383,0.538874,1.630899,-1.957675,-0.998787,2.056314
-0.210958,2.027214,-1.990860,1.168073,-0.426004,0.317375,-2.841712,1.065968,0.236970,0.130863
0.799151,-3.132154,1.716669,-0.036183,2.265114,0.036861,0.098646,3.132652,-0.968245,0.324832
-3.352143,-0.894682,-0.105641,0.795732,-2.247060,-1.188780,0.732425,-0.845864,-1.067358,-0.383160
-0.368038,2.687041,-2.962508,-0.257863,-0.813328,-0.528191,0.319564,0.618863,-0.954356,2.292933
0.587675,4.801969,-0.660834,-1.849206,-1.529455,1.269026,1.339035,0.205859,-0.925131,0.823992
6.840637,-2.064161,-1.199733,0.566588,-3.216040,2.575142,0.764719,-2.657876,-0.527214,0.564355
1.100441,0.680682,0.542199,3.573623,0.517559,-1.181033,0.601099,-2.824308,-0.666933,-0.534265
-0.567429,-1.988959,0.024003,-1.220918,0.118205,0.101767,0.785896,3.759061,-0.489867,-0.974614
-2.407511,-1.242003,-0.178075,-0.477503,0.803246,1.163899,-0.546167,-0.738319,1.185742,-1.445493
-0.193979,-0.675294,2.605930,1.808371,1.455774,-0.940309,0.891239,-0.127817,2.869208,0.966989
-3.153679,-0.753765,-0.017942,-0.598196,-1.184423,-2.051965,1.720379,-1.729323,-0.526086,0.638690
-1.765354,-1.061569,0.904320,-0.335686,0.298798,1.057258,-0.487614,-2.066438,-1.232095,-1.272047
-0.518611,-1.292026,-0.764418,-1.844981,1.821723,0.155738,-1.442666,-0.472169,0.058075,2.141914
0.780277,4.235116,-0.825540,0.845573,1.133615,0.526494,0.542753,0.046820,-0.362151,2.361390
-1.645627,-0.417438,-2.185037,1.978350,-0.980839,-0.757885,0.118119,0.035142,0.127707,-1.335550
4.751249,-1.623319,-1.735739,0.295131,-0.154379,2.309406,-0.284406,-1.893705,0.647563,-0.088629
0.889621,-0.519446,-3.037755,-1.054102,3.722384,1.661198,0.357275,-0.598920,1.187882,0.431096
-2.401412,-0.231838,1.262340,1.783504,-1.800528,0.746151,0.021662,0.848256,0.652280,0.396579
1.230086,-2.989785,-0.938936,0.680026,0.471574,2.258672,0.320038,-0.521243,-3.417680,-0.615145
2.991029,0.068881,3.556063,1.932306,2.255419,1.642327,-0.882697,0.052642,-0.622631,1.511636
-0.438004,2.870419,0.777987,-0.627733,0.008036,0.415592,-0.598054,-0.285758,-0.774671,-0.696570
0.201062,-2.041703,-1.321735,0.110574,-1.313637,-1.900691,-0.949127,0.797942,-1.816830,-0.859936
-1.405128,2.474785,0.433885,-0.812003,0.085316,0.597118,-1.145024,-1.824971,-0.651408,-2.276276
-0.028432,-0.278413,-1.558561,-0.298605,2.544961,1.392187,-0.574795,-2.258612,-0.395105,0.915909
-1.395555,-2.228378,0.621226,2.246772,-0.001295,1.009533,-1.954849,0.634203,-1.028549,1.468396
-2.634738,-3.078892,1.211709,0.456873,1.066458,2.332486,-2.207859,0.525615,1.835018,1.187584
-2.716469,-0.858764,0.211779,1.994842,-0.067788,-1.032665,0.321291,0.067317,0.072020,-0.278317
2.676785,-0.087184,2.148129,4.218967,2.629234,1.875590,-0.031208,0.689328,-0.504288,-0.227350
4.393013,-0.543837,-2.426328,0.079428,-2.073557,1.426347,-0.394846,-2.440931,-0.398849,-0.309837
-0.826646,3.678214,-1.672167,-1.166101,-1.154246,0.050754,0.817215,2.798283,-0.167833,0.992420
1.878588,1.074317,0.370496,3.090734,0.647399,-2.056245,1.288458,-1.359361,-1.517632,-1.663833
-0.310390,3.754529,0.858363,-2.065667,-1.851760,-0.177114,0.666082,0.733261,-0.448147,-0.969016
0.246685,-0.572194,-3.157253,-0.197254,-0.297849,-2.050314,-0.555779,0.662013,-1.304639,-1.482648
-1.571054,1.616880,-1.540523,-0.006566,0.600038,-1.673487,-0.702316,-1.497469,-1.416377,-0.484991
-1.031942,3.442471,-2.326552,-0.808568,0.309318,0.911677,1.279120,2.507148,0.368307,2.039919
-0.319397,2.009985,1.263449,-1.577958,-2.145407,0.175699,-0.001783,-0.370613,-1.520913,-1.274787
1.407388,1.610860,-2.164867,0.832375,0.604256,-0.588058,-2.565571,-2.723313,1.009413,1.042536
-1.389338,2.580039,-2.320019,-0.732606,0.235740,0.515271,-0.315566,0.312714,0.277898,1.254475
4.313880,-2.352996,0.226049,-0.057058,1.269110,1.343018,1.860478,4.138941,-2.538067,0.076498
0.431786,-0.995103,-3.932891,-2.027518,1.312121,-0.708037,0.705296,0.638039,0.661183,0.537497
0.356352,0.337119,3.900141,0.754053,-1.295838,1.102469,0.380040,1.018682,0.066306,0.993391
1.577700,-0.444904,-1.005757,-2.145615,1.156494,1.079517,1.356053,1.107427,-2.416372,0.446720
0.692641,-0.053496,1.836047,-2.715604,-0.213795,-1.461331,-1.731163,-2.086376,-0.723523,1.156130
-2.176481,0.277606,-1.196978,-0.269053,-0.469577,-2.265944,0.641091,-0.932460,-1.268150,1.169123
-2.665012,0.571329,-0.122553,-1.704097,1.244434,1.664417,1.815804,-1.360600,1.266038,0.469768
-1.362891,0.450306,1.883365,1.509956,1.086477,0.517531,-3.152180,-0.011266,0.870210,-1.470350
1.829644,1.411507,-0.179986,-2.595876,3.043543,1.991660,0.720432,-1.254477,0.243015,1.197467
5.017959,-0.873135,-1.379479,-1.528795,-3.737913,1.479788,-0.119718,-3.040951,-0.363270,1.096666
-0.254404,1.157928,-2.506318,-1.677717,0.551256,-2.014802,-0.325582,0.081456,0.382674,0.454008
-2.920833,1.390907,-0.701513,-0.541140,-2.191918,-0.183923,0.988239,-0.471409,-0.109219,0.563919
1.710116,0.238716,-2.050500,5.518283,1.063825,0.396846,1.260198,-0.923573,-0.377412,0.129475
-0.625179,2.728261,-2.177355,1.234777,0.618374,0.215015,-0.548875,0.459284,-0.663336,1.511826
-0.443931,-2.750605,0.032424,0.594140,1.094683,0.194244,0.269104,2.844836,-1.459330,-0.027807
-1.442480,3.434040,-1.052990,-0.531053,0.489379,-0.187480,-0.275028,-0.799866,-0.667698,0.979685
0.756990,0.464606,3.068975,2.592743,-0.854464,0.003194,-0.986096,-0.803272,-0.415178,1.386964
0.026636,-1.281318,1.577915,0.128152,1.026350,-0.396345,0.341580,-2.258327,-2.382704,-0.958302
1.690996,-1.156145,1.003997,1.385582,-0.441945,0.408217,-1.501622,1.494659,-1.755286,-1.287394
2.756179,-0.761295,4.772122,-1.702260,1.068460,0.991763,-1.257207,4.121442,2.262360,0.041346
-1.633101,2.809371,-1.495747,-0.556469,-0.205959,-0.270322,-0.075893,-0.829143,-0.554660,0.610011
0.426247,2.402046,2.333377,0.524131,-0.840760,0.652698,-0.301065,1.224456,1.462519,-1.844958
1.919062,0.463855,2.184350,2.066703,-0.284433,0.463915,-0.443830,0.030099,-1.987122,0.333924
2.394315,2.288459,3.241367,1.609841,0.104165,1.903862,-0.070964,0.098989,0.604837,2.818621
-0.379915,-0.859009,-0.257994,-0.968533,1.998441,-3.422638,0.525968,0.943335,-0.137333,0.350027
1.695737,-0.095755,-0.722372,0.426310,-4.094036,1.443067,0.724128,-0.375842,-0.415961,1.298081
-1.416228,-1.125442,0.552688,0.344162,-0.652205,-2.499915,-0.938927,1.183817,-0.173872,0.222880
0.776230,4.322628,1.741001,0.768908,-0.041436,-0.119543,-0.973779,-1.384985,-0.914990,-0.945368
-1.532477,-1.052427,-0.357539,0.053743,0.612668,0.158521,-0.829031,-1.000485,-1.257839,0.351317
1.354602,-0.127345,0.532912,-0.480596,2.012505,1.897375,-1.969682,-2.625699,0.338913,1.397789
-2.557494,-2.062342,0.836983,0.895919,-0.125947,2.211448,-2.802516,0.447560,0.874107,1.160156
0.198854,-1.934854,-2.253266,0.159946,-1.574878,-2.151062,-0.526102,0.184229,0.285602,-2.377304
2.161078,-0.518534,1.420179,-4.803898,3.712660,0.860801,0.842674,-0.772933,0.944741,1.298170
1.096966,-0.683100,0.775224,-4.951194,-0.582302,-0.875789,-0.727338,-0.476582,0.330426,1.646377
-1.633048,1.326027,-1.055945,-0.611708,-0.344786,-2.540609,-1.402847,0.688645,2.264310,0.971429
1.177246,-0.859789,1.619170,2.805405,0.937442,1.078271,1.240001,2.958781,-1.289776,-0.054413
-2.411930,-0.161231,1.110582,-0.345167,0.225379,0.768605,-1.648512,0.575575,1.940314,-2.231378
-2.750815,1.560946,0.375404,-0.886027,-1.517449,1.077436,0.846527,0.468814,-0.154821,-1.175069
0.439271,4.201365,-0.185580,-1.141348,-0.578294,-1.105448,-0.272989,1.608917,0.069992,0.765659
-1.729791,1.099786,1.094921,1.388034,-0.314501,-0.134154,-1.218040,0.016364,2.850752,-0.778550
-0.865224,2.597224,-2.267752,-1.696525,2.397886,-0.162615,0.517030,0.232180,1.053123,0.692970
0.971488,-2.868620,-0.353412,0.321535,1.712369,1.393803,3.313617,-0.468097,-1.719378,0.545713
0.031778,-1.683334,-4.487226,0.435568,-0.938928,-0.848326,0.521609,1.271146,0.014976,-1.840590
1.454481,2.767676,-1.160230,3.204385,0.485825,1.378143,-2.138757,0.096023,0.865188,-0.195054
-2.596988,-2.140275,0.890084,0.718694,0.126014,2.660062,-2.634492,0.054416,0.546361,0.526909
-1.645501,-1.130322,1.050525,0.346791,0.000445,-2.490351,-0.275829,0.750592,-0.274414,0.904556
0.143630,-0.674228,-1.602471,0.966389,1.434732,0.559251,-1.604895,-0.568205,0.273065,-1.686546
-3.409157,-0.986905,0.046986,0.325681,-1.942786,-1.494031,1.442148,-0.700088,-0.719861,0.817694
-3.563017,-1.128627,0.053181,0.651179,-2.166384,-0.112637,0.611875,-0.340350,-0.439155,-0.550005
-2.075605,0.719011,-2.040037,1.366460,-2.208681,-0.573899,-1.044165,1.396614,-0.987726,0.638627
1.913052,0.405844,-3.632159,0.027187,2.745661,1.527560,-0.015685,-1.113888,1.216174,-2.345800
-3.338919,-2.154956,0.234566,0.735668,-1.884573,0.388470,-1.074033,-0.239136,1.101130,0.249413
-2.295645,1.763025,-0.705833,-1.272868,0.841677,-0.579900,1.152987,-1.813015,-0.526798,-0.022631
-1.133730,3.239740,-0.674711,-0.728622,-1.829810,-0.219748,0.126074,0.659555,-1.510298,-0.080036
-1.122915,-1.592454,-3.200055,0.487822,0.814845,-0.244759,0.904165,-0.847691,0.842056,-0.323778
0.149078,-0.063929,1.743529,2.271383,1.894406,-3.675818,0.083488,-0.727711,-0.305311,-0.419348
-1.934265,1.834520,0.661478,-1.705113,0.436209,-0.935656,0.438412,-0.138017,-1.404296,-1.010771
-0.942419,0.524692,0.780793,2.321289,-0.125355,-0.747719,-0.759592,1.624722,-1.289238,0.185576
-3.808842,-1.525716,-0.152953,0.264549,-1.773780,-0.679602,1.381119,-0.748661,0.194987,0.004545
-1.216593,0.222145,0.808949,-2.411259,-0.279283,-1.396223,-0.071252,-2.582583,-0.178829,1.235534
0.685430,2.386847,-1.234396,1.523352,-0.847114,0.452077,-2.368176,1.255304,-0.362451,0.568767
1.383391,1.408068,2.514560,-1.509323,-2.878344,-0.258752,1.050790,0.012381,0.392243,-0.492908
-3.448861,-1.832450,0.787081,1.009425,-0.688419,2.047528,-0.735132,-0.108316,0.668929,-0.276771
0.489802,-1.303267,-2.596209,-2.048916,-1.516677,0.843862,-0.034869,0.792151,1.765773,-0.507399
-1.255171,2.005309,-1.308779,0.949330,0.495733,-0.604345,-1.506728,0.439876,-0.139317,0.898677
5.599435,-0.963905,1.111754,1.924859,-3.135487,1.428401,0.621944,0.469399,-1.227189,0.352214
0.675068,-0.643258,-1.597210,0.741922,0.137301,-2.245198,0.704440,1.552082,-1.899050,-1.493791
-2.714010,1.289903,0.388656,-1.556899,0.085277,0.058159,0.403983,-0.897607,0.820902,-2.067291
0.650840,-3.100758,-1.316611,-1.657233,0.184696,-0.699083,-1.606322,2.781848,-1.438011,-0.143119
-3.768812,-2.249818,0.366246,0.596884,-1.593024,0.093908,0.597507,-0.571232,1.104763,-0.160105
-3.538244,-3.025546,1.148819,0.024594,0.320869,1.829826,-0.366043,-0.237633,2.338856,0.214294
-1.490700,-1.110496,1.776860,-0.456853,-0.023135,0.916295,-0.045463,-0.025894,-1.678744,0.228543
-0.891878,1.070347,2.123253,-0.193130,-1.050008,-0.439514,0.804083,-0.791940,-0.401114,-0.384760
4.258757,0.524985,4.594564,-2.134889,-1.783020,-0.130869,-1.286615,2.276848,-0.247148,-0.707987
1.763792,0.328636,0.155361,-1.017560,1.152602,-1.597689,-2.754525,-1.896217,1.284054,0.299995
-0.078501,-1.261062,-2.986325,0.480431,-0.933420,-1.336041,-1.469441,0.270940,-1.599502,-1.890197
3.189833,1.156356,2.946555,0.501783,-3.309999,0.827772,2.081527,0.471224,2.383607,1.817054
0.432539,-2.042603,-3.016506,-1.635483,1.019101,0.018432,-2.646674,0.383407,-0.473170,-0.827493
4.474088,-0.828132,-1.655378,0.016550,-0.163956,-0.102731,-0.540778,-2.859052,0.256164,-0.845943
1.173361,-0.684371,2.048391,0.589986,2.419316,1.581615,1.348016,0.303360,-2.795209,0.621565
-1.043530,1.942456,-2.410416,1.446027,0.506463,-0.103568,-1.372239,-0.400212,0.184062,1.166845
-0.402144,-4.686954,-1.926247,1.483409,2.020734,0.889782,2.027601,0.242940,0.536777,0.222317
-1.079033,3.584344,-0.931837,-0.043043,0.166937,-0.497547,-0.696438,-0.504473,-0.674708,1.317084
3.593536,-1.769662,-1.146121,-0.957893,3.892197,-1.140909,0.519207,1.150360,1.284594,-1.327472
-0.643511,1.371073,-3.726772,1.088824,-0.955295,-0.647471,-0.305913,2.454941,-0.383297,1.009997
-2.541793,1.828262,0.045665,-0.569241,-1.059820,1.875646,1.691289,0.724229,-0.807561,-1.550509
0.133670,2.230770,-2.110427,0.252817,-2.113374,-1.005361,0.194307,2.734605,-0.445845,0.951690
1.425377,-0.175675,2.670106,1.408620,-0.736809,-3.368951,0.707101,1.210946,0.847902,0.693947
-2.546405,1.874063,-0.307843,-0.760064,0.231604,-0.941586,-0.373168,-0.812763,0.429184,0.264306
-0.610863,-1.946132,3.116138,-0.815298,0.036370,3.027984,-1.770769,1.174084,2.275945,0.152105
-1.402583,-2.470498,-0.498076,2.174386,0.173157,0.923523,-0.602875,-0.121524,-0.369098,0.506368
1.284967,-0.824129,-3.178447,0.026574,0.816441,-3.053354,0.633618,0.900654,0.416930,-0.117170
0.180084,1.687413,-1.937761,1.413425,-0.616250,-0.481749,-2.437227,-0.466398,-0.562950,1.012480
-0.826810,0.251978,-0.428073,-1.285531,-1.503049,0.739317,-1.363065,-1.397495,-1.242484,0.151616
5.482695,-0.371803,-1.526135,-1.211255,-2.737797,1.602009,0.471825,-3.225305,0.840439,0.151774
0.869960,-0.753519,1.333408,1.523105,0.359002,0.447156,0.966801,2.069092,-2.857734,0.192886
-0.143958,-1.116930,3.360612,-1.801332,-0.032465,1.151046,-1.895013,-0.833898,1.676091,-0.431578
-0.087336,2.499972,-0.192198,1.358943,0.145923,-0.319467,-2.840483,0.290941,0.410722,0.588667
4.648211,-0.876337,3.990988,-1.142251,-3.695962,-0.891230,0.008097,1.052488,1.751439,0.872554
1.219627,2.656754,-0.397830,3.106995,0.793541,-1.847677,-0.037800,0.505413,-1.440986,-1.231975
-1.717269,-0.606943,-1.850994,-0.660753,1.209225,2.840375,1.326323,-0.646537,0.283744,-0.337318
-0.108195,1.882288,-2.222558,0.993103,-2.971153,0.070010,0.239705,1.335397,1.636580,-0.353071
-0.954061,1.485151,2.506058,0.545243,1.067157,0.731300,-2.713776,-1.300697,0.268368,-2.531487
4.025402,-0.625015,0.568026,2.128785,-3.717788,0.331202,0.476319,-1.673620,-1.017026,0.774514
5.189882,-0.671479,-1.845855,0.406822,-0.308962,0.617109,1.588965,-1.646973,0.146870,-1.044626
0.132668,-1.869941,-0.411786,-0.775105,3.625341,0.303335,0.344298,-1.412548,-1.174092,0.703724
-2.063996,1.065122,-1.107157,1.054224,0.253703,-0.721861,-1.445505,-0.340706,0.327540,1.216135
1.749112,-1.372563,3.595243,0.713840,1.387827,-3.253375,0.853087,1.423230,1.643894,0.967501
-0.420075,2.771364,2.223651,-1.668575,-2.012111,2.197367,1.501463,1.133298,0.364435,-1.983007
-1.476246,2.008487,1.982111,-1.616788,-0.819094,1.828007,1.202641,0.975495,0.314971,-1.843771
-0.112735,3.538427,-2.871376,-0.638504,-0.652091,-0.494027,0.772460,3.168125,0.934291,1.677213
-0.079717,-1.096144,1.990491,2.444898,-0.695029,1.204325,-0.918460,0.292219,-2.939262,0.618973
1.474906,1.829696,0.036299,3.732711,0.356397,0.716689,1.426241,-1.096491,-0.027674,-0.800744
-3.223456,-0.471748,-0.983748,0.364398,-2.172874,-1.368286,0.537569,-0.460172,-1.068901,0.963947
0.250620,-0.981286,4.002982,-1.739669,0.398380,1.764544,-0.909669,-1.234902,1.249443,-0.103648
-1.897325,2.578361,0.221694,-1.691797,-0.910022,-1.337277,0.690278,0.430766,1.035669,-0.196241
2.003655,-2.447800,-3.031028,1.223043,-1.880690,0.313451,1.349997,0.785033,-0.294115,-2.197409
-1.240099,-3.254555,-1.268784,0.676001,0.659806,1.135059,0.062798,-0.044299,-1.172167,0.303370
4.862291,-1.450043,-0.374396,-0.722473,-1.287331,-0.453284,0.037915,-2.464609,-0.230772,-0.804810
-3.738361,-2.556635,1.223718,0.707090,-1.030661,0.565735,0.884322,-0.533524,1.393334,-0.118540
0.162852,1.082330,1.490420,0.873757,1.966427,-3.285199,0.545613,1.072974,-2.021170,-0.447977
-0.813664,0.460695,1.374643,1.060606,-3.711447,0.144403,-1.363008,0.628766,-0.363882,0.119340
-0.530112,1.291217,1.070212,-0.000264,0.428017,-1.845031,1.202909,0.005516,1.796774,0.566649
3.624535,-2.537879,-0.609540,-3.812680,2.442245,-0.154794,-0.145896,2.054271,-0.108080,-0.113043
-0.276158,3.166037,0.845608,-2.646635,-0.120583,2.883451,3.189559,1.221435,-0.963592,-1.203086
-3.136019,0.153309,-0.044917,-1.191776,-1.625424,-1.790974,1.594109,-1.688131,0.825329,0.222210
-3.045745,-2.450723,0.409734,0.610314,-0.836105,1.770042,-2.149649,0.224749,1.351344,0.940249
0.238820,-4.131909,-0.439800,2.066533,0.215175,0.170743,0.740761,1.688567,0.278149,0.542100
0.072863,1.062538,-3.026495,1.854506,-1.372029,-0.499501,-0.792385,2.983661,2.880221,-2.073925
0.843084,0.340901,-1.155033,-1.348750,2.540918,0.582592,-0.624421,-2.572281,-0.657135,1.068620
0.624193,3.676271,-0.722030,0.616157,1.555139,-1.148341,-1.767280,-0.164508,2.152069,1.061662
-2.730531,-0.616721,1.091501,-1.458346,0.171513,0.808156,0.169597,-0.261016,1.306371,-1.711620
7.578836,-0.977570,-0.697789,-2.447570,-2.797529,3.019610,2.268000,-0.718180,0.888469,1.388263
1.222571,3.089392,-3.169570,-1.408183,1.728289,-0.380553,0.722739,1.395982,-0.064337,1.079022
-1.326040,-1.063357,1.469069,0.786928,1.166765,-0.062871,1.393736,-0.051197,-1.493456,0.441177
4.789907,0.101019,0.963116,-2.982783,-3.962299,-0.532333,-1.451384,-0.812253,1.191947,0.558934
-0.847573,3.116010,0.322251,-1.031745,-2.339502,0.654128,1.463361,1.897398,-0.978163,-0.737661
-2.455700,1.451943,0.046963,-0.299595,0.112258,-0.145557,-0.870889,-0.464614,0.193335,-1.098974
-1.236216,2.529884,-0.746538,-0.743637,-0.920488,0.003443,-0.225626,-0.133322,-1.267771,-0.188074
-3.572955,-1.671965,0.056351,0.537406,-1.854349,-0.996843,1.192228,-1.161628,-0.241244,-0.123554
2.427532,0.158059,2.021654,-1.434756,0.738193,-2.149577,0.333833,0.588719,-1.140673,-0.082135
0.549224,2.607098,-3.234863,1.357569,2.485269,1.151692,-1.705739,1.286903,3.907431,0.229147
-0.726996,2.318328,2.752022,-1.499983,-0.674742,2.469497,1.082739,-0.291264,-0.067733,-2.016497
1.168128,1.136499,-0.858460,-2.864343,1.370116,-1.685309,-1.346381,-1.338453,1.077188,1.154739
0.600093,-0.774073,1.231772,-2.593086,1.663258,-0.104410,-1.214853,-2.970184,-0.602754,0.825790
-3.345888,-2.538992,0.652337,0.952843,-0.976168,1.054997,-1.575143,-0.104534,1.492088,0.291160
-1.069328,2.571349,2.841895,-1.047088,0.369920,1.207273,-1.003239,-1.113177,1.124294,-2.017117
-0.825607,2.363028,-0.950233,0.198458,0.147101,0.901982,-0.607566,-0.870981,-2.213088,0.340032
-1.521902,1.821473,1.729774,-0.993510,-1.317543,2.666219,0.864515,0.650613,-0.600062,-1.404593
0.983573,-1.685027,-2.481024,-0.822793,2.922591,0.251267,0.928777,1.311630,0.672163,0.331363
1.188303,-1.265168,2.829084,-1.259849,0.436084,0.099919,0.198206,-1.195144,-1.134729,0.632038
0.223371,0.600113,0.563392,3.280959,-0.132309,0.954926,0.402142,-1.597057,-0.570963,-0.437247
-1.009361,-0.532327,-0.300173,-1.044764,-0.810862,-2.422246,0.304547,1.241700,-2.191059,0.168171
2.523148,-0.585106,-1.100880,-0.585021,-1.981263,-0.262272,-1.787523,-3.419248,-0.873456,0.142199
-1.007947,1.987056,-1.570607,0.172848,0.055028,0.452136,-0.812825,0.874638,1.429299,1.072857
-4.034738,-1.219664,0.524538,-0.650633,0.012388,0.974117,1.878160,-0.172576,1.053715,-0.192747
0.257724,3.256567,1.916132,-0.908042,-0.601580,-1.300801,-0.814204,-1.079039,-0.757021,-2.259966
-3.124896,-0.438606,-0.423802,0.628138,-2.146050,-1.551669,0.287029,-0.625784,-1.329286,0.217174
0.128484,-1.471981,0.316350,0.563933,1.960413,-4.253504,-0.520675,0.220176,0.262287,0.059442
-1.756307,-1.297671,2.389820,-0.160315,-0.740986,1.127486,-1.165864,-0.599908,0.130358,-0.517294
-2.396148,-0.714181,-0.010208,2.196347,-0.935953,-1.185720,-1.524684,-0.297097,0.202112,0.973324
-1.585840,-2.855848,-2.027908,0.833622,0.296029,0.881656,2.463154,-0.582520,-0.729252,-0.789145
3.316259,-1.898434,-3.336822,0.459152,1.190207,-0.295429,1.913152,0.450493,2.059987,-3.086213
1.656982,-3.311946,-3.285078,-1.444424,1.330243,0.127015,-1.373842,1.279882,-0.248399,-1.923320
-0.561866,2.591620,-2.050379,-0.958090,0.335682,-1.382838,1.079628,0.623956,1.267919,0.177308
-1.237680,-0.685586,-0.497187,-0.739465,1.708838,0.940408,-0.966727,-1.537309,-1.624533,0.490662
5.018053,-0.656861,2.906477,-1.601106,-4.303933,-0.691169,0.000150,0.170632,2.305099,0.538182
-1.169238,2.346438,1.801506,1.144235,-0.683438,-0.140717,-1.746159,-0.867369,-0.399204,-2.584188
1.931319,-2.034897,2.216457,4.493301,-0.806917,0.809381,-0.694513,1.070139,-1.325482,1.117439
3.351945,0.648502,1.202086,2.822197,3.608968,1.045298,0.116084,0.356663,-0.970698,0.121238
2.418530,3.489346,-2.505574,0.274476,-2.308756,-0.442189,-0.181529,0.506737,0.730432,1.610467
4.912486,-0.863757,-1.000164,-1.988024,-3.729767,2.131468,-0.933045,-1.290810,0.421642,1.913054
-1.548736,0.836141,-2.002177,0.686864,1.108509,-1.270221,-0.453804,-0.432376,1.916401,1.247093
-1.707715,2.060526,-1.905414,0.637872,0.096005,-0.550091,-1.518528,-0.289146,0.430260,0.950756
-1.134320,3.241223,-0.666470,-1.338085,-1.810813,0.390113,0.527918,2.152669,-1.234333,0.582419
0.544119,-0.013727,-1.563509,-2.576009,2.685543,-0.065765,0.058462,0.454725,-0.503805,0.522631
0.050818,1.893831,1.906349,-1.245381,-0.777175,3.206252,1.261818,-0.562162,-1.351644,-0.963782
3.379583,-2.350665,-3.498114,1.311773,0.881511,0.488899,-0.041621,-0.748592,0.939637,-2.887945
-1.228102,1.860995,1.617520,-1.622438,0.980278,0.151618,-0.468447,-1.060220,-0.912125,-2.382198
0.371979,-0.807649,2.425598,1.682027,-1.286201,-1.726966,-0.959176,0.848711,0.391267,0.015115
2.023875,0.709426,-1.013460,4.207110,0.851286,-0.694784,0.554304,-2.287233,0.156142,-1.248113
-0.582426,-0.744314,2.311215,1.851149,-0.235407,1.693759,-0.234128,0.909396,-2.924631,-0.180182
-1.118725,-2.557983,-0.234926,-2.873775,1.693919,2.254908,1.502201,-0.838261,-1.251695,0.555783
-0.854494,1.058346,0.536854,1.139246,0.817229,-2.517295,0.166236,0.784885,-2.192553,-0.229590
-1.716433,1.383810,-0.268253,-2.255160,0.330909,-0.458456,1.043154,-0.197811,-1.619667,-0.664891
0.204815,-3.169808,-1.438802,-2.398156,0.233362,0.999331,0.276258,0.959799,-0.592741,1.613772
-3.777177,-2.673561,0.514677,0.308549,-0.990212,0.036412,1.333094,-0.859088,1.219991,-0.175008
-1.546918,2.916479,1.544477,-1.779776,-1.374671,1.607020,1.371923,0.050211,-0.838854,-1.926231
-2.731717,-0.463289,0.374368,1.791054,-1.241380,-0.103648,-1.804134,-0.275967,0.313743,-0.525330
2.142423,-2.980062,-0.146759,-1.315789,1.654736,-0.105224,-1.320196,3.150728,-1.290542,-1.433556
-0.320518,-0.963452,1.868977,1.076450,0.986847,1.543420,-1.634252,-0.092629,-1.226873,2.779767
0.530840,3.046191,1.080675,0.271210,0.035655,1.014930,-0.787739,-0.688089,0.089435,-2.910756
2.102162,-4.950421,-2.452281,-1.318855,0.131191,0.044913,0.593101,2.068034,0.999989,-2.625376
2.536933,0.338381,-2.088588,0.357810,4.447837,3.247804,1.097246,-1.362531,1.477410,0.222659
-0.549234,2.996983,-1.212582,0.565751,3.148073,0.151215,-1.004035,0.700813,1.287376,0.930244
-3.713718,-1.556979,-0.008777,-0.217978,-1.805066,-0.507870,1.672397,-1.100857,0.467247,-0.042478
0.759842,1.674390,3.962945,-2.118099,1.264334,-0.266221,0.330063,-1.597234,0.287930,-1.199679
-1.549537,2.619333,1.931696,-2.001972,-0.239101,2.300830,2.120826,-0.100270,-0.215592,-1.716178
0.299699,-2.797804,-0.356454,1.120107,2.447811,2.209605,1.532892,-1.141006,0.172443,2.739766
0.249960,-1.106542,-2.619025,1.007438,1.222054,1.245539,0.188177,-0.845916,1.945468,0.333083
4.850762,-0.884203,2.202682,2.114069,0.755255,0.202369,1.989077,-3.402563,1.539284,0.769346
-0.798709,3.838854,0.999198,-2.387735,-1.375374,1.718817,2.463567,1.684513,-0.418865,-1.432702
-3.714779,-2.479311,0.578077,0.214592,-1.058958,-0.533019,1.529307,-1.054492,0.880198,-0.348315
-2.140641,2.049914,-0.408904,-0.242152,1.173860,0.427229,-0.017195,-0.756897,0.682567,-0.257408
-1.397963,-0.031121,-3.103104,-0.442557,0.715973,-1.146118,0.102982,0.321284,2.209384,1.275479
-1.922573,1.762053,-2.267607,-0.482076,-0.811675,-0.909879,0.497102,0.422609,-0.822093,0.994806
0.241921,0.365618,2.852723,2.298029,1.644184,-2.798973,0.170236,-0.605142,-0.135415,-0.528261
1.170434,-1.506733,1.732883,2.271757,3.522080,2.026839,0.506303,1.237630,-1.213832,2.364702
0.845666,-1.218849,-2.277505,0.247333,-1.882353,-0.846568,0.235746,0.952673,-0.270395,-0.352280
-3.863791,-2.633010,0.778520,-0.181686,-0.499093,1.235581,0.725238,-0.631268,1.932769,-0.388906
-1.968214,-0.100842,0.478600,0.809833,-1.944590,-0.701209,-1.274278,1.975872,0.664731,-0.443460
-0.778499,1.521853,3.160840,0.362741,0.351900,1.113037,-1.934838,-0.619325,0.279743,-1.165256
-0.286118,1.354680,0.473063,2.742574,0.579668,-1.789590,0.556875,-1.268842,-1.527539,-1.414056
2.592615,-1.050773,-0.336882,0.168633,-1.398419,-1.005256,-1.726401,-0.532647,-2.404482,-0.766603
-1.939487,-0.767520,-0.693301,-1.545917,0.008626,-1.092834,1.254958,-1.431216,0.492861,1.812096
-3.401914,-1.627370,-0.024161,1.212039,-2.425358,-0.056642,-0.467719,-0.480264,-0.003544,-0.243908
-0.211239,-0.294871,3.241649,1.195114,-0.334835,2.212466,-0.736777,2.682009,0.697030,1.070606
-2.968294,-0.000745,-0.925099,0.112307,-1.072041,0.844544,0.756329,-0.489150,-1.427168,-0.447533
0.438492,2.168648,-1.894438,2.375368,-1.422507,0.830123,-0.754097,0.355474,0.995642,-0.107608
-0.226182,3.994328,-0.061015,0.444346,0.661059,1.136601,-1.578547,-0.226468,-0.823515,0.507569
-1.045905,-0.089703,-2.565130,1.401683,-1.518289,-1.087942,-0.624420,0.724265,-0.000926,-2.017278
-1.874602,-1.858891,-1.561830,-1.179990,-0.519051,-1.321381,-0.040398,0.605555,-0.757218,0.854375
-3.582754,-1.549800,-0.291589,-0.003427,-1.520852,-0.972770,1.423289,-0.842260,0.261751,0.736691
-3.521362,-1.898132,0.029934,0.747026,-1.686857,1.145899,-1.106060,-0.327476,0.830939,-0.147706
1.203022,3.025862,-1.882146,0.931942,2.045753,-0.580352,-2.907158,0.421843,0.251246,-0.959616
-2.648955,0.765104,1.345774,-0.718178,-1.296810,2.436688,0.209827,0.167414,-0.051872,-1.236509
3.195012,-1.107834,-0.716441,-0.756084,-2.885404,0.538121,-0.289162,-1.426253,0.314171,-0.347818
-1.578404,-1.861170,0.067838,3.063335,1.614079,1.087577,1.615589,0.379803,0.634703,1.408835
-2.163645,1.827109,0.732906,-1.087273,-1.384278,0.776004,0.141866,0.654057,-0.522351,-2.594833
-1.224905,-1.323937,2.641818,-1.400821,-0.285983,0.923521,-1.607168,-1.002951,0.651340,-0.558390
-3.495883,-2.333160,0.021641,0.860753,-1.541849,0.574424,-0.793700,-0.232426,1.305220,0.344484
0.626587,-2.028510,-2.892084,0.706679,0.920806,-0.152703,-0.722831,-0.008438,0.534752,-1.605174
1.921381,-0.390262,0.259445,-1.334062,-3.663656,-0.822249,-1.996112,-0.251173,1.946696,0.761981
-0.879819,-1.103218,0.494756,2.275829,0.428699,0.146909,0.511959,-0.266421,1.194194,2.126575
-1.913397,0.446781,-0.280669,-0.437528,0.259775,0.687182,-0.089250,-1.717781,-0.866748,-0.284953
0.282193,-2.240044,-3.051182,0.827571,1.890499,-0.455368,0.746109,0.469986,0.599244,-1.372137
-0.168314,0.375127,1.863115,-0.142598,2.331516,-2.764808,1.149144,1.707000,-0.473567,0.429720
-3.008871,-1.039153,-0.788642,-0.945063,0.128305,-2.089986,2.415062,-0.779355,0.024337,1.481547
2.756277,-1.098280,-1.450635,-1.885243,0.146079,-2.419233,-1.033337,-0.000433,-0.463535,-0.823182
-0.965267,1.532441,-0.965346,2.351852,-0.405616,0.385897,-0.691577,0.757938,0.113552,0.842554
-1.432730,1.627202,2.053109,-0.791239,-1.363405,1.733988,-0.036215,0.820219,0.601843,-2.901874
0.348509,0.874463,0.003573,3.351974,-0.418235,0.713490,1.042605,1.104471,1.177250,0.058853
-0.463168,3.622035,-0.118375,-1.994150,-0.719098,1.786882,2.604633,2.127149,0.066047,-1.756383
0.277021,2.852829,2.242759,-1.756266,-0.954622,2.566408,1.916491,0.586631,1.165172,-2.347352
4.749722,-0.239567,4.444283,-1.012139,0.229663,-0.674800,-0.017154,0.788674,-2.334129,-0.696287
0.183543,0.023059,1.062829,-2.219390,0.381495,0.047953,-1.196174,2.291865,-0.029207,-0.924612
-1.266531,-2.873311,2.642955,0.233067,1.065563,1.957085,-1.128900,-0.593155,-1.106861,-1.075371
0.313888,-2.319342,-2.304053,-0.546714,-1.672394,-1.030527,-0.403796,1.468432,-0.148226,-1.450240
-2.668603,-0.372225,-0.493913,0.300803,-0.747065,-1.991968,0.903374,-1.301991,-0.921741,0.779702
1.372565,2.908985,-1.562820,0.575388,1.666659,-1.304808,-2.599676,0.727315,2.312252,-0.963925
-0.067229,-2.876168,-3.563898,0.915689,-0.169944,-1.063519,1.090387,0.845982,0.645680,-1.906612
2.566236,0.518945,0.013517,5.001556,0.415483,1.333921,2.890456,-1.625919,-0.619467,0.785715
-1.972969,1.825836,-1.655338,-0.923729,0.006056,-1.840020,-0.464197,0.152560,-0.001648,1.197264
-2.763155,0.484184,0.702942,-2.894933,0.065262,-0.888671,1.702265,-0.360488,2.191818,-0.643496
2.555064,-0.317806,2.992445,2.682600,1.678633,-3.001288,-0.365292,-1.256038,0.377162,0.111706
2.096525,-1.111134,-1.647956,-0.221795,-1.451999,-0.548436,-1.078754,-1.380421,-1.300041,-0.535415
-1.941017,0.971747,-0.060552,-1.532079,-1.959561,-1.451191,-1.500837,-0.328919,0.441879,-0.299745
-1.833299,-2.608337,1.548083,-1.155459,0.244135,1.725877,-0.237505,-0.743779,-0.601668,-0.016985
-2.237848,1.943382,0.633345,-1.572651,-0.364558,2.892096,2.276416,-0.227321,-0.281332,-1.161439
-1.376564,3.426283,-0.150455,-2.255754,0.179738,-0.313397,1.804322,-0.189646,1.043291,-0.901897
-1.130566,2.625087,1.898092,-0.831122,-2.058978,2.172445,0.951562,0.709445,0.190748,-2.033035
5.513895,-2.495442,-0.480088,-0.203416,-3.155326,0.286188,-0.685284,-2.893655,-1.651360,0.290791
-2.123571,-0.700963,1.603663,-1.113028,0.261424,0.506576,-0.530195,-0.922356,0.187860,-0.429872
3.084197,2.459892,-0.515306,2.184319,-1.601485,-1.949725,-2.256215,-1.402916,0.264914,0.830930
3.865813,0.100972,-3.163057,0.406789,-2.554317,1.808538,1.941730,-1.754119,1.784517,-0.100093
2.188926,-1.140251,3.959584,0.630065,2.638072,2.675901,-1.351661,0.514688,0.128403,1.787946
-0.507246,-1.134522,0.502437,1.552926,-1.822759,0.097573,-0.034276,2.066486,-2.202034,-0.387782
-0.261188,4.260794,-2.304283,-0.408011,0.043555,-0.438742,0.310145,2.117926,0.607121,0.795301
0.040451,1.974876,-1.784667,0.379316,-0.896284,-0.598693,-1.120806,0.688890,2.130098,1.273165
-0.931721,0.097463,-1.868748,0.102514,-0.603800,-1.248367,-2.130483,-1.361717,-1.713705,0.543434
6.320254,-0.414934,1.569297,-1.208848,-1.238371,-1.313819,-0.267516,-0.395046,-0.999639,0.404034
-2.375038,-0.251110,-1.889441,0.610813,-1.121626,-0.318336,-0.010477,-0.269546,-0.191595,0.604644
-0.307873,-0.397282,0.664108,-1.804067,-0.018758,0.734524,-0.578689,2.140211,-0.134783,0.979651
-2.471448,1.785603,-0.455515,-0.774929,0.361546,-1.539070,-0.722785,-0.437408,0.177416,0.235283
1.482071,1.842263,-0.797671,3.683392,0.019964,-0.560751,0.924225,0.015594,-1.785831,-0.484277
-3.265506,-2.227446,1.102323,0.673680,0.124615,2.769826,-1.536402,-0.099840,1.097360,0.059327
0.131663,-1.855282,2.151881,-1.981367,1.518945,1.912646,-0.799837,-2.259249,-2.078898,-0.767325
1.918517,2.775166,0.290103,0.839707,-0.302172,0.264049,-1.610349,-0.464601,-0.143977,1.657126
2.792102,-1.785427,3.168352,-0.459972,-3.226252,-1.308569,-1.306510,2.428434,2.408889,0.178798
-2.560184,-2.286481,1.573354,0.780186,0.985772,2.948204,-2.445054,0.309429,1.233921,0.588733
2.508088,-0.427045,2.405482,0.783872,2.425606,1.881418,2.618834,0.480498,-1.504497,1.146904
0.502070,3.593865,-1.423060,1.215485,0.611454,0.574845,-1.979638,-0.014571,-1.557577,0.753358
-2.543473,-1.949704,0.644903,0.906404,0.067787,2.016357,-2.828810,0.261744,0.796417,0.525766
-3.811526,-1.916049,0.485905,0.531565,-1.366739,0.693012,0.900474,-0.459225,0.586369,-0.632212
-0.621751,-0.437625,-2.927192,-0.710088,1.611282,0.130040,1.209730,-1.476225,0.433503,0.315321
0.378100,-1.271592,-1.652148,-0.570331,0.473780,-3.109509,0.021893,-0.261831,-0.642298,-1.055196
-0.913483,2.308530,1.751702,-1.393302,1.139159,0.381756,-0.765749,-1.387035,-0.951279,-3.169186
0.228709,-2.452603,-3.036615,0.930941,0.361218,-1.464151,1.587044,0.497285,1.872008,-2.991005
-0.681554,2.172304,0.848290,-0.906619,-1.198135,-1.811824,-1.019865,-0.198713,-0.063647,-3.052234
-2.354368,-2.074176,2.018675,0.935236,1.117883,3.373837,-2.175847,0.178282,0.834192,0.345336
1.450998,4.307381,1.683275,1.185259,-0.886422,0.387532,-0.324804,-0.934521,-0.667973,-1.306975
-0.706620,2.733459,-0.810312,-1.651967,0.981399,-0.945077,-0.707464,0.046594,-0.605713,0.350834
-0.415886,3.565346,-1.711752,-1.773190,0.410073,1.078177,1.715531,2.179064,-1.572276,1.865180
1.878693,3.884922,-0.277208,2.257100,-0.437999,1.525553,-1.265923,1.578375,-0.569389,1.807289
-2.544909,0.337756,-0.364514,2.381188,0.451379,0.746929,1.332381,-0.295946,0.909754,1.422493
-3.592733,-1.175947,0.288598,0.203658,-1.709385,-1.061994,1.910603,-1.009078,-0.550481,-0.316487
-3.608633,-3.022976,1.237528,-0.593983,0.264359,0.779274,1.496559,-0.565773,1.848527,-0.124566
-3.523446,-1.215942,-0.214372,0.246718,-2.212458,-1.012472,0.814780,-1.149882,-0.409977,-0.221308
1.209654,-1.952800,-3.576749,1.513515,-0.482906,-0.978954,1.481086,0.092293,-0.447881,-2.150844
1.209688,2.976068,2.701453,-0.952145,1.379705,0.523012,-1.046624,-1.451940,1.115822,-3.439139
0.719741,-0.595554,-2.593101,-1.826468,-0.258243,0.219717,-1.557835,-1.413717,-0.431201,1.404011
2.680846,-1.142011,-2.837201,-3.144192,0.763949,-2.243110,0.657691,0.226014,0.367886,-1.275270
-0.980200,-1.020634,-0.878566,1.245882,-0.253503,-2.582632,-0.794063,-0.455488,-0.324689,-0.903066
1.298442,-1.502543,-0.393408,-1.783111,3.442420,-0.716563,-0.972888,-1.097944,-0.428716,-0.062472
3.239834,-2.885373,-1.250267,-0.448485,2.023353,-1.074206,0.170297,-0.514786,0.787672,-2.381363
0.150970,0.602676,3.439455,2.116076,2.605670,-2.242120,0.829542,-0.163923,0.012730,-1.008136
1.883541,0.202828,1.303560,3.442864,2.107763,-3.072086,0.738249,-2.234662,-0.519810,-0.641831
-0.545841,3.959213,-2.189188,-0.894383,0.221206,1.680449,1.381113,0.291275,0.059598,1.293729
0.068098,-1.530628,-3.716624,-0.372017,0.826446,2.097716,-1.663263,-0.038908,0.060901,-1.834258
-1.510030,2.212074,2.177557,-1.764279,0.733501,0.282609,-0.169500,-1.437289,0.094719,-1.924556
-1.475299,-0.239253,-0.205542,1.557932,-1.321786,-2.438776,-0.845464,0.780542,-1.282129,0.598506
-2.468481,1.459622,-0.080491,-0.202701,-0.026594,1.078429,-0.779965,-0.513935,-0.676508,-1.445601
0.465001,2.440407,-0.432293,2.687974,-0.755607,1.570254,-2.681140,1.947382,-0.407461,0.161481
0.646064,4.026251,0.278461,0.317258,1.391913,-0.144573,-2.732809,-0.181652,-0.594984,-0.103135
0.045523,-2.023946,2.361999,4.272320,1.409225,1.580090,0.738874,1.113584,-0.296828,1.338000
-3.761310,-1.030901,-0.356783,0.311545,-2.037883,-0.752600,0.986362,-0.970689,-0.289089,0.242094
0.372706,3.608137,-1.712964,0.668907,-1.428719,-0.629677,-1.120342,2.618190,1.223865,0.142670
-1.232213,-0.697213,1.769003,0.794283,1.036340,-2.804548,-0.027468,1.661451,0.738645,-0.666615
1.178949,1.589227,-1.326948,1.289317,-0.070355,0.339984,-1.204396,-0.450390,2.224252,1.047832
-2.987200,-0.015148,0.680262,-2.321837,0.813914,-0.628467,1.800618,-1.430911,1.085009,-1.367612
1.391554,-0.004874,-0.869832,-1.488685,2.291441,1.229028,-1.371846,-1.186980,-1.165110,0.403471
1.651499,-0.235635,1.618256,2.107726,1.883935,-2.625388,2.133321,-2.149564,-0.372667,-2.210560
0.875655,-0.270692,-2.612969,-1.242893,0.339954,-1.256129,-2.729026,-1.698007,-0.158952,-1.156149
-2.127439,-0.081980,2.161835,-0.569416,-0.721870,2.925335,-0.610563,0.590771,0.446077,-0.084455
1.047097,2.874735,-3.011565,1.642641,1.639589,1.360642,-0.420079,0.456970,2.071004,-0.322479
