0.04315, 0.00176, 0.01148, 0.01846, 0.00805, 0.01648, 0.07359, 0.01742
0.04861, 0.02530, 0.01429, 0.03059, 0.01173, 0.05119, 0.21057, 0.17291
0.04665, 0.03591, 0.03310, 0.08268, 0.00934, 0.05442, 0.15792, 0.18083
0.05755, 0.10972, 0.05582, 0.13026, 0.13487, 0.04028, 0.12612, 0.04113
0.06625, 0.14391, 0.04963, 0.10121, 0.03261, 0.02879, 0.18231, 0.07240
0.04859, 0.12654, 0.04546, 0.09616, 0.03012, 0.02529, 0.21185, 0.03949
0.03756, 0.00266, 0.01001, 0.02069, 0.00555, 0.01801, 0.10150, 0.01333
0.04612, 0.02745, 0.02411, 0.04139, 0.01305, 0.05038, 0.24456, 0.17654
0.03667, 0.01613, 0.01617, 0.02823, 0.00679, 0.01735, 0.10931, 0.01882
0.06513, 0.04696, 0.08401, 0.09671, 0.09191, 0.01378, 0.14262, 0.02725
0.05398, 0.12007, 0.04701, 0.12705, 0.01957, 0.03134, 0.16412, 0.04162
0.02047, 0.02084, 0.01525, 0.02542, 0.00612, 0.02768, 0.20901, 0.02955
0.04908, 0.01385, 0.02328, 0.07707, 0.00035, 0.08375, 0.25692, 0.10324
0.03528, 0.03317, 0.03111, 0.05030, 0.01565, 0.05015, 0.21156, 0.13968
0.04679, 0.01061, 0.02572, 0.06357, 0.00474, 0.08654, 0.28056, 0.06469
0.03388, 0.00487, 0.02161, 0.04421, 0.01519, 0.01754, 0.06074, 0.00501
0.05560, 0.08851, 0.05476, 0.09280, 0.10656, 0.02506, 0.16323, 0.01226
0.05348, 0.02061, 0.02007, 0.04840, 0.00604, 0.06174, 0.19090, 0.19735
0.05912, 0.05788, 0.08287, 0.12565, 0.06248, 0.01240, 0.13071, 0.00529
0.01910, 0.00793, 0.02071, 0.01889, 0.00606, 0.01485, 0.22431, 0.02961
0.02423, 0.00271, 0.01232, 0.01110, 0.00915, 0.01726, 0.16999, 0.03249
0.03509, 0.04916, 0.06239, 0.15807, 0.02501, 0.03340, 0.10531, 0.00573
0.03125, 0.03932, 0.02549, 0.06159, 0.00751, 0.06401, 0.19449, 0.15860
0.03839, 0.00682, 0.01602, 0.03021, 0.00944, 0.01939, 0.09767, 0.00854
0.04511, 0.00347, 0.01549, 0.03414, 0.00902, 0.01694, 0.07950, 0.00396
0.05703, 0.15416, 0.04962, 0.11845, 0.01868, 0.03148, 0.23744, 0.04779
0.03699, 0.04743, 0.04834, 0.14604, 0.03318, 0.03929, 0.07450, 0.00651
0.06862, 0.10418, 0.06265, 0.13940, 0.12789, 0.02904, 0.05996, 0.02425
0.04289, 0.02957, 0.03123, 0.10583, 0.00089, 0.10835, 0.28354, 0.11445
0.07522, 0.08201, 0.05167, 0.10379, 0.13795, 0.03327, 0.13431, 0.03839
0.03572, 0.05875, 0.06491, 0.20525, 0.02080, 0.03037, 0.05507, 0.00663
0.03527, 0.00139, 0.01413, 0.01242, 0.00683, 0.01337, 0.10915, 0.00785
0.04104, 0.03035, 0.01985, 0.05098, 0.00879, 0.05822, 0.17868, 0.18970
0.04036, 0.01471, 0.01692, 0.03700, 0.01828, 0.01545, 0.08951, 0.00137
0.04084, 0.18657, 0.03194, 0.11771, 0.01229, 0.03181, 0.12693, 0.05547
0.04181, 0.01480, 0.02709, 0.07318, 0.00215, 0.11536, 0.28422, 0.09422
0.04180, 0.12170, 0.04704, 0.10292, 0.01800, 0.03498, 0.22718, 0.04892
0.02369, 0.00753, 0.02585, 0.03145, 0.00487, 0.01639, 0.23282, 0.02192
0.03269, 0.00469, 0.00859, 0.02277, 0.00259, 0.02728, 0.08708, 0.01319
0.02494, 0.06816, 0.02874, 0.06556, 0.01184, 0.07368, 0.21591, 0.14334
0.03473, 0.03912, 0.02348, 0.05551, 0.01326, 0.06564, 0.17157, 0.14999
0.05828, 0.08418, 0.09558, 0.15549, 0.06183, 0.01580, 0.11767, 0.02616
0.06558, 0.05439, 0.08581, 0.09798, 0.09047, 0.01196, 0.14468, 0.03433
0.05251, 0.02174, 0.02593, 0.07737, 0.00375, 0.08837, 0.34748, 0.08353
0.03016, 0.07296, 0.06226, 0.16707, 0.01939, 0.04216, 0.10900, 0.00370
0.03272, 0.04690, 0.05242, 0.16575, 0.02326, 0.04247, 0.08690, 0.00231
0.03309, 0.03405, 0.02255, 0.04888, 0.00999, 0.04332, 0.15740, 0.12307
0.06115, 0.01610, 0.02553, 0.07883, 0.00041, 0.09555, 0.30745, 0.10951
0.02959, 0.02272, 0.01919, 0.01813, 0.00662, 0.02062, 0.30989, 0.06216
0.03365, 0.01082, 0.02540, 0.06996, 0.00295, 0.12710, 0.30019, 0.07024
0.05286, 0.14094, 0.04443, 0.11410, 0.02823, 0.02402, 0.10896, 0.03665
0.04018, 0.15729, 0.03567, 0.09669, 0.03499, 0.02751, 0.11955, 0.04066
0.04611, 0.18786, 0.03924, 0.11832, 0.02216, 0.03739, 0.20082, 0.05326
0.01951, 0.01269, 0.01260, 0.01892, 0.00253, 0.03307, 0.23464, 0.06474
0.01898, 0.02977, 0.02042, 0.03657, 0.00433, 0.03528, 0.25570, 0.04865
0.04584, 0.16784, 0.03811, 0.12659, 0.01483, 0.03131, 0.14257, 0.04484
0.05422, 0.10303, 0.03798, 0.07236, 0.11994, 0.03245, 0.10447, 0.04725
0.01860, 0.01240, 0.01840, 0.01907, 0.00917, 0.02443, 0.22823, 0.02489
0.01906, 0.00634, 0.02695, 0.03606, 0.00445, 0.01313, 0.14090, 0.02629
0.07293, 0.04059, 0.08623, 0.10833, 0.06565, 0.01384, 0.15082, 0.02711
0.04750, 0.02767, 0.02727, 0.06201, 0.00349, 0.05069, 0.20853, 0.19061
0.07083, 0.05251, 0.09831, 0.13169, 0.05696, 0.01253, 0.12632, 0.03638
0.02732, 0.01468, 0.02015, 0.02349, 0.00601, 0.01858, 0.16821, 0.06307
0.04146, 0.03091, 0.02093, 0.05817, 0.00623, 0.05662, 0.17938, 0.14543
0.02251, 0.00237, 0.01129, 0.02686, 0.00794, 0.02371, 0.10474, 0.00445
0.03143, 0.01164, 0.01417, 0.04850, 0.00134, 0.11917, 0.33075, 0.10124
0.06194, 0.01017, 0.01703, 0.05498, 0.00363, 0.09778, 0.27719, 0.12642
0.04230, 0.11107, 0.04038, 0.10910, 0.01518, 0.03082, 0.15569, 0.03882
0.06628, 0.04392, 0.09381, 0.13013, 0.05595, 0.01677, 0.19342, 0.01004
0.04337, 0.03739, 0.01726, 0.05305, 0.01146, 0.05327, 0.15211, 0.15697
0.05231, 0.02134, 0.01951, 0.03978, 0.01895, 0.04847, 0.16082, 0.19411
0.04156, 0.00187, 0.01126, 0.02485, 0.00282, 0.01609, 0.07130, 0.00996
0.06227, 0.05694, 0.03791, 0.07258, 0.09811, 0.03388, 0.13868, 0.04661
0.04810, 0.02146, 0.02936, 0.05632, 0.01479, 0.04745, 0.16854, 0.19247
0.02355, 0.02140, 0.02210, 0.03399, 0.00435, 0.02820, 0.26187, 0.04114
0.02086, 0.07686, 0.05004, 0.18088, 0.02084, 0.06208, 0.08280, 0.00352
0.02590, 0.02845, 0.02523, 0.04100, 0.00408, 0.02465, 0.27210, 0.05115
0.03359, 0.04845, 0.05086, 0.14748, 0.03501, 0.03294, 0.10128, 0.00123
0.04654, 0.13680, 0.04031, 0.09148, 0.03354, 0.03486, 0.19317, 0.05732
0.03356, 0.01762, 0.03366, 0.10398, 0.02442, 0.04066, 0.08629, 0.00288
0.04119, 0.00580, 0.01027, 0.01898, 0.01148, 0.01959, 0.09300, 0.01525
0.03968, 0.06108, 0.06265, 0.16932, 0.04764, 0.02566, 0.09447, 0.00286
0.02269, 0.01505, 0.01690, 0.01655, 0.00519, 0.01868, 0.21917, 0.03076
0.05145, 0.02606, 0.02797, 0.07905, 0.01158, 0.10847, 0.30920, 0.11081
0.05705, 0.03861, 0.08879, 0.10362, 0.09008, 0.00972, 0.12739, 0.01418
0.04030, 0.00523, 0.00918, 0.02072, 0.00910, 0.01902, 0.08971, 0.01396
0.02848, 0.06247, 0.04658, 0.16054, 0.01875, 0.04883, 0.10751, 0.00353
0.04096, 0.00303, 0.00862, 0.02558, 0.01508, 0.02339, 0.08169, 0.01022
0.06065, 0.13619, 0.05543, 0.08531, 0.12858, 0.02814, 0.14619, 0.04599
0.03052, 0.00189, 0.01190, 0.02261, 0.00646, 0.01437, 0.07869, 0.00538
0.03068, 0.18991, 0.05572, 0.13075, 0.02348, 0.02137, 0.17847, 0.02689
0.01475, 0.02295, 0.01981, 0.02506, 0.00747, 0.02745, 0.23127, 0.02969
0.04506, 0.01961, 0.01915, 0.04210, 0.00741, 0.05718, 0.17385, 0.18619
0.05403, 0.01776, 0.01852, 0.03788, 0.00974, 0.08381, 0.27694, 0.12280
0.06608, 0.09246, 0.05477, 0.10186, 0.11712, 0.03316, 0.11952, 0.05830
0.03185, 0.00569, 0.01153, 0.03306, 0.00386, 0.01814, 0.09004, 0.00721
0.03106, 0.00521, 0.01440, 0.01946, 0.01134, 0.02260, 0.11097, 0.00802
0.03066, 0.01354, 0.01096, 0.01996, 0.01281, 0.02069, 0.11448, 0.00901
0.05100, 0.02538, 0.02081, 0.06995, 0.00547, 0.11330, 0.31360, 0.10815
0.02011, 0.01257, 0.02185, 0.04017, 0.00158, 0.01954, 0.19881, 0.04545
0.04157, 0.04473, 0.02680, 0.04849, 0.02351, 0.05898, 0.20526, 0.14846
0.04005, 0.02492, 0.01863, 0.04326, 0.01010, 0.06241, 0.18630, 0.17996
0.07118, 0.05891, 0.10147, 0.12234, 0.10735, 0.01085, 0.14990, 0.01008
0.03747, 0.00605, 0.00825, 0.02039, 0.00930, 0.01777, 0.07386, 0.01254
0.05271, 0.12388, 0.03256, 0.09630, 0.01065, 0.02897, 0.10298, 0.05055
0.04288, 0.01064, 0.02209, 0.05713, 0.00403, 0.08838, 0.26845, 0.10354
0.05509, 0.15655, 0.07069, 0.12169, 0.13304, 0.02358, 0.11040, 0.04853
0.03725, 0.00116, 0.00579, 0.01008, 0.00704, 0.01835, 0.08870, 0.01553
0.04302, 0.01294, 0.01976, 0.04796, 0.00607, 0.07733, 0.25181, 0.09392
0.03269, 0.04899, 0.04861, 0.14838, 0.01406, 0.03238, 0.07299, 0.00599
0.02652, 0.01190, 0.01005, 0.03164, 0.00112, 0.02173, 0.08952, 0.00695
0.04677, 0.02399, 0.02575, 0.08703, 0.00289, 0.10608, 0.27759, 0.11554
0.05940, 0.03265, 0.08096, 0.10464, 0.08440, 0.01319, 0.17892, 0.00524
0.05977, 0.10395, 0.05236, 0.09899, 0.11031, 0.02847, 0.13588, 0.02563
0.03637, 0.00302, 0.00945, 0.01765, 0.01311, 0.02051, 0.09632, 0.01146
0.01145, 0.01549, 0.01472, 0.01785, 0.00548, 0.02252, 0.22750, 0.02133
0.03110, 0.02418, 0.04110, 0.11560, 0.04276, 0.03463, 0.02273, 0.00256
0.03788, 0.05942, 0.03013, 0.07198, 0.01357, 0.05976, 0.21498, 0.15465
0.03485, 0.00189, 0.00996, 0.01800, 0.00647, 0.01728, 0.08320, 0.01079
0.04115, 0.12102, 0.03759, 0.09164, 0.01995, 0.02121, 0.14378, 0.02882
0.04403, 0.05702, 0.08826, 0.13126, 0.06107, 0.02055, 0.14783, 0.02872
0.02265, 0.01440, 0.02477, 0.03170, 0.00543, 0.02122, 0.25022, 0.05557
0.04416, 0.01882, 0.02591, 0.07826, 0.00587, 0.08742, 0.21808, 0.08866
0.04263, 0.03208, 0.03023, 0.04684, 0.02066, 0.05393, 0.16118, 0.15593
0.04141, 0.02242, 0.02441, 0.04498, 0.01755, 0.04406, 0.17242, 0.15711
0.05655, 0.09130, 0.11754, 0.17657, 0.06851, 0.01424, 0.18036, 0.01072
0.06470, 0.14769, 0.05511, 0.11424, 0.05011, 0.03072, 0.17788, 0.07110
0.04360, 0.00346, 0.02500, 0.05108, 0.00695, 0.01919, 0.11398, 0.00885
0.06422, 0.08501, 0.04932, 0.09492, 0.11683, 0.03613, 0.14151, 0.03801
0.05357, 0.03470, 0.07851, 0.10044, 0.06511, 0.01092, 0.12050, 0.01893
0.03368, 0.05917, 0.05660, 0.18032, 0.03118, 0.03447, 0.08459, 0.00359
0.03546, 0.02865, 0.02973, 0.10435, 0.00193, 0.10899, 0.29969, 0.10516
0.04609, 0.03109, 0.01672, 0.04218, 0.00658, 0.04670, 0.16724, 0.19706
0.05096, 0.08726, 0.03835, 0.07890, 0.08967, 0.02969, 0.16153, 0.02510
0.07067, 0.08692, 0.06274, 0.11518, 0.14168, 0.02625, 0.07563, 0.02621
0.01960, 0.01109, 0.02380, 0.03483, 0.00893, 0.02804, 0.18218, 0.04277
0.03125, 0.00279, 0.01336, 0.02902, 0.00739, 0.01781, 0.05896, 0.01034
0.03865, 0.04344, 0.05158, 0.14419, 0.02255, 0.03079, 0.09548, 0.00484
0.04876, 0.14679, 0.06888, 0.13511, 0.02715, 0.02392, 0.22198, 0.04777
0.04014, 0.00142, 0.01112, 0.01400, 0.01163, 0.01703, 0.08293, 0.01685
0.01414, 0.00787, 0.01105, 0.02007, 0.00132, 0.03218, 0.16429, 0.06794
0.06269, 0.12621, 0.04520, 0.12661, 0.02484, 0.03400, 0.15557, 0.04600
0.05718, 0.11249, 0.07191, 0.13016, 0.13797, 0.02808, 0.12278, 0.02081
0.04668, 0.01922, 0.02149, 0.07361, 0.00250, 0.09907, 0.29902, 0.12228
0.01632, 0.01739, 0.01952, 0.01803, 0.01873, 0.02904, 0.21481, 0.01996
0.01953, 0.00569, 0.02028, 0.02376, 0.00439, 0.02955, 0.17799, 0.04219
0.05988, 0.04931, 0.10329, 0.14360, 0.07546, 0.00964, 0.11477, 0.00372
0.07216, 0.08978, 0.05256, 0.11018, 0.11846, 0.03331, 0.09397, 0.04473
0.04728, 0.13397, 0.04548, 0.10112, 0.02476, 0.02096, 0.14247, 0.03391
0.02179, 0.00763, 0.01866, 0.02103, 0.00969, 0.01662, 0.17918, 0.04194
0.02765, 0.03771, 0.01757, 0.05114, 0.00496, 0.07004, 0.14203, 0.15934
0.05272, 0.16427, 0.03924, 0.09765, 0.02331, 0.02435, 0.11867, 0.05355
0.02758, 0.00175, 0.01001, 0.01836, 0.00597, 0.01671, 0.07258, 0.00884
0.05345, 0.11804, 0.05603, 0.12271, 0.09623, 0.03563, 0.16034, 0.03463
0.04100, 0.01710, 0.02777, 0.06907, 0.00776, 0.09891, 0.30417, 0.09022
0.03512, 0.06177, 0.06688, 0.17579, 0.03973, 0.03858, 0.11841, 0.00110
0.07396, 0.08919, 0.04004, 0.08249, 0.04813, 0.03155, 0.18369, 0.03623
0.06384, 0.09381, 0.06041, 0.09227, 0.13648, 0.03057, 0.13786, 0.03856
0.05212, 0.06169, 0.07820, 0.12794, 0.04803, 0.01239, 0.09986, 0.01721
0.03559, 0.06141, 0.04137, 0.15852, 0.02892, 0.03526, 0.06425, 0.00060
0.04402, 0.14005, 0.04455, 0.09562, 0.03469, 0.02965, 0.16646, 0.03855
0.05852, 0.15948, 0.04624, 0.12527, 0.02124, 0.03336, 0.19728, 0.04475
0.03020, 0.01221, 0.00723, 0.01733, 0.01225, 0.02024, 0.09676, 0.00567
0.04345, 0.11911, 0.04272, 0.09162, 0.01845, 0.02362, 0.21770, 0.03620
0.04293, 0.01397, 0.01912, 0.03404, 0.00995, 0.03774, 0.18525, 0.17089
0.02105, 0.01855, 0.01995, 0.01895, 0.01228, 0.02109, 0.23838, 0.03347
0.02791, 0.01324, 0.01691, 0.01700, 0.00450, 0.01535, 0.27170, 0.03450
0.03490, 0.03856, 0.03026, 0.08603, 0.00459, 0.05177, 0.16262, 0.16220
0.04973, 0.00726, 0.01425, 0.03592, 0.00345, 0.08305, 0.29176, 0.08506
0.02688, 0.03251, 0.04976, 0.13725, 0.03821, 0.05028, 0.08050, 0.00190
0.06131, 0.07212, 0.04945, 0.09227, 0.12940, 0.03496, 0.12492, 0.02210
0.04070, 0.00393, 0.00853, 0.01884, 0.00629, 0.02083, 0.09037, 0.01213
0.07082, 0.08273, 0.04519, 0.08837, 0.10213, 0.02814, 0.11322, 0.02807
0.04571, 0.11886, 0.07851, 0.14341, 0.11585, 0.02771, 0.09618, 0.02031
0.03141, 0.06932, 0.05937, 0.19827, 0.00855, 0.02968, 0.04711, 0.00623
0.07148, 0.12521, 0.06310, 0.13829, 0.14224, 0.03289, 0.09006, 0.03826
0.05028, 0.03239, 0.09276, 0.11556, 0.07365, 0.01174, 0.11285, 0.00662
0.03395, 0.06368, 0.05226, 0.15728, 0.03569, 0.03090, 0.05614, 0.00503
0.05704, 0.09989, 0.06447, 0.12056, 0.12665, 0.02923, 0.13996, 0.02222
0.05072, 0.00147, 0.00649, 0.01103, 0.00274, 0.01999, 0.08261, 0.02000
0.06464, 0.05294, 0.08043, 0.09277, 0.10049, 0.01010, 0.12472, 0.01205
0.04209, 0.13614, 0.03308, 0.10023, 0.02462, 0.02978, 0.11864, 0.03366
0.03221, 0.03451, 0.03911, 0.11595, 0.01757, 0.03391, 0.11066, 0.00291
0.04058, 0.13755, 0.05183, 0.09668, 0.03929, 0.01580, 0.13955, 0.01590
0.02341, 0.01444, 0.02630, 0.03568, 0.00538, 0.02538, 0.22688, 0.05230
0.06131, 0.11459, 0.03571, 0.08943, 0.03018, 0.02983, 0.12695, 0.06358
0.05719, 0.10587, 0.06097, 0.12663, 0.07079, 0.03042, 0.14964, 0.04416
0.03498, 0.02472, 0.03072, 0.07712, 0.00670, 0.12144, 0.38665, 0.06514
0.04681, 0.02956, 0.03116, 0.11938, 0.00081, 0.11097, 0.27857, 0.11130
0.04525, 0.01259, 0.01713, 0.06698, 0.00141, 0.12108, 0.20990, 0.10763
0.04442, 0.00157, 0.00747, 0.00894, 0.00709, 0.02036, 0.09594, 0.02685
0.06073, 0.05897, 0.08425, 0.11770, 0.06172, 0.01250, 0.12633, 0.01495
0.03738, 0.00210, 0.00879, 0.01410, 0.00448, 0.02539, 0.09851, 0.02261
0.03451, 0.00676, 0.01029, 0.02484, 0.01476, 0.01424, 0.05577, 0.00773
0.06312, 0.02441, 0.02540, 0.09204, 0.00009, 0.12148, 0.34021, 0.19597
0.01292, 0.01025, 0.01534, 0.02718, 0.00259, 0.02651, 0.19847, 0.03537
0.04975, 0.04630, 0.04763, 0.14340, 0.03486, 0.03030, 0.06977, 0.00298
0.02829, 0.04308, 0.05158, 0.14713, 0.03135, 0.03953, 0.10862, 0.00264
0.04239, 0.03450, 0.02834, 0.08159, 0.00477, 0.09295, 0.28090, 0.10811
0.04109, 0.03025, 0.01972, 0.04083, 0.01172, 0.04799, 0.22192, 0.15106
0.05285, 0.09938, 0.04414, 0.07603, 0.03136, 0.02045, 0.16807, 0.04825
0.05387, 0.02627, 0.02628, 0.08163, 0.00189, 0.09359, 0.38160, 0.11736
0.04036, 0.00412, 0.00564, 0.01432, 0.00559, 0.02773, 0.07864, 0.02017
0.02904, 0.05091, 0.05171, 0.15811, 0.02705, 0.03286, 0.06776, 0.00128
0.03640, 0.03578, 0.02639, 0.05059, 0.01246, 0.08637, 0.29992, 0.18917
0.04339, 0.01998, 0.02475, 0.04328, 0.00777, 0.05882, 0.23087, 0.18629
0.04232, 0.15303, 0.04819, 0.13530, 0.01578, 0.03012, 0.18256, 0.03821
0.01783, 0.02223, 0.02651, 0.03646, 0.00412, 0.03171, 0.18208, 0.05679
0.04598, 0.02349, 0.02370, 0.07635, 0.00680, 0.10557, 0.26911, 0.11649
0.05643, 0.03289, 0.07632, 0.07763, 0.05814, 0.00570, 0.12500, 0.00819
0.02584, 0.00487, 0.01073, 0.03065, 0.00565, 0.03829, 0.06816, 0.01282
0.04705, 0.07508, 0.05755, 0.08389, 0.14702, 0.03156, 0.09941, 0.02100
0.03174, 0.08873, 0.07327, 0.19967, 0.03468, 0.02786, 0.07254, 0.01025
0.05150, 0.01344, 0.01537, 0.05785, 0.00116, 0.09477, 0.26047, 0.14185
0.04474, 0.03434, 0.01944, 0.04316, 0.01186, 0.05296, 0.23980, 0.16990
0.04407, 0.01403, 0.02352, 0.07292, 0.00250, 0.10451, 0.27181, 0.09984
0.04634, 0.01834, 0.01917, 0.02851, 0.01333, 0.04916, 0.21010, 0.17716
0.03212, 0.06822, 0.07478, 0.21580, 0.01760, 0.03037, 0.07799, 0.00717
0.03890, 0.00593, 0.00565, 0.01505, 0.01297, 0.01918, 0.05375, 0.00828
0.06599, 0.08993, 0.04668, 0.10875, 0.11103, 0.03746, 0.14271, 0.02816
0.05304, 0.03856, 0.07288, 0.11308, 0.03987, 0.02296, 0.15682, 0.03167
0.04738, 0.03509, 0.02715, 0.06242, 0.01681, 0.05381, 0.19367, 0.21147
0.03725, 0.08206, 0.05234, 0.14661, 0.04937, 0.03238, 0.08613, 0.00171
0.06704, 0.03926, 0.09805, 0.11082, 0.08818, 0.00907, 0.13671, 0.01470
0.07267, 0.07202, 0.11480, 0.14684, 0.09244, 0.01109, 0.13470, 0.02427
0.02273, 0.02152, 0.01881, 0.02470, 0.00435, 0.02355, 0.22327, 0.05661
0.02802, 0.05152, 0.05516, 0.15871, 0.02906, 0.03234, 0.07842, 0.00251
0.02509, 0.04045, 0.03580, 0.10803, 0.02030, 0.04209, 0.10516, 0.00265
0.03359, 0.04003, 0.04639, 0.15648, 0.02082, 0.04532, 0.07579, 0.01230
0.04783, 0.02133, 0.03135, 0.08895, 0.00362, 0.09101, 0.28738, 0.09512
0.04385, 0.03742, 0.03005, 0.04648, 0.01094, 0.03079, 0.21109, 0.16463
0.04370, 0.01007, 0.02608, 0.06010, 0.00508, 0.08568, 0.31571, 0.09606
0.02180, 0.01651, 0.01839, 0.02867, 0.00471, 0.02260, 0.16734, 0.03948
0.03581, 0.02161, 0.02361, 0.08472, 0.00101, 0.09975, 0.27305, 0.11068
0.03985, 0.03980, 0.04214, 0.07592, 0.01504, 0.03794, 0.21794, 0.11975
0.04178, 0.00326, 0.00995, 0.01703, 0.00647, 0.01751, 0.10189, 0.00684
0.01300, 0.01566, 0.01857, 0.03139, 0.00323, 0.03717, 0.20074, 0.05168
0.06380, 0.14574, 0.04611, 0.08915, 0.05614, 0.02474, 0.14513, 0.05334
0.06330, 0.10310, 0.05898, 0.10277, 0.13022, 0.03489, 0.16055, 0.03840
0.05192, 0.09616, 0.06001, 0.10967, 0.13080, 0.03794, 0.10309, 0.04836
0.05055, 0.03353, 0.02232, 0.06387, 0.00934, 0.10584, 0.29576, 0.08903
0.04726, 0.12138, 0.04846, 0.09279, 0.03584, 0.02277, 0.23465, 0.02829
0.05664, 0.10220, 0.05693, 0.11058, 0.13346, 0.03330, 0.13339, 0.02443
0.05696, 0.02217, 0.01737, 0.04493, 0.00916, 0.06211, 0.19371, 0.22773
0.04808, 0.13464, 0.04430, 0.10825, 0.02658, 0.02307, 0.12772, 0.03663
0.03955, 0.01084, 0.01657, 0.02701, 0.01765, 0.02170, 0.14040, 0.01005
0.03637, 0.01939, 0.02389, 0.05544, 0.00703, 0.06996, 0.19002, 0.17057
0.05176, 0.01289, 0.01975, 0.07189, 0.00191, 0.11082, 0.24555, 0.12488
0.04984, 0.01483, 0.02255, 0.06533, 0.00088, 0.11131, 0.32582, 0.11075
0.06723, 0.03874, 0.06973, 0.08937, 0.06073, 0.01316, 0.12046, 0.02068
0.03988, 0.02400, 0.05410, 0.14845, 0.02579, 0.03072, 0.07990, 0.00857
0.05274, 0.17970, 0.04121, 0.10866, 0.02294, 0.02939, 0.18615, 0.04167
0.04256, 0.00657, 0.00776, 0.00972, 0.03067, 0.01719, 0.08550, 0.00922
0.04065, 0.00633, 0.01742, 0.03236, 0.01476, 0.01726, 0.06928, 0.00994
0.03999, 0.03671, 0.01994, 0.04158, 0.01635, 0.04977, 0.18703, 0.16354
0.02560, 0.00269, 0.00454, 0.00864, 0.00632, 0.01688, 0.06293, 0.01453
0.04274, 0.04118, 0.06643, 0.15337, 0.03871, 0.03891, 0.11096, 0.01290
0.05476, 0.07674, 0.09724, 0.15663, 0.04404, 0.01851, 0.18168, 0.01097
0.04335, 0.01533, 0.02274, 0.03572, 0.01519, 0.03958, 0.18427, 0.15793
0.04064, 0.01077, 0.01361, 0.05936, 0.00207, 0.12400, 0.24518, 0.11976
0.04597, 0.16414, 0.04567, 0.09430, 0.03495, 0.02358, 0.20544, 0.04569
0.04004, 0.04382, 0.04127, 0.14275, 0.02862, 0.03656, 0.08986, 0.00924
0.05291, 0.12507, 0.05388, 0.12851, 0.12059, 0.03979, 0.09307, 0.04658
0.04485, 0.00089, 0.00924, 0.00899, 0.00753, 0.02018, 0.13441, 0.00964
0.06288, 0.04474, 0.09233, 0.11992, 0.05914, 0.01275, 0.17737, 0.01970
0.04043, 0.01155, 0.01300, 0.03419, 0.00568, 0.01873, 0.10181, 0.00758
0.02089, 0.04511, 0.02847, 0.06399, 0.00385, 0.05205, 0.16356, 0.14957
0.03905, 0.00146, 0.00800, 0.01936, 0.00159, 0.01920, 0.09451, 0.00891
0.04556, 0.11885, 0.04041, 0.08210, 0.02773, 0.02230, 0.17807, 0.04465
0.05166, 0.08498, 0.03830, 0.07466, 0.12451, 0.03190, 0.10958, 0.04394
0.02960, 0.06846, 0.06013, 0.17979, 0.02938, 0.04804, 0.10010, 0.00673
0.05121, 0.02903, 0.04215, 0.11586, 0.03773, 0.03479, 0.09648, 0.00739
0.03848, 0.01877, 0.02409, 0.07413, 0.00074, 0.09667, 0.26521, 0.10684
0.01650, 0.00675, 0.02154, 0.03017, 0.00505, 0.02834, 0.20552, 0.04030
0.03892, 0.03628, 0.03890, 0.11549, 0.02343, 0.03032, 0.07854, 0.00370
0.06314, 0.01443, 0.03063, 0.08599, 0.00525, 0.07977, 0.26012, 0.12387
0.03920, 0.01508, 0.02690, 0.07628, 0.00194, 0.11399, 0.39281, 0.10252
0.05757, 0.18424, 0.05584, 0.13504, 0.03250, 0.02932, 0.14089, 0.07735
0.04291, 0.02886, 0.03436, 0.05601, 0.02034, 0.05739, 0.21629, 0.19441
0.04422, 0.13302, 0.03176, 0.08146, 0.03647, 0.03914, 0.15712, 0.06267
0.04065, 0.02050, 0.02032, 0.03808, 0.01689, 0.06257, 0.19291, 0.14523
0.04181, 0.01211, 0.01741, 0.03401, 0.01409, 0.04285, 0.13353, 0.15987
0.04504, 0.04009, 0.02475, 0.05978, 0.01735, 0.05758, 0.16861, 0.16886
0.02003, 0.01023, 0.01989, 0.03515, 0.00271, 0.02433, 0.22764, 0.03608
0.04453, 0.12914, 0.03028, 0.07281, 0.01558, 0.02773, 0.22236, 0.04372
0.05291, 0.15455, 0.04678, 0.10925, 0.02511, 0.02661, 0.16062, 0.06071
0.02331, 0.01704, 0.01532, 0.01991, 0.00429, 0.02179, 0.19521, 0.04860
0.03803, 0.01736, 0.03946, 0.12244, 0.03768, 0.04505, 0.07906, 0.00259
0.03240, 0.04600, 0.04718, 0.13358, 0.03502, 0.03219, 0.05529, 0.00148
0.02994, 0.06050, 0.03651, 0.13246, 0.02389, 0.03224, 0.07704, 0.00146
0.06613, 0.12327, 0.06146, 0.08925, 0.15478, 0.02359, 0.18895, 0.02867
0.05243, 0.10688, 0.04411, 0.10322, 0.03448, 0.03050, 0.20528, 0.03699
0.01714, 0.00849, 0.01784, 0.01848, 0.00396, 0.01083, 0.21593, 0.03189
0.05202, 0.05194, 0.08752, 0.09201, 0.09048, 0.00553, 0.13243, 0.00549
0.05394, 0.06407, 0.03177, 0.07314, 0.10078, 0.03268, 0.09866, 0.03205
0.06031, 0.01299, 0.03027, 0.06929, 0.01264, 0.08114, 0.25495, 0.07969
0.06192, 0.03683, 0.09612, 0.13572, 0.05701, 0.01116, 0.11478, 0.01406
0.04202, 0.02098, 0.01461, 0.03116, 0.01328, 0.04569, 0.14560, 0.19542
0.01972, 0.00425, 0.01579, 0.01676, 0.00492, 0.02764, 0.24554, 0.03351
0.04803, 0.11484, 0.03507, 0.08753, 0.02694, 0.02352, 0.10752, 0.04005
0.05146, 0.03044, 0.07421, 0.09059, 0.07748, 0.01078, 0.12343, 0.01067
0.02438, 0.09491, 0.04576, 0.17795, 0.01547, 0.03749, 0.08881, 0.00235
0.04266, 0.04980, 0.03767, 0.08186, 0.02081, 0.07444, 0.19919, 0.20636
0.05216, 0.13216, 0.04979, 0.10175, 0.02086, 0.02475, 0.18083, 0.06842
0.06163, 0.02645, 0.09705, 0.12705, 0.06348, 0.01120, 0.12966, 0.02151
0.06166, 0.05143, 0.09603, 0.14688, 0.04472, 0.01231, 0.12499, 0.01642
0.06479, 0.11459, 0.05547, 0.08866, 0.15197, 0.02259, 0.12225, 0.03918
0.05614, 0.03144, 0.03027, 0.04669, 0.02393, 0.05283, 0.21858, 0.17645
0.01878, 0.01154, 0.01553, 0.02632, 0.00179, 0.02139, 0.16566, 0.04610
0.06758, 0.01847, 0.01975, 0.02059, 0.02837, 0.03693, 0.18339, 0.19646
0.05818, 0.06637, 0.09534, 0.13893, 0.05840, 0.01290, 0.15641, 0.01891
0.03049, 0.00419, 0.00691, 0.01496, 0.00435, 0.02449, 0.13046, 0.02492
0.03433, 0.08151, 0.05897, 0.17651, 0.03136, 0.02723, 0.08097, 0.00265
0.04452, 0.03011, 0.05299, 0.15597, 0.02246, 0.03532, 0.08235, 0.00905
0.02698, 0.05364, 0.05343, 0.17889, 0.01321, 0.03858, 0.08317, 0.00368
0.04252, 0.02346, 0.03506, 0.09073, 0.00411, 0.10179, 0.34186, 0.12384
0.05450, 0.07553, 0.07768, 0.13094, 0.06840, 0.01348, 0.11267, 0.00649
0.01708, 0.02319, 0.02256, 0.03284, 0.01118, 0.02907, 0.21157, 0.03492
0.04475, 0.11941, 0.04689, 0.10843, 0.03250, 0.02638, 0.13673, 0.05130
0.04590, 0.03061, 0.02892, 0.04648, 0.02063, 0.03261, 0.16640, 0.15833
0.00903, 0.02976, 0.02476, 0.03633, 0.00924, 0.03727, 0.27175, 0.02754
0.06299, 0.07031, 0.09564, 0.11947, 0.08023, 0.00904, 0.13799, 0.00997
0.03218, 0.04659, 0.01869, 0.04578, 0.00584, 0.06790, 0.21478, 0.20913
0.03754, 0.00091, 0.00813, 0.01777, 0.00471, 0.01763, 0.07878, 0.00512
0.06324, 0.04097, 0.10921, 0.12929, 0.08401, 0.00797, 0.11584, 0.01860
0.04933, 0.03098, 0.02703, 0.05946, 0.01492, 0.07604, 0.25957, 0.21638
0.03138, 0.00766, 0.01532, 0.01272, 0.00694, 0.01554, 0.20256, 0.04964
0.03266, 0.00165, 0.01218, 0.02500, 0.01510, 0.01797, 0.04170, 0.00578
0.03809, 0.03043, 0.02330, 0.04125, 0.01671, 0.04558, 0.18959, 0.13710
0.05960, 0.09253, 0.06261, 0.11256, 0.14230, 0.03928, 0.10387, 0.03841
0.02368, 0.01103, 0.02392, 0.02702, 0.01470, 0.02490, 0.18072, 0.05501
0.01674, 0.01709, 0.01687, 0.02346, 0.00488, 0.01810, 0.21721, 0.02850
0.04146, 0.13858, 0.04599, 0.11124, 0.03460, 0.02121, 0.12477, 0.02827
0.03132, 0.00141, 0.00948, 0.01483, 0.00660, 0.01729, 0.07178, 0.01245
0.03257, 0.01287, 0.01003, 0.02664, 0.00416, 0.02376, 0.06665, 0.01439
0.03878, 0.12003, 0.04407, 0.10642, 0.01975, 0.02267, 0.14180, 0.03639
0.03693, 0.01954, 0.01667, 0.06062, 0.00222, 0.10034, 0.22783, 0.06642
0.04494, 0.00096, 0.00814, 0.02155, 0.01649, 0.01796, 0.05847, 0.00251
0.03710, 0.00178, 0.01060, 0.01297, 0.00712, 0.01662, 0.08208, 0.01940
0.05198, 0.14350, 0.03511, 0.11937, 0.02310, 0.03528, 0.15620, 0.03776
0.04747, 0.17919, 0.05640, 0.16198, 0.01302, 0.02781, 0.14443, 0.03623
0.04040, 0.04077, 0.01822, 0.04759, 0.00672, 0.04341, 0.16408, 0.18423
0.04700, 0.15701, 0.04235, 0.10531, 0.03273, 0.02046, 0.11283, 0.02590
0.03490, 0.02178, 0.01718, 0.03982, 0.00696, 0.05463, 0.20342, 0.15187
0.06114, 0.05612, 0.07659, 0.10395, 0.05036, 0.01290, 0.16172, 0.01709
0.07143, 0.05540, 0.09289, 0.14127, 0.07271, 0.01529, 0.10922, 0.01269
0.04517, 0.04384, 0.02572, 0.04355, 0.01369, 0.04797, 0.23194, 0.16475
0.04615, 0.02452, 0.03345, 0.09375, 0.00152, 0.11488, 0.32737, 0.11679
0.03454, 0.03815, 0.04793, 0.15090, 0.02022, 0.04169, 0.08651, 0.00818
0.02103, 0.01109, 0.00992, 0.01247, 0.00284, 0.01796, 0.20077, 0.03606
0.06864, 0.05823, 0.09580, 0.11890, 0.08863, 0.00829, 0.11453, 0.00432
0.06455, 0.02063, 0.02465, 0.08646, 0.00403, 0.07761, 0.24172, 0.09628
0.05741, 0.08620, 0.06225, 0.09550, 0.12743, 0.02872, 0.13165, 0.03649
0.03808, 0.02531, 0.01388, 0.02857, 0.00878, 0.05178, 0.20403, 0.15416
0.05614, 0.03621, 0.06278, 0.09304, 0.05082, 0.01504, 0.11873, 0.02271
0.03832, 0.01259, 0.00729, 0.02504, 0.00969, 0.02067, 0.08638, 0.00938
0.05652, 0.04111, 0.10083, 0.13073, 0.05869, 0.01228, 0.12743, 0.01765
0.04158, 0.01646, 0.02472, 0.06990, 0.00425, 0.11795, 0.33360, 0.13155
0.04052, 0.14468, 0.05820, 0.13245, 0.01632, 0.02060, 0.19672, 0.01793
0.03932, 0.02124, 0.02586, 0.05243, 0.02311, 0.05557, 0.15612, 0.15726
0.04103, 0.05816, 0.05709, 0.17831, 0.03192, 0.05065, 0.08795, 0.00230
0.04575, 0.04022, 0.01773, 0.02505, 0.02637, 0.04363, 0.18006, 0.15864
0.01376, 0.01912, 0.01661, 0.02767, 0.00270, 0.02281, 0.19748, 0.05305
0.03311, 0.00275, 0.01656, 0.02793, 0.01065, 0.01609, 0.06802, 0.00862
0.05654, 0.12418, 0.06300, 0.12942, 0.14204, 0.03803, 0.09756, 0.02766
0.05408, 0.05950, 0.09831, 0.13197, 0.07498, 0.00877, 0.12995, 0.00571
0.04938, 0.07980, 0.04455, 0.07649, 0.12235, 0.02406, 0.11042, 0.01758
0.06187, 0.10917, 0.06331, 0.11254, 0.15938, 0.02771, 0.10043, 0.02972
0.02180, 0.01652, 0.02555, 0.02951, 0.00535, 0.01788, 0.25920, 0.05867
0.03744, 0.00515, 0.01196, 0.02636, 0.00149, 0.02118, 0.10304, 0.01609
0.06774, 0.05815, 0.10211, 0.13184, 0.05645, 0.01257, 0.21042, 0.01634
0.05368, 0.01698, 0.02355, 0.05359, 0.00730, 0.08076, 0.32803, 0.08714
0.02057, 0.07448, 0.05132, 0.15044, 0.03239, 0.05458, 0.07636, 0.00278
0.03960, 0.01415, 0.03019, 0.07161, 0.00667, 0.09338, 0.30154, 0.07791
0.04624, 0.00170, 0.00827, 0.00991, 0.01884, 0.01492, 0.07118, 0.00779
0.06041, 0.10527, 0.07547, 0.11677, 0.14033, 0.02517, 0.14112, 0.02792
0.01782, 0.02432, 0.03176, 0.04590, 0.01056, 0.02281, 0.18363, 0.03364
0.04452, 0.13355, 0.03705, 0.10907, 0.01707, 0.02974, 0.14983, 0.04912
0.06180, 0.11310, 0.04421, 0.07773, 0.11952, 0.03252, 0.19195, 0.03483
0.03545, 0.03703, 0.02725, 0.05653, 0.01906, 0.06106, 0.19958, 0.19060
0.01921, 0.01509, 0.03205, 0.03526, 0.01035, 0.02057, 0.22817, 0.04926
0.04821, 0.17868, 0.03665, 0.10559, 0.02484, 0.02943, 0.17319, 0.04228
0.03813, 0.06497, 0.05269, 0.18366, 0.02893, 0.05023, 0.08268, 0.01462
0.06200, 0.08106, 0.04354, 0.09290, 0.14567, 0.02820, 0.07859, 0.03049
0.05773, 0.12737, 0.04603, 0.08771, 0.03424, 0.02190, 0.15391, 0.03768
0.06100, 0.08200, 0.08015, 0.09303, 0.07625, 0.00978, 0.14845, 0.01939
0.04897, 0.01252, 0.02004, 0.05714, 0.00377, 0.09798, 0.30642, 0.09601
0.07503, 0.00992, 0.01794, 0.05988, 0.00130, 0.07901, 0.32218, 0.11638
0.03713, 0.01254, 0.00800, 0.01150, 0.02054, 0.01335, 0.08502, 0.00569
0.02315, 0.08351, 0.05259, 0.14708, 0.04732, 0.05542, 0.11350, 0.00383
0.01546, 0.01131, 0.01323, 0.02141, 0.00251, 0.02651, 0.18385, 0.03237
0.04714, 0.02100, 0.02994, 0.07564, 0.00404, 0.10029, 0.30422, 0.11951
0.08581, 0.11029, 0.05764, 0.12637, 0.10912, 0.04162, 0.18564, 0.05092
0.02662, 0.03288, 0.06325, 0.14792, 0.03939, 0.03714, 0.07787, 0.00292
0.06093, 0.01175, 0.02510, 0.06214, 0.00825, 0.10054, 0.32103, 0.13393
0.03872, 0.06013, 0.05565, 0.17320, 0.02354, 0.04456, 0.06984, 0.01150
0.04597, 0.14241, 0.04980, 0.12988, 0.01772, 0.03029, 0.19376, 0.04785
0.05114, 0.03175, 0.02653, 0.05501, 0.01756, 0.04381, 0.17264, 0.15735
0.04289, 0.13559, 0.04331, 0.11948, 0.00756, 0.02925, 0.18851, 0.03772
0.04432, 0.00668, 0.00801, 0.02611, 0.00298, 0.02246, 0.06008, 0.00681
0.05668, 0.06899, 0.09716, 0.13163, 0.08303, 0.00951, 0.09662, 0.01003
0.03494, 0.05276, 0.04745, 0.15409, 0.02981, 0.04965, 0.07464, 0.01181
0.05857, 0.01449, 0.02605, 0.08166, 0.00517, 0.08593, 0.25613, 0.11726
0.01969, 0.00601, 0.01448, 0.02215, 0.00236, 0.03042, 0.20889, 0.03489
0.06269, 0.06163, 0.09587, 0.10717, 0.09756, 0.00991, 0.17376, 0.01538
0.03851, 0.06434, 0.04726, 0.16001, 0.03190, 0.03046, 0.07035, 0.00071
0.02855, 0.01257, 0.01183, 0.02511, 0.00483, 0.06018, 0.18566, 0.15132
0.04064, 0.00760, 0.00610, 0.01660, 0.00991, 0.01981, 0.06167, 0.01333
0.04824, 0.11236, 0.05491, 0.09911, 0.02575, 0.01818, 0.16952, 0.04032
0.02354, 0.03558, 0.05224, 0.15737, 0.03627, 0.04248, 0.06260, 0.00270
0.05275, 0.01578, 0.02763, 0.08793, 0.00561, 0.10224, 0.27434, 0.10214
0.04578, 0.01451, 0.03035, 0.07924, 0.00169, 0.11096, 0.37027, 0.10502
0.03088, 0.00191, 0.01027, 0.02197, 0.01235, 0.01626, 0.08327, 0.00713
0.06002, 0.05926, 0.10349, 0.15640, 0.04540, 0.01405, 0.15467, 0.01730
0.05384, 0.11419, 0.03131, 0.08723, 0.01992, 0.03296, 0.16999, 0.05667
0.01805, 0.01506, 0.01958, 0.02868, 0.00375, 0.02785, 0.18598, 0.05797
0.04553, 0.04538, 0.09490, 0.12768, 0.05065, 0.00799, 0.14475, 0.00521
0.05861, 0.10621, 0.05227, 0.10403, 0.14198, 0.02450, 0.10436, 0.01438
0.06182, 0.08890, 0.05672, 0.11394, 0.14130, 0.04070, 0.12203, 0.03277
0.04957, 0.03439, 0.02113, 0.05600, 0.01222, 0.05490, 0.16699, 0.19663
0.01783, 0.01625, 0.02191, 0.03347, 0.00430, 0.02308, 0.18929, 0.05403
0.07729, 0.09606, 0.04504, 0.09718, 0.13859, 0.03286, 0.06947, 0.04381
0.04280, 0.00871, 0.01975, 0.05220, 0.00237, 0.08475, 0.25005, 0.07282
0.04813, 0.11761, 0.06486, 0.12511, 0.08502, 0.03265, 0.12811, 0.05443
0.04031, 0.00283, 0.00367, 0.00815, 0.01416, 0.02423, 0.08020, 0.01659
0.03047, 0.01690, 0.01162, 0.02517, 0.01359, 0.01263, 0.07657, 0.00414
0.01945, 0.01979, 0.02061, 0.03823, 0.00182, 0.02682, 0.21348, 0.07471
0.06126, 0.03105, 0.02810, 0.06045, 0.01811, 0.04204, 0.15144, 0.17973
0.03933, 0.04079, 0.05278, 0.14538, 0.02638, 0.04079, 0.08507, 0.02088
0.01479, 0.01454, 0.01301, 0.01763, 0.00365, 0.01514, 0.14888, 0.03703
0.05682, 0.00499, 0.00991, 0.01631, 0.00404, 0.02018, 0.07731, 0.02847
0.03607, 0.00623, 0.01132, 0.01965, 0.00778, 0.01394, 0.08884, 0.00385
0.05068, 0.20243, 0.04917, 0.13024, 0.02437, 0.02674, 0.16060, 0.04292
0.06412, 0.06546, 0.09967, 0.13282, 0.06343, 0.01309, 0.15282, 0.02024
0.03965, 0.00710, 0.00861, 0.02129, 0.00944, 0.02475, 0.11094, 0.02055
0.02912, 0.01524, 0.02381, 0.02461, 0.00566, 0.01561, 0.23796, 0.04849
0.05958, 0.10311, 0.06489, 0.11850, 0.12768, 0.02881, 0.14561, 0.02322
0.04340, 0.02349, 0.02173, 0.03717, 0.00630, 0.04855, 0.25293, 0.16050
0.04897, 0.12764, 0.04687, 0.10553, 0.03141, 0.03057, 0.18939, 0.05133
0.03352, 0.00205, 0.00837, 0.01908, 0.00727, 0.01795, 0.05165, 0.01172
0.03101, 0.04145, 0.02373, 0.04755, 0.01488, 0.05524, 0.17647, 0.12783
0.02913, 0.04724, 0.04690, 0.13034, 0.03768, 0.03458, 0.06283, 0.00138
0.01713, 0.01559, 0.01690, 0.01965, 0.00551, 0.02033, 0.23411, 0.03506
0.05708, 0.10305, 0.05764, 0.10908, 0.12869, 0.03218, 0.11056, 0.04654
0.03888, 0.02104, 0.02027, 0.04137, 0.01695, 0.06570, 0.22272, 0.22994
0.04113, 0.05791, 0.05481, 0.16899, 0.03095, 0.03144, 0.10016, 0.00109
0.05368, 0.02785, 0.08623, 0.12211, 0.06172, 0.00909, 0.08549, 0.01000
0.04604, 0.02222, 0.02647, 0.05898, 0.01486, 0.06082, 0.14137, 0.17604
0.04194, 0.01032, 0.01674, 0.04402, 0.00407, 0.12562, 0.33911, 0.11626
0.04211, 0.05176, 0.04403, 0.14283, 0.02884, 0.02483, 0.05652, 0.00024
0.05310, 0.02583, 0.02793, 0.06432, 0.01505, 0.05044, 0.20265, 0.16008
0.04803, 0.06591, 0.09055, 0.12670, 0.05665, 0.00745, 0.12069, 0.00507
0.05155, 0.04495, 0.09661, 0.13276, 0.08778, 0.01175, 0.11693, 0.00750
0.06040, 0.05358, 0.10382, 0.14083, 0.07568, 0.01782, 0.20311, 0.01909
0.04571, 0.04203, 0.02167, 0.03344, 0.01583, 0.03980, 0.24263, 0.16250
0.01830, 0.00775, 0.01668, 0.02512, 0.00217, 0.02479, 0.18164, 0.03598
0.06081, 0.14170, 0.06709, 0.09294, 0.22063, 0.03467, 0.18019, 0.02919
0.02908, 0.13535, 0.04715, 0.12480, 0.02388, 0.02505, 0.09931, 0.03036
0.02382, 0.06724, 0.06282, 0.17434, 0.02542, 0.04234, 0.10489, 0.00137
0.04630, 0.03060, 0.02830, 0.08701, 0.00190, 0.12496, 0.34727, 0.14132
0.04261, 0.09325, 0.04933, 0.10227, 0.02167, 0.02100, 0.15472, 0.02642
0.07364, 0.06525, 0.04670, 0.08092, 0.12023, 0.03086, 0.11077, 0.05477
0.04956, 0.13859, 0.04957, 0.10754, 0.03782, 0.02270, 0.14399, 0.03368
0.05338, 0.08707, 0.05761, 0.09583, 0.11725, 0.03893, 0.11446, 0.03887
0.03963, 0.00288, 0.00457, 0.01683, 0.00397, 0.02393, 0.09471, 0.01593
0.06844, 0.10668, 0.07589, 0.14766, 0.14257, 0.03011, 0.13734, 0.02358
0.06260, 0.12207, 0.05795, 0.10680, 0.10939, 0.02284, 0.13096, 0.02475
0.05963, 0.03596, 0.08248, 0.10927, 0.04714, 0.01220, 0.16325, 0.01769
0.01855, 0.00949, 0.01608, 0.02314, 0.00235, 0.02896, 0.19696, 0.04775
0.05345, 0.15304, 0.06150, 0.14929, 0.03422, 0.02525, 0.14219, 0.02909
0.05793, 0.03174, 0.04086, 0.11606, 0.00506, 0.10640, 0.34607, 0.12083
0.06480, 0.04357, 0.08415, 0.12492, 0.07568, 0.01488, 0.09349, 0.02947
0.06612, 0.10242, 0.05632, 0.11062, 0.12558, 0.03822, 0.14891, 0.04206
0.07166, 0.09414, 0.06581, 0.11342, 0.14911, 0.02782, 0.14129, 0.03091
0.04051, 0.03067, 0.01867, 0.04717, 0.00356, 0.04806, 0.21811, 0.15598
0.07300, 0.10164, 0.06757, 0.13023, 0.11537, 0.03606, 0.14103, 0.07780
0.04608, 0.13953, 0.07426, 0.14542, 0.12512, 0.04130, 0.14081, 0.04613
0.04822, 0.11898, 0.05240, 0.12368, 0.03120, 0.02657, 0.15731, 0.03651
0.04537, 0.00896, 0.00861, 0.03658, 0.00125, 0.10307, 0.28045, 0.10595
0.03802, 0.18021, 0.06140, 0.14091, 0.02732, 0.02657, 0.19015, 0.04177
0.04233, 0.01570, 0.02211, 0.06471, 0.00242, 0.12295, 0.28750, 0.12253
0.02581, 0.04770, 0.04348, 0.13140, 0.02025, 0.03068, 0.08987, 0.00282
0.06323, 0.11960, 0.04010, 0.08108, 0.11044, 0.03850, 0.14087, 0.08442
0.05719, 0.01103, 0.02586, 0.06965, 0.00148, 0.08314, 0.36201, 0.08625
0.03917, 0.00341, 0.00780, 0.01434, 0.00558, 0.01874, 0.08940, 0.03056
0.04192, 0.06859, 0.05752, 0.18055, 0.02139, 0.03141, 0.08087, 0.00516
0.04907, 0.02170, 0.02309, 0.08260, 0.00116, 0.12373, 0.25603, 0.11916
0.03462, 0.00317, 0.00762, 0.01177, 0.00967, 0.02115, 0.06921, 0.01270
0.04039, 0.00367, 0.00842, 0.01371, 0.00507, 0.01942, 0.09605, 0.01699
0.05698, 0.01595, 0.01785, 0.06462, 0.00444, 0.08361, 0.27972, 0.09253
0.02433, 0.03012, 0.01348, 0.02475, 0.00843, 0.02147, 0.17379, 0.04835
0.05128, 0.14673, 0.04529, 0.10836, 0.02166, 0.02926, 0.21431, 0.05050
0.06384, 0.04704, 0.08552, 0.12090, 0.05684, 0.01492, 0.14427, 0.02175
0.05473, 0.05083, 0.09302, 0.12847, 0.07295, 0.00837, 0.09117, 0.01026
0.02985, 0.07715, 0.05049, 0.18348, 0.02075, 0.04356, 0.07170, 0.00178
0.03708, 0.00104, 0.00539, 0.01578, 0.01110, 0.02067, 0.06474, 0.01555
0.03344, 0.04070, 0.04702, 0.14117, 0.02943, 0.02100, 0.06223, 0.00131
0.05317, 0.03975, 0.08620, 0.09343, 0.08859, 0.01052, 0.15931, 0.00811
0.04865, 0.06084, 0.08618, 0.12093, 0.06184, 0.01281, 0.14279, 0.02201
0.03504, 0.00120, 0.00644, 0.01318, 0.01046, 0.01401, 0.05726, 0.00624
0.04719, 0.04149, 0.04510, 0.13205, 0.02027, 0.03495, 0.11123, 0.01589
0.08619, 0.03447, 0.10645, 0.11154, 0.06278, 0.01049, 0.17446, 0.01387
0.04502, 0.16549, 0.03868, 0.10592, 0.02695, 0.02691, 0.16936, 0.03405
0.06495, 0.11505, 0.06011, 0.10411, 0.14706, 0.02271, 0.09582, 0.03926
0.02936, 0.02746, 0.01830, 0.04450, 0.00519, 0.05306, 0.15607, 0.16431
0.05559, 0.09062, 0.11956, 0.17013, 0.05993, 0.00835, 0.11208, 0.01204
0.04826, 0.01393, 0.02758, 0.08089, 0.00032, 0.08162, 0.29664, 0.10878
0.05052, 0.11127, 0.04109, 0.09615, 0.03810, 0.02305, 0.11306, 0.03601
0.01943, 0.01423, 0.01073, 0.01950, 0.00321, 0.02413, 0.19432, 0.03553
0.04012, 0.03231, 0.02607, 0.05044, 0.01537, 0.07314, 0.20009, 0.19609
0.03387, 0.00393, 0.01141, 0.02286, 0.00375, 0.01734, 0.08708, 0.01022
0.05560, 0.08163, 0.09662, 0.13186, 0.07545, 0.00993, 0.14826, 0.00999
0.03830, 0.04204, 0.05243, 0.13879, 0.03561, 0.04163, 0.09361, 0.01318
0.05893, 0.01381, 0.03220, 0.08250, 0.00276, 0.10232, 0.39522, 0.11870
0.04776, 0.04781, 0.02404, 0.05810, 0.03368, 0.04643, 0.14318, 0.12199
0.04233, 0.00775, 0.01205, 0.02780, 0.01764, 0.02312, 0.09816, 0.01200
0.05844, 0.10972, 0.04131, 0.08239, 0.02726, 0.02470, 0.15576, 0.05914
0.03771, 0.01512, 0.02107, 0.06862, 0.00295, 0.11354, 0.22693, 0.13859
0.02229, 0.01706, 0.01877, 0.02354, 0.00527, 0.01484, 0.19025, 0.04379
0.04185, 0.15537, 0.05307, 0.11546, 0.02340, 0.02087, 0.16587, 0.03618
0.05937, 0.04519, 0.09194, 0.12512, 0.04966, 0.01080, 0.14837, 0.01555
0.03999, 0.03501, 0.02748, 0.09134, 0.00211, 0.08228, 0.25604, 0.08099
0.05253, 0.00611, 0.01688, 0.03218, 0.01029, 0.07955, 0.29606, 0.07838
0.05500, 0.18426, 0.04108, 0.09072, 0.03879, 0.02864, 0.19520, 0.06254
0.02111, 0.01387, 0.02315, 0.02064, 0.01192, 0.02137, 0.23343, 0.05265
0.01279, 0.01301, 0.01268, 0.01932, 0.00307, 0.03162, 0.18767, 0.06040
0.05644, 0.17419, 0.05308, 0.11372, 0.02972, 0.02577, 0.19590, 0.03009
0.05806, 0.12590, 0.06999, 0.11276, 0.11588, 0.02459, 0.11733, 0.02188
0.05963, 0.10657, 0.06605, 0.11351, 0.15061, 0.03047, 0.11968, 0.03263
0.03969, 0.14644, 0.04280, 0.10541, 0.03274, 0.03423, 0.16341, 0.05268
0.03100, 0.01170, 0.01666, 0.03849, 0.00700, 0.01868, 0.09944, 0.01132
0.04458, 0.00971, 0.01408, 0.03129, 0.00415, 0.02260, 0.07940, 0.04486
0.03151, 0.05283, 0.05555, 0.18552, 0.01434, 0.04149, 0.07184, 0.01438
0.03905, 0.04534, 0.02467, 0.04762, 0.01496, 0.05449, 0.20787, 0.17993
0.03157, 0.00465, 0.01298, 0.03449, 0.00210, 0.02858, 0.10446, 0.02705
0.06739, 0.05636, 0.10783, 0.15163, 0.07417, 0.01089, 0.11966, 0.01066
0.01499, 0.01786, 0.01308, 0.02338, 0.00616, 0.03396, 0.17285, 0.03400
0.04356, 0.01830, 0.02360, 0.06031, 0.00570, 0.05074, 0.16832, 0.14543
0.04455, 0.01781, 0.02078, 0.05287, 0.00702, 0.11284, 0.36973, 0.09378
0.03888, 0.17103, 0.04735, 0.11999, 0.02391, 0.03507, 0.16123, 0.06384
0.04075, 0.01736, 0.03017, 0.07459, 0.01136, 0.13983, 0.29286, 0.10157
0.05214, 0.01141, 0.02934, 0.07396, 0.00417, 0.08377, 0.29615, 0.10086
0.06016, 0.13653, 0.06774, 0.17180, 0.07007, 0.04557, 0.19741, 0.03741
0.06252, 0.01034, 0.02036, 0.05610, 0.00038, 0.07585, 0.34017, 0.09626
0.02026, 0.01106, 0.01366, 0.01900, 0.00738, 0.03718, 0.20744, 0.03718
0.04198, 0.01967, 0.01137, 0.02807, 0.00656, 0.06025, 0.19707, 0.13767
0.05687, 0.10218, 0.04858, 0.09529, 0.13713, 0.03831, 0.10930, 0.02694
0.03519, 0.04953, 0.04876, 0.12381, 0.03393, 0.02549, 0.09155, 0.00453
0.04369, 0.01812, 0.01890, 0.05768, 0.00137, 0.10891, 0.36119, 0.12700
0.04662, 0.07713, 0.04888, 0.09300, 0.11234, 0.02656, 0.12415, 0.01742
0.04502, 0.01317, 0.01640, 0.06177, 0.00192, 0.13558, 0.26977, 0.11434
0.05523, 0.20746, 0.05458, 0.14961, 0.01649, 0.03438, 0.21573, 0.06016
0.04350, 0.14582, 0.05464, 0.15100, 0.00660, 0.03578, 0.23024, 0.04305
0.04145, 0.02961, 0.01265, 0.03317, 0.01152, 0.05429, 0.20001, 0.20731
0.05068, 0.08209, 0.04880, 0.11311, 0.08188, 0.03446, 0.12713, 0.01797
0.05209, 0.14827, 0.03760, 0.09539, 0.03450, 0.02585, 0.16036, 0.02833
0.04188, 0.01411, 0.02848, 0.07769, 0.00277, 0.12352, 0.32805, 0.11488
0.06396, 0.07238, 0.05150, 0.09957, 0.11708, 0.03843, 0.10170, 0.04022
0.03160, 0.01002, 0.01394, 0.02565, 0.01340, 0.01436, 0.08452, 0.00242
0.03649, 0.00488, 0.01766, 0.03541, 0.01898, 0.01565, 0.08789, 0.00345
0.04174, 0.03792, 0.05673, 0.14504, 0.05781, 0.03188, 0.07214, 0.00677
0.03716, 0.00219, 0.00742, 0.00975, 0.01258, 0.01214, 0.05615, 0.01147
0.05547, 0.01231, 0.02408, 0.05652, 0.00403, 0.09207, 0.30261, 0.13226
0.05639, 0.12039, 0.06686, 0.13005, 0.12147, 0.02374, 0.10749, 0.01633
0.06597, 0.11401, 0.05749, 0.11134, 0.18050, 0.03013, 0.10714, 0.02721
0.04751, 0.02052, 0.02477, 0.04699, 0.00995, 0.05423, 0.17658, 0.20576
0.05568, 0.01583, 0.02957, 0.07246, 0.00321, 0.08812, 0.32665, 0.12091
0.03403, 0.02974, 0.02094, 0.04700, 0.01005, 0.04357, 0.14752, 0.11760
0.02468, 0.00469, 0.01676, 0.01385, 0.00576, 0.01842, 0.21482, 0.04160
0.03815, 0.03076, 0.04152, 0.12564, 0.02581, 0.03587, 0.08282, 0.00616
0.05335, 0.12530, 0.03763, 0.08868, 0.03719, 0.02985, 0.14533, 0.05335
0.05093, 0.09664, 0.05091, 0.08726, 0.11501, 0.02842, 0.13344, 0.02646
0.04752, 0.01481, 0.01725, 0.07055, 0.00034, 0.11433, 0.28788, 0.14065
0.04538, 0.01630, 0.01862, 0.05104, 0.00328, 0.09267, 0.29538, 0.10202
0.04336, 0.15277, 0.05500, 0.13889, 0.01576, 0.02447, 0.16318, 0.03617
0.06585, 0.08676, 0.06802, 0.11835, 0.14917, 0.02390, 0.09062, 0.03156
0.04624, 0.03369, 0.03391, 0.07125, 0.01203, 0.05416, 0.22301, 0.18495
0.04861, 0.06676, 0.12136, 0.16184, 0.06187, 0.00810, 0.13120, 0.00741
0.03587, 0.07338, 0.06218, 0.18317, 0.02609, 0.03454, 0.11337, 0.00429
0.02852, 0.04322, 0.03878, 0.12309, 0.01615, 0.03942, 0.10628, 0.00365
0.04480, 0.10993, 0.03441, 0.07721, 0.02185, 0.02463, 0.19593, 0.02607
0.02912, 0.06673, 0.05972, 0.17547, 0.03186, 0.03660, 0.07071, 0.00266
0.05638, 0.01591, 0.02340, 0.08233, 0.00261, 0.09313, 0.33084, 0.11788
0.05950, 0.03286, 0.09459, 0.12491, 0.07415, 0.01341, 0.10478, 0.02751
0.05803, 0.05140, 0.07805, 0.12794, 0.05158, 0.01462, 0.09460, 0.02243
0.05633, 0.12074, 0.05171, 0.12125, 0.14630, 0.03523, 0.10214, 0.03041
0.05616, 0.07888, 0.11128, 0.15686, 0.07254, 0.01089, 0.16639, 0.00698
0.03694, 0.08192, 0.06332, 0.20319, 0.02911, 0.03419, 0.06533, 0.00205
0.02029, 0.00663, 0.01647, 0.02211, 0.00257, 0.03044, 0.22248, 0.05116
0.06175, 0.03303, 0.08085, 0.09321, 0.06211, 0.01304, 0.15889, 0.00738
0.04115, 0.07524, 0.05833, 0.17736, 0.01906, 0.03647, 0.09214, 0.01444
0.04133, 0.14326, 0.04071, 0.10286, 0.01451, 0.02292, 0.16849, 0.03237
0.05567, 0.13263, 0.05077, 0.11437, 0.03799, 0.02540, 0.13982, 0.04272
0.02990, 0.04545, 0.05319, 0.12837, 0.04145, 0.02244, 0.06204, 0.00268
0.07504, 0.02615, 0.08552, 0.11307, 0.05990, 0.01317, 0.11277, 0.01331
0.04984, 0.12339, 0.04046, 0.09671, 0.01742, 0.02511, 0.17432, 0.03843
0.05955, 0.08666, 0.05433, 0.10141, 0.11131, 0.03109, 0.15146, 0.04459
0.02502, 0.06503, 0.05900, 0.19033, 0.01850, 0.03760, 0.04628, 0.00458
0.05644, 0.16671, 0.04791, 0.12114, 0.02252, 0.03262, 0.16323, 0.07048
0.03626, 0.06573, 0.05521, 0.15098, 0.05595, 0.03717, 0.08486, 0.00707
0.06141, 0.09302, 0.05949, 0.07895, 0.13050, 0.03029, 0.15115, 0.03604
0.05322, 0.02949, 0.02674, 0.09504, 0.00097, 0.09647, 0.28811, 0.15037
0.04800, 0.06780, 0.10306, 0.13498, 0.07357, 0.00761, 0.10907, 0.01496
0.06476, 0.05936, 0.10070, 0.11978, 0.07500, 0.01016, 0.13045, 0.01106
0.03752, 0.00808, 0.01219, 0.03280, 0.01316, 0.02371, 0.08352, 0.00867
0.03861, 0.00098, 0.00421, 0.01748, 0.00405, 0.02254, 0.07634, 0.00961
0.04054, 0.00619, 0.00771, 0.02676, 0.00721, 0.03024, 0.10201, 0.02698
0.04753, 0.01693, 0.02686, 0.08335, 0.00120, 0.13298, 0.30235, 0.15924
0.04878, 0.03551, 0.03714, 0.09280, 0.00612, 0.05771, 0.15628, 0.21037
0.05467, 0.01136, 0.01630, 0.05130, 0.00345, 0.08981, 0.29358, 0.11329
0.05657, 0.13889, 0.06440, 0.16193, 0.01751, 0.03058, 0.14341, 0.07485
0.04281, 0.03692, 0.02460, 0.05412, 0.01255, 0.05453, 0.16604, 0.17010
0.05626, 0.06481, 0.11299, 0.15240, 0.07027, 0.01024, 0.13934, 0.01297
0.04600, 0.01466, 0.01588, 0.05527, 0.00020, 0.14147, 0.27245, 0.16030
0.05908, 0.05728, 0.06140, 0.09771, 0.11903, 0.04180, 0.11790, 0.04590
0.04728, 0.12644, 0.03195, 0.08952, 0.01372, 0.02658, 0.13351, 0.04641
0.03058, 0.02574, 0.02637, 0.04658, 0.01273, 0.05503, 0.24908, 0.11221
0.05015, 0.12173, 0.05210, 0.07677, 0.14834, 0.02897, 0.13806, 0.02669
0.05202, 0.00312, 0.00618, 0.01530, 0.01533, 0.02247, 0.07877, 0.01126
0.06034, 0.04961, 0.08988, 0.12521, 0.06171, 0.01114, 0.09041, 0.03310
0.03381, 0.00625, 0.01757, 0.03873, 0.00991, 0.02510, 0.08400, 0.01847
0.04412, 0.01530, 0.02791, 0.07389, 0.00838, 0.10755, 0.30633, 0.07619
0.04777, 0.01697, 0.03060, 0.08439, 0.00116, 0.12072, 0.37832, 0.13329
0.06012, 0.13438, 0.07994, 0.13988, 0.12749, 0.03297, 0.14103, 0.03296
0.02165, 0.01395, 0.02302, 0.02569, 0.01259, 0.02531, 0.19670, 0.05060
0.03556, 0.03450, 0.02675, 0.06404, 0.00351, 0.06351, 0.19545, 0.17194
0.05905, 0.07014, 0.09716, 0.13755, 0.04968, 0.01183, 0.16500, 0.01939
0.05517, 0.07571, 0.07878, 0.12046, 0.05874, 0.01227, 0.11170, 0.01437
0.03585, 0.06040, 0.05121, 0.16659, 0.02794, 0.02788, 0.06976, 0.00139
0.05512, 0.02064, 0.02782, 0.08700, 0.00295, 0.08767, 0.30502, 0.12950
0.04202, 0.00188, 0.01316, 0.01823, 0.01806, 0.01419, 0.07793, 0.00182
0.05824, 0.09066, 0.07178, 0.12704, 0.12388, 0.03711, 0.11113, 0.04432
0.06392, 0.04294, 0.08322, 0.11299, 0.08359, 0.01464, 0.13807, 0.01768
0.06705, 0.04395, 0.08974, 0.10778, 0.05830, 0.01263, 0.18273, 0.01672
0.03613, 0.00193, 0.00719, 0.01055, 0.00889, 0.02503, 0.07503, 0.01774
0.03501, 0.00378, 0.01136, 0.01852, 0.01483, 0.02006, 0.08952, 0.02127
0.03670, 0.04852, 0.04343, 0.14974, 0.01764, 0.04047, 0.09263, 0.00433
0.02191, 0.01304, 0.03362, 0.04377, 0.00806, 0.01906, 0.20545, 0.03540
0.06148, 0.11048, 0.06133, 0.10268, 0.14481, 0.02580, 0.15009, 0.03483
0.04112, 0.03957, 0.05636, 0.15845, 0.02504, 0.04023, 0.07243, 0.00714
