0.664870,0.778580,0.598918,0.223081,0.888692,0.572149,0.666559,0.286917,0.716952,0.276595,0.571356,0.411345,0.779382
0.481201,0.534053,0.676759,0.456453,0.528562,0.527965,0.366129,0.876186,0.946269,0.331388,0.780877,0.571949,0.471267
0.628342,0.640763,0.616624,0.568531,0.505196,0.549101,0.351864,0.939855,0.789701,0.372168,0.666500,0.502252,0.454775
0.504832,0.460684,0.252515,0.326927,0.470085,0.575324,0.420434,0.602074,0.598105,0.322070,0.694826,0.395065,0.444927
0.568118,0.652417,0.631639,0.650797,0.507775,0.861695,0.557571,0.434984,0.485043,0.104964,0.251150,0.530058,0.307928
0.620778,0.199609,0.711256,0.353911,0.245063,0.484629,0.109243,0.728675,0.240029,0.624581,0.271076,0.652444,0.853351
0.510417,0.698951,0.694091,0.620460,0.631899,0.773266,0.451613,0.379446,0.580030,0.221041,0.345323,0.589161,0.375377
0.522150,0.757640,0.601782,0.763086,0.428635,0.773593,0.550532,0.437393,0.587202,0.198617,0.390613,0.703120,0.417533
0.536347,0.181444,0.373390,0.433760,0.185441,0.513678,0.663567,0.301732,0.467357,0.324795,0.374935,0.918701,0.365366
0.685378,0.620505,0.427327,0.283057,0.659243,0.365620,0.588734,0.763072,0.874136,0.674895,0.222586,0.316948,0.732699
0.729639,0.521396,0.231374,0.167433,0.753987,0.395169,0.670556,0.630267,0.849043,0.726667,0.161862,0.340239,0.778326
0.903725,0.252625,0.173810,0.313085,0.522284,0.327564,0.528731,0.229159,0.250543,0.235439,0.580788,0.353798,0.325990
0.798863,0.222673,0.189233,0.184693,0.729180,0.610744,0.757678,0.825823,0.596904,0.381434,0.821084,0.241806,0.703523
0.765354,0.622418,0.493713,0.226798,0.650371,0.615916,0.783589,0.086481,0.663770,0.339419,0.355995,0.354819,0.703299
0.737665,0.522215,0.512298,0.279973,0.582723,0.484143,0.763173,0.791311,0.689560,0.766596,0.154275,0.394891,0.663359
0.778231,0.694075,0.688255,0.243241,0.696103,0.681307,0.892249,0.189782,0.690815,0.257154,0.476184,0.246825,0.726425
0.386813,0.899987,0.490658,0.337954,0.310562,0.679409,0.485937,0.470787,0.168031,0.565680,0.513368,0.563356,0.701709
0.883797,0.759565,0.712697,0.284030,0.739731,0.678583,0.744263,0.195612,0.794984,0.320628,0.593969,0.197929,0.640590
0.697767,0.409173,0.431393,0.673163,0.122575,0.663252,0.459037,0.219610,0.166725,0.441847,0.269166,0.551756,0.458723
0.472077,0.688808,0.574078,0.651576,0.483973,0.894674,0.466278,0.504540,0.549310,0.139699,0.308476,0.540468,0.437974
0.209949,0.818399,0.490755,0.538550,0.330752,0.724060,0.400562,0.539691,0.090030,0.576562,0.551183,0.486314,0.855629
0.311331,0.174649,0.328653,0.369309,0.347280,0.641748,0.458123,0.416223,0.581631,0.222128,0.429918,0.825717,0.352930
0.644670,0.497612,0.380486,0.722509,0.249150,0.512323,0.594747,0.297426,0.181626,0.415100,0.420079,0.686094,0.482524
0.888230,0.171790,0.213616,0.155757,0.722450,0.697744,0.742625,0.758820,0.730870,0.500762,0.681923,0.200176,0.590512
0.515531,0.752061,0.523590,0.626198,0.531958,0.929296,0.521594,0.546587,0.499637,0.097773,0.233206,0.517846,0.295491
0.690979,0.675564,0.662063,0.291943,0.700748,0.629172,0.861971,0.246455,0.748002,0.374521,0.463908,0.262299,0.689148
0.278475,0.801166,0.619154,0.413006,0.312002,0.599874,0.413133,0.680871,0.095470,0.684481,0.647152,0.561251,0.847110
0.235705,0.541823,0.479591,0.420674,0.117986,0.893471,0.368327,0.772822,0.569068,0.343390,0.634920,0.368269,0.777206
0.302725,0.519882,0.429402,0.533566,0.309626,0.641933,0.374355,0.820962,0.673666,0.323428,0.587257,0.463157,0.805294
0.702844,0.656599,0.498624,0.204381,0.543516,0.583242,0.756750,0.588988,0.778859,0.752064,0.129444,0.522186,0.639590
0.675040,0.387639,0.180164,0.423295,0.486427,0.652179,0.402547,0.575408,0.637050,0.384921,0.754399,0.206907,0.461701
0.604323,0.252054,0.665178,0.433368,0.219027,0.434645,0.247527,0.670855,0.098937,0.637429,0.319553,0.758377,0.735322
0.453675,0.778334,0.248597,0.857291,0.225622,0.815950,0.466938,0.880100,0.527762,0.611932,0.159702,0.187824,0.331017
0.661767,0.148278,0.128196,0.274140,0.754837,0.665550,0.693217,0.848849,0.623111,0.539838,0.711755,0.197254,0.479271
0.698767,0.340709,0.259623,0.415958,0.483879,0.696478,0.528477,0.566368,0.418485,0.375472,0.714254,0.497498,0.416195
0.166080,0.732533,0.491796,0.321720,0.305194,0.660089,0.582288,0.634759,0.131239,0.717829,0.586905,0.690584,0.833776
0.397603,0.476749,0.613556,0.542127,0.202074,0.823869,0.442898,0.621986,0.650697,0.442066,0.704645,0.332931,0.770599
0.446037,0.558379,0.407860,0.781411,0.253873,0.681129,0.400082,0.891095,0.573047,0.734677,0.103590,0.315883,0.276221
0.154386,0.757861,0.487465,0.505782,0.354607,0.636181,0.496588,0.423048,0.189414,0.580402,0.527388,0.512672,0.808040
0.584908,0.275696,0.684118,0.478335,0.324277,0.556316,0.122204,0.704891,0.188895,0.653476,0.401269,0.782502,0.674823
0.331210,0.275836,0.420952,0.479731,0.219698,0.472400,0.689115,0.281910,0.537053,0.229506,0.603917,0.799433,0.368932
0.313796,0.733806,0.316878,0.746837,0.340611,0.854007,0.566987,0.951873,0.589067,0.642636,0.224743,0.273637,0.230356
0.174469,0.857845,0.389240,0.429478,0.255693,0.774072,0.499737,0.661914,0.196202,0.543408,0.622006,0.562182,0.793432
0.716114,0.205703,0.647154,0.326884,0.175617,0.572126,0.127459,0.677108,0.068411,0.622165,0.415746,0.595613,0.855762
0.782855,0.206695,0.182921,0.150723,0.739416,0.729902,0.695383,0.837924,0.697196,0.516884,0.695628,0.176251,0.707272
0.638987,0.448989,0.342141,0.228590,0.715250,0.485512,0.556029,0.730731,0.821223,0.873566,0.125823,0.368184,0.731048
0.771749,0.081876,0.175092,0.204509,0.852483,0.595773,0.776044,0.823753,0.776081,0.524739,0.679238,0.260892,0.560889
0.508526,0.455999,0.190088,0.505230,0.489290,0.627215,0.596071,0.598839,0.658430,0.457160,0.887774,0.409690,0.512384
0.703458,0.597423,0.666953,0.196247,0.783258,0.566554,0.878205,0.182211,0.605779,0.267416,0.577136,0.200662,0.787006
0.228593,0.689137,0.535747,0.319979,0.339419,0.645008,0.437281,0.610281,0.209671,0.512633,0.451781,0.487443,0.723016
0.462309,0.477705,0.264087,0.365049,0.577318,0.448305,0.659511,0.696025,0.590604,0.354551,0.830314,0.337979,0.447929
0.634027,0.712585,0.666263,0.652844,0.402908,0.788896,0.558301,0.417797,0.548782,0.084683,0.397311,0.643407,0.231604
0.436875,0.742899,0.575171,0.589491,0.507853,0.715398,0.592496,0.433419,0.506785,0.251268,0.367680,0.726826,0.458318
0.892736,0.219694,0.344223,0.324909,0.471710,0.376116,0.461110,0.302488,0.217111,0.178744,0.573981,0.143047,0.178387
0.346460,0.553379,0.554085,0.607341,0.311342,0.656706,0.444575,0.702651,0.555599,0.447698,0.720474,0.439829,0.698242
0.203458,0.662392,0.649980,0.540265,0.391576,0.806941,0.504651,0.700116,0.651333,0.390361,0.797204,0.283514,0.573012
0.771807,0.697560,0.606435,0.217684,0.778422,0.620249,0.772756,0.316804,0.818964,0.239736,0.643744,0.188737,0.767158
0.814332,0.716847,0.720588,0.248339,0.770191,0.615984,0.837862,0.266288,0.812049,0.211067,0.584467,0.240405,0.756575
0.266221,0.676949,0.508890,0.432417,0.405436,0.570706,0.483257,0.477821,0.268911,0.467484,0.600470,0.547971,0.754568
0.358184,0.734113,0.249732,0.620210,0.052628,0.806051,0.464013,0.895991,0.581063,0.642430,0.181892,0.435665,0.225974
0.549252,0.729652,0.619408,0.607949,0.524234,0.814255,0.586784,0.395099,0.542878,0.053329,0.418875,0.675494,0.378440
0.593481,0.384004,0.472325,0.641609,0.083056,0.652025,0.501332,0.239554,0.165738,0.490971,0.443192,0.602943,0.547327
0.421868,0.145638,0.445936,0.370750,0.228507,0.656126,0.391847,0.392958,0.427010,0.244080,0.582113,0.752065,0.342790
0.585132,0.735298,0.507064,0.086050,0.866376,0.532341,0.948461,0.183824,0.683379,0.305201,0.511695,0.279001,0.711756
0.780132,0.123196,0.309253,0.289201,0.616040,0.356359,0.454100,0.432460,0.274157,0.173726,0.530155,0.226443,0.190784
0.247442,0.508365,0.508454,0.659446,0.386659,0.921509,0.410005,0.743575,0.544640,0.432613,0.805594,0.348768,0.758830
0.608300,0.841821,0.732206,0.625822,0.547135,0.733184,0.663185,0.363259,0.451883,0.147461,0.346366,0.617172,0.291594
0.731923,0.113865,0.245040,0.178305,0.804556,0.681543,0.788539,0.896206,0.758082,0.418730,0.626901,0.341290,0.543963
0.351560,0.200451,0.403650,0.397374,0.316574,0.556091,0.485516,0.305275,0.437797,0.289561,0.483045,0.776126,0.393915
0.345123,0.676185,0.297533,0.735667,0.060051,0.816010,0.580762,0.811336,0.571350,0.588494,0.136962,0.308382,0.208171
0.321237,0.571574,0.602358,0.544172,0.248496,0.668361,0.492262,0.814027,0.464017,0.402575,0.681018,0.438512,0.940169
0.462058,0.421585,0.578137,0.516165,0.306164,0.758851,0.371248,0.650291,0.574902,0.375709,0.661109,0.348182,0.714208
0.632014,0.149482,0.603880,0.310030,0.290728,0.526910,0.157748,0.732731,0.139416,0.537012,0.265300,0.672264,0.792043
0.689699,0.214381,0.540865,0.466014,0.320453,0.458852,0.069228,0.641385,0.127531,0.622473,0.303344,0.531592,0.787145
0.430990,0.622041,0.550493,0.475496,0.517953,0.580811,0.396934,0.727061,0.785708,0.430335,0.649328,0.479659,0.435053
0.353815,0.795841,0.484682,0.412576,0.350007,0.720990,0.510196,0.572291,0.100568,0.781289,0.688279,0.603404,0.741304
0.783394,0.260723,0.177842,0.176499,0.685392,0.655075,0.658986,0.850105,0.687059,0.442187,0.738692,0.352612,0.654317
0.586200,0.817698,0.595797,0.764319,0.333402,0.840123,0.673162,0.325737,0.674198,0.211259,0.493916,0.637042,0.371461
0.489371,0.742157,0.522417,0.426915,0.649758,0.614780,0.475835,0.784886,0.734454,0.435697,0.652950,0.589868,0.573246
0.273384,0.610843,0.399036,0.569631,0.273404,0.740347,0.506577,0.679114,0.578864,0.365246,0.627866,0.404040,0.661930
0.334006,0.585579,0.230470,0.822504,0.273622,0.779379,0.446971,0.694383,0.570186,0.651685,0.035148,0.270301,0.227237
0.701621,0.060204,0.220132,0.197554,0.637577,0.306537,0.417326,0.235616,0.243483,0.233178,0.668569,0.325950,0.358625
0.692277,0.244924,0.690086,0.390041,0.429909,0.486444,0.158175,0.743987,0.194672,0.595100,0.399937,0.625015,0.972045
0.663914,0.677891,0.550941,0.366253,0.794453,0.637382,0.868424,0.223597,0.833897,0.294961,0.463903,0.366003,0.764498
0.395794,0.604893,0.704393,0.516402,0.570310,0.573280,0.380916,0.689350,0.878957,0.469228,0.795965,0.547359,0.569707
0.645619,0.763527,0.638925,0.301624,0.786755,0.689547,0.871404,0.162422,0.859502,0.274850,0.607547,0.228667,0.716012
0.725272,0.120505,0.236179,0.191999,0.610715,0.623032,0.714682,0.802994,0.495027,0.520941,0.653714,0.299757,0.622362
0.820626,0.329059,0.335327,0.273832,0.711197,0.177537,0.509610,0.251665,0.304318,0.154764,0.612037,0.339755,0.273294
0.697343,0.359657,0.454607,0.519285,0.223696,0.625465,0.567448,0.267114,0.106345,0.371535,0.439852,0.490234,0.526758
0.467787,0.247820,0.438881,0.387965,0.262558,0.601214,0.652392,0.329979,0.628465,0.225640,0.595245,0.763328,0.378408
0.388150,0.661274,0.330776,0.741339,0.172276,0.978420,0.411752,0.816917,0.485204,0.573942,0.180294,0.411586,0.224012
0.669254,0.290466,0.656081,0.322136,0.290979,0.598180,0.278503,0.753475,0.103015,0.545309,0.399260,0.668459,0.843893
0.763643,0.268952,0.060464,0.173033,0.708520,0.574031,0.745236,0.912166,0.726537,0.548905,0.613770,0.264102,0.583043
0.762768,0.643572,0.776800,0.339169,0.777645,0.632928,0.816678,0.333589,0.821040,0.216585,0.530837,0.257502,0.812760
0.208648,0.577599,0.428987,0.539026,0.307344,0.735342,0.452353,0.774909,0.674427,0.366138,0.756336,0.476523,0.742556
0.576926,0.253472,0.668205,0.446266,0.302499,0.463861,0.260986,0.659627,0.112357,0.622908,0.373878,0.721403,0.724388
0.792234,0.145978,0.283802,0.158608,0.523954,0.291286,0.582404,0.246981,0.345256,0.224796,0.650487,0.239429,0.215439
0.649515,0.281531,0.688031,0.419582,0.237672,0.612033,0.215751,0.681044,0.217484,0.572346,0.294559,0.653514,0.753365
0.681608,0.373637,0.478118,0.578166,0.233851,0.617309,0.540936,0.220114,0.189132,0.382595,0.396531,0.444658,0.507490
0.775624,0.827539,0.592408,0.207590,0.908846,0.688594,0.820620,0.187187,0.660659,0.253953,0.613888,0.252587,0.808416
0.421397,0.658949,0.274367,0.784766,0.362787,0.764820,0.471721,0.793866,0.559395,0.571638,0.227069,0.362817,0.357994
0.468631,0.500502,0.169831,0.351365,0.595623,0.553131,0.473660,0.674802,0.515628,0.416552,0.855923,0.447800,0.481386
0.458506,0.636463,0.667544,0.433623,0.473968,0.523614,0.445241,0.680701,0.743781,0.463593,0.685948,0.486270,0.455523
0.524357,0.471750,0.295441,0.276705,0.705322,0.544226,0.522739,0.576010,0.522468,0.464021,0.649616,0.452539,0.438209
0.590950,0.782646,0.578901,0.593822,0.364043,0.732529,0.574448,0.486286,0.523718,0.150748,0.317054,0.586664,0.336501
0.814076,0.190162,0.299729,0.312600,0.642435,0.237419,0.481001,0.220444,0.291717,0.159613,0.633401,0.246049,0.290272
0.461655,0.771489,0.429410,0.529218,0.629529,0.743134,0.614589,0.439370,0.683379,0.222551,0.262068,0.524054,0.420363
0.570767,0.772893,0.634900,0.647406,0.522701,0.737030,0.748286,0.381478,0.556106,0.105361,0.213076,0.534611,0.365569
0.620194,0.598469,0.391070,0.286809,0.559548,0.398535,0.585964,0.791492,0.721528,0.828503,0.144101,0.334843,0.718311
0.473375,0.481888,0.197171,0.391187,0.588622,0.615035,0.592368,0.523226,0.597047,0.351130,0.749361,0.384621,0.505563
0.568351,0.457079,0.464394,0.175728,0.720877,0.414679,0.654579,0.711426,0.799513,0.708782,0.211522,0.453334,0.564790
0.562743,0.707703,0.602103,0.665397,0.402230,0.774650,0.534581,0.397928,0.548769,0.093972,0.310190,0.684199,0.402607
0.756302,0.263855,0.172419,0.243703,0.690013,0.665734,0.730322,0.697890,0.684147,0.556200,0.687707,0.262194,0.583783
0.375287,0.178079,0.237881,0.274971,0.128492,0.457533,0.528210,0.419451,0.661154,0.222626,0.520954,0.832947,0.556622
0.575563,0.352321,0.177912,0.311632,0.633566,0.540039,0.565768,0.529582,0.550112,0.437765,0.798922,0.453370,0.373864
0.850368,0.683246,0.692858,0.214450,0.849823,0.614641,0.910309,0.294277,0.694627,0.215491,0.623058,0.094221,0.692675
0.459391,0.443081,0.368222,0.368885,0.565024,0.562344,0.593558,0.575238,0.624341,0.465436,0.661026,0.426871,0.303232
0.590823,0.479828,0.270298,0.268161,0.671962,0.702217,0.619468,0.576302,0.501041,0.359191,0.756957,0.394947,0.372308
0.475193,0.401391,0.236741,0.388269,0.514472,0.519880,0.514023,0.521786,0.650645,0.391395,0.754755,0.414494,0.515318
0.625104,0.343826,0.545016,0.365641,0.277256,0.530777,0.105322,0.827229,0.057341,0.691766,0.248680,0.549410,0.782481
0.853724,0.673365,0.639437,0.180252,0.807852,0.695377,0.733454,0.363901,0.702809,0.237657,0.556603,0.130634,0.714760
0.829908,0.227392,0.057529,0.055274,0.693199,0.726416,0.739157,0.846005,0.642218,0.433468,0.767876,0.159711,0.538331
0.548070,0.558423,0.552550,0.502237,0.346457,0.445616,0.476920,0.809799,0.865052,0.396181,0.751599,0.537238,0.588851
0.418738,0.724075,0.190258,0.658662,0.125241,0.738025,0.519730,0.853781,0.664544,0.809958,0.205891,0.325313,0.094914
0.700475,0.485691,0.419643,0.241993,0.632247,0.473774,0.633311,0.681857,0.858901,0.801121,0.192269,0.461307,0.731236
0.215883,0.830298,0.529907,0.485775,0.221075,0.644336,0.485573,0.452872,0.266278,0.534439,0.550334,0.610131,0.731349
0.568123,0.171040,0.657503,0.295951,0.165482,0.624116,0.217347,0.743963,0.309950,0.609260,0.284488,0.602593,0.699456
0.458143,0.636843,0.231121,0.615172,0.267942,0.837492,0.489731,0.865360,0.514805,0.745586,0.219996,0.346754,0.271460
0.836914,0.378290,0.150342,0.188480,0.726716,0.648613,0.694849,0.752985,0.752382,0.441260,0.744235,0.312255,0.612460
0.762249,0.628749,0.326825,0.227570,0.602226,0.544478,0.627698,0.814847,0.745313,0.716498,0.175886,0.440532,0.554485
0.704970,0.757868,0.577807,0.204488,0.662920,0.550859,0.781156,0.519150,0.765423,0.324532,0.586855,0.192413,0.696107
0.870682,0.188682,0.233411,0.111701,0.629836,0.688419,0.745365,0.823692,0.761172,0.485156,0.614648,0.231350,0.554142
0.777824,0.270921,0.199865,0.141872,0.718416,0.713010,0.826861,1.000000,0.694996,0.514604,0.717463,0.366041,0.543953
0.357951,0.844720,0.437550,0.436255,0.136233,0.689958,0.519525,0.418080,0.084569,0.521865,0.511351,0.620166,0.887787
0.529345,0.292221,0.554646,0.452310,0.175197,0.578222,0.207668,0.737919,0.118394,0.601554,0.339661,0.701608,0.813604
0.685978,0.724418,0.732321,0.144349,0.685967,0.562727,0.918179,0.168192,0.830593,0.234575,0.553050,0.205480,0.802760
0.950272,0.348882,0.226325,0.228010,0.639924,0.376093,0.499310,0.369521,0.294045,0.174059,0.533838,0.253520,0.203943
0.340282,0.562987,0.289004,0.764579,0.265775,0.791294,0.389689,0.819343,0.575897,0.574861,0.141419,0.385095,0.294136
0.568946,0.421863,0.243049,0.371025,0.581309,0.560849,0.591230,0.683552,0.563133,0.493429,0.756815,0.375543,0.463377
0.240814,0.846999,0.440007,0.450876,0.252488,0.662961,0.362739,0.511562,0.213327,0.531155,0.695372,0.554771,0.745461
0.479753,0.804337,0.229629,0.740863,0.243621,0.912623,0.492635,0.773704,0.632711,0.608778,0.111226,0.319552,0.295036
0.771038,0.614778,0.543345,0.281076,0.750912,0.625609,0.884719,0.217072,0.878346,0.268374,0.344012,0.233982,0.754286
0.298450,0.277651,0.290357,0.405027,0.284392,0.703165,0.476118,0.374106,0.481442,0.199505,0.538004,0.657797,0.348510
0.524841,0.840504,0.711278,0.707906,0.486208,0.931693,0.582871,0.443101,0.712333,0.146866,0.446896,0.681636,0.382682
0.807302,0.251984,0.288857,0.130028,0.749717,0.699158,0.733599,0.809014,0.726399,0.474880,0.693538,0.316183,0.725553
0.763106,0.327985,0.351402,0.680082,0.195627,0.515989,0.546511,0.187736,0.201958,0.334595,0.413656,0.543566,0.521338
0.560668,0.339591,0.496051,0.625052,0.265260,0.635148,0.625190,0.295929,0.228895,0.304277,0.382160,0.474781,0.487677
0.732842,0.213677,0.160093,0.219223,0.813667,0.694823,0.744895,0.922867,0.697515,0.496350,0.618764,0.156108,0.559881
0.811371,0.619417,0.532652,0.037966,0.728062,0.705752,0.707269,0.354120,0.687244,0.317085,0.583209,0.208762,0.761932
0.379832,0.577928,0.206127,0.615451,0.296382,0.836042,0.420089,0.876779,0.636855,0.635823,0.141283,0.288271,0.388103
0.540886,0.799865,0.208121,0.751408,0.150794,0.958554,0.509612,0.805558,0.480357,0.823959,0.187629,0.344080,0.382391
0.818489,0.241864,0.383251,0.129501,0.573029,0.454308,0.507821,0.401133,0.184458,0.244607,0.563719,0.180650,0.281951
0.617451,0.236685,0.581805,0.203989,0.260776,0.505825,0.096350,0.620386,0.175054,0.558632,0.349748,0.620544,0.862645
0.660470,0.412635,0.484918,0.334552,0.608463,0.463794,0.617358,0.808227,0.735060,0.675653,0.171370,0.334800,0.653802
0.518868,0.414879,0.257011,0.353700,0.436392,0.466962,0.565253,0.591725,0.501809,0.461471,0.642957,0.290477,0.266868
0.599744,0.558578,0.526157,0.542043,0.439325,0.495687,0.461383,0.839509,0.904840,0.387757,0.654124,0.493800,0.517050
0.171116,0.727121,0.432674,0.447329,0.298975,0.669923,0.401753,0.520312,0.298215,0.632567,0.590758,0.640218,0.767515
0.479982,0.341561,0.309975,0.359398,0.508892,0.570101,0.501685,0.575645,0.551472,0.510655,0.717256,0.308734,0.556705
0.335498,0.201864,0.428970,0.363167,0.182678,0.594665,0.486652,0.322291,0.632639,0.048617,0.534247,0.806086,0.394620
0.414824,0.797771,0.151216,0.848712,0.298585,0.807307,0.365712,0.786833,0.648203,0.634246,0.174786,0.301067,0.314562
0.366969,0.198370,0.328028,0.313948,0.184301,0.627414,0.473133,0.290886,0.527946,0.226231,0.550021,0.736562,0.362638
0.477122,0.433066,0.519506,0.739333,0.253702,0.496240,0.699357,0.272963,0.242836,0.291490,0.443458,0.432053,0.494209
0.858713,0.170792,0.274886,0.000000,0.867053,0.654593,0.786993,0.821397,0.560722,0.357692,0.649160,0.155079,0.433725
0.226211,0.783494,0.486563,0.492124,0.420711,0.594996,0.478557,0.510244,0.185631,0.594678,0.542412,0.472885,0.727401
0.701205,0.459924,0.434199,0.233043,0.535070,0.603457,0.827353,0.854724,0.981572,0.571579,0.200217,0.431271,0.592854
0.481653,0.633141,0.579866,0.614030,0.488372,0.575310,0.369813,0.764805,0.791778,0.506412,0.672230,0.497117,0.570533
0.605420,0.313758,0.688518,0.416534,0.339137,0.660174,0.193877,0.739019,0.209983,0.620479,0.379681,0.633396,0.951112
0.721419,0.473074,0.422492,0.133289,0.686522,0.632540,0.702668,0.876974,0.840545,0.945351,0.159190,0.456759,0.721693
0.686469,0.767874,0.669598,0.628910,0.503854,0.722816,0.609424,0.527791,0.596046,0.216687,0.312989,0.626074,0.316197
0.595090,0.804385,0.740377,0.680436,0.543853,0.921726,0.656045,0.511256,0.583851,0.153471,0.228064,0.624625,0.413616
0.758767,0.143036,0.296029,0.257909,0.664935,0.402095,0.316220,0.272804,0.181220,0.254984,0.711936,0.296888,0.337052
0.350653,0.546084,0.541241,0.571455,0.339187,0.797141,0.313487,0.762457,0.639182,0.357237,0.793979,0.285139,0.777030
0.711535,0.155237,0.714158,0.456413,0.231189,0.484050,0.168773,0.730859,0.107968,0.565982,0.279347,0.650786,0.795745
0.551066,0.633319,0.606679,0.595947,0.386703,0.544633,0.421074,0.636955,0.915743,0.409926,0.687620,0.516801,0.619005
0.315456,0.504156,0.463293,0.539674,0.351062,0.848901,0.411122,0.814668,0.659179,0.314327,0.634684,0.649754,0.712670
0.529014,0.290745,0.610097,0.343493,0.280789,0.499670,0.119478,0.681336,0.162847,0.645602,0.394840,0.545876,0.871620
0.883770,0.160064,0.213076,0.270448,0.472399,0.203857,0.395447,0.426642,0.238719,0.211747,0.501760,0.268428,0.275193
0.429766,0.570172,0.488007,0.574618,0.450955,0.635267,0.507788,0.815523,0.818230,0.486226,0.691051,0.480085,0.576319
0.786527,0.248253,0.272711,0.408454,0.524625,0.354667,0.473744,0.235554,0.227729,0.215860,0.525448,0.151748,0.412860
0.445613,0.701449,0.278912,0.784915,0.161437,0.763636,0.403979,0.708231,0.424969,0.614078,0.197394,0.338883,0.235415
0.351235,0.651962,0.269890,0.766522,0.171684,0.751760,0.456385,0.877901,0.601900,0.663830,0.178832,0.361695,0.287361
0.423502,0.748642,0.574810,0.624451,0.454141,0.857262,0.639066,0.529389,0.492431,0.115311,0.315689,0.507639,0.145569
0.645758,0.257155,0.684286,0.269773,0.315755,0.502810,0.157823,0.689226,0.221666,0.563861,0.317032,0.670714,0.895859
0.349314,0.149680,0.446886,0.410733,0.297806,0.744883,0.606889,0.331654,0.367449,0.205375,0.548380,0.822934,0.404739
0.481105,0.458974,0.436758,0.504606,0.135012,0.522656,0.690667,0.279273,0.363340,0.380801,0.364356,0.401899,0.438303
0.817714,0.217918,0.340806,0.211976,0.606587,0.149465,0.572999,0.287937,0.213611,0.188318,0.603048,0.255710,0.340634
0.571592,0.317716,0.282247,0.387777,0.504445,0.605155,0.566830,0.518289,0.623087,0.532972,0.748018,0.431401,0.393834
0.768663,0.159924,0.241693,0.220465,0.753979,0.530504,0.868916,0.845413,0.621474,0.469233,0.651914,0.326294,0.529968
0.602891,0.501386,0.393132,0.315274,0.514778,0.523789,0.624771,0.646788,0.513780,0.303807,0.848900,0.428468,0.494862
0.727041,0.222517,0.076545,0.055422,0.816849,0.870272,0.835664,0.775915,0.759607,0.453345,0.630019,0.192894,0.685494
0.866776,0.298753,0.277616,0.248314,0.607673,0.326077,0.563392,0.268037,0.236071,0.319430,0.630756,0.225779,0.218114
0.587225,0.401283,0.235307,0.321293,0.463624,0.500869,0.474060,0.694360,0.599065,0.375536,0.764430,0.455093,0.378368
0.896021,0.738618,0.596119,0.098529,0.793908,0.641306,0.848419,0.281769,0.718565,0.401503,0.562624,0.122038,0.783159
0.403395,0.773077,0.170556,0.646241,0.157505,0.893219,0.520785,0.822161,0.549444,0.496253,0.220451,0.301699,0.313449
0.201404,0.888326,0.339118,0.391403,0.286199,0.608102,0.451494,0.512095,0.106852,0.558231,0.520141,0.517764,0.751370
0.718462,0.724850,0.616041,0.163226,0.761089,0.663505,0.846788,0.281978,0.850188,0.306040,0.648607,0.240651,0.687698
0.211367,0.823566,0.604571,0.464073,0.275856,0.661592,0.492132,0.600119,0.057753,0.530444,0.548792,0.607763,0.865812
0.762778,0.294811,0.112848,0.085005,0.723784,0.747692,0.773303,0.835800,0.673768,0.519074,0.712514,0.208692,0.544646
0.648132,0.484371,0.213704,0.315074,0.578184,0.515796,0.471264,0.687248,0.665711,0.442801,0.783506,0.359861,0.460207
0.360937,0.781755,0.167021,0.725592,0.238108,0.781277,0.498138,0.713087,0.501088,0.714830,0.163885,0.399806,0.221276
0.720990,0.526803,0.318474,0.173851,0.460645,0.563521,0.628040,0.697840,0.804018,0.724031,0.223748,0.348574,0.590251
0.750872,0.593097,0.367546,0.295179,0.605112,0.348103,0.694367,0.699229,0.843409,0.750390,0.217604,0.347539,0.549262
0.997810,0.260656,0.307089,0.306413,0.616112,0.339857,0.253993,0.312622,0.344006,0.113259,0.611087,0.160004,0.216984
0.325711,0.837531,0.119808,0.720240,0.180205,0.804073,0.517123,0.834413,0.696233,0.721799,0.246822,0.272525,0.187098
0.583637,0.384307,0.525357,0.622235,0.132188,0.545093,0.687408,0.273495,0.108587,0.333276,0.355884,0.551571,0.472517
0.341776,0.770751,0.055028,0.634646,0.274347,0.831096,0.477975,0.839888,0.595099,0.536218,0.374550,0.400017,0.282572
0.499927,0.403840,0.340487,0.307739,0.610093,0.491863,0.541474,0.490777,0.610826,0.405081,0.717810,0.397278,0.560852
0.531263,0.782751,0.684273,0.572471,0.366061,0.830207,0.514939,0.527049,0.487578,0.169753,0.219980,0.659797,0.305146
0.527266,0.755395,0.632974,0.682569,0.578651,0.789901,0.581533,0.383891,0.639489,0.070348,0.367640,0.669538,0.305502
0.616076,0.458868,0.284813,0.400223,0.596307,0.585174,0.520708,0.617672,0.604357,0.307239,0.701262,0.346334,0.487459
0.828228,0.273059,0.273518,0.399471,0.530222,0.480032,0.468972,0.319394,0.164954,0.384560,0.596120,0.220513,0.323816
0.731384,0.138933,0.156743,0.253743,0.688258,0.766118,0.895897,0.857402,0.746155,0.460126,0.601442,0.256936,0.583624
0.577622,0.567161,0.566550,0.515905,0.415679,0.632926,0.347834,0.663553,0.753876,0.466058,0.679144,0.425252,0.597812
0.601872,0.289804,0.646580,0.308101,0.246867,0.557181,0.134927,0.624791,0.182793,0.548164,0.318412,0.679293,0.740940
0.763075,0.432170,0.330573,0.497127,0.185412,0.601229,0.603692,0.349987,0.378708,0.342113,0.400159,0.518183,0.436028
0.237856,0.516350,0.664134,0.496976,0.175354,0.764315,0.418256,0.775946,0.608274,0.344340,0.687967,0.461119,0.654451
0.575874,0.469807,0.139378,0.381777,0.606974,0.578899,0.485215,0.608059,0.593535,0.564608,0.860502,0.421260,0.558940
0.808060,0.272231,0.337327,0.232196,0.739970,0.770292,0.713339,0.730112,0.768396,0.512461,0.801987,0.196717,0.473691
0.824175,0.471695,0.340784,0.305734,0.682464,0.428825,0.665291,0.679413,0.756762,0.813112,0.113906,0.387338,0.646076
0.761656,0.592747,0.576800,0.295704,0.787772,0.691635,0.827260,0.386036,0.776483,0.308604,0.690176,0.290887,0.787362
0.512553,0.664094,0.588407,0.644690,0.495606,0.800868,0.610892,0.315373,0.337135,0.104720,0.384209,0.714233,0.266114
0.472732,0.722928,0.183082,0.691126,0.157462,0.830200,0.546889,0.810340,0.642399,0.712260,0.184947,0.430917,0.208072
0.702826,0.066545,0.268012,0.253789,0.571843,0.301718,0.484254,0.293818,0.361645,0.324795,0.644251,0.133469,0.219226
0.633124,0.225933,0.805016,0.275649,0.310536,0.579265,0.168098,0.652866,0.197004,0.546374,0.425172,0.747147,0.933686
0.354927,0.654780,0.293887,0.780897,0.105507,0.865335,0.507128,0.745879,0.523425,0.623780,0.202645,0.301685,0.258080
0.538826,0.685567,0.718400,0.628340,0.533734,0.715828,0.537460,0.467245,0.474317,0.145968,0.403936,0.617132,0.452283
0.571535,0.282587,0.715442,0.309496,0.375339,0.467465,0.199935,0.761287,0.201038,0.626413,0.292227,0.534584,0.859906
0.746314,0.156102,0.212363,0.296266,0.694451,0.846439,0.832744,0.858194,0.668147,0.584741,0.719123,0.226868,0.610213
0.574923,0.393030,0.451769,0.606326,0.226764,0.520307,0.551247,0.267213,0.228957,0.348701,0.340858,0.468811,0.527897
0.655856,0.209178,0.285197,0.286840,0.725712,0.743619,0.739994,0.943578,0.694032,0.488348,0.752572,0.193644,0.719507
0.879701,0.160821,0.304675,0.260792,0.623321,0.366270,0.367137,0.296858,0.384670,0.169624,0.619523,0.269515,0.337127
0.848567,0.114980,0.117055,0.265979,0.480801,0.233995,0.426375,0.447873,0.325599,0.086373,0.688762,0.195014,0.338506
0.618869,0.484434,0.265992,0.319487,0.508461,0.669852,0.456313,0.665020,0.436769,0.449954,0.710099,0.383057,0.347058
0.647681,0.222289,0.660555,0.421833,0.263979,0.611155,0.121148,0.724584,0.149153,0.661612,0.300000,0.636381,0.834491
0.878950,0.198230,0.365984,0.000395,0.762390,0.584098,0.792796,0.702369,0.675077,0.443883,0.573305,0.103634,0.545063
0.839696,0.173814,0.291314,0.108788,0.775237,0.301590,0.521226,0.279812,0.283942,0.279598,0.444089,0.209717,0.247986
0.820789,0.283108,0.192686,0.160821,0.763975,0.686145,0.757982,0.877426,0.624949,0.381781,0.683521,0.295713,0.562295
0.869435,0.179286,0.245680,0.104351,0.707499,0.671408,0.750269,0.957812,0.686386,0.442933,0.705855,0.286775,0.654024
0.393750,0.748527,0.204192,0.814943,0.178750,0.851283,0.552346,0.844821,0.650848,0.585243,0.196131,0.205011,0.235528
0.751650,0.282992,0.185401,0.127620,0.477224,0.329866,0.474049,0.424090,0.255689,0.195129,0.557059,0.275794,0.298369
0.514680,0.793637,0.697379,0.718449,0.412911,0.895453,0.598772,0.291725,0.648800,0.138785,0.289981,0.604772,0.272183
0.718098,0.273945,0.195578,0.120676,0.646877,0.748025,0.769901,0.850205,0.657919,0.393905,0.647970,0.277013,0.505861
0.479994,0.723520,0.240758,0.642833,0.229052,0.799496,0.413428,0.880975,0.601030,0.687349,0.097302,0.420833,0.225200
0.685591,0.161880,0.311146,0.206150,0.686703,0.415278,0.470703,0.284331,0.275752,0.223480,0.514451,0.134422,0.311276
0.835369,0.189728,0.313511,0.156508,0.661511,0.171431,0.461839,0.439443,0.275911,0.262989,0.682372,0.134972,0.382379
0.659258,0.523693,0.379620,0.130893,0.653349,0.515914,0.592784,0.729927,0.951058,0.714114,0.232757,0.479551,0.588861
0.750852,0.702474,0.645432,0.220252,0.703876,0.536306,0.904902,0.084885,0.818318,0.229835,0.608625,0.131890,0.653670
0.557066,0.270058,0.343826,0.676854,0.145384,0.654216,0.675174,0.286018,0.234906,0.457573,0.451908,0.470275,0.560064
0.610219,0.274151,0.600648,0.424048,0.249550,0.595723,0.165480,0.581442,0.099705,0.560991,0.374166,0.617152,0.821302
0.446698,0.620563,0.558013,0.556257,0.508265,0.554673,0.329243,0.804399,0.882426,0.423545,0.733535,0.564327,0.605334
0.723767,0.645005,0.651890,0.245402,0.814796,0.630664,0.951345,0.288954,0.752353,0.327054,0.595556,0.203099,0.706063
0.634381,0.703796,0.644704,0.707608,0.435623,0.923970,0.771825,0.401836,0.582471,0.139597,0.437996,0.537084,0.413083
0.556879,0.468658,0.073982,0.418527,0.542478,0.479408,0.454300,0.650628,0.643381,0.327411,0.814642,0.357174,0.456736
0.334246,0.622699,0.505808,0.587693,0.409551,0.826857,0.622097,0.707909,0.624675,0.429853,0.861044,0.355862,0.810404
0.232358,0.803019,0.495736,0.367881,0.404572,0.719938,0.432757,0.521597,0.209029,0.497165,0.600268,0.595267,0.814225
0.853112,0.291607,0.356990,0.232892,0.553104,0.436955,0.388168,0.279633,0.244954,0.136769,0.560338,0.232163,0.230437
0.560973,0.532993,0.342826,0.159315,0.616729,0.549095,0.571368,0.743837,0.716150,0.644620,0.164719,0.487032,0.720778
0.743643,0.612686,0.429476,0.285073,0.623337,0.472371,0.624066,0.808465,0.766306,0.748131,0.103628,0.333092,0.658990
0.528278,0.100917,0.453526,0.484529,0.234554,0.563649,0.187933,0.616160,0.046085,0.640044,0.175934,0.693580,0.797830
0.370415,0.528477,0.635127,0.493296,0.336779,0.798249,0.320955,0.648775,0.587698,0.281499,0.760007,0.330176,0.676387
