0.119646,0.278200,0.457200,0.456819,0.675397,0.072312,0.097902,0.242931
0.125916,0.310280,0.196610,0.599458,0.259404,0.322574,0.253783,0.608500
0.351783,0.152104,0.585875,0.315903,0.002526,0.407487,0.444222,0.493908
0.591615,0.267148,0.410903,0.390858,0.085521,0.416275,0.574294,0.422013
0.155490,0.477981,0.438990,0.057865,0.080365,0.200800,0.136175,0.296551
0.203665,0.391571,0.368370,0.138632,0.160081,0.184288,0.143185,0.526549
0.082546,0.319333,0.250519,0.527625,0.711530,0.164159,0.099790,0.221332
0.436910,0.285166,0.260677,0.593105,0.189437,0.128786,0.384989,0.005623
0.130387,0.405270,0.217330,0.438354,0.562353,0.117216,0.108703,0.158051
0.161402,0.331182,0.199085,0.292363,0.236188,0.292847,0.280806,0.803133
0.475158,0.326316,0.145700,0.910615,0.155736,0.198346,0.321053,0.050467
0.568408,0.093482,0.596240,0.008817,0.093663,0.252594,0.223943,0.212379
0.124959,0.461201,0.210646,0.297971,0.143929,0.215341,0.209838,0.969402
0.159223,0.340247,0.245140,0.277318,0.310695,0.283008,0.320461,0.758649
0.572392,0.460641,0.185444,0.817175,0.249196,0.181198,0.601965,0.024828
0.130807,0.374167,0.256787,0.080631,0.090381,0.301953,0.112428,0.527400
0.242865,0.245274,0.302897,0.497635,0.280353,0.221569,0.363800,0.693383
0.521401,0.219179,0.513199,0.515660,0.031228,0.299316,0.441645,0.511824
0.063583,0.375884,0.529169,0.446277,0.572436,0.139840,0.127224,0.163615
0.164709,0.259825,0.149538,0.415274,0.231445,0.280268,0.376793,0.804792
0.129796,0.335035,0.320696,0.409276,0.518532,0.238948,0.067849,0.196101
0.348372,0.265099,0.103356,0.631990,0.199186,0.058455,0.284393,0.770859
0.539074,0.252779,0.525926,0.518190,0.026804,0.442904,0.226810,0.496238
0.122657,0.356070,0.154609,0.257526,0.260808,0.265775,0.323132,0.613609
0.431950,0.277036,0.146683,0.575639,0.228320,0.217226,0.484621,0.017259
0.065000,0.158366,0.389337,0.316859,0.625441,0.524963,0.445572,0.080616
0.092666,0.348230,0.308523,0.394953,0.743316,0.177648,0.169673,0.258256
0.506288,0.385808,0.185382,0.528760,0.241780,0.147283,0.470735,0.012613
0.126003,0.377297,0.287796,0.065936,0.075975,0.266001,0.087770,0.468411
0.484072,0.258936,0.105961,0.793496,0.223601,0.071055,0.449224,0.420190
0.434492,0.544769,0.229150,0.934279,0.182309,0.167051,0.331659,0.053182
0.483357,0.200151,0.042694,0.575052,0.192300,0.045938,0.457243,0.404307
0.289871,0.152280,0.477730,0.489384,0.050502,0.380587,0.484320,0.480233
0.046159,0.128664,0.529279,0.371668,0.473771,0.586645,0.535182,0.106143
0.186981,0.347231,0.122907,0.455082,0.182369,0.278969,0.333641,0.562693
0.402109,0.454393,0.197269,0.639721,0.202768,0.194633,0.389929,0.000927
0.173411,0.599732,0.481156,0.136774,0.062803,0.299072,0.164404,0.311384
0.057570,0.145961,0.509278,0.314774,0.570606,0.809573,0.740031,0.101051
0.433407,0.304044,0.228355,0.786355,0.211193,0.104439,0.337309,0.040129
0.120361,0.530028,0.410978,0.082811,0.109190,0.092753,0.251285,0.490995
0.076754,0.308860,0.284752,0.270590,0.769832,0.211220,0.063342,0.132557
0.117387,0.090240,0.477747,0.295654,0.492343,0.703450,0.581746,0.073318
0.170375,0.386115,0.336208,0.149311,0.034559,0.212370,0.097254,0.465112
0.261121,0.231227,0.056184,0.642479,0.202546,0.105450,0.312344,0.788628
0.156627,0.410958,0.322607,0.424473,0.240263,0.259093,0.345607,0.597415
0.166186,0.327764,0.391940,0.057290,0.051618,0.230791,0.175376,0.486580
0.164390,0.332824,0.330063,0.543716,0.643374,0.233586,0.130550,0.221231
0.379407,0.592766,0.142355,0.616044,0.221492,0.152124,0.393019,0.031575
0.129851,0.211928,0.190987,0.433766,0.264047,0.284922,0.377292,0.822247
0.293123,0.514986,0.428899,0.111374,0.111598,0.222101,0.231374,0.383011
0.516514,0.350101,0.267166,0.555747,0.163571,0.133398,0.437976,0.043942
0.553248,0.147812,0.516947,0.032444,0.050339,0.284335,0.218150,0.163707
0.621867,0.115279,0.506731,0.016844,0.018924,0.324649,0.156218,0.140635
0.348178,0.457297,0.136880,0.765843,0.184443,0.184796,0.417243,0.078843
0.079405,0.361283,0.202623,0.468249,0.649685,0.109478,0.084388,0.148909
0.395442,0.254240,0.090588,0.678463,0.203885,0.210826,0.519790,0.558165
0.408380,0.296344,0.202819,0.715255,0.273920,0.064881,0.326111,0.030459
0.694486,0.126567,0.401504,0.022779,0.010433,0.287872,0.339748,0.149869
0.051959,0.294420,0.450623,0.380475,0.601915,0.089440,0.070391,0.188214
0.417982,0.175752,0.449562,0.050661,0.044836,0.343034,0.200748,0.218006
0.339811,0.359581,0.048543,0.524899,0.218780,0.047032,0.514032,0.662528
0.486958,0.103375,0.533074,0.436494,0.046679,0.236403,0.453148,0.241656
0.421695,0.518096,0.158700,0.688740,0.307790,0.186751,0.443714,0.021553
0.214526,0.429664,0.378800,0.026728,0.058945,0.277046,0.197463,0.383059
0.251298,0.450705,0.296960,0.090464,0.079199,0.206377,0.174051,0.432070
0.105047,0.517127,0.497259,0.130322,0.053102,0.189970,0.183000,0.434610
0.168653,0.407318,0.230242,0.467141,0.249408,0.431898,0.455359,0.528728
0.531604,0.076018,0.651281,0.025644,0.010088,0.313390,0.258423,0.165305
0.192176,0.573054,0.489032,0.161819,0.019351,0.270739,0.241552,0.449827
0.544300,0.086124,0.449318,0.625443,0.027767,0.429316,0.467971,0.302513
0.533309,0.133636,0.396364,0.041556,0.038312,0.337747,0.178162,0.187705
0.129668,0.354384,0.245250,0.424795,0.717869,0.122554,0.138898,0.230771
0.223922,0.282258,0.137427,0.355301,0.292862,0.218830,0.312290,0.623398
0.030187,0.394867,0.256873,0.292578,0.893339,0.184097,0.172588,0.133406
0.163614,0.317059,0.136597,0.307572,0.385797,0.201042,0.179804,0.791765
0.416497,0.330723,0.049070,0.598939,0.132066,0.080192,0.339025,0.546913
0.167392,0.359885,0.355947,0.317603,0.594928,0.257482,0.042026,0.179448
0.502346,0.047564,0.605669,0.043969,0.047333,0.281432,0.264283,0.229105
0.047249,0.194886,0.533368,0.245754,0.637867,0.830721,0.430496,0.122237
0.056406,0.113445,0.483791,0.433291,0.591819,0.560599,0.438840,0.083557
0.117625,0.204029,0.504684,0.391181,0.504490,0.526512,0.588915,0.040667
0.061026,0.304012,0.246608,0.490420,0.495047,0.321855,0.158307,0.233771
0.352359,0.286172,0.201716,0.729760,0.117796,0.331041,0.287335,0.021400
0.153820,0.509435,0.536866,0.109431,0.053019,0.259518,0.104355,0.563613
0.649774,0.190241,0.391974,0.074133,0.036242,0.364245,0.314321,0.104637
0.094307,0.215613,0.552951,0.183121,0.691487,0.659526,0.468647,0.071200
0.693867,0.146109,0.445217,0.049568,0.080348,0.337847,0.274294,0.274736
0.043710,0.098109,0.457533,0.226261,0.526303,0.655716,0.495729,0.082213
0.578235,0.050554,0.529423,0.076332,0.059331,0.469231,0.277302,0.221906
0.085472,0.065296,0.527197,0.420905,0.446448,0.725912,0.683891,0.118029
0.423747,0.382908,0.205195,0.686828,0.207189,0.257584,0.410647,0.070623
0.180310,0.609392,0.392226,0.141634,0.110904,0.268650,0.157701,0.437981
0.377473,0.278349,0.077169,0.662701,0.136478,0.060215,0.505932,0.749368
0.119824,0.436018,0.543414,0.044663,0.022809,0.273972,0.094753,0.484924
0.327896,0.274626,0.080260,0.672337,0.118136,0.030616,0.420610,0.635353
0.115423,0.358894,0.186761,0.452781,0.157914,0.229143,0.283237,0.543495
0.414456,0.254477,0.031727,0.468398,0.117834,0.079228,0.419537,0.705110
0.525356,0.334789,0.239236,0.773968,0.104691,0.166900,0.390313,0.031113
0.101202,0.352464,0.421896,0.711043,0.623803,0.131988,0.096222,0.241596
0.401816,0.454640,0.110574,0.676617,0.166874,0.157205,0.503528,0.037250
0.066592,0.386915,0.238290,0.374521,0.642378,0.065249,0.097640,0.195052
0.374594,0.084495,0.467735,0.609701,0.000000,0.415852,0.384359,0.525855
0.084884,0.377224,0.348302,0.641857,0.620606,0.109687,0.196568,0.171823
0.439220,0.332388,0.292009,0.883196,0.215243,0.213294,0.336868,0.059159
0.212947,0.355966,0.079366,0.598947,0.183380,0.259114,0.229774,0.535658
0.186753,0.364194,0.198448,0.439003,0.229070,0.323064,0.347360,0.507797
0.412607,0.236821,0.461573,0.022491,0.070031,0.253110,0.352568,0.302893
0.396702,0.333029,0.214136,0.632640,0.206758,0.059114,0.420940,0.059920
0.165349,0.252580,0.220731,0.474705,0.140198,0.287433,0.325812,0.700838
0.497484,0.099249,0.440135,0.504031,0.072971,0.446127,0.484161,0.518779
0.144131,0.139957,0.516579,0.285627,0.565152,0.517831,0.645420,0.090401
0.042738,0.102515,0.525382,0.415597,0.713492,0.907669,0.468508,0.023420
0.382233,0.206862,0.015869,0.716519,0.175985,0.028679,0.281337,0.672984
0.292410,0.324933,0.011197,0.805611,0.243947,0.095025,0.437206,0.659874
0.180894,0.461983,0.443030,0.179242,0.051902,0.293050,0.148024,0.418645
0.732229,0.244386,0.796471,0.482171,0.006645,0.426798,0.403407,0.502071
0.177586,0.513888,0.589468,0.095133,0.096902,0.167578,0.123333,0.331187
0.250316,0.319424,0.262477,0.435718,0.331311,0.362396,0.265720,0.737292
0.118104,0.078402,0.490593,0.374650,0.444722,0.735423,0.424316,0.067996
0.094759,0.345213,0.113765,0.305883,0.263609,0.252245,0.370993,0.593644
0.546275,0.099938,0.593604,0.031600,0.020473,0.220852,0.244675,0.148509
0.766715,0.174736,0.487798,0.083074,0.049710,0.278786,0.192918,0.194401
0.154945,0.304116,0.408966,0.113755,0.078845,0.200157,0.170493,0.465798
0.439244,0.252742,0.107082,0.576363,0.170156,0.285434,0.454273,0.008710
0.463159,0.240758,0.716201,0.426643,0.052963,0.418071,0.573397,0.327806
0.542617,0.308485,0.064174,0.642693,0.168413,0.047179,0.435515,0.792733
0.133966,0.384755,0.319545,0.384764,0.486420,0.172673,0.140150,0.115222
0.192462,0.386636,0.515905,0.088355,0.044575,0.120463,0.207809,0.386582
0.042166,0.176473,0.514660,0.256925,0.538618,0.507108,0.709844,0.057199
0.128803,0.261417,0.224185,0.375957,0.456034,0.172214,0.465671,0.622200
0.487123,0.086432,0.465736,0.072378,0.043637,0.269432,0.291269,0.229355
0.554224,0.247630,0.591295,0.591945,0.049309,0.509768,0.471638,0.483151
0.061539,0.337041,0.345994,0.325869,0.500463,0.172137,0.158285,0.234922
0.532182,0.080405,0.490116,0.603515,0.060010,0.573952,0.434254,0.377075
0.094878,0.112839,0.475728,0.304850,0.592974,0.614306,0.667790,0.112312
0.523432,0.214985,0.027578,0.570567,0.177395,0.064204,0.512544,0.722889
0.365249,0.523479,0.133435,0.556246,0.122378,0.125418,0.311579,0.050203
0.367576,0.507777,0.150658,0.554701,0.238552,0.122552,0.366975,0.042748
0.380760,0.284279,0.277025,0.720747,0.264430,0.122237,0.327153,0.020265
0.113625,0.303634,0.283720,0.290975,0.713014,0.145324,0.095340,0.191277
0.097425,0.139346,0.446126,0.391913,0.468359,0.724049,0.560524,0.061901
0.403023,0.262514,0.025994,0.645140,0.237037,0.041055,0.473335,0.644882
0.421631,0.161654,0.584733,0.631726,0.063880,0.424443,0.412247,0.439810
0.068451,0.371770,0.179147,0.413634,0.530718,0.207518,0.029419,0.220172
0.053716,0.243486,0.626755,0.404121,0.489530,0.743047,0.461987,0.081022
0.418437,0.309450,0.038439,0.560195,0.167584,0.168898,0.425292,0.677966
0.077341,0.144191,0.410388,0.273038,0.543944,0.563436,0.752572,0.111086
0.072336,0.110309,0.551665,0.230202,0.629230,0.911289,0.657795,0.074664
0.309578,0.316426,0.108211,0.668349,0.229809,0.119671,0.376770,0.777101
0.037645,0.356113,0.271393,0.380647,0.516423,0.111489,0.096735,0.132573
0.457289,0.226832,0.616319,0.498226,0.087286,0.309884,0.617415,0.326217
0.107203,0.315271,0.238362,0.479056,0.513494,0.168155,0.089549,0.200432
0.507473,0.352244,0.192023,0.607931,0.222159,0.120945,0.342256,0.034047
0.411516,0.188433,0.128931,0.664870,0.157904,0.073824,0.551802,0.727498
0.520574,0.314513,0.080020,0.900202,0.152357,0.124595,0.444940,0.748023
0.325951,0.346311,0.025462,0.538480,0.158537,0.046849,0.437311,0.639593
0.119342,0.265638,0.631536,0.401401,0.476904,0.625482,0.528404,0.017170
0.560822,0.127937,0.546164,0.358925,0.111463,0.293374,0.541022,0.386693
0.274835,0.438971,0.390134,0.148783,0.108338,0.270371,0.162962,0.424725
0.416241,0.263847,0.480989,0.016273,0.090958,0.300340,0.191949,0.144307
0.049135,0.169865,0.510812,0.370459,0.590505,0.751192,0.731073,0.034692
0.389080,0.296972,0.054679,0.876379,0.300204,0.066291,0.343794,0.600221
0.098181,0.359620,0.177888,0.417226,0.234955,0.258971,0.254050,0.737858
0.435255,0.168580,0.400962,0.016188,0.019671,0.318287,0.368150,0.151948
0.066109,0.160155,0.392903,0.206625,0.506083,0.600540,0.479008,0.051865
0.664415,0.107995,0.638869,0.074633,0.057664,0.295552,0.183286,0.136661
0.021082,0.129949,0.816644,0.244900,0.610034,0.663003,0.407186,0.044893
0.411143,0.486004,0.247239,0.655129,0.179982,0.126171,0.397104,0.013812
0.404013,0.128155,0.666855,0.548180,0.039582,0.408589,0.293850,0.412664
0.125515,0.230728,0.225749,0.274866,0.229355,0.268443,0.362412,0.605239
0.439282,0.526152,0.148908,0.445771,0.284505,0.104891,0.205823,0.048590
0.151497,0.262293,0.672831,0.372913,0.531267,0.494455,0.324546,0.066552
0.431013,0.279055,0.617228,0.510894,0.017292,0.379800,0.481844,0.301266
0.400613,0.112255,0.581151,0.572223,0.029563,0.458075,0.503185,0.454527
0.132443,0.415250,0.378201,0.055392,0.094914,0.218688,0.153044,0.426401
0.468456,0.145195,0.498524,0.042354,0.060231,0.326709,0.268003,0.138613
0.160746,0.122812,0.551242,0.288102,0.543346,0.733165,0.511264,0.087840
0.416919,0.160018,0.085488,0.681917,0.191725,0.118259,0.346433,0.792619
0.588796,0.145249,0.397685,0.050442,0.101173,0.330483,0.213969,0.165576
0.294117,0.247098,0.153117,0.485201,0.152029,0.144289,0.376669,0.760639
0.543628,0.085353,0.478541,0.029339,0.071130,0.425012,0.136262,0.157832
0.107471,0.407097,0.136254,0.472627,0.138884,0.277294,0.348162,0.567601
0.264636,0.383223,0.458143,0.083093,0.064254,0.254528,0.149751,0.446349
0.631077,0.403402,0.124587,0.672752,0.094638,0.105659,0.353360,0.014629
0.162136,0.386491,0.392516,0.086531,0.091510,0.281783,0.118337,0.468438
0.039833,0.350468,0.308166,0.291973,0.738984,0.190611,0.163932,0.088818
0.425892,0.401639,0.201992,0.707434,0.293280,0.157553,0.387086,0.022985
0.080934,0.350223,0.348408,0.395291,0.591489,0.139233,0.049902,0.139467
0.402878,0.255728,0.034505,0.526051,0.115779,0.075323,0.402113,0.481910
0.503641,0.129241,0.621964,0.401689,0.029266,0.421802,0.608440,0.339933
0.115743,0.294422,0.198232,0.471773,0.201645,0.438198,0.305042,0.560489
0.118076,0.488055,0.265781,0.341425,0.642975,0.118488,0.018380,0.159658
0.521920,0.469572,0.119950,0.519804,0.191305,0.097607,0.242256,0.055234
0.434950,0.240530,0.699480,0.066129,0.029137,0.277631,0.231002,0.176106
0.380613,0.404179,0.181912,0.683344,0.253066,0.133127,0.488212,0.063668
0.621533,0.121271,0.409785,0.016542,0.023354,0.253449,0.325040,0.130587
0.591367,0.185189,0.425321,0.008375,0.102204,0.298599,0.417907,0.175136
0.544913,0.255294,0.174739,0.719022,0.240336,0.117014,0.251254,0.056877
0.613844,0.096110,0.454372,0.041107,0.094160,0.238283,0.257812,0.219782
0.372475,0.253380,0.033013,0.575982,0.111257,0.106844,0.292501,0.537133
0.008149,0.277656,0.308145,0.510143,0.509951,0.166173,0.089180,0.171940
0.627690,0.223231,0.426881,0.024221,0.117484,0.342986,0.164310,0.242810
0.121868,0.434734,0.148029,0.490802,0.176211,0.178241,0.418859,0.610779
0.423025,0.200721,0.700175,0.523024,0.020780,0.456192,0.586406,0.508461
0.286067,0.339354,0.374221,0.082593,0.020226,0.389994,0.141057,0.348702
0.213031,0.422235,0.130330,0.361241,0.267276,0.324412,0.291065,0.675290
0.564200,0.140163,0.402583,0.065698,0.034959,0.343855,0.226865,0.189017
0.518378,0.147863,0.598253,0.043242,0.022591,0.393611,0.343174,0.159106
0.131651,0.352458,0.234926,0.406011,0.236270,0.316156,0.244593,0.665089
0.511882,0.120427,0.422635,0.031956,0.037387,0.305196,0.262212,0.275502
0.287107,0.268660,0.078091,0.550760,0.209448,0.078619,0.305723,0.711042
0.083047,0.073891,0.329934,0.305337,0.651424,0.642001,0.391825,0.077357
0.071085,0.203618,0.264186,0.470292,0.322493,0.320913,0.496372,0.706642
0.438021,0.434147,0.203090,0.628013,0.352517,0.288610,0.347859,0.071095
0.222694,0.307901,0.034004,0.573734,0.171802,0.019136,0.449067,0.739291
0.088531,0.363771,0.132926,0.288120,0.133254,0.230355,0.344495,0.511141
0.416311,0.214331,0.606992,0.427355,0.069432,0.369209,0.567648,0.413403
0.057861,0.525096,0.405574,0.351056,0.547200,0.132259,0.045478,0.124702
0.764594,0.102527,0.481794,0.050398,0.053650,0.314738,0.293151,0.128259
0.190673,0.069193,0.471997,0.282965,0.502017,0.916597,0.429564,0.043080
0.470183,0.125765,0.555660,0.695921,0.020156,0.299596,0.472273,0.357056
0.061941,0.194587,0.440319,0.309963,0.646126,0.613414,0.668060,0.042603
0.163628,0.369720,0.231399,0.312596,0.253306,0.372149,0.227007,0.581423
0.141355,0.354374,0.253169,0.324127,0.609090,0.119489,0.087357,0.117214
0.496505,0.474241,0.189330,0.559090,0.148065,0.117027,0.445283,0.057109
0.162092,0.389642,0.419259,0.147744,0.130359,0.190415,0.074743,0.496041
0.075527,0.391966,0.191272,0.376971,0.173254,0.272510,0.383280,0.645910
0.116874,0.417815,0.225943,0.457450,0.839447,0.070959,0.112326,0.226510
0.195908,0.572483,0.435961,0.104287,0.069200,0.257654,0.219926,0.444396
0.312328,0.244627,0.345925,0.303395,0.024418,0.384816,0.441698,0.308633
0.633903,0.166978,0.513271,0.012793,0.056421,0.285950,0.203571,0.187997
0.142459,0.354921,0.389335,0.419023,0.659523,0.129004,0.093110,0.171032
0.544695,0.194382,0.379219,0.013818,0.025103,0.296770,0.327760,0.151092
0.403993,0.380615,0.078642,0.667390,0.188340,0.054022,0.458238,0.590753
0.087952,0.195508,0.741360,0.416970,0.762535,0.604149,0.489985,0.021055
0.148497,0.218275,0.252614,0.506330,0.291947,0.273402,0.361964,0.665768
0.155584,0.374989,0.309781,0.499345,0.287272,0.185787,0.192489,0.744791
0.404696,0.267421,0.027347,0.684846,0.140124,0.080365,0.524116,0.707854
0.103532,0.262590,0.411172,0.268360,0.571160,0.622905,0.491276,0.061554
0.072593,0.403001,0.109055,0.389929,0.145740,0.167584,0.413412,0.742717
0.099469,0.239499,0.095806,0.675115,0.238849,0.261818,0.218772,0.821859
0.344889,0.168782,0.052381,0.556515,0.176162,0.048265,0.410211,0.700991
0.087958,0.190989,0.272423,0.400250,0.246905,0.296903,0.390814,0.645209
0.308157,0.426545,0.248881,0.430279,0.207339,0.251266,0.349893,0.521156
0.023727,0.182701,0.515686,0.248956,0.496634,0.500561,0.501863,0.018136
0.593833,0.070331,0.536288,0.448682,0.044295,0.367332,0.627333,0.320254
0.484104,0.434029,0.228759,0.593985,0.155088,0.121485,0.412690,0.040244
0.363596,0.216528,0.074059,0.586527,0.131551,0.166239,0.294621,0.771867
0.296861,0.496973,0.193270,0.724927,0.264845,0.254928,0.450687,0.063847
0.098154,0.378695,0.303671,0.427094,0.486999,0.161793,0.081401,0.321951
0.076186,0.169927,0.481428,0.186234,0.461005,0.698244,0.597831,0.124892
0.124978,0.300982,0.346139,0.459660,0.558640,0.155173,0.045619,0.143074
0.156433,0.497824,0.445485,0.053197,0.053809,0.329692,0.167507,0.460053
0.392916,0.240320,0.024713,0.480677,0.164175,0.087468,0.265542,0.668512
0.279687,0.118291,0.054207,0.627155,0.254740,0.082000,0.635787,0.551089
0.492754,0.280602,0.033454,0.622385,0.263703,0.053763,0.546230,0.568221
0.151353,0.397649,0.420929,0.169666,0.066345,0.278470,0.162243,0.465284
0.534629,0.202434,0.676419,0.470001,0.057215,0.436044,0.459437,0.428780
0.483672,0.154655,0.655124,0.515503,0.045412,0.542260,0.544254,0.402298
0.534645,0.496674,0.084366,0.550396,0.216994,0.101899,0.408365,0.758290
0.215189,0.386779,0.224283,0.363482,0.180072,0.220667,0.243001,0.794261
0.070754,0.185263,0.540859,0.274790,0.569370,0.709425,0.608429,0.066455
0.075538,0.303879,0.309534,0.305066,0.616030,0.089955,0.115304,0.146520
0.488518,0.485253,0.134209,0.760561,0.182390,0.157299,0.422080,0.017949
0.438138,0.185720,0.580992,0.021873,0.041885,0.218944,0.231970,0.244062
0.141874,0.358076,0.223181,0.369530,0.293751,0.339577,0.403633,0.858179
0.085660,0.518379,0.419181,0.271694,0.640952,0.169669,0.061635,0.155768
0.494193,0.339146,0.160390,0.624434,0.224204,0.216450,0.413897,0.033313
0.139427,0.470752,0.703556,0.160951,0.188831,0.137373,0.165291,0.334661
0.372105,0.317720,0.032861,0.770905,0.163701,0.020032,0.426710,0.718974
0.501358,0.157222,0.411378,0.031804,0.063437,0.396710,0.213375,0.214277
0.392268,0.159187,0.539552,0.106443,0.058892,0.333802,0.190798,0.134152
0.609649,0.145395,0.449982,0.020913,0.071122,0.399659,0.209248,0.182043
0.411711,0.275211,0.003925,0.690048,0.272469,0.144470,0.355021,0.867716
0.178416,0.233157,0.210715,0.361260,0.190407,0.261372,0.400710,0.538398
0.025056,0.166502,0.417787,0.324783,0.510200,0.608945,0.494798,0.060204
0.668293,0.119662,0.448595,0.388123,0.025021,0.402162,0.422556,0.384785
0.058854,0.244656,0.119623,0.431672,0.276665,0.317413,0.310690,0.777631
0.460641,0.138450,0.541749,0.553528,0.048793,0.457182,0.549634,0.566687
0.191402,0.326642,0.119013,0.516326,0.354904,0.249675,0.358074,0.657264
0.107465,0.358768,0.282658,0.429489,0.262922,0.299542,0.349309,0.653645
0.179178,0.339013,0.210299,0.378084,0.720523,0.196159,0.094126,0.190226
0.365095,0.207133,0.720669,0.434091,0.066429,0.446656,0.356763,0.429328
0.504187,0.092759,0.530595,0.418377,0.106098,0.502930,0.461926,0.361200
0.037126,0.477922,0.252889,0.459296,0.801906,0.142978,0.139117,0.267799
0.211732,0.516198,0.435435,0.193197,0.069565,0.233199,0.165570,0.421118
0.367909,0.278197,0.125985,0.571957,0.139806,0.140903,0.457603,0.710904
0.018145,0.185130,0.380399,0.287239,0.428134,0.630960,0.682821,0.125833
0.135216,0.277618,0.425400,0.174071,0.112669,0.333712,0.135825,0.459425
0.527557,0.100047,0.594240,0.049085,0.102605,0.255759,0.203869,0.170596
0.336439,0.352601,0.168010,0.630921,0.183782,0.082551,0.353585,0.014400
0.099959,0.568914,0.558083,0.063471,0.074656,0.268445,0.170056,0.345663
0.141982,0.397780,0.218362,0.475444,0.553451,0.156102,0.114852,0.161954
0.646651,0.125441,0.622234,0.546989,0.025370,0.510250,0.461003,0.299023
0.218229,0.221143,0.115762,0.328695,0.240637,0.315090,0.339007,0.828092
0.081882,0.105758,0.476454,0.308845,0.493940,0.605191,0.419099,0.095993
0.468951,0.193039,0.087307,0.496503,0.149752,0.064762,0.544453,0.662237
0.225629,0.337342,0.081387,0.518806,0.165347,0.059299,0.329832,0.595872
0.580571,0.106995,0.622285,0.059012,0.094682,0.306917,0.303672,0.185847
0.531477,0.150972,0.542862,0.432241,0.069678,0.426318,0.379547,0.296515
0.137387,0.347411,0.191104,0.476676,0.195482,0.275567,0.159419,0.607058
0.131316,0.162281,0.452473,0.422606,0.544288,0.645302,0.401916,0.100903
0.407000,0.134988,0.341687,0.050821,0.024674,0.397888,0.240230,0.210464
0.485460,0.398011,0.097022,0.849442,0.100494,0.174593,0.370985,0.083751
0.424515,0.248932,0.691056,0.343759,0.004815,0.452522,0.463419,0.419710
0.367984,0.283019,0.102865,0.620346,0.127307,0.068108,0.347540,0.677217
0.120052,0.269590,0.308674,0.326212,0.517356,0.148233,0.094294,0.217638
0.033867,0.300765,0.267334,0.275332,0.597831,0.293844,0.079189,0.122396
0.113473,0.187345,0.515703,0.281729,0.697431,0.576923,0.598462,0.058208
0.215134,0.383878,0.423239,0.132460,0.149515,0.303928,0.101516,0.410490
0.597896,0.125878,0.617162,0.000108,0.045041,0.263500,0.246289,0.298450
0.052229,0.507280,0.284510,0.552230,0.185206,0.284295,0.415227,0.651710
0.339170,0.198812,0.615246,0.350484,0.061397,0.481034,0.511976,0.429225
0.044116,0.413231,0.273340,0.439171,0.575315,0.240135,0.058742,0.135427
0.052857,0.056649,0.740674,0.399153,0.530093,0.414614,0.506226,0.019375
0.472099,0.174784,0.079004,0.872107,0.104640,0.021375,0.439828,0.720827
0.379895,0.349284,0.220385,0.651129,0.107082,0.096833,0.475607,0.061083
0.440650,0.255735,0.119609,0.589386,0.214824,0.102869,0.382210,0.079545
0.407547,0.155108,0.026652,0.641255,0.172223,0.132877,0.384471,0.798707
0.166502,0.180057,0.584064,0.238805,0.608629,0.738579,0.644903,0.075369
0.373536,0.275069,0.048737,0.649727,0.202794,0.036408,0.315870,0.704737
0.477467,0.157305,0.025355,0.920053,0.131389,0.175899,0.381118,0.576663
0.546354,0.183753,0.022486,0.371538,0.213007,0.132424,0.560112,0.693419
0.146244,0.363388,0.164718,0.307480,0.198559,0.316341,0.298371,0.535773
0.170753,0.132445,0.401566,0.197900,0.509288,0.498272,0.614562,0.052938
0.489731,0.169347,0.378375,0.011643,0.043541,0.217934,0.186004,0.192314
0.742656,0.236893,0.535391,0.081964,0.164841,0.215243,0.413225,0.242273
0.172741,0.581938,0.308743,0.202295,0.031566,0.203433,0.107160,0.385107
0.419104,0.383994,0.114155,0.586621,0.209431,0.117238,0.313267,0.036435
0.554054,0.526173,0.202286,0.746978,0.234242,0.135231,0.355321,0.016298
0.479191,0.070185,0.414234,0.450904,0.051009,0.393669,0.353514,0.414514
0.058788,0.150170,0.504933,0.310842,0.519918,0.675452,0.513054,0.049646
0.092957,0.242601,0.300021,0.370899,0.467751,0.199205,0.111176,0.177367
0.513661,0.431964,0.184050,0.645803,0.249925,0.125159,0.427501,0.020352
0.539425,0.344025,0.115314,0.738933,0.224356,0.023622,0.421248,0.595634
0.204176,0.630679,0.362439,0.096710,0.056112,0.243808,0.155442,0.437725
0.200970,0.453443,0.395037,0.118206,0.110610,0.192572,0.087632,0.349557
0.584291,0.201287,0.568765,0.017650,0.043758,0.398394,0.213564,0.200948
0.088818,0.304700,0.578711,0.164455,0.081217,0.232284,0.188963,0.518254
0.143956,0.321586,0.263012,0.427501,0.242806,0.343567,0.324099,1.000000
0.079429,0.293369,0.196161,0.386032,0.681537,0.157765,0.082457,0.197220
0.076145,0.150513,0.627440,0.247826,0.625059,0.762629,0.519795,0.074895
0.104202,0.310896,0.261598,0.384446,0.144071,0.300024,0.312402,0.613941
0.404750,0.087621,0.536585,0.023668,0.076521,0.263835,0.245830,0.196338
0.475922,0.147010,0.454054,0.516307,0.021736,0.452583,0.533539,0.534843
0.461597,0.241061,0.614307,0.462350,0.020392,0.491313,0.547169,0.392161
0.196646,0.482505,0.393737,0.082395,0.071058,0.243936,0.170315,0.387049
0.630917,0.206473,0.693607,0.494050,0.056397,0.309150,0.580876,0.485975
0.694894,0.210507,0.698089,0.730066,0.019929,0.468286,0.718480,0.183572
0.250152,0.560095,0.266287,0.085668,0.035101,0.134181,0.304789,0.300718
0.470130,0.241346,0.084914,0.666899,0.190846,0.160376,0.416228,0.457961
0.134223,0.449440,0.136261,0.386174,0.261666,0.150062,0.364628,0.657966
0.287380,0.304414,0.068360,0.690357,0.208402,0.098397,0.280548,0.872162
0.261793,0.436991,0.355520,0.106477,0.012489,0.148797,0.158442,0.496154
0.701920,0.105507,0.622556,0.016123,0.052924,0.226689,0.351209,0.205833
0.108762,0.311236,0.184666,0.405546,0.431284,0.461664,0.298416,0.588227
0.394124,0.219385,0.609801,0.487321,0.031441,0.344134,0.453887,0.400365
0.405922,0.377812,0.169038,0.581240,0.183984,0.130033,0.442547,0.034973
0.045327,0.326349,0.261248,0.489765,0.683582,0.304331,0.041717,0.085527
0.469154,0.262394,0.027555,0.608217,0.251803,0.104073,0.314576,0.763165
0.379524,0.356265,0.201953,0.676227,0.231240,0.215250,0.493678,0.048387
0.106365,0.064247,0.487964,0.455795,0.430188,0.494100,0.282658,0.108352
0.069536,0.352364,0.305749,0.241000,0.695744,0.250123,0.066561,0.235328
0.063005,0.140725,0.460720,0.343665,0.622816,0.526632,0.463359,0.056864
0.129510,0.353722,0.363572,0.416445,0.604604,0.109848,0.051193,0.334319
0.236872,0.404363,0.452150,0.126168,0.066460,0.167939,0.185129,0.426030
0.456026,0.139848,0.038550,0.566519,0.112920,0.087795,0.458756,0.901179
0.269880,0.233740,0.292467,0.454796,0.475423,0.095050,0.141421,0.124526
0.453734,0.318804,0.001947,0.398706,0.187814,0.195449,0.393741,0.613749
0.220246,0.192741,0.441406,0.499895,0.041581,0.506607,0.331507,0.403846
0.428445,0.248150,0.148159,0.768072,0.173126,0.274295,0.305952,0.093482
0.249231,0.250819,0.159332,0.425235,0.271362,0.342633,0.397168,0.600913
0.370450,0.399275,0.151100,0.705800,0.176507,0.191155,0.404251,0.653869
0.235250,0.438318,0.453332,0.124454,0.181164,0.258708,0.224951,0.323603
0.114679,0.484634,0.368733,0.383596,0.473973,0.157259,0.114417,0.168848
0.062632,0.137791,0.561144,0.189973,0.514357,0.617430,0.498887,0.124261
0.193785,0.392293,0.494103,0.171657,0.127575,0.212891,0.116578,0.513131
0.404135,0.361274,0.016387,0.465781,0.108089,0.068245,0.402740,0.718829
0.153582,0.355704,0.433163,0.058991,0.049144,0.144943,0.120491,0.480829
0.090439,0.150728,0.464508,0.383337,0.570255,0.528201,0.427335,0.052601
0.114362,0.416091,0.233661,0.444532,0.318515,0.146114,0.103713,0.135354
0.097336,0.401101,0.263428,0.373564,0.566749,0.122012,0.166729,0.221106
0.117820,0.557520,0.477626,0.130865,0.142950,0.217288,0.077065,0.512432
0.376984,0.257085,0.614346,0.601817,0.025918,0.327983,0.408260,0.419634
0.116663,0.341236,0.336379,0.494361,0.432478,0.282319,0.400558,0.632204
0.415821,0.386159,0.071922,0.618782,0.225551,0.178715,0.313970,0.064025
0.044382,0.316736,0.281299,0.326796,0.694960,0.072687,0.144125,0.321612
0.146510,0.301260,0.265829,0.569703,0.467201,0.166902,0.168944,0.078437
0.104891,0.449750,0.261182,0.313807,0.683092,0.203228,0.077510,0.106433
0.058611,0.334084,0.276432,0.446660,0.568740,0.181444,0.105410,0.203208
0.436931,0.453889,0.132788,0.609077,0.233736,0.109382,0.346605,0.009348
0.124899,0.303778,0.337636,0.388470,0.597888,0.179916,0.114194,0.222599
0.583516,0.169096,0.607521,0.600206,0.008393,0.404143,0.644734,0.342279
0.146655,0.458682,0.650410,0.069539,0.095431,0.226617,0.103346,0.386092
0.160119,0.346567,0.241583,0.529874,0.681625,0.129986,0.108920,0.178169
0.021340,0.169566,0.641760,0.484406,0.524400,0.729615,0.389109,0.067317
0.092530,0.330151,0.331694,0.367309,0.595869,0.167549,0.151929,0.230368
0.136139,0.438601,0.183671,0.421027,0.267423,0.305528,0.244700,0.771595
0.125136,0.107900,0.538757,0.269956,0.725757,0.646516,0.501823,0.043068
0.353667,0.180004,0.069539,0.522372,0.233505,0.093932,0.280235,0.839996
0.449127,0.185538,0.640432,0.584591,0.026014,0.444199,0.350755,0.436774
0.133589,0.275666,0.273061,0.467553,0.191262,0.144122,0.289562,0.572775
0.493298,0.098074,0.348232,0.424258,0.090606,0.473439,0.390714,0.452047
0.415959,0.188391,0.058182,0.735579,0.210739,0.098308,0.355514,0.607439
0.438996,0.153938,0.468247,0.062583,0.054250,0.308002,0.323714,0.153962
0.073878,0.335736,0.332007,0.282895,0.562870,0.145949,0.156006,0.131942
0.375203,0.117845,0.391422,0.036848,0.041061,0.425130,0.393532,0.178493
0.512901,0.279026,0.640932,0.018683,0.065719,0.373360,0.283872,0.143507
0.167834,0.298423,0.211717,0.438836,0.695818,0.151055,0.083529,0.127544
0.088288,0.319901,0.317762,0.454944,0.753329,0.097171,0.125455,0.081714
0.091353,0.113935,0.568303,0.190644,0.683193,0.555860,0.286991,0.116446
0.405521,0.122689,0.610032,0.092549,0.114508,0.351475,0.374308,0.132457
0.609280,0.066412,0.468864,0.012620,0.090513,0.456040,0.229146,0.161781
0.477164,0.154001,0.138517,0.696148,0.233934,0.142892,0.287809,0.751146
0.709089,0.097373,0.519971,0.079011,0.026333,0.305445,0.260753,0.158430
0.566784,0.139231,0.397338,0.018464,0.084203,0.237712,0.535399,0.253763
0.399287,0.178067,0.480190,0.012512,0.072557,0.158120,0.284910,0.204166
0.433896,0.114067,0.614823,0.051252,0.036676,0.406778,0.319214,0.159451
0.391681,0.339990,0.152738,0.580205,0.228253,0.121318,0.444349,0.037452
0.411177,0.350995,0.184282,0.604601,0.204346,0.209999,0.463268,0.065852
0.521241,0.201379,0.542777,0.082204,0.040621,0.323432,0.241707,0.109768
0.119771,0.298709,0.311924,0.290018,0.541789,0.203786,0.087613,0.184289
0.599258,0.172247,0.484781,0.014058,0.062873,0.207692,0.294704,0.253896
0.153764,0.497554,0.326175,0.130520,0.100523,0.252526,0.148931,0.324213
0.146018,0.580528,0.312435,0.344788,0.548913,0.182236,0.075954,0.149713
0.166772,0.429102,0.369730,0.085916,0.040905,0.129482,0.140483,0.367351
0.407990,0.439052,0.120034,0.654273,0.184007,0.140570,0.294655,0.033322
0.361324,0.443370,0.235640,0.734449,0.141647,0.200657,0.459006,0.015953
0.574351,0.096500,0.613505,0.610089,0.006535,0.455414,0.456253,0.465757
0.487612,0.209058,0.498962,0.019100,0.070493,0.337351,0.314453,0.246168
0.397197,0.368514,0.154910,0.564107,0.265481,0.143583,0.260808,0.014262
0.638192,0.417854,0.195477,0.870060,0.299812,0.120165,0.428935,0.000173
0.424518,0.292093,0.010662,0.573796,0.170656,0.067499,0.523352,0.664473
0.165428,0.493574,0.315547,0.450182,0.615023,0.113883,0.173350,0.107742
0.591324,0.226444,0.532632,0.442078,0.020388,0.433969,0.538158,0.507580
0.450363,0.220983,0.067135,0.620038,0.208156,0.090435,0.332022,0.666978
0.097863,0.041856,0.292747,0.419436,0.432258,0.613449,0.665198,0.054276
0.077831,0.557680,0.413196,0.413361,0.585887,0.226982,0.076712,0.144847
0.272043,0.467605,0.431891,0.136525,0.103306,0.214337,0.040734,0.417235
0.124505,0.352670,0.122169,0.329143,0.227446,0.275962,0.345600,0.771262
0.061502,0.332488,0.320411,0.409280,0.602463,0.153847,0.057100,0.202210
0.098753,0.123358,0.628393,0.225262,0.336963,0.470509,0.394791,0.064551
0.045280,0.059385,0.545345,0.171097,0.534814,0.591697,0.474731,0.065379
0.532278,0.077545,0.602344,0.024800,0.006610,0.267731,0.098937,0.184591
0.066623,0.120708,0.558303,0.356873,0.664231,0.578189,0.509660,0.116825
0.251665,0.373277,0.206211,0.439396,0.212640,0.221586,0.331992,0.802543
0.137702,0.343017,0.283685,0.291989,0.529914,0.147847,0.111883,0.175123
0.463315,0.236959,0.562067,0.383963,0.022440,0.357974,0.392657,0.464154
0.052394,0.447159,0.372244,0.274779,0.613091,0.125010,0.028054,0.108702
0.096983,0.364369,0.240890,0.453978,0.613539,0.212268,0.181068,0.103289
0.546905,0.566172,0.141886,0.412353,0.209262,0.119508,0.566673,0.051626
0.564731,0.211629,0.712428,0.551462,0.073026,0.422965,0.380080,0.315447
0.498778,0.251883,0.200670,0.558687,0.205178,0.265570,0.440799,0.071035
0.130240,0.384716,0.246392,0.410448,0.565973,0.083170,0.175533,0.291157
0.108065,0.348620,0.296990,0.527575,0.593383,0.264925,0.064585,0.315264
0.020678,0.263533,0.234479,0.664974,0.378353,0.214796,0.387184,0.563420
0.639969,0.221627,0.515000,0.035285,0.007767,0.322590,0.260985,0.220813
0.447399,0.341460,0.161139,0.754395,0.251079,0.146274,0.334656,0.040718
0.290286,0.327323,0.169393,0.829182,0.151015,0.326583,0.421944,0.010319
0.177464,0.509736,0.203412,0.351011,0.224661,0.153981,0.294605,0.720517
0.379320,0.301897,0.046585,0.633414,0.137940,0.178660,0.396705,0.552154
0.689458,0.101187,0.614130,0.012702,0.015471,0.289014,0.256534,0.256017
0.484917,0.235546,0.592807,0.403040,0.005008,0.416309,0.421486,0.556335
0.271926,0.317801,0.313270,0.670417,0.132366,0.189373,0.356118,0.010415
0.568164,0.200580,0.473257,0.536308,0.031101,0.380981,0.336162,0.251705
0.511833,0.287968,0.049945,0.816938,0.266305,0.089279,0.391535,0.720104
0.190875,0.362514,0.407771,0.073820,0.050701,0.220152,0.112701,0.436416
0.340002,0.389790,0.145990,0.611332,0.208960,0.227010,0.485797,0.084046
0.179278,0.357501,0.344966,0.293918,0.183270,0.283197,0.203625,0.605201
0.139198,0.524404,0.431475,0.164723,0.061050,0.273937,0.176391,0.273416
0.446301,0.295480,0.114952,0.718616,0.173198,0.102053,0.281097,0.769963
0.347520,0.440335,0.115631,0.740998,0.196951,0.091798,0.469074,0.004291
0.011183,0.313987,0.310308,0.480527,0.668938,0.116317,0.108073,0.224929
0.068660,0.131668,0.403536,0.273971,0.684956,0.561986,0.613154,0.066653
0.234949,0.593338,0.666289,0.139392,0.072202,0.232158,0.066028,0.632722
0.093376,0.428358,0.283729,0.205131,0.072921,0.216562,0.158726,0.372414
0.422199,0.102641,0.356618,0.031881,0.034094,0.372246,0.199070,0.209360
0.336163,0.437282,0.350863,0.117016,0.079183,0.234034,0.074805,0.319518
0.360446,0.391827,0.047083,0.841289,0.187168,0.119238,0.392885,0.783417
0.187778,0.274975,0.163758,0.570504,0.552633,0.270898,0.119694,0.246289
0.603623,0.108529,0.428658,0.035337,0.036494,0.222539,0.306458,0.195186
0.074209,0.137472,0.669273,0.308414,0.612446,0.540471,0.502962,0.072093
0.317166,0.224965,0.082118,0.597421,0.201211,0.091796,0.375607,0.530014
0.465767,0.486080,0.191451,0.527511,0.234162,0.165095,0.365248,0.005752
0.149854,0.395940,0.348534,0.107477,0.136126,0.175065,0.149180,0.420235
0.182595,0.414916,0.251097,0.070197,0.196066,0.172136,0.150605,0.577440
0.393205,0.195658,0.078511,0.575142,0.164713,0.072711,0.306525,0.829691
0.267927,0.353250,0.036691,0.640606,0.224865,0.086296,0.392459,0.558537
0.630208,0.202006,0.833209,0.419232,0.037814,0.589998,0.465530,0.323052
0.348655,0.220294,0.030811,0.508253,0.054414,0.042560,0.374106,0.627749
0.168734,0.312164,0.388381,0.105059,0.149307,0.290706,0.083164,0.245847
0.311342,0.345229,0.255373,0.690478,0.196373,0.233323,0.440579,0.050369
0.252795,0.310619,0.245657,0.388957,0.452964,0.149797,0.155175,0.230081
0.499303,0.177707,0.527074,0.065830,0.131842,0.296963,0.275025,0.278433
0.195127,0.427988,0.441788,0.090158,0.060859,0.200884,0.142091,0.545040
0.490682,0.425920,0.252674,0.696150,0.186151,0.156752,0.511373,0.013829
0.445347,0.204475,0.556762,0.681448,0.044335,0.390228,0.338861,0.362539
0.512107,0.168012,0.440620,0.016796,0.037481,0.359199,0.155808,0.150921
0.099947,0.276624,0.288030,0.410368,0.578062,0.100567,0.066312,0.176811
0.602559,0.190161,0.475150,0.068009,0.107901,0.288767,0.325782,0.201835
0.415850,0.383845,0.093629,0.610174,0.221552,0.139416,0.314898,0.008715
0.426188,0.228379,0.021761,0.640642,0.206371,0.049490,0.270760,0.595140
0.183370,0.446558,0.384378,0.182237,0.085133,0.212327,0.240719,0.483216
0.447317,0.172458,0.593833,0.647538,0.032325,0.512183,0.583354,0.552015
0.456582,0.292615,0.081926,0.674843,0.224177,0.145413,0.272398,0.508256
0.088557,0.430313,0.442540,0.107433,0.087377,0.131398,0.115266,0.401685
0.198431,0.353406,0.406606,0.145108,0.107566,0.290304,0.218510,0.287542
0.608690,0.500820,0.175366,0.779702,0.289127,0.176577,0.436737,0.012148
0.460471,0.168603,0.597124,0.443874,0.093621,0.441199,0.322590,0.463850
0.638223,0.150754,0.448756,0.017985,0.054349,0.249669,0.269197,0.237523
0.406902,0.191883,0.373926,0.397074,0.126921,0.315165,0.452695,0.379334
0.430834,0.214152,0.746795,0.000216,0.016309,0.346792,0.269521,0.165457
0.205473,0.231378,0.122396,0.325868,0.215885,0.303502,0.341687,0.668661
0.220281,0.184253,0.250506,0.530128,0.583064,0.211975,0.102769,0.193752
0.277428,0.358255,0.036655,0.628721,0.175297,0.082316,0.349643,0.487424
0.020666,0.114815,0.601740,0.573723,0.550646,0.718944,0.631386,0.115486
0.535939,0.091881,0.503484,0.012807,0.057121,0.322893,0.318269,0.261355
0.096013,0.268674,0.192205,0.293994,0.202929,0.178169,0.291669,0.457430
0.149719,0.258000,0.171890,0.498373,0.187059,0.180471,0.337247,0.813809
0.452829,0.110532,0.349469,0.022920,0.057412,0.246102,0.348545,0.174838
0.407979,0.161409,0.415196,0.677403,0.047761,0.365498,0.450215,0.419838
0.411758,0.467337,0.175266,0.787684,0.200865,0.117910,0.484275,0.014726
0.100780,0.267624,0.618344,0.274835,0.734959,0.472655,0.307144,0.065807
0.361130,0.434750,0.170319,0.544365,0.206748,0.198585,0.272346,0.019713
0.365254,0.440839,0.204080,0.752454,0.207067,0.142122,0.437917,0.011891
0.433693,0.250036,0.022320,0.714661,0.214414,0.065849,0.479622,0.662671
0.105429,0.137255,0.643898,0.259802,0.433173,0.778612,0.586927,0.066811
0.306984,0.269438,0.041801,0.504601,0.248615,0.086917,0.308368,0.764358
0.109823,0.265058,0.369922,0.342830,0.685361,0.162176,0.127649,0.166654
0.136337,0.523602,0.171481,0.448576,0.270149,0.330704,0.291559,0.685276
0.437678,0.407646,0.146743,0.683367,0.194394,0.102388,0.315737,0.036168
0.100279,0.392988,0.192290,0.413265,0.336942,0.167909,0.238274,0.631286
0.198928,0.441152,0.444812,0.163035,0.045193,0.183531,0.181439,0.398963
0.123020,0.131323,0.242329,0.345755,0.503481,0.590685,0.564290,0.098270
0.430017,0.213786,0.614663,0.507337,0.037779,0.451158,0.493693,0.358752
0.172039,0.382741,0.211486,0.314428,0.137049,0.278834,0.218320,0.599290
0.347494,0.169738,0.568749,0.631639,0.041802,0.357578,0.330901,0.382946
0.357429,0.192364,0.075281,0.842793,0.207226,0.027965,0.352467,0.668683
0.487585,0.428773,0.174130,0.846725,0.284085,0.310009,0.392848,0.015671
0.150119,0.317740,0.281071,0.485850,0.209800,0.343489,0.361619,0.606574
0.276660,0.589014,0.522221,0.102086,0.045797,0.332404,0.140447,0.351960
0.491040,0.114516,0.452529,0.065697,0.097883,0.228755,0.240936,0.202589
0.035536,0.218264,0.177000,0.455804,0.267266,0.266819,0.376941,0.596032
0.831786,0.183189,0.586489,0.044129,0.043615,0.331509,0.356768,0.109944
0.291322,0.259720,0.295428,0.396085,0.303552,0.375879,0.466252,0.555015
0.163445,0.430147,0.241546,0.394626,0.356518,0.291461,0.351274,0.503611
0.098325,0.091397,0.402570,0.394524,0.628442,0.492926,0.469511,0.077987
0.575805,0.228242,0.539419,0.045854,0.087597,0.352981,0.210541,0.301903
0.594353,0.131231,0.551786,0.480765,0.031527,0.356016,0.453025,0.363219
0.195559,0.351260,0.227685,0.334192,0.228519,0.295896,0.401021,0.731457
0.682239,0.171558,0.545704,0.488822,0.030258,0.450356,0.584495,0.381256
0.229556,0.355782,0.292570,0.140397,0.078069,0.239423,0.110524,0.422751
0.254538,0.140113,0.066838,0.785679,0.196230,0.066569,0.377629,0.631073
0.096914,0.328174,0.254315,0.472410,0.709211,0.182892,0.135079,0.141417
0.196110,0.575110,0.480936,0.239748,0.072311,0.210171,0.132279,0.433460
0.712697,0.086029,0.410535,0.057181,0.057424,0.323544,0.379326,0.121939
0.191730,0.356856,0.413361,0.112096,0.075027,0.252055,0.174384,0.250191
0.232611,0.359354,0.383743,0.155732,0.031153,0.258771,0.124730,0.422175
0.428942,0.216730,0.045366,0.672956,0.119131,0.067543,0.446063,0.901686
0.101840,0.329966,0.313096,0.154500,0.063981,0.242788,0.191682,0.436245
0.077319,0.272539,0.229395,0.311423,0.595981,0.168411,0.058303,0.176599
0.403278,0.229896,0.031095,0.628226,0.163646,0.147216,0.359639,0.616326
0.535147,0.203559,0.667908,0.018122,0.103856,0.278394,0.193554,0.199311
0.084771,0.358403,0.176086,0.272160,0.295793,0.190090,0.234709,0.786902
0.427641,0.192793,0.623648,0.398495,0.027167,0.381107,0.403173,0.425556
0.419451,0.235979,0.103361,0.485561,0.202542,0.097764,0.295198,0.742250
0.401795,0.347583,0.044292,0.605935,0.124993,0.137036,0.537595,0.631270
0.567469,0.159493,0.426261,0.019101,0.095780,0.353771,0.261043,0.155626
0.642906,0.057252,0.577252,0.062656,0.052800,0.234625,0.322953,0.211413
0.122909,0.385901,0.688661,0.084498,0.109255,0.204183,0.133177,0.482421
0.493589,0.399781,0.175332,0.640068,0.272532,0.142508,0.324016,0.079702
0.402132,0.455784,0.049656,0.615019,0.144499,0.102866,0.549376,0.733214
0.157860,0.087620,0.498777,0.215909,0.611893,0.744037,0.422877,0.064401
0.079449,0.207537,0.278608,0.379234,0.653853,0.158164,0.102971,0.159499
0.411329,0.552389,0.116294,0.498798,0.230466,0.113839,0.266780,0.018668
0.286441,0.527293,0.220712,0.827458,0.244939,0.254083,0.354541,0.021568
0.085603,0.371484,0.269791,0.249494,0.605128,0.082802,0.115557,0.179853
0.215848,0.285667,0.421747,0.136590,0.090670,0.158158,0.093475,0.524945
0.433179,0.129674,0.488352,0.010272,0.023450,0.265847,0.150416,0.205098
0.449166,0.187066,0.801388,0.522921,0.031820,0.331664,0.319278,0.348846
0.381133,0.090261,0.468512,0.009717,0.047551,0.334337,0.297221,0.236080
0.418852,0.347088,0.243547,0.705214,0.174403,0.213682,0.303473,0.126611
0.133440,0.452268,0.284710,0.331461,0.439496,0.159472,0.101454,0.147931
0.395295,0.360249,0.067867,0.582334,0.191148,0.113325,0.412158,0.072306
0.634113,0.239559,0.517617,0.006946,0.033396,0.278358,0.336514,0.082358
0.122733,0.371118,0.183884,0.417511,0.156932,0.321972,0.323494,0.543987
0.215923,0.101369,0.568525,0.309450,0.546804,0.536821,0.458622,0.164962
0.638255,0.209089,0.600114,0.494892,0.065733,0.383414,0.460198,0.424430
0.550088,0.141029,0.486552,0.048413,0.043788,0.331245,0.386782,0.144063
0.246316,0.163223,0.074327,0.658578,0.098391,0.085424,0.287323,0.641641
0.062734,0.094501,0.636176,0.495905,0.378379,0.631115,0.474860,0.074467
0.097230,0.344791,0.384359,0.150400,0.174643,0.102388,0.129320,0.580547
0.107417,0.297770,0.388570,0.542938,0.444504,0.184450,0.040311,0.234936
0.051040,0.092893,0.562726,0.209764,0.492219,0.631173,0.692416,0.064013
0.382430,0.169634,0.097636,0.550103,0.216996,0.059785,0.374947,0.706627
0.450854,0.203412,0.842206,0.483932,0.080479,0.459808,0.576151,0.295812
0.157082,0.372080,0.390371,0.416361,0.632133,0.263421,0.143377,0.207996
0.561455,0.130087,0.328052,0.027397,0.054595,0.330826,0.230745,0.180971
0.380408,0.191818,0.433642,0.487631,0.024851,0.453917,0.379060,0.346342
0.167358,0.468168,0.367856,0.127206,0.038848,0.174044,0.068894,0.482455
0.128682,0.387542,0.185483,0.593669,0.215296,0.345136,0.250934,0.714490
0.094198,0.266992,0.109368,0.370924,0.260875,0.344407,0.228083,0.641261
0.625376,0.112737,0.652004,0.026631,0.039670,0.372092,0.263041,0.184158
0.442912,0.274507,0.048639,0.551085,0.137714,0.025457,0.432113,0.729574
0.467816,0.049405,0.400163,0.072859,0.038173,0.312454,0.319253,0.164974
0.064820,0.547527,0.246548,0.419308,0.641233,0.192278,0.110474,0.133959
0.123430,0.426522,0.535131,0.128777,0.171943,0.208773,0.141117,0.376495
0.559881,0.155858,0.765887,0.016492,0.100152,0.453173,0.353557,0.184473
0.122805,0.307514,0.226481,0.495024,0.603872,0.128439,0.165933,0.215833
0.129997,0.392498,0.539128,0.108497,0.021374,0.227596,0.148223,0.383197
0.360024,0.398034,0.132394,0.808817,0.154767,0.359905,0.423879,0.073703
0.716315,0.127799,0.478861,0.045171,0.083507,0.222779,0.259009,0.226100
0.050745,0.298771,0.372018,0.335928,0.479720,0.127651,0.057326,0.165754
0.035034,0.165714,0.619145,0.280391,0.655864,0.554587,0.633958,0.057603
0.291639,0.168773,0.375940,0.417672,0.021894,0.379222,0.436109,0.343654
0.425546,0.327708,0.027557,0.529978,0.163799,0.040168,0.344230,0.854006
0.439323,0.166535,0.498908,0.026936,0.100504,0.406415,0.277353,0.122447
0.506669,0.253667,0.509732,0.462041,0.047445,0.346821,0.292905,0.496255
0.705900,0.117593,0.543367,0.513174,0.054840,0.524121,0.508736,0.405530
0.411660,0.318936,0.042698,0.600730,0.187956,0.099805,0.420394,0.528594
0.507425,0.205878,0.577705,0.038650,0.033654,0.401858,0.313357,0.202760
0.219970,0.397929,0.227274,0.462801,0.281025,0.400624,0.323067,0.728145
0.051667,0.248624,0.242231,0.588667,0.177953,0.229191,0.211518,0.500224
0.129474,0.504077,0.383478,0.074927,0.087424,0.330930,0.095484,0.440132
0.461406,0.140676,0.503760,0.058346,0.025455,0.315707,0.312658,0.257938
0.498753,0.244753,0.384313,0.499446,0.022160,0.372868,0.434572,0.312424
0.157611,0.288437,0.196148,0.341616,0.203467,0.320932,0.573025,0.699910
0.114062,0.230203,0.247918,0.643415,0.228378,0.311591,0.451771,0.577635
0.581252,0.386693,0.146721,0.655295,0.316983,0.170436,0.373175,0.028745
0.041194,0.180090,0.238881,0.374050,0.204142,0.200307,0.259554,0.822791
0.568567,0.162415,0.523655,0.017239,0.120112,0.316226,0.236054,0.198625
0.389676,0.168123,0.624874,0.565725,0.018248,0.468290,0.267421,0.381171
0.495147,0.193963,0.531477,0.412539,0.041573,0.439521,0.405233,0.424812
0.201221,0.229131,0.175217,0.420674,0.218848,0.229187,0.338227,0.538525
0.804370,0.132274,0.498243,0.058502,0.029334,0.415340,0.117649,0.210250
0.352414,0.299930,0.103403,0.492134,0.167071,0.126035,0.373458,0.469859
0.109123,0.503060,0.356622,0.582184,0.607422,0.165353,0.146548,0.139581
0.071603,0.365882,0.260586,0.421511,0.502355,0.161576,0.148513,0.216795
0.231853,0.197897,0.047293,0.680577,0.274437,0.159485,0.436721,0.640798
0.438214,0.134688,0.390333,0.044306,0.037891,0.351356,0.264810,0.184781
