0.34169, 0.17267, 0.52184, 0.86926, 0.80813, 0.02120, 0.21090, 5.48506, 0.38708, 7.09633
0.16497, 0.25341, 0.05372, 0.09554, 0.21416, 0.05168, 0.07842, 0.14890, 0.17313, 0.77344
0.27681, 0.20393, 0.09719, 0.09449, 0.11879, 0.03953, 0.55661, 1.12032, 0.24996, 0.44712
0.06952, 0.04036, 0.17058, 0.18728, 0.17886, 0.01807, 0.68981, 0.21233, 0.14362, 0.64653
0.02071, 0.17848, 0.14462, 0.13929, 0.32910, 0.01439, 0.11117, 0.54118, 0.18621, 0.71766
0.53501, 0.71658, 0.52776, 0.31156, 0.47352, 0.93315, 0.21346, 4.00735, 1.88907, 3.57560
1.59124, 0.24142, 0.58213, 0.28917, 0.13242, 1.08097, 1.90469, 0.06739, 1.28780, 0.07278
1.29146, 0.56627, 0.69579, 0.87905, 0.53077, 0.01257, 2.23012, 0.23899, 1.63243, 0.55001
0.40536, 0.03767, 0.22465, 0.40360, 0.85788, 0.00886, 0.28373, 0.50449, 2.59655, 0.14699
0.12454, 0.14752, 0.21850, 0.58870, 0.54173, 0.18675, 0.17082, 0.95904, 0.03899, 0.19285
0.08748, 0.03050, 0.03818, 1.21510, 0.00652, 0.25741, 0.44058, 0.69620, 1.33490, 6.44789
0.48499, 0.11424, 0.41340, 0.45064, 0.84139, 0.38278, 0.03274, 2.05630, 0.72076, 1.88541
1.21975, 0.11257, 0.90028, 1.43877, 0.88615, 0.85410, 0.49526, 0.74319, 1.10440, 4.42657
0.29483, 0.30838, 0.44146, 0.01283, 0.11624, 0.00366, 0.00338, 0.05565, 0.36407, 0.01476
0.09446, 0.23343, 0.11475, 0.61292, 0.27976, 0.07212, 0.22292, 0.69867, 0.19257, 0.15788
0.18909, 0.26288, 0.07737, 0.11764, 0.12347, 0.09734, 0.03613, 0.12180, 0.65831, 0.07470
0.04702, 0.58262, 0.37065, 0.65386, 0.54413, 0.21097, 1.03977, 0.76289, 1.24818, 0.82944
0.43708, 0.11519, 0.44972, 0.45398, 1.30779, 0.26321, 0.07145, 1.30271, 0.80929, 1.30493
0.31173, 0.02993, 0.24072, 0.11107, 0.11589, 0.72380, 0.75787, 0.96074, 0.21568, 0.48663
0.17814, 0.01387, 0.19321, 0.75192, 0.62352, 0.41631, 1.70245, 0.02935, 5.72069, 1.05846
0.23406, 0.11117, 0.03705, 0.70766, 0.54315, 0.05033, 0.31169, 0.17053, 0.80520, 0.72016
0.09078, 0.82183, 0.15860, 0.87989, 0.31385, 0.52396, 0.05631, 1.05168, 0.88156, 0.48579
0.39561, 0.19455, 0.15843, 0.31951, 0.44261, 0.12716, 0.20998, 0.09986, 0.32366, 0.09827
0.12108, 0.23326, 0.24428, 0.54299, 0.66865, 0.03242, 0.66838, 0.57925, 3.56198, 4.60969
0.08903, 0.06051, 0.35488, 0.06525, 0.11219, 1.14118, 0.73891, 0.17499, 2.03992, 0.05756
0.25687, 0.00122, 0.37312, 1.19005, 0.45008, 0.45828, 0.87043, 0.09413, 4.06463, 0.02435
0.26136, 0.25745, 0.06559, 0.23230, 0.18997, 0.13016, 0.14898, 0.30097, 0.76908, 0.99162
0.05668, 0.09279, 0.00670, 0.03456, 0.07646, 0.15449, 0.19598, 0.72088, 0.62351, 2.34248
0.48607, 0.08179, 0.24679, 1.14701, 0.20224, 0.27133, 0.21432, 3.30644, 1.55394, 0.77709
0.42577, 0.09387, 0.35841, 0.02115, 0.14303, 0.34820, 2.12730, 0.47345, 0.40196, 0.77514
0.64697, 0.16474, 0.57555, 0.21633, 0.39498, 0.01491, 0.71057, 3.44855, 0.04463, 0.77653
0.23663, 0.01887, 0.18986, 0.04379, 0.01668, 0.14406, 0.27578, 0.46573, 0.34304, 0.14209
0.03978, 0.02136, 0.24090, 0.05824, 0.32161, 1.25508, 1.19608, 0.18594, 1.38445, 0.06074
0.15280, 0.22283, 0.26865, 0.25686, 0.02718, 0.02016, 0.06057, 1.10213, 1.96497, 7.47238
0.36766, 0.20496, 0.10140, 0.16017, 0.03942, 0.33243, 0.45901, 0.18370, 0.91534, 0.13602
0.16389, 0.05743, 0.02691, 0.11138, 0.12233, 0.12961, 0.03960, 0.61626, 2.35559, 3.63828
0.05185, 0.01386, 0.07001, 0.06520, 0.09945, 0.09199, 0.03260, 0.29069, 0.77052, 0.40389
0.57061, 0.00866, 0.29659, 0.49748, 0.61200, 0.53981, 2.49666, 0.18213, 2.57213, 0.00047
0.13260, 0.07857, 0.08288, 0.37781, 0.80009, 0.42962, 0.21736, 0.70380, 0.84490, 0.63729
1.24233, 0.11003, 1.20983, 0.58078, 0.81784, 0.57467, 0.21296, 1.04051, 5.06970, 0.33532
0.16830, 0.10304, 0.29318, 0.13502, 0.22032, 0.54042, 1.66476, 0.08872, 2.95252, 0.99286
0.21483, 0.63338, 0.76879, 0.25546, 0.01749, 0.00058, 1.07192, 0.37510, 2.33531, 0.63596
0.50777, 0.02801, 0.09820, 0.04956, 0.10574, 0.33215, 0.38864, 0.46820, 0.06485, 2.08650
0.37003, 0.37965, 0.48543, 0.10040, 0.16763, 0.11001, 0.92445, 1.51635, 0.29898, 4.06987
0.00753, 0.05366, 0.17260, 0.04014, 0.00341, 0.27258, 0.19774, 0.98841, 0.09427, 0.49797
0.18394, 0.16025, 0.10946, 0.66502, 0.61143, 0.60703, 1.10921, 1.63518, 0.21467, 0.96325
0.39225, 0.20447, 0.49609, 1.01908, 1.08594, 0.14405, 0.52292, 2.43405, 0.71194, 1.08141
1.76116, 0.23342, 1.76604, 1.35508, 0.21288, 1.06252, 0.41951, 0.77935, 2.39037, 3.38789
0.07381, 0.08274, 0.00268, 0.20670, 0.50665, 0.36025, 0.93353, 1.14622, 0.92128, 0.67824
0.01080, 0.15496, 0.11652, 0.00230, 1.08331, 0.45858, 0.56244, 1.27292, 0.73810, 0.91346
0.50491, 0.08654, 0.12942, 0.27552, 0.33970, 0.11139, 1.19266, 0.40087, 0.39853, 2.13315
0.12562, 0.12128, 0.00421, 0.44528, 0.41998, 0.95261, 0.75808, 0.00536, 0.56143, 0.09388
0.09991, 0.07114, 0.00936, 0.50086, 0.31485, 0.19308, 0.21147, 0.49015, 0.57169, 2.24792
0.41578, 0.18357, 0.18222, 0.31111, 0.01316, 0.26114, 0.41395, 0.46598, 0.52646, 0.58112
0.34999, 0.07488, 0.06412, 0.32185, 0.58686, 0.22907, 0.23002, 0.26518, 0.35179, 0.09886
0.43857, 0.08472, 0.53375, 0.41787, 1.09910, 0.56196, 0.37872, 0.82434, 1.90387, 0.52140
1.31588, 0.33629, 0.96253, 0.68013, 0.31021, 0.02020, 0.55416, 0.58074, 0.28765, 4.40974
0.20537, 0.12085, 0.05730, 0.72633, 0.11066, 1.10693, 1.42109, 0.56471, 1.41450, 0.93015
0.21620, 0.08732, 0.35714, 0.46099, 0.65026, 0.17329, 0.14189, 3.40681, 0.25062, 5.92491
0.73796, 0.64144, 0.51590, 0.05311, 0.29432, 0.13263, 0.13587, 1.50000, 1.04031, 0.46167
1.66998, 0.32920, 1.01991, 1.48009, 1.09990, 0.86341, 0.98804, 0.86371, 1.81475, 1.17469
0.08331, 0.26097, 0.15667, 0.29553, 0.30134, 0.20762, 0.49167, 0.26598, 3.01112, 1.59377
0.07981, 0.14181, 0.16935, 0.23439, 0.11130, 0.77894, 1.09364, 0.42205, 1.31726, 0.57577
0.82799, 0.45978, 0.44375, 0.57556, 1.00529, 0.05764, 0.06305, 0.18010, 0.67975, 0.46490
0.11671, 0.09352, 0.09081, 0.19730, 0.08196, 0.05388, 0.07814, 0.13504, 0.30779, 0.47280
0.28822, 0.08567, 0.10677, 0.40137, 0.11443, 0.18335, 2.39107, 0.12593, 1.10968, 1.12075
2.18920, 0.29163, 1.07220, 0.29043, 0.24420, 0.48623, 1.84600, 0.87081, 0.29758, 0.87707
1.07327, 0.41183, 0.93920, 0.04210, 1.02158, 0.11316, 0.41641, 0.64069, 0.77822, 0.93722
0.22180, 0.01178, 0.23890, 0.06797, 1.10887, 0.30481, 0.38526, 0.39785, 0.33277, 0.02649
0.84477, 0.23227, 0.30535, 0.37091, 0.03937, 0.00096, 1.74002, 0.34182, 0.48101, 0.10347
0.17073, 0.09815, 0.03393, 0.04359, 0.06220, 0.41159, 0.53402, 2.12364, 4.20452, 0.81562
1.09962, 0.22831, 0.44071, 0.54319, 0.08087, 0.13835, 1.02707, 1.15528, 3.44616, 4.09410
0.19513, 0.10075, 0.36630, 0.18635, 0.25541, 0.19151, 1.62942, 0.13453, 3.90537, 0.30681
0.28175, 0.39006, 0.26568, 0.08874, 0.39964, 0.46026, 1.00673, 0.44381, 0.46309, 0.58943
0.18840, 0.30172, 0.30324, 0.82656, 0.80149, 0.19974, 0.28300, 3.16202, 0.22436, 1.52046
0.17264, 0.34205, 0.36284, 0.11846, 1.08984, 0.29185, 0.67007, 1.18051, 4.30139, 3.63493
0.62241, 0.09903, 0.54836, 0.05058, 0.01310, 0.26532, 0.07294, 0.22399, 0.37265, 1.38078
0.15550, 0.17437, 0.08703, 0.34650, 0.29597, 0.09610, 0.52379, 0.30271, 1.38987, 0.79067
1.61398, 0.18193, 0.97973, 0.54981, 0.44216, 0.41503, 2.79916, 0.09594, 0.31462, 0.06779
0.40194, 0.02530, 0.13538, 1.20890, 1.12751, 0.54270, 0.87091, 0.05820, 1.37884, 1.16071
0.64907, 0.04806, 0.11244, 0.59808, 0.64880, 0.14825, 0.60944, 0.19506, 3.90192, 0.10933
0.16757, 0.02859, 0.01590, 0.03762, 0.06201, 0.01290, 1.76902, 0.05947, 1.30681, 0.71439
0.10941, 0.06363, 0.16441, 0.26145, 0.20322, 0.01529, 0.17151, 0.45636, 0.59140, 0.12014
0.44022, 0.33680, 0.16394, 0.72240, 0.36090, 1.60639, 1.36170, 0.87706, 1.82951, 0.74923
1.55393, 0.25864, 0.35346, 0.09612, 0.08214, 0.10642, 1.46586, 0.09570, 3.15437, 0.02800
0.07438, 0.22898, 0.04584, 0.14550, 0.46645, 0.21749, 0.83171, 3.79215, 0.63472, 5.08273
0.28721, 0.25271, 0.33441, 0.24308, 0.03624, 0.29130, 1.46250, 1.29314, 2.22243, 0.38608
0.53383, 0.71095, 0.32695, 0.50777, 0.99625, 0.78497, 0.46149, 0.39548, 2.16676, 0.36552
1.28335, 0.35341, 0.60971, 1.22842, 0.80555, 1.18183, 1.33068, 1.57232, 0.80030, 1.47737
0.79328, 0.19459, 0.41485, 0.14371, 0.09652, 0.59034, 3.84252, 0.16711, 0.75972, 0.13289
0.92697, 0.33693, 0.61639, 0.84682, 0.39041, 0.16828, 1.09949, 0.10258, 1.74951, 1.37900
0.10865, 0.12048, 0.16323, 0.83388, 0.21333, 0.81816, 0.64241, 0.21794, 3.84990, 0.31728
0.03535, 0.18065, 0.33904, 0.08612, 0.18283, 0.12265, 0.29577, 1.06599, 0.64868, 1.36599
0.06520, 0.21278, 0.10619, 0.13129, 0.35340, 0.01737, 0.00703, 0.56335, 0.86661, 0.32050
0.19023, 0.11535, 0.01305, 0.11296, 0.89516, 0.58479, 0.49832, 0.10859, 0.39844, 0.08522
0.09821, 0.02228, 0.01812, 0.17044, 0.25226, 0.16972, 0.02169, 0.09519, 0.02109, 0.03375
0.05143, 0.05817, 0.06602, 0.00691, 0.25522, 0.14654, 0.21792, 1.79893, 0.44899, 3.87154
0.02395, 0.19733, 0.01986, 0.38300, 0.22299, 0.22375, 0.02537, 0.43667, 0.15336, 0.06376
0.09343, 0.02681, 0.07366, 0.07583, 0.08747, 0.68817, 0.60771, 1.15829, 0.17323, 0.32116
0.55997, 0.07208, 0.27969, 0.12517, 0.13361, 0.05777, 0.27033, 0.52342, 0.18429, 1.65771
0.40420, 0.25775, 0.31368, 0.03079, 0.14348, 0.17128, 0.74300, 0.17784, 0.61161, 1.16795
0.09842, 0.00625, 0.01234, 0.71767, 0.11257, 0.00507, 1.02666, 0.78505, 2.71939, 1.39692
0.10880, 0.06823, 0.07836, 0.52954, 0.13718, 1.09564, 2.04033, 0.00058, 1.26515, 1.26134
0.79392, 0.26283, 1.01654, 0.11623, 0.01459, 0.01458, 1.48669, 0.06125, 0.65265, 0.02829
0.62654, 0.14823, 0.24326, 1.43076, 0.30880, 0.20401, 0.38096, 0.22646, 1.85560, 0.25923
0.02770, 0.00557, 0.12656, 0.66758, 0.04488, 0.96850, 0.98709, 0.16593, 0.26641, 0.28849
0.38793, 0.17062, 0.34496, 0.24030, 0.12930, 0.12723, 0.31257, 0.59222, 1.02978, 4.76794
0.10131, 0.18733, 0.00080, 0.04939, 0.01272, 0.10454, 0.15915, 1.25431, 0.47063, 0.27517
0.88385, 0.40247, 0.49251, 0.03782, 0.41528, 0.07240, 0.08115, 4.16734, 0.14393, 1.01075
0.06669, 0.16130, 0.05048, 0.10409, 0.21155, 0.20980, 0.03936, 0.61743, 0.20551, 0.40681
0.01450, 0.17328, 0.12917, 0.02787, 0.16798, 0.01594, 0.39731, 2.69495, 1.50720, 3.29274
0.03919, 0.16233, 0.06190, 0.19130, 0.32702, 0.01546, 0.09190, 0.04877, 0.34121, 0.20183
0.23094, 0.10883, 0.18349, 0.12243, 0.64289, 0.08341, 1.58518, 0.50527, 0.44539, 1.34529
0.26319, 0.01651, 0.08001, 0.79395, 0.23010, 0.23954, 1.93845, 0.07726, 0.70318, 0.32163
0.30915, 0.06125, 0.03572, 0.14018, 0.47208, 0.19006, 0.99218, 2.52860, 0.68727, 0.80665
0.22913, 0.14552, 0.19541, 0.05329, 0.02886, 0.13321, 0.22533, 0.82215, 0.07026, 0.97147
0.09827, 0.03496, 0.07320, 0.03633, 0.00698, 0.17421, 0.06964, 2.19655, 0.31793, 1.41270
0.97220, 0.24403, 0.71860, 0.09296, 0.72318, 0.10667, 0.21642, 3.80770, 2.31875, 1.11945
0.15855, 0.30042, 0.16522, 1.24643, 0.55591, 0.27941, 0.04692, 1.74059, 0.57301, 0.81605
0.81477, 0.15159, 0.65172, 0.01908, 0.02661, 0.06987, 1.69072, 0.04346, 0.97131, 0.08078
0.04511, 0.06572, 0.08818, 0.19301, 0.20001, 1.01904, 1.60977, 0.78046, 0.10227, 1.23538
0.29324, 0.04366, 0.04835, 0.00436, 0.24780, 0.05080, 0.11331, 1.28276, 1.26052, 2.32842
0.34055, 0.10517, 0.26813, 0.01407, 0.45476, 0.18863, 1.34102, 0.24918, 0.12466, 0.38486
0.37883, 0.13735, 0.03422, 0.69924, 0.22469, 0.07994, 1.69263, 0.08852, 3.98052, 1.54210
1.04129, 0.05145, 0.34829, 0.58827, 0.51886, 0.12634, 1.21971, 0.34772, 2.02252, 1.30726
0.04226, 0.09512, 0.10706, 0.04976, 0.17502, 0.04800, 0.10763, 0.18890, 0.16844, 0.16623
0.33787, 0.13730, 0.13180, 0.33592, 0.27965, 0.11015, 1.69331, 1.65974, 0.32421, 5.43705
0.04949, 0.10840, 0.02643, 0.34335, 0.18110, 0.09816, 0.19990, 0.80043, 0.13936, 0.33430
0.20372, 0.05953, 0.05679, 0.22770, 0.00554, 0.16433, 0.11363, 0.96101, 0.20372, 0.51699
0.46693, 0.09100, 0.14818, 0.35964, 0.38454, 0.08838, 0.75793, 0.31715, 0.83719, 1.06700
0.74615, 0.15432, 0.28875, 0.22238, 0.02360, 0.19107, 0.50012, 2.47973, 2.93456, 1.53845
0.16201, 0.44958, 0.35631, 0.19967, 0.17642, 1.23632, 1.61959, 0.19777, 0.35112, 1.20796
0.05560, 0.03757, 0.04739, 0.03432, 0.47710, 0.13390, 0.47787, 1.08477, 0.77781, 5.94971
0.07677, 0.04849, 0.07770, 0.55862, 0.00509, 0.43313, 0.27235, 0.73861, 0.58655, 0.98703
0.04124, 0.06044, 0.10528, 0.06965, 0.13684, 0.28985, 0.58372, 2.10607, 3.85765, 0.69474
0.44848, 0.08698, 0.18489, 0.02478, 0.09380, 0.06020, 0.49035, 0.09847, 1.18186, 0.03820
0.18350, 0.01008, 0.03071, 0.11328, 0.30848, 0.17310, 0.99704, 0.25659, 0.04913, 0.72607
0.10043, 0.19294, 0.15105, 0.20077, 0.19512, 0.02007, 0.00470, 0.34392, 0.30338, 0.26612
0.14709, 0.04049, 0.19727, 0.02334, 0.22950, 0.12250, 0.73598, 1.23458, 0.06021, 4.73906
1.26103, 0.26150, 0.96601, 0.99169, 0.94888, 0.37831, 0.32559, 1.17289, 1.57357, 0.69085
0.38179, 0.23510, 0.35710, 0.52229, 0.46083, 0.14374, 0.48424, 1.42999, 0.11274, 0.23687
0.75458, 0.43709, 0.29923, 1.01977, 0.93263, 1.33480, 0.47039, 0.69042, 0.79897, 0.24850
0.07275, 0.14248, 0.06445, 0.19064, 0.04422, 0.43531, 0.07945, 2.42003, 0.02382, 0.72935
0.55378, 0.04596, 0.20876, 0.73406, 0.97737, 0.16558, 0.75033, 0.00651, 5.39557, 0.07713
0.19046, 0.72149, 0.39378, 0.38721, 0.41496, 0.34705, 0.61719, 1.17157, 0.72939, 0.44036
0.28746, 0.13725, 0.08407, 0.03306, 0.22623, 0.02600, 0.43843, 1.91350, 0.42270, 6.14717
0.14546, 0.02325, 0.18548, 0.33315, 0.28283, 0.13665, 0.66985, 0.07779, 1.04398, 0.71222
0.08103, 0.18910, 0.15752, 0.17795, 0.36535, 0.35687, 0.61894, 0.59177, 2.83313, 1.49701
0.75158, 0.45115, 0.94678, 0.17968, 0.00997, 0.15844, 0.11148, 0.73953, 0.48256, 0.47689
0.46868, 0.12964, 0.34390, 1.51663, 0.40544, 0.18568, 0.63499, 0.47563, 1.80451, 1.44459
0.75406, 0.14038, 0.45330, 0.76583, 0.28193, 0.15552, 0.09316, 0.31356, 0.94535, 0.98443
0.07541, 0.15110, 0.21899, 0.49467, 0.03133, 1.16325, 0.75869, 0.31097, 1.46672, 0.17423
0.29337, 0.04741, 0.12204, 0.29754, 0.74387, 0.15058, 1.05698, 0.29456, 0.62568, 1.37396
0.02190, 0.12159, 0.14609, 0.15481, 0.00121, 0.24632, 0.48861, 1.16633, 1.89512, 0.25209
0.34319, 0.16305, 0.16234, 0.10816, 0.67582, 0.50862, 0.15486, 0.48510, 0.71517, 0.13415
0.31683, 0.01306, 0.10443, 0.83451, 0.18383, 0.02560, 0.09494, 0.54469, 0.61852, 0.21018
0.65273, 0.11633, 0.28624, 0.35323, 0.26154, 0.09319, 0.08701, 0.29073, 0.34267, 0.10104
0.12674, 0.05197, 0.03388, 0.65611, 0.08659, 0.28381, 0.66414, 0.17409, 1.47612, 0.31750
0.54411, 0.26687, 0.04855, 0.17476, 0.27879, 0.39818, 0.88083, 0.05240, 0.57194, 0.06931
0.15335, 0.07368, 0.31683, 0.61635, 0.00095, 0.57710, 0.61937, 1.29878, 0.76427, 0.62545
0.65326, 0.16216, 0.71871, 1.47508, 0.23300, 0.71327, 0.97252, 0.86997, 1.84501, 0.38714
1.28053, 0.39060, 0.65759, 0.00096, 0.17025, 0.02048, 0.69149, 1.29994, 0.00006, 0.47935
0.07834, 0.07849, 0.07110, 0.26161, 0.54810, 0.09758, 0.47508, 1.10722, 0.45485, 1.31127
0.20273, 0.17347, 0.06858, 0.07387, 0.08556, 0.28706, 0.19834, 1.59251, 1.99480, 0.79081
0.08248, 0.08059, 0.01738, 0.39796, 1.02949, 0.19335, 0.70981, 0.31059, 0.81577, 0.24285
0.78018, 0.41129, 0.67502, 1.24498, 0.03891, 0.10596, 1.25652, 0.43079, 1.23728, 0.40422
0.15811, 0.04330, 0.15946, 0.07399, 0.07844, 0.01526, 1.28152, 0.22152, 0.16320, 0.24749
0.30278, 0.19922, 0.33779, 0.32339, 0.10306, 0.10296, 1.05738, 0.09371, 1.12079, 1.08864
0.10678, 0.14125, 0.11292, 0.07031, 0.23071, 0.17745, 0.17643, 1.73515, 1.84683, 0.67190
0.18721, 0.13571, 0.06363, 0.37375, 0.10244, 0.02804, 1.55657, 1.39837, 1.99624, 0.21217
0.99079, 0.52215, 1.25727, 0.22066, 0.20202, 0.00726, 0.95464, 0.29659, 0.38665, 0.49173
0.40871, 0.05961, 0.07602, 0.04229, 0.54016, 0.10848, 2.83674, 0.06367, 0.26796, 0.43414
0.15035, 0.21351, 0.06396, 0.08747, 0.10912, 0.18494, 0.14027, 1.46373, 1.41043, 1.12326
0.21716, 0.17920, 0.51018, 1.10967, 0.12913, 1.13776, 1.75536, 0.13275, 0.36751, 0.06803
0.29896, 0.04104, 0.51887, 0.38498, 0.00745, 0.25148, 0.63811, 0.16931, 1.11055, 2.37533
0.03590, 0.14671, 0.17182, 0.40853, 0.12161, 0.33756, 1.28805, 0.06265, 3.39726, 2.35355
0.17440, 0.52985, 0.26670, 0.46436, 0.55642, 0.02301, 0.10092, 0.72402, 3.74118, 0.44105
0.43492, 0.15807, 0.27415, 0.40867, 0.16600, 0.11677, 0.00088, 0.16312, 0.92580, 0.35567
0.80511, 0.00090, 0.34555, 1.52565, 0.07436, 0.01871, 0.99281, 0.09592, 0.75044, 0.03074
0.06229, 0.00880, 0.01985, 0.54735, 0.14989, 0.11352, 0.42185, 1.25894, 0.06581, 0.33101
1.33719, 0.60604, 0.59475, 0.04786, 0.14013, 0.07662, 0.98975, 3.09193, 0.40136, 1.12303
1.60359, 0.15433, 0.78967, 0.24635, 0.18017, 0.05719, 0.46615, 0.35437, 0.76428, 0.29585
0.03516, 0.03967, 0.03690, 0.37313, 0.28894, 0.02170, 0.08096, 1.24825, 2.99583, 1.54296
0.52178, 0.04923, 0.26144, 0.37294, 0.90731, 0.02114, 1.43287, 0.25562, 1.01023, 0.07855
0.29511, 0.09987, 0.19081, 0.40958, 0.66603, 0.09547, 0.02118, 0.25392, 1.03706, 0.05294
2.34583, 0.31787, 1.50100, 0.84951, 0.57098, 0.86250, 1.46385, 0.01127, 0.37527, 0.36435
0.52377, 0.09720, 0.60865, 0.61314, 0.43787, 0.60368, 0.71811, 0.67627, 0.60749, 0.91797
0.13772, 0.14010, 0.49177, 1.10460, 0.11245, 1.28586, 0.85014, 0.62728, 0.83354, 0.56236
0.09797, 0.00147, 0.41183, 1.27593, 1.49323, 0.04389, 0.67391, 0.08653, 2.83626, 0.17057
0.86770, 0.23468, 0.11947, 0.45849, 0.20605, 0.08896, 1.52398, 0.40822, 6.71511, 0.54235
0.47194, 0.18152, 0.07891, 0.04174, 0.02099, 0.06078, 0.03061, 0.55594, 0.59601, 0.33265
0.62232, 0.21714, 0.61111, 0.47680, 0.25792, 0.09089, 1.24706, 0.40746, 0.01710, 2.40264
0.22609, 0.17703, 0.04791, 0.66647, 0.38759, 0.04747, 0.02146, 2.12549, 1.21008, 0.56554
0.57129, 0.18111, 0.53365, 0.77398, 0.29479, 0.23352, 0.08959, 0.21179, 0.82509, 0.19412
0.24326, 0.33597, 0.49790, 0.22050, 0.13623, 0.16072, 1.88993, 0.19403, 3.61240, 0.47936
0.28152, 0.69559, 0.68744, 0.01692, 0.54589, 0.29781, 1.40470, 1.29249, 0.68859, 5.51135
0.52473, 0.09370, 0.23498, 0.31846, 0.82687, 0.10855, 1.22019, 0.22918, 0.16811, 1.51668
0.36848, 0.00219, 0.11839, 0.25956, 0.08350, 0.02240, 0.24641, 0.35559, 1.18224, 0.05562
0.07142, 0.09050, 0.11168, 0.22666, 0.43886, 0.03850, 0.02714, 1.57991, 0.31469, 0.78866
0.50955, 0.10704, 0.75350, 0.35894, 0.11107, 0.18706, 0.24972, 0.78576, 1.99929, 3.18557
0.55079, 0.24208, 0.44368, 0.29037, 0.54765, 0.32261, 0.04164, 3.71831, 0.11194, 0.86848
0.57394, 0.01075, 0.21536, 0.79857, 0.21550, 0.50698, 2.51459, 0.54879, 0.42420, 0.24519
0.29490, 0.81348, 0.53696, 0.50290, 0.55140, 0.44116, 0.72730, 1.77815, 0.71825, 1.45703
0.40097, 0.01899, 0.04711, 0.28616, 0.47474, 0.60533, 3.72707, 0.05378, 0.22764, 0.27965
0.21581, 0.05888, 0.23752, 0.18004, 0.46707, 0.64950, 4.33607, 0.20622, 0.07028, 0.28338
0.01450, 0.04514, 0.01105, 0.14045, 0.09027, 0.20813, 0.04487, 0.11737, 1.02303, 0.05499
1.14656, 0.50822, 0.24732, 0.13057, 0.63623, 0.53534, 1.07642, 1.16998, 2.89421, 0.39642
0.18319, 0.21856, 0.11879, 0.53945, 0.56820, 0.96537, 1.31746, 0.14449, 0.49419, 0.37261
0.06717, 0.01612, 0.23548, 0.12115, 0.53259, 0.00155, 0.35319, 0.69472, 0.04705, 0.25419
0.02289, 0.13284, 0.02225, 0.28339, 0.32478, 0.17499, 0.13767, 0.80677, 0.90437, 0.36859
0.12334, 0.16557, 0.19377, 0.47355, 0.20962, 0.06634, 0.32286, 1.88279, 2.60025, 0.72753
0.05124, 0.15600, 0.07313, 0.24179, 0.23897, 0.13205, 0.96651, 0.02165, 1.55127, 1.08874
0.24040, 0.16404, 0.15404, 0.31154, 0.45219, 0.21336, 1.81031, 0.14031, 3.62763, 2.87105
0.47938, 0.18740, 0.16641, 0.08962, 0.01245, 0.28465, 1.68565, 0.14294, 0.44002, 0.14833
0.06022, 0.12868, 0.01819, 0.01337, 0.00746, 0.12870, 0.18053, 1.33978, 2.51559, 2.09532
0.00856, 0.03997, 0.02960, 0.18770, 0.14184, 0.62275, 0.33108, 2.97131, 0.13207, 1.38409
0.12297, 0.03313, 0.07632, 0.19310, 0.51301, 0.11729, 0.32516, 0.58044, 3.17263, 3.70847
0.96170, 0.11457, 0.92344, 0.71009, 0.03181, 0.10368, 1.11294, 0.76072, 1.35632, 0.48904
0.00155, 0.23389, 0.09005, 0.03142, 0.95499, 0.56100, 0.54854, 0.27249, 0.58687, 0.28744
1.05913, 0.86871, 1.23411, 0.05906, 0.28577, 0.10025, 1.54957, 0.77511, 1.49871, 0.62797
0.28931, 0.44308, 0.33780, 0.06811, 0.14080, 0.78555, 0.14721, 0.78976, 0.26503, 2.19702
0.06863, 0.05292, 0.01867, 0.07537, 0.48142, 0.10917, 0.00713, 3.00065, 0.25957, 1.47869
0.14322, 0.01170, 0.02217, 0.34583, 0.07021, 0.00334, 0.97685, 0.86721, 1.39911, 0.90621
0.96646, 0.03393, 0.32866, 0.61275, 0.02525, 0.01964, 1.29593, 0.50736, 1.26847, 0.06349
0.06193, 0.02575, 0.02480, 0.25923, 0.01529, 0.07186, 0.46149, 0.70491, 0.42831, 1.98952
0.02462, 0.07774, 0.06298, 0.33719, 0.49234, 1.06471, 0.44451, 0.40241, 1.45428, 1.69811
0.20444, 0.04421, 0.44030, 0.02231, 0.16430, 0.73514, 2.70527, 0.72773, 0.84891, 0.44812
0.38954, 0.22655, 0.41309, 0.75557, 0.06080, 0.22766, 0.28949, 0.33287, 1.77092, 1.74382
0.22350, 0.07054, 0.15534, 0.17122, 0.38344, 0.22993, 0.15949, 0.22307, 0.46100, 0.08220
0.24436, 0.00743, 0.13514, 0.03396, 0.17467, 0.00963, 2.39705, 0.08900, 0.65886, 0.27709
0.33569, 0.24953, 0.28700, 0.31850, 0.45311, 0.39131, 0.16562, 0.64979, 2.45798, 2.30545
0.20941, 0.12817, 0.08146, 0.26019, 0.53301, 0.05099, 0.55313, 0.18215, 0.23717, 1.22276
0.35868, 0.04228, 0.21634, 0.19032, 0.00970, 0.07221, 1.09091, 0.25711, 0.85120, 0.01611
1.04616, 0.16658, 1.01688, 0.19774, 0.39050, 0.77691, 0.09052, 0.46737, 1.36578, 0.15869
0.38135, 0.02696, 0.19322, 0.19570, 0.53517, 0.19075, 0.79994, 0.19080, 2.14659, 2.58007
0.56284, 0.19899, 0.23398, 0.01364, 0.03176, 0.03147, 0.23958, 0.17801, 0.52327, 0.51899
0.09435, 0.18036, 0.14978, 0.56352, 0.03152, 0.19432, 0.17258, 1.65679, 2.12751, 7.94322
0.26524, 0.03962, 0.17824, 0.49229, 0.05606, 0.37863, 0.08635, 1.28802, 0.63429, 0.43707
0.14249, 0.05575, 0.01356, 0.19378, 0.53878, 0.56844, 0.24670, 0.40813, 1.73114, 0.13375
0.40084, 0.05189, 0.32088, 0.46119, 1.08864, 0.29837, 0.12767, 0.79229, 1.89970, 3.40731
0.10592, 0.10204, 0.13085, 0.18823, 0.82486, 0.09014, 0.73049, 0.20739, 0.17856, 1.17820
0.24099, 0.01371, 0.11113, 0.06936, 0.20603, 0.06516, 0.66348, 0.18687, 0.07429, 0.25017
0.10567, 0.25244, 0.05137, 0.11948, 0.14603, 0.02041, 0.01218, 0.01522, 0.22551, 0.16284
0.53954, 0.13587, 0.01631, 0.74956, 0.20081, 0.12743, 1.34613, 0.70750, 3.65684, 0.01979
0.33903, 0.08243, 0.53761, 1.04274, 0.02683, 0.56954, 0.45327, 1.41083, 0.97820, 1.05706
0.76086, 0.11354, 0.31621, 0.29096, 0.02253, 0.04769, 1.58310, 0.01364, 0.32420, 0.23353
0.26480, 0.36102, 0.02596, 0.04357, 0.21844, 0.31108, 0.32803, 0.07530, 1.31170, 0.54177
0.94801, 0.03062, 0.17746, 0.26774, 0.08647, 0.01703, 1.24316, 0.19466, 1.98807, 0.67818
0.34635, 0.94903, 0.32044, 0.68596, 0.06610, 0.29825, 0.57301, 0.62449, 1.12223, 2.71479
0.86884, 0.35893, 0.67136, 0.31489, 0.45517, 0.25944, 0.03272, 1.77028, 0.48145, 0.66391
1.65104, 0.26364, 0.61990, 0.30573, 0.19128, 0.40920, 2.18285, 0.55610, 0.99454, 0.16900
0.24982, 0.05870, 0.02165, 0.28922, 0.69885, 0.44596, 0.24465, 3.74455, 1.16551, 0.69674
0.01130, 0.02317, 0.02266, 0.29382, 0.14132, 0.00254, 0.00276, 1.56606, 0.68684, 0.47549
0.04437, 0.17330, 0.22737, 1.19344, 0.96189, 0.43924, 3.05338, 0.50124, 6.84464, 0.42819
0.15969, 0.20669, 0.03748, 0.05584, 0.13821, 0.31837, 0.21701, 1.35682, 2.97331, 0.50715
0.23351, 0.02843, 0.36699, 0.41735, 0.23479, 0.17239, 0.06658, 1.47120, 0.49110, 0.33631
0.29640, 0.60162, 0.44538, 0.46266, 0.36212, 0.03764, 0.24682, 0.00008, 4.65253, 1.64642
0.25125, 0.27216, 0.10498, 0.17072, 0.11014, 0.12163, 0.12638, 0.03740, 0.52054, 0.05118
0.05197, 0.15184, 0.20169, 0.74887, 0.21626, 0.37555, 1.55692, 1.09169, 0.22697, 0.44988
0.03770, 0.03331, 0.09164, 0.52722, 0.43498, 0.07008, 0.38100, 0.07227, 2.11987, 0.06069
0.27570, 0.21458, 0.02045, 1.25813, 0.06732, 0.46319, 0.32252, 0.06599, 1.41240, 1.29476
0.38783, 0.02404, 0.23433, 0.23394, 0.76382, 0.28872, 0.20244, 0.15941, 3.42746, 3.30459
0.83503, 0.11235, 0.33345, 0.22155, 1.42376, 0.19865, 2.51357, 1.08398, 0.28059, 0.49562
0.42104, 0.00310, 0.16934, 0.50622, 1.04755, 0.21791, 1.27384, 0.09823, 3.07287, 0.21914
0.06971, 0.00514, 0.04333, 0.00151, 0.08951, 0.39150, 0.25263, 0.84147, 0.13724, 0.51843
0.50179, 0.28566, 0.43724, 0.58941, 0.52718, 0.11237, 0.20470, 3.15802, 0.45184, 0.86728
0.38379, 0.26900, 0.36606, 0.00526, 0.12455, 0.01073, 0.11486, 0.23590, 0.19927, 0.08052
0.27172, 0.19186, 0.25173, 0.66888, 0.52404, 0.38870, 0.39264, 0.62449, 0.21670, 0.07262
0.29236, 0.17253, 0.18326, 0.18417, 0.52916, 0.15687, 0.12350, 0.23844, 0.43728, 0.48141
0.17093, 0.11656, 0.07346, 0.23789, 0.37409, 0.06047, 0.31625, 0.14852, 0.29290, 0.97788
0.10674, 0.30950, 0.19061, 0.57754, 0.49251, 0.16813, 0.00185, 0.77102, 0.05747, 1.52641
0.44867, 0.45894, 0.21844, 0.13759, 0.27499, 0.41962, 0.14070, 1.16858, 0.26196, 0.97381
0.92535, 0.20930, 0.58829, 0.44415, 0.50438, 0.30628, 0.20767, 0.44245, 1.28818, 0.38123
0.53486, 0.00694, 0.05127, 0.42245, 0.33675, 0.17327, 4.15740, 0.35446, 0.47959, 1.08479
0.01279, 0.13464, 0.15022, 0.02101, 0.39244, 0.01079, 0.70071, 0.07171, 0.13557, 0.06930
0.57528, 0.00487, 0.59405, 1.44846, 1.49197, 0.14797, 2.00845, 0.25345, 3.38403, 0.38743
0.73146, 0.23304, 0.47996, 0.13643, 0.25882, 0.15494, 0.07158, 0.96330, 0.06305, 0.13319
0.16067, 0.03642, 0.17616, 0.38584, 0.22128, 0.08463, 0.11402, 0.55306, 1.38247, 0.86728
1.47484, 0.19410, 1.04637, 1.05920, 0.26520, 0.13891, 0.11935, 0.02748, 2.36745, 0.01829
0.22110, 0.03451, 0.03710, 0.24091, 0.16183, 0.09073, 0.38434, 2.13921, 1.40995, 2.79855
0.12280, 0.06146, 0.04162, 0.46825, 0.81319, 0.05497, 0.45082, 0.05513, 0.81278, 0.69208
0.06435, 0.00582, 0.05423, 0.57450, 0.07981, 0.52147, 0.61469, 0.13958, 1.55382, 0.77137
0.86836, 0.28698, 0.81134, 0.62245, 0.01627, 0.39696, 1.40471, 0.01826, 0.14274, 0.56780
0.14822, 0.09425, 0.01593, 0.41723, 0.30345, 0.29533, 0.90154, 0.25034, 1.45943, 0.74969
0.01982, 0.24461, 0.15105, 0.21634, 0.26949, 0.35511, 0.23896, 1.59347, 0.26442, 0.25855
0.18884, 0.08968, 0.09556, 0.29048, 0.65107, 0.09188, 0.56899, 0.06692, 0.57069, 0.59700
0.12269, 0.24296, 0.23310, 0.20681, 0.17864, 0.10268, 1.78442, 0.73912, 2.72263, 5.94105
0.06992, 0.35633, 0.27748, 0.40179, 0.84247, 0.03345, 0.37411, 0.69776, 1.99205, 0.22454
0.19248, 0.09828, 0.24668, 0.20953, 0.74222, 0.04655, 0.13371, 0.46761, 0.93335, 2.28299
0.09265, 0.16153, 0.00292, 1.61522, 0.09887, 0.02663, 0.43907, 0.02667, 2.23829, 0.42468
0.32647, 0.19054, 0.39273, 0.06089, 0.00794, 0.14411, 0.58756, 0.01498, 0.37833, 0.24897
0.45356, 0.07882, 0.19681, 0.02783, 0.10160, 0.35535, 0.89170, 0.73866, 0.36878, 0.18371
0.67664, 0.06113, 0.35080, 1.31304, 0.48661, 0.54724, 0.34219, 0.72638, 1.51039, 0.96479
0.95930, 0.94155, 1.11006, 0.11085, 0.00983, 0.26858, 0.45885, 0.22950, 0.09971, 0.16635
0.43086, 0.04853, 0.07900, 0.22298, 0.12204, 0.09998, 0.13049, 4.29058, 1.91496, 2.45766
0.00362, 0.22087, 0.01752, 0.51358, 0.93727, 0.05190, 0.60533, 1.54709, 0.44724, 2.39108
0.11995, 0.30847, 0.04234, 0.06945, 0.22260, 0.05742, 0.00008, 0.02602, 0.46519, 0.21438
0.92935, 0.66349, 0.02675, 0.62597, 0.82270, 2.62729, 3.24641, 0.18801, 3.62741, 0.29058
0.41448, 0.44702, 0.65149, 0.32088, 0.01672, 0.04044, 0.07647, 0.12440, 0.22581, 1.60502
0.02450, 0.12104, 0.08100, 0.08590, 0.09458, 0.20221, 0.52681, 0.26341, 2.21364, 0.29927
0.46545, 0.06286, 0.29083, 0.37553, 0.24233, 0.11581, 0.11219, 0.28619, 0.01761, 0.10148
0.13908, 0.08535, 0.00993, 0.16535, 0.50691, 0.65011, 0.20067, 2.15461, 0.23304, 0.34948
0.16511, 0.15113, 0.18390, 0.30014, 0.57241, 0.11448, 0.50936, 1.12030, 1.29247, 2.31808
0.74165, 0.00405, 0.14616, 0.68562, 0.04557, 0.06178, 1.98392, 0.05952, 1.72943, 0.04121
0.74992, 0.25783, 0.61338, 0.32941, 0.28937, 0.34354, 0.41693, 1.54374, 0.26017, 1.06753
0.46181, 0.25255, 0.44940, 0.14146, 0.24668, 0.16458, 0.41042, 1.07797, 0.11073, 0.62604
0.47936, 1.05725, 0.77464, 0.36472, 0.13010, 0.57221, 0.26219, 0.44635, 0.55931, 0.28898
1.17505, 0.24910, 0.71527, 0.58417, 0.54173, 1.01378, 1.06222, 0.17958, 0.08545, 0.06506
0.51890, 0.09736, 0.07376, 0.37838, 0.47053, 0.13532, 1.04953, 0.05865, 2.17976, 2.88556
0.01363, 0.01715, 0.10359, 0.64076, 0.45064, 0.05017, 0.30866, 0.08787, 2.71944, 0.05665
0.22611, 0.05436, 0.38740, 0.34831, 0.32781, 0.46931, 1.61128, 0.11472, 3.11408, 0.24640
0.00868, 0.05292, 0.01845, 0.23866, 0.20760, 0.28438, 0.32196, 0.50560, 1.67042, 0.18855
0.03275, 0.13430, 0.04967, 0.07644, 0.09954, 0.04233, 0.03975, 3.98572, 0.17471, 1.02668
0.07493, 0.36917, 0.36091, 0.25367, 0.37291, 0.09509, 0.50186, 0.05534, 1.26178, 0.39681
0.23335, 0.05395, 0.01131, 0.12168, 0.07197, 0.20987, 0.58403, 0.63381, 2.10465, 0.45024
0.51384, 0.07255, 0.13672, 0.36348, 0.17839, 0.29450, 0.31475, 0.63299, 0.50085, 0.18422
1.01773, 0.58941, 0.15009, 0.91324, 0.59655, 0.12371, 0.15556, 0.06731, 0.97001, 0.04866
0.32040, 0.15431, 0.10103, 0.25258, 0.18062, 0.06869, 0.35639, 0.27460, 0.03553, 1.09624
0.24633, 0.17379, 0.16284, 0.44734, 0.72454, 0.04203, 0.01361, 0.53224, 0.01488, 0.67676
0.22717, 0.19730, 0.14050, 0.11682, 0.66939, 0.03941, 1.31635, 0.32406, 0.10012, 0.21856
0.19055, 0.22521, 0.07383, 0.51420, 0.56652, 0.31035, 0.00983, 0.38827, 1.51519, 0.80902
0.08445, 0.11735, 0.01357, 0.45390, 0.14897, 0.31249, 0.56537, 0.55258, 2.85104, 0.14042
0.27415, 0.07261, 0.15321, 0.13691, 0.05260, 0.26144, 0.28484, 0.00975, 0.17504, 0.14613
0.35901, 0.16775, 0.51084, 0.60909, 0.17301, 0.46747, 0.40151, 0.36463, 1.47549, 0.41123
1.69644, 0.57713, 0.64767, 0.07879, 0.08817, 0.04461, 1.32312, 2.18058, 0.28633, 0.66873
0.58569, 0.03040, 0.25667, 0.29989, 0.59049, 0.13931, 1.93504, 0.48679, 0.23110, 2.50245
1.51299, 0.11148, 0.85467, 0.48765, 0.45697, 0.05147, 1.26659, 0.20094, 0.71119, 0.06976
0.76042, 0.13962, 0.69229, 0.35402, 0.24414, 0.00488, 0.07763, 0.41180, 0.08125, 0.07339
0.26691, 0.06594, 0.14801, 0.67857, 0.56242, 0.02520, 0.31143, 0.42917, 6.42778, 0.33737
0.58682, 0.04296, 0.00563, 0.21576, 0.08545, 0.06138, 2.09223, 2.07817, 2.04069, 0.55913
1.20658, 0.21243, 1.03892, 1.38630, 1.47223, 0.37858, 0.48132, 1.10525, 2.70062, 0.85088
0.13761, 0.24035, 0.15645, 0.06569, 0.86204, 0.00550, 0.28846, 0.21925, 0.34742, 1.15093
0.07774, 0.09910, 0.28587, 0.03012, 0.04347, 0.74264, 0.85244, 1.65876, 1.68076, 1.42465
0.47446, 0.37399, 0.57738, 0.01871, 0.56726, 0.35916, 1.89738, 0.06005, 0.03921, 0.27686
0.26237, 0.21600, 0.04837, 0.74584, 0.34324, 1.74673, 1.23271, 0.73552, 2.98678, 0.37330
0.49883, 0.22899, 0.08946, 0.63544, 0.25765, 0.17276, 0.09596, 0.11871, 0.85427, 0.46492
0.18853, 0.15848, 0.21991, 0.23416, 0.24914, 0.06698, 0.07798, 0.55219, 0.34106, 0.32154
0.10564, 0.04980, 0.13010, 0.03991, 0.19914, 0.42142, 0.31456, 2.33038, 1.23315, 0.84159
0.04240, 0.23679, 0.08898, 0.08634, 0.54746, 0.01888, 0.19147, 0.22765, 0.36238, 1.37982
0.17206, 0.36845, 0.03184, 0.05849, 0.30802, 0.14630, 0.06083, 0.07164, 0.97689, 0.59401
0.10904, 0.08873, 0.00561, 0.15227, 0.08093, 0.33633, 2.40132, 0.43994, 1.05097, 0.62987
0.30286, 0.04253, 0.17029, 0.64440, 0.70704, 0.07251, 0.32125, 0.06509, 4.11124, 0.06901
0.26564, 0.01361, 0.17482, 0.01953, 0.07370, 0.50396, 1.42780, 0.02836, 0.13575, 0.18001
0.16147, 0.03182, 0.14973, 0.00377, 0.14063, 0.08818, 0.00607, 1.49353, 1.29525, 2.27577
0.99023, 0.14368, 0.46199, 0.08840, 0.12661, 0.01338, 0.30095, 0.71758, 0.70886, 1.11080
0.33316, 0.01752, 0.26679, 0.04111, 0.41914, 0.06310, 1.29738, 0.13754, 0.83290, 0.52389
0.20278, 0.19127, 0.44482, 0.19711, 0.07510, 0.10414, 0.56379, 2.75053, 0.59804, 3.20405
0.50358, 0.16831, 0.02845, 0.51776, 0.02606, 0.01010, 2.53161, 0.04351, 4.57127, 1.23968
0.05785, 0.13080, 0.03451, 0.31999, 0.15816, 0.03936, 0.13156, 0.30282, 0.64959, 2.13770
0.58019, 0.09677, 0.22990, 0.49763, 0.74762, 0.05728, 0.58797, 0.61960, 0.52571, 0.33776
0.08018, 0.00195, 0.01743, 0.25915, 0.09217, 0.16436, 0.46024, 0.20617, 0.01602, 0.07259
0.54718, 0.02017, 0.28013, 0.51640, 0.32781, 1.19485, 2.02105, 0.59461, 1.33730, 0.20073
0.12996, 0.36610, 0.13901, 0.43229, 1.01451, 0.19446, 0.01918, 1.13850, 0.01162, 0.30275
0.33151, 0.05814, 0.06600, 0.33675, 0.12149, 0.06625, 2.12289, 3.20116, 0.63749, 3.76838
1.15619, 0.09888, 0.73346, 0.69706, 0.69567, 0.43911, 0.22092, 0.06837, 2.86541, 0.45330
0.90073, 0.05362, 0.19972, 0.38617, 0.28023, 0.09693, 1.59947, 0.08150, 2.74445, 0.16409
0.11532, 0.16962, 0.10264, 0.05307, 0.25044, 0.31891, 0.35899, 3.32254, 1.95716, 4.07515
0.17334, 0.14846, 0.22459, 0.13821, 1.10928, 0.03466, 0.35487, 0.27234, 0.32612, 1.30241
0.26407, 0.48486, 0.26412, 0.03596, 0.19718, 0.41352, 0.02607, 0.76059, 0.88211, 0.22819
0.34592, 0.01311, 0.16112, 0.16221, 0.54350, 0.03027, 0.41698, 0.58264, 2.90837, 0.23461
0.33503, 0.84978, 0.01788, 0.24433, 1.26174, 0.27248, 0.13370, 0.75141, 0.33903, 0.08996
0.32416, 0.18814, 0.16866, 0.22915, 0.68860, 0.02838, 0.56550, 0.15507, 0.00761, 1.26910
0.41338, 0.14452, 0.12292, 0.01150, 0.43118, 0.24864, 0.28851, 0.82746, 0.09315, 0.99965
0.77822, 0.37582, 0.28167, 0.50926, 0.85309, 0.09826, 0.56304, 2.31434, 2.05159, 0.92194
0.16704, 0.16829, 0.17525, 0.02681, 0.10308, 0.25554, 0.46230, 0.83000, 2.12334, 0.23731
0.23320, 0.29465, 0.11795, 0.12161, 0.40424, 0.07950, 0.40698, 0.10798, 0.57844, 0.67412
0.01398, 0.09385, 0.07666, 0.04642, 0.71652, 0.14579, 0.05201, 0.47738, 2.06671, 0.20142
0.21796, 0.03689, 0.07859, 0.06087, 0.54309, 0.08287, 2.62494, 0.10128, 0.10685, 0.20471
0.62629, 0.21045, 0.05699, 1.09298, 1.14944, 0.90372, 2.28391, 0.34384, 0.94040, 0.04295
0.70807, 0.31273, 0.18920, 0.09740, 0.25309, 0.08415, 1.00690, 0.15092, 1.43560, 0.52490
0.57107, 0.07096, 0.17390, 0.50415, 0.38948, 0.13363, 0.49568, 0.46012, 2.24750, 0.27320
1.08689, 0.38381, 0.55675, 0.01058, 0.12158, 0.03511, 0.30324, 0.71683, 0.66136, 0.43649
0.36304, 0.19487, 0.14586, 0.60331, 0.23151, 0.16642, 0.72031, 0.28887, 2.31556, 0.13028
0.62389, 0.69493, 0.50690, 0.21898, 0.82084, 0.03069, 0.75877, 1.45642, 0.40483, 0.83314
0.36165, 0.00088, 0.04163, 0.59956, 0.34947, 0.01097, 2.80934, 3.33045, 0.69547, 1.38575
0.04764, 0.07312, 0.04597, 0.44196, 0.20551, 0.71005, 0.90138, 0.48490, 2.26829, 0.21554
0.35669, 0.12747, 0.61844, 0.56986, 0.37085, 0.16024, 0.32499, 1.36415, 10.18901, 0.94150
0.14972, 0.03223, 0.12658, 0.07204, 0.39232, 0.02224, 2.01079, 0.15236, 0.00900, 0.07673
0.42719, 0.14141, 0.06884, 0.57825, 0.02138, 0.01285, 1.62296, 0.34175, 3.05802, 0.65638
0.70082, 0.43437, 0.41578, 0.42395, 0.18495, 0.67312, 0.21711, 0.12256, 0.50741, 0.77262
0.19848, 0.01428, 0.18223, 0.03192, 0.11988, 0.38316, 0.89556, 0.27151, 0.32017, 0.77793
0.80795, 0.06824, 0.77934, 0.09861, 0.25838, 0.47658, 2.34837, 0.28448, 0.03593, 3.76606
0.16647, 0.06981, 0.15262, 0.26435, 0.90984, 0.68615, 0.13480, 0.71826, 1.17087, 0.06580
0.18086, 0.17196, 0.16403, 0.03254, 0.13123, 0.14395, 0.17638, 0.55770, 2.08269, 2.16876
0.33176, 0.54384, 0.28992, 0.08597, 0.22972, 0.14362, 0.17753, 0.30375, 2.44830, 1.81608
0.33805, 0.01810, 0.15441, 0.12901, 0.30002, 0.35640, 0.02642, 0.75396, 0.32089, 0.85275
0.16309, 0.07971, 0.01644, 0.42311, 0.04204, 0.08766, 2.59056, 0.03430, 2.33468, 0.97060
0.32533, 0.30383, 0.70814, 0.44218, 0.44332, 0.08779, 0.47003, 0.17657, 0.16109, 0.21879
0.44125, 0.60189, 0.57302, 0.35519, 0.06499, 0.12419, 0.13275, 0.09838, 0.43986, 2.31664
0.28662, 0.28015, 0.36976, 0.20347, 0.14308, 0.03115, 0.24628, 0.09292, 0.64648, 0.99127
1.72447, 0.01187, 1.77159, 2.27173, 0.75326, 1.66703, 0.68275, 0.41628, 3.40702, 0.17850
0.47423, 0.66464, 0.57379, 0.06503, 0.37409, 0.18358, 0.30474, 0.47506, 0.13691, 0.59882
0.11833, 0.15935, 0.02593, 0.17215, 0.16457, 0.24161, 0.25590, 0.21553, 2.40382, 0.28220
0.16516, 0.10932, 0.06577, 0.36535, 0.05220, 0.00352, 0.70696, 0.33645, 0.13939, 0.31725
0.04419, 0.00441, 0.03517, 0.14489, 0.03074, 0.52564, 0.30815, 0.88799, 0.58235, 1.61194
0.12248, 0.00594, 0.02350, 0.28729, 0.31627, 0.02739, 0.09541, 0.10688, 0.24443, 0.22181
0.20580, 0.00954, 0.10962, 0.45101, 0.30400, 0.05950, 0.09792, 0.03452, 0.15116, 0.35032
1.09885, 0.26662, 0.22396, 1.00837, 1.08202, 0.14919, 2.11175, 1.47250, 2.20071, 3.82931
0.07321, 0.18744, 0.20898, 0.83789, 1.13369, 0.36796, 0.10845, 2.57154, 0.52302, 0.57903
0.62842, 0.27920, 0.29947, 0.00429, 0.10693, 0.23809, 0.25664, 1.24709, 0.44198, 2.17362
1.93805, 0.31170, 0.85205, 0.21785, 0.21930, 0.75891, 2.44649, 0.59537, 1.39272, 0.20769
0.06219, 0.09746, 0.16401, 0.09239, 0.33456, 0.01520, 0.71984, 0.45405, 0.24697, 0.32702
0.00868, 0.16854, 0.09794, 0.07581, 0.20114, 0.31168, 0.57530, 1.28801, 0.60466, 0.77254
0.07141, 0.07725, 0.03641, 0.01726, 0.20378, 0.33692, 0.10850, 0.39153, 0.99421, 0.15036
0.73491, 0.13842, 0.36204, 0.46825, 0.37099, 0.57245, 1.27968, 0.71779, 2.24928, 0.23203
0.08574, 0.09123, 0.07049, 0.28844, 0.40931, 0.03253, 0.24383, 0.16296, 0.20933, 0.55627
0.33486, 0.09992, 0.15275, 0.07750, 0.42841, 0.16355, 0.22222, 0.02794, 0.58876, 0.48894
0.00733, 0.08458, 0.05909, 0.05629, 1.29217, 0.27912, 0.34671, 0.30258, 2.67076, 0.06578
0.15975, 0.36808, 0.81503, 0.35482, 0.09566, 0.33343, 1.99346, 1.12433, 0.03177, 1.26002
0.51613, 0.14328, 0.58197, 0.81960, 0.02748, 0.37684, 0.58806, 0.49270, 0.28225, 1.62905
0.22197, 0.64114, 0.27927, 0.90092, 0.28744, 0.27532, 0.11086, 0.74523, 1.09508, 0.31511
0.57833, 0.10868, 0.35372, 0.34944, 0.58368, 0.29203, 0.25769, 0.35374, 4.39360, 0.32581
0.12755, 0.07018, 0.11592, 0.20405, 0.29104, 0.00263, 0.49267, 0.08163, 0.36399, 0.99887
0.05094, 0.36650, 0.06877, 0.43239, 0.15648, 0.16976, 0.10151, 0.12007, 0.09882, 0.00448
0.96762, 0.21748, 0.66395, 0.28890, 0.07032, 0.13122, 0.01084, 0.78242, 0.28337, 0.14636
0.33834, 0.02783, 0.07266, 1.01201, 0.61742, 0.46850, 1.17563, 0.14546, 1.77586, 0.50808
0.10943, 0.04264, 0.08656, 0.68192, 0.10574, 0.53369, 0.35224, 0.53512, 3.41919, 0.67813
0.38109, 0.12397, 0.07446, 0.34876, 0.29023, 0.05793, 0.27604, 0.27015, 0.33250, 0.23962
0.76433, 0.48920, 0.15367, 0.52296, 0.89714, 0.00229, 0.17611, 0.18815, 0.02419, 0.11234
0.28212, 0.35189, 0.12437, 0.77713, 0.28370, 0.41316, 0.03286, 0.26691, 0.53404, 1.18830
0.09534, 0.06949, 0.08792, 0.16780, 0.02494, 0.24322, 0.15564, 0.07673, 1.21497, 0.35646
0.57416, 0.10322, 0.36990, 0.30079, 0.13009, 0.02336, 0.40446, 0.16188, 0.01598, 0.32142
1.05496, 0.16900, 0.59160, 0.50715, 0.39941, 0.43292, 0.15611, 0.42492, 1.94414, 0.27412
0.20773, 0.16741, 0.11529, 0.20302, 0.53091, 0.03751, 0.41070, 0.17347, 0.01802, 1.32275
0.19069, 0.12157, 0.19638, 0.28548, 0.14544, 0.14874, 0.00034, 0.03649, 3.46876, 0.09337
1.66197, 0.22165, 0.69782, 0.28248, 0.62499, 0.06231, 1.85124, 0.09989, 0.11157, 0.05363
1.05724, 0.13168, 0.55351, 0.64286, 0.24881, 0.38655, 0.31807, 2.05380, 3.89328, 0.96033
0.01719, 0.08685, 0.01709, 0.76356, 0.28766, 0.20729, 0.28121, 0.88309, 1.36813, 2.52254
0.27782, 0.12427, 0.35472, 0.71012, 1.20795, 0.12704, 0.25692, 0.86186, 1.17512, 0.85394
0.53834, 0.05740, 0.34703, 0.00029, 0.54780, 0.27907, 0.09871, 1.39392, 0.08596, 4.86027
0.14000, 0.07624, 0.14617, 0.28755, 1.34255, 0.53208, 0.10169, 1.24572, 1.52624, 0.22510
0.17020, 0.10036, 0.00891, 0.45148, 0.50621, 0.56832, 0.40563, 0.72567, 1.39581, 1.02806
0.08333, 0.30560, 0.05363, 0.06603, 0.37293, 0.02632, 0.01735, 0.02919, 0.38539, 0.46760
0.13233, 0.01532, 0.05247, 0.06392, 0.41979, 0.06342, 0.09859, 0.51511, 0.87280, 5.58914
0.45592, 0.06895, 0.23357, 0.47326, 0.03958, 0.06067, 0.43848, 0.24593, 0.43394, 0.57623
1.22642, 0.11791, 0.04662, 1.77751, 0.88711, 0.36418, 4.80775, 0.36123, 2.83666, 0.22329
0.06751, 0.07441, 0.02281, 0.09444, 0.35245, 0.49757, 0.20517, 2.01954, 0.52320, 2.49213
0.01480, 0.04168, 0.15843, 0.29740, 0.25672, 0.09597, 0.03337, 0.24141, 0.24300, 2.64102
2.34295, 0.24001, 0.95404, 0.42012, 0.26863, 0.56800, 1.58897, 0.65462, 3.13400, 0.53726
0.09354, 0.06255, 0.00856, 0.07186, 0.39878, 0.35146, 0.12532, 1.25274, 0.12420, 0.63127
0.40209, 0.08623, 0.06970, 0.07011, 0.20621, 0.46711, 0.36838, 0.03996, 0.00558, 0.07390
0.02924, 0.00871, 0.14148, 0.22150, 0.24648, 0.23481, 0.70635, 0.09675, 0.08497, 0.06353
0.96524, 0.12511, 0.43859, 0.26329, 0.10461, 0.92196, 1.10711, 1.82141, 1.24873, 2.41671
0.29781, 0.37783, 0.08770, 0.37868, 0.09796, 0.02689, 1.27345, 0.13946, 0.34553, 0.06894
1.53365, 0.07303, 0.74757, 0.86880, 0.59761, 0.09899, 0.00246, 2.88789, 0.17342, 0.70228
0.08932, 0.03517, 0.00284, 0.03346, 0.25439, 0.21028, 0.58548, 3.89604, 2.40489, 1.83519
0.16970, 0.15315, 0.12243, 0.51571, 0.66248, 0.12529, 1.27728, 0.39301, 1.56351, 0.51113
0.73437, 0.01045, 0.09538, 1.18455, 0.78892, 0.36578, 2.83500, 0.09399, 1.25493, 0.04875
0.55851, 0.10279, 0.44511, 0.06241, 0.34787, 0.34355, 0.01412, 0.21568, 1.43522, 0.32206
0.25148, 0.02681, 0.35725, 0.05712, 0.29967, 0.36636, 0.02446, 1.14136, 0.01826, 4.61701
0.14682, 0.17656, 0.09039, 0.34037, 0.79922, 0.05947, 0.05109, 0.30861, 0.00616, 0.28617
0.53505, 0.15470, 0.24262, 0.35070, 0.18397, 0.00285, 1.64618, 0.27988, 0.87673, 1.57747
0.50288, 0.70488, 0.36275, 0.44705, 0.67477, 1.99837, 3.16155, 0.10374, 0.59814, 0.37413
0.51714, 0.77884, 0.75984, 0.03671, 0.41298, 0.23274, 1.00232, 1.04979, 1.44878, 4.38679
0.02891, 0.05593, 0.01466, 0.31507, 0.30485, 0.15615, 0.12689, 2.53340, 0.32486, 0.64398
0.59006, 0.58853, 0.75475, 0.09189, 0.11409, 0.02136, 0.29466, 0.26778, 0.28411, 0.20335
0.10228, 0.01059, 0.05104, 0.44742, 0.17000, 0.03024, 0.23436, 0.52877, 1.25988, 0.12958
1.69502, 0.20250, 2.29719, 1.70148, 0.19961, 0.29541, 0.96340, 0.57854, 3.13723, 3.46252
0.22348, 0.10118, 0.16125, 0.67598, 0.72642, 0.04196, 0.33559, 0.10790, 5.89047, 0.36247
0.09537, 0.39974, 0.00914, 0.64682, 1.28781, 0.19899, 0.12202, 1.40711, 0.50443, 0.37068
0.01216, 0.11095, 0.27839, 0.96426, 0.68420, 0.31110, 3.34134, 0.32925, 3.71235, 2.36108
0.21759, 0.20363, 0.28780, 0.54405, 0.42888, 0.31881, 0.43675, 3.75107, 0.45888, 4.34389
1.26820, 0.46901, 0.31423, 1.30085, 1.02522, 1.44200, 2.26577, 0.80071, 0.26831, 2.64991
0.02738, 0.27597, 0.04516, 0.21320, 0.04071, 0.22333, 0.37199, 0.06908, 1.71703, 0.01225
0.14851, 0.11438, 0.08340, 0.05666, 0.05312, 0.05335, 0.07555, 0.19476, 0.03236, 1.66304
0.06196, 0.16755, 0.05545, 0.02421, 0.21007, 0.16069, 0.17975, 2.09023, 2.31105, 0.63785
0.45465, 0.12310, 0.53258, 0.30122, 0.22880, 0.18518, 0.03902, 1.04209, 1.48422, 1.10923
1.34136, 0.31646, 1.31409, 0.21919, 0.01656, 0.12777, 0.42438, 0.40962, 0.20291, 3.31319
0.41282, 0.06006, 0.17020, 0.35347, 0.02429, 0.17281, 0.51432, 0.84170, 0.74843, 0.99316
0.43236, 0.14973, 0.29288, 0.28688, 0.52702, 0.02305, 0.86788, 0.08812, 0.89374, 0.20499
1.40248, 0.19629, 0.74927, 0.31372, 0.22387, 0.65749, 2.21127, 0.26853, 0.50177, 0.10519
0.11428, 0.47007, 0.08830, 0.23787, 0.20156, 0.08794, 0.14772, 2.08160, 0.43270, 0.36667
0.27150, 0.01751, 0.02196, 0.22024, 0.14191, 0.39981, 0.94540, 0.18362, 0.10414, 0.49332
0.71422, 0.01999, 0.26535, 0.46892, 1.12177, 0.17352, 1.70873, 0.29439, 1.31952, 1.22816
0.62084, 0.34712, 0.22490, 0.00289, 0.11545, 0.35395, 0.62210, 1.80488, 1.80940, 1.98253
0.90922, 0.12091, 0.90497, 1.37820, 1.23579, 0.66468, 0.35051, 1.21609, 3.08211, 0.37557
0.98498, 0.15137, 0.85548, 0.35778, 0.04496, 0.31303, 0.07021, 0.56275, 0.19547, 0.58317
0.95440, 0.02869, 0.12541, 0.23214, 0.06845, 0.13854, 1.72669, 0.82705, 0.96780, 1.90334
0.44384, 0.03997, 0.24694, 0.31668, 0.19791, 0.01549, 0.25082, 1.62407, 1.88071, 0.73277
0.03552, 0.11760, 0.02517, 0.50843, 1.02826, 0.00610, 0.60754, 0.72887, 0.51958, 2.09596
1.13465, 0.85943, 0.13649, 0.98367, 0.33223, 3.79528, 4.43276, 0.66040, 0.43594, 4.77880
0.09747, 0.23781, 0.07213, 0.03073, 0.32071, 0.24204, 0.29508, 0.90230, 2.55037, 1.08974
0.30797, 0.15350, 0.04982, 0.52586, 0.37488, 0.22897, 0.07950, 0.00711, 0.78298, 0.04681
0.11593, 0.31136, 0.06288, 0.04776, 0.39744, 0.11250, 0.10910, 0.09396, 1.11904, 1.02517
0.29152, 0.15185, 0.09220, 0.12140, 0.05817, 0.34955, 0.43254, 1.05462, 1.70000, 0.47630
0.15864, 0.09316, 0.05078, 0.23168, 0.06738, 0.20122, 0.88912, 0.06575, 0.73176, 0.11987
0.11109, 0.12381, 0.17607, 0.12130, 0.82011, 0.02597, 0.09427, 0.87534, 0.19088, 0.54139
0.78913, 0.18310, 0.16588, 0.41423, 0.26697, 0.01822, 1.96226, 0.06412, 3.95677, 0.81591
0.05071, 0.02920, 0.14130, 0.29652, 0.45995, 0.00514, 0.79432, 0.35636, 0.90082, 4.21264
0.00475, 0.12613, 0.06900, 0.12479, 1.12087, 0.01439, 0.06005, 0.48963, 0.24758, 0.96914
0.55336, 0.10895, 0.50643, 0.02240, 0.04837, 0.14102, 1.57852, 0.00619, 1.11789, 0.38760
0.21474, 0.22102, 0.12164, 0.70773, 0.63418, 0.20637, 0.19891, 0.38632, 0.72430, 0.07203
0.54380, 0.04957, 0.18321, 0.08179, 0.05616, 0.02892, 0.50620, 0.21251, 0.29122, 0.42153
0.04354, 0.15493, 0.12410, 0.56864, 0.80469, 0.14157, 0.23030, 2.43759, 0.00431, 0.44314
0.02258, 0.16568, 0.33424, 0.48193, 0.05798, 0.84998, 1.70279, 0.39281, 1.03922, 1.19249
0.08928, 0.16647, 0.34730, 0.55544, 0.02975, 0.40250, 0.74512, 0.07709, 0.59664, 0.28605
0.07923, 0.47325, 0.43713, 0.09001, 0.42907, 0.06262, 1.15377, 1.44613, 2.16498, 4.54544
0.23435, 0.08738, 0.11995, 0.13521, 0.69888, 0.08600, 1.03247, 0.79609, 0.02004, 1.73315
0.16881, 0.28471, 0.09961, 0.12124, 0.16655, 0.09118, 0.01775, 0.08060, 0.52801, 0.24414
0.01713, 0.08460, 0.17035, 0.13345, 0.18139, 0.56237, 0.77937, 0.56207, 0.38811, 0.94114
0.00687, 0.31477, 0.02225, 1.20562, 0.14189, 0.13172, 0.21562, 2.01740, 1.75626, 6.74272
0.28613, 0.11284, 0.27420, 0.68013, 0.39611, 0.16479, 0.06878, 0.02031, 0.37885, 0.19279
0.96982, 0.49535, 0.50754, 1.01353, 0.49618, 0.98363, 0.51834, 1.32927, 1.50243, 0.99417
0.36291, 0.16566, 0.07301, 0.14295, 0.41955, 0.32638, 0.56229, 0.27085, 0.79955, 0.96437
0.63199, 0.10138, 0.51384, 0.36704, 0.65031, 0.04703, 0.76899, 0.36127, 1.31038, 0.31553
0.88232, 0.09362, 0.68744, 0.17623, 0.11581, 0.00318, 1.64524, 0.54404, 0.35493, 0.24360
0.10452, 0.12455, 0.15941, 0.41786, 0.10119, 0.97014, 1.93111, 0.61131, 1.64185, 0.50902
0.26600, 0.00885, 0.01407, 0.01968, 0.38362, 0.63448, 0.44869, 0.01417, 0.55318, 0.48956
0.12981, 0.44901, 0.20280, 0.83910, 0.24012, 0.03166, 0.82968, 2.15597, 3.63398, 1.57872
0.21191, 0.19959, 0.29326, 0.00234, 0.10776, 0.63865, 1.11978, 0.69487, 1.01056, 0.36300
0.34320, 0.19042, 0.04777, 1.09178, 0.15715, 0.03808, 1.49804, 0.83618, 4.79002, 0.02165
0.25626, 0.26377, 0.10971, 0.24516, 0.10827, 0.10939, 0.21983, 0.01164, 0.41778, 0.02201
0.63939, 0.40570, 0.71853, 0.11931, 0.24156, 0.04225, 0.34515, 0.53582, 0.49083, 1.62249
0.14449, 0.02339, 0.22229, 0.42974, 0.42888, 0.00858, 0.23169, 0.20245, 0.03706, 1.67785
0.02519, 0.04990, 0.07157, 0.40421, 0.18642, 0.27838, 0.16399, 0.36072, 2.90142, 0.74499
0.08694, 0.12782, 0.00038, 0.59672, 0.50756, 0.83790, 0.84633, 0.42171, 1.37219, 0.97172
0.78641, 0.02706, 0.11440, 0.54181, 0.11057, 0.03291, 2.12488, 0.00352, 2.61212, 1.29245
0.22227, 0.02021, 0.05957, 0.09807, 0.36376, 0.02908, 0.12117, 2.54292, 0.13532, 0.60649
0.34582, 0.02536, 0.29452, 0.58347, 0.35938, 0.87961, 1.23789, 1.67844, 1.07816, 0.69550
0.07687, 0.04013, 0.02517, 0.02024, 0.22874, 0.52318, 0.26294, 3.19977, 0.55254, 2.61590
0.00054, 0.10054, 0.03830, 0.77838, 0.17860, 0.23187, 0.49681, 0.67707, 0.44779, 1.63483
0.11338, 0.10345, 0.18871, 0.62525, 1.04307, 0.29965, 0.28625, 1.40449, 0.92174, 0.34181
1.00914, 0.34637, 0.78140, 0.32455, 0.00028, 0.00624, 0.11402, 0.44221, 0.21528, 0.14578
0.13716, 0.04618, 0.24443, 0.31695, 0.08732, 0.04724, 0.84612, 0.12621, 0.06690, 0.32413
0.28798, 0.28366, 0.32173, 0.64798, 0.65778, 0.29014, 1.00783, 1.49215, 0.15481, 0.19251
0.09625, 0.06181, 0.29941, 0.94535, 0.45490, 0.11359, 0.05236, 0.09217, 0.53878, 0.13435
0.03653, 0.01885, 0.05607, 0.24871, 0.18444, 0.73729, 0.41620, 0.75504, 2.34351, 1.46202
0.14965, 0.05074, 0.13527, 0.31803, 0.74001, 0.15304, 1.12883, 0.13576, 1.16618, 0.58427
1.09718, 0.24539, 0.37618, 0.00128, 0.15691, 0.08148, 0.78305, 0.40433, 2.25351, 1.86742
0.15548, 0.47234, 0.19103, 0.60727, 0.52782, 0.04381, 0.02017, 0.30790, 3.22550, 0.79579
0.03421, 0.01304, 0.11095, 0.14413, 0.62197, 0.77618, 0.64891, 0.70792, 1.07547, 1.51022
0.32113, 0.02706, 0.15092, 0.74208, 0.82966, 0.11405, 0.49910, 0.00618, 4.91552, 0.11944
0.36097, 0.17095, 0.34578, 0.84802, 0.70035, 0.53272, 2.14510, 1.48500, 1.89930, 0.66435
0.33090, 0.01266, 0.02780, 0.58942, 1.05738, 0.23690, 0.91688, 1.40976, 0.28089, 2.35157
1.18264, 0.66181, 1.08981, 0.27680, 0.03616, 0.17609, 0.09819, 0.25867, 0.02106, 0.16730
0.10207, 0.18472, 0.29671, 0.22341, 0.15557, 0.31147, 0.00990, 2.79802, 1.38371, 2.51285
0.04400, 0.13002, 0.02180, 0.53286, 0.16761, 0.15924, 0.06998, 0.43157, 0.14851, 0.10838
0.18585, 0.06425, 0.08809, 0.10381, 0.02393, 0.23658, 0.20246, 2.52672, 2.14606, 1.38528
0.20178, 0.30962, 0.14525, 0.49959, 0.38974, 0.18953, 1.25874, 0.16486, 2.55047, 1.88299
1.06805, 0.12494, 0.46369, 0.15572, 0.12263, 0.72888, 2.32979, 1.05613, 3.61796, 0.25285
0.22809, 0.07492, 0.33431, 0.47412, 0.13231, 0.15321, 0.39499, 0.05097, 0.12882, 0.01500
1.55484, 0.15140, 1.06705, 0.41076, 0.42492, 1.04876, 2.97726, 1.53379, 1.19878, 1.91176
0.60702, 0.08472, 0.58913, 0.06016, 0.16741, 1.55143, 4.24274, 1.77206, 2.00606, 0.58026
0.10116, 0.11804, 0.18977, 0.39778, 0.31379, 0.12944, 2.38928, 1.47968, 1.27158, 0.61373
0.28631, 0.00291, 0.09741, 0.97053, 0.17687, 0.71651, 0.11663, 0.58971, 2.29597, 0.18306
0.21462, 0.20383, 0.22200, 2.05562, 0.83604, 0.14711, 0.64224, 0.64197, 2.00710, 0.45251
0.35571, 0.11799, 0.20403, 0.24954, 0.25744, 0.00476, 0.86700, 0.33077, 0.44854, 0.66822
0.00288, 0.04334, 0.12747, 0.11787, 0.34471, 1.00037, 0.91445, 0.09333, 0.75309, 0.13579
0.14471, 0.05248, 0.02008, 0.16999, 0.31022, 0.52615, 0.57427, 2.75934, 0.01395, 3.54152
0.32944, 0.05448, 0.17864, 0.19544, 0.01089, 0.19640, 0.13627, 0.23440, 0.07992, 0.77855
0.02242, 0.21153, 0.17984, 0.02568, 0.39884, 0.32552, 0.10364, 0.22143, 0.09844, 0.22892
0.30800, 0.11605, 0.19920, 0.14078, 0.34304, 0.56775, 1.17294, 1.82013, 2.37927, 1.61958
0.02054, 0.13722, 0.01181, 0.86427, 0.26430, 0.25703, 0.23153, 0.23501, 2.70426, 5.71789
0.56445, 0.42840, 0.58324, 0.09238, 0.32317, 0.03946, 1.26629, 0.84534, 0.14826, 3.10057
0.14609, 0.04302, 0.04305, 0.00907, 0.45927, 0.16273, 0.03193, 0.06794, 0.54234, 0.34048
0.82955, 0.83202, 0.86873, 0.03078, 0.13251, 0.42356, 0.90353, 0.69124, 0.61656, 1.50580
0.01535, 0.01245, 0.16012, 0.16861, 0.35876, 0.77363, 0.38375, 0.03852, 1.78713, 0.43054
0.23866, 0.28084, 0.26479, 0.10774, 0.02217, 0.45962, 1.04441, 0.48810, 0.48850, 5.15632
0.19506, 0.41430, 0.04929, 0.76698, 1.45297, 0.22077, 0.32118, 6.36125, 1.92208, 1.43737
0.09847, 0.02659, 0.20608, 0.02121, 0.13462, 0.59921, 1.38897, 0.11022, 0.41600, 0.08422
0.83000, 0.00735, 0.23534, 0.96352, 0.78454, 0.02040, 1.04388, 0.67063, 1.44977, 0.53587
1.24684, 0.04468, 1.17217, 0.88873, 0.53962, 0.70753, 0.97060, 1.17125, 0.48044, 4.91646
0.10757, 0.15719, 0.04490, 1.30297, 2.13973, 0.26335, 0.82787, 1.27131, 2.33862, 0.55267
0.21547, 0.20706, 0.11388, 0.19685, 0.30097, 0.12441, 0.47796, 0.77544, 0.93061, 1.73463
0.45932, 0.01641, 0.32602, 0.37027, 0.22254, 0.35042, 0.22931, 1.91184, 0.39607, 0.79875
0.48014, 0.24220, 0.38077, 0.03395, 0.22638, 0.12576, 0.15101, 0.48199, 0.92784, 3.24518
1.15345, 0.14785, 0.38991, 0.16215, 0.44845, 0.02028, 1.03211, 0.43278, 1.81408, 0.78688
0.10650, 0.17674, 0.06937, 0.15415, 0.28569, 0.02609, 0.07765, 0.24429, 0.17505, 0.70148
0.19421, 0.09284, 0.13731, 0.17969, 0.01087, 0.22564, 0.97407, 1.23385, 0.86801, 0.28483
0.03559, 0.09754, 0.03303, 0.54930, 0.00591, 0.09055, 0.04215, 0.10913, 0.69425, 2.60449
0.32938, 0.05040, 0.16525, 0.16563, 0.68061, 0.26284, 0.09459, 0.14933, 1.91231, 2.40840
0.57208, 0.58858, 0.36689, 0.22159, 0.13384, 0.18142, 1.86349, 0.93156, 1.24798, 1.80131
0.36721, 0.09124, 0.18288, 0.99232, 0.28945, 0.54097, 0.28234, 0.98828, 1.77409, 0.34674
0.01241, 0.08913, 0.12498, 0.23132, 0.52162, 0.40644, 0.40288, 3.46509, 0.00013, 8.39644
0.88702, 0.14947, 0.17063, 0.37765, 0.08312, 0.18877, 2.72403, 0.12314, 3.86923, 0.31675
0.07513, 0.07686, 0.06555, 0.22441, 0.94378, 0.18137, 0.05729, 0.15458, 0.26606, 0.02199
0.42526, 0.68118, 0.45005, 0.09685, 0.21617, 0.73465, 0.69273, 0.49976, 0.24590, 3.45521
0.24887, 0.08455, 0.37275, 0.41598, 0.54064, 0.25074, 1.30312, 0.92726, 2.02946, 0.85528
0.07014, 0.13625, 0.04563, 0.25323, 0.24763, 0.01581, 0.14716, 0.13402, 0.47718, 0.41735
0.47104, 0.07274, 0.33532, 0.95449, 0.79770, 0.09898, 1.33897, 0.64816, 1.06307, 4.46292
0.08351, 0.02932, 0.06553, 0.06364, 0.53145, 0.05412, 0.14723, 1.35631, 0.94980, 4.33649
0.40836, 0.00032, 0.25513, 0.45500, 0.39918, 0.43160, 1.11196, 0.31583, 2.09212, 0.43084
0.59379, 0.45570, 0.77771, 0.26174, 0.05255, 0.11434, 0.19966, 0.03456, 0.01907, 0.01734
0.51423, 0.22539, 0.03205, 0.93180, 0.11815, 1.49666, 1.11695, 2.53079, 1.50178, 4.39187
0.02685, 0.25553, 0.00902, 0.94020, 0.19314, 0.21139, 0.13725, 0.00838, 1.69274, 2.18400
0.00799, 0.40605, 0.04606, 0.47728, 0.47328, 0.36817, 0.24869, 0.14575, 0.92976, 0.27704
0.15625, 0.56667, 0.03331, 0.36752, 1.31524, 0.28494, 0.15272, 0.01625, 1.03427, 0.45297
0.67855, 0.08941, 0.52630, 0.66372, 0.33443, 0.25039, 1.27941, 0.49863, 0.83410, 0.81450
0.01655, 0.05572, 0.04126, 0.41337, 0.30879, 0.18135, 0.37910, 0.91682, 2.93053, 1.48329
0.91264, 0.06232, 0.76043, 0.21205, 0.30233, 0.13335, 1.43685, 0.28512, 0.85158, 0.30114
0.05225, 0.49273, 0.23993, 0.52182, 0.21292, 0.44230, 0.09350, 0.00647, 0.39102, 0.13801
0.04537, 0.06084, 0.09004, 0.04864, 0.14976, 0.67697, 0.54172, 2.24201, 0.26519, 1.09062
0.13666, 0.32224, 0.09247, 0.35111, 0.91122, 0.24737, 1.77115, 0.70305, 1.92459, 0.38645
0.31791, 0.11129, 0.20506, 0.99983, 0.48586, 0.11607, 0.71254, 0.82478, 1.25767, 0.15270
2.89292, 0.28145, 3.04375, 2.69801, 0.32976, 0.71723, 0.12290, 0.85137, 2.29158, 2.78535
0.23522, 0.21991, 0.35156, 0.18968, 0.62587, 0.07503, 0.01551, 2.00396, 0.34433, 0.67474
0.90978, 0.00919, 0.41148, 0.89092, 0.26675, 0.03212, 2.56781, 0.22364, 1.18013, 0.77860
0.21820, 0.13683, 0.47093, 0.29854, 0.04549, 0.13987, 0.20643, 1.40932, 0.28583, 2.03684
0.02021, 0.04166, 0.04875, 0.04776, 0.08257, 0.27196, 0.06473, 0.62992, 0.17893, 0.69509
0.00419, 0.22893, 0.05962, 0.19941, 0.08798, 0.51603, 0.07459, 0.18133, 0.05311, 1.42024
0.24021, 0.13244, 0.30494, 0.01245, 1.56083, 0.20390, 0.11630, 1.33975, 2.11246, 0.36871
0.29866, 0.16392, 0.18625, 0.20668, 0.41150, 0.44189, 0.10089, 0.59863, 0.66812, 0.15558
0.07100, 0.06478, 0.09994, 0.03377, 0.02287, 0.07675, 0.35706, 0.96522, 0.55860, 1.17885
0.38342, 0.07056, 0.00923, 0.51883, 0.07880, 0.03928, 2.36572, 0.31773, 4.24727, 0.25556
0.45175, 0.11571, 0.88578, 0.47122, 0.22152, 0.65451, 1.88742, 0.26385, 1.26698, 2.22450
0.06265, 0.16486, 0.13318, 0.59509, 0.32514, 0.01569, 0.43173, 0.14375, 0.63660, 0.07453
0.35931, 0.35731, 0.48421, 0.53294, 0.41937, 0.46575, 0.66434, 0.44981, 0.04351, 0.18665
0.49378, 0.32223, 0.26726, 0.90994, 1.07283, 0.00230, 0.26247, 1.03682, 0.49737, 0.46067
0.08818, 0.19304, 0.33692, 0.54519, 0.03953, 1.00168, 2.98659, 0.27014, 0.48674, 0.46203
0.34949, 0.30557, 0.43096, 0.18041, 0.49487, 0.28975, 0.82485, 0.90209, 0.36620, 2.21451
1.48347, 0.29562, 0.60659, 0.18826, 0.40737, 0.06559, 0.61507, 1.07130, 0.04409, 1.50667
0.03355, 0.21852, 0.13514, 0.08823, 0.10567, 0.10900, 0.19228, 1.10639, 1.08083, 2.85326
0.00103, 0.02992, 0.06721, 0.21255, 0.04397, 0.36353, 0.36181, 0.63706, 0.98560, 2.25778
1.31337, 0.18658, 0.85072, 0.62114, 0.10448, 0.26596, 1.09451, 0.00741, 0.48560, 0.00088
0.38113, 0.17630, 0.28099, 0.23209, 0.26191, 0.43825, 0.12088, 1.15347, 0.20030, 1.56950
0.39182, 0.07559, 0.18569, 0.08528, 0.55979, 0.41194, 0.24183, 0.24372, 0.85368, 0.12996
1.65576, 0.25271, 0.90372, 0.69704, 0.03901, 0.17114, 0.09418, 0.62445, 0.49125, 1.39634
0.42086, 0.18869, 0.31987, 0.09433, 0.06592, 0.07408, 0.03159, 0.48165, 1.53040, 1.50217
0.02789, 0.26093, 0.24541, 1.14591, 0.35986, 0.35590, 1.65299, 0.41528, 6.32294, 0.24024
1.43142, 0.46251, 0.90408, 0.34145, 0.02573, 0.05700, 0.19441, 0.25538, 0.47326, 0.12699
0.04254, 0.19163, 0.00603, 0.42114, 0.94164, 0.05371, 0.00064, 1.33226, 0.03683, 0.41915
0.50620, 0.74485, 0.17874, 0.61288, 1.47291, 0.20605, 0.11822, 0.26349, 1.09434, 0.11080
0.14063, 0.04487, 0.25654, 0.02258, 0.20347, 0.18492, 0.08789, 0.40939, 2.16597, 0.35597
0.12070, 0.06384, 0.16820, 0.23307, 0.07589, 0.05122, 0.56877, 0.01411, 3.42096, 1.35065
0.01417, 0.41506, 0.42540, 0.87324, 0.21050, 0.01619, 1.07900, 1.42276, 3.64384, 0.10975
1.21374, 0.45736, 1.00023, 0.42197, 0.24979, 0.00749, 0.20728, 0.98810, 0.23430, 0.20327
0.04804, 0.02105, 0.04949, 0.08093, 0.03383, 0.06481, 0.14484, 0.62754, 0.28598, 3.74892
0.42864, 0.05485, 0.25146, 0.46247, 0.03765, 0.27701, 0.51899, 0.03922, 0.72666, 0.12235
0.09774, 0.03346, 0.05511, 0.43345, 0.03220, 0.38284, 0.90461, 0.02368, 0.55622, 0.14059
0.26088, 0.22291, 0.11888, 0.26327, 0.08324, 0.12216, 0.19718, 0.15132, 0.50693, 0.24204
1.14089, 0.49418, 0.82042, 0.16666, 0.14187, 0.01284, 0.92639, 1.12070, 0.37771, 1.20987
0.11471, 0.00260, 0.09780, 0.11708, 0.17018, 0.03215, 0.76577, 0.88713, 1.56366, 2.67472
0.73865, 0.38787, 1.28996, 1.40537, 0.16768, 0.67229, 0.87411, 0.16324, 0.42752, 0.20961
0.42621, 0.31050, 0.12958, 0.78370, 0.05461, 0.28869, 1.22976, 0.13080, 5.68137, 3.51225
0.28715, 0.21314, 0.04841, 0.33483, 0.23538, 0.45605, 0.55505, 0.52009, 1.03418, 0.07890
0.11458, 0.24188, 0.00883, 0.04062, 0.01375, 0.18888, 0.41099, 0.45102, 0.52108, 0.14549
0.21757, 0.01952, 0.16023, 0.67893, 0.40470, 0.00070, 0.15339, 0.12869, 0.28975, 0.21044
0.31842, 0.12976, 0.22952, 0.34059, 0.35727, 0.00463, 0.14529, 0.03275, 0.24105, 0.28585
1.13117, 0.20547, 0.38055, 0.09934, 0.91456, 0.36325, 0.16281, 5.54726, 0.05859, 1.14180
0.01656, 0.08283, 0.01255, 0.12606, 0.91247, 0.08048, 0.00223, 0.20134, 0.16507, 0.33834
0.28390, 0.06293, 0.00061, 0.40797, 0.27539, 0.09694, 1.28261, 0.49566, 0.62096, 0.71045
0.20241, 0.07649, 0.01810, 0.64271, 0.08042, 0.08974, 1.35380, 2.05348, 0.15174, 1.38652
0.04748, 0.61037, 0.32076, 0.24913, 0.19738, 0.35970, 0.03834, 1.21203, 1.75862, 3.85978
0.52696, 0.06166, 0.34204, 0.48479, 0.69150, 0.53394, 0.39929, 1.14137, 4.88447, 1.46440
0.06318, 0.02000, 0.01941, 0.03214, 0.62255, 0.16107, 0.04005, 0.27108, 0.45849, 0.05812
0.02819, 0.12669, 0.03581, 0.44047, 0.37301, 0.75161, 0.20650, 0.10232, 0.62930, 0.14068
0.76626, 0.35279, 0.35357, 0.27731, 0.16763, 0.24000, 1.00049, 0.51858, 0.41914, 4.36231
0.16357, 0.03470, 0.28248, 0.19684, 0.09547, 0.14132, 0.05715, 0.85298, 0.19646, 0.85580
0.76866, 0.03612, 0.24198, 0.39016, 0.14813, 0.04356, 0.66325, 0.16750, 1.45623, 0.02757
0.19641, 0.18840, 0.28724, 0.02406, 0.64079, 0.28601, 0.95157, 0.15875, 0.01850, 0.35498
0.08291, 0.69402, 0.49578, 0.13770, 0.19560, 0.56993, 0.62968, 1.90148, 0.12076, 3.89596
0.12515, 0.13751, 0.08599, 0.14122, 0.16252, 0.37063, 0.49367, 2.21595, 4.13720, 0.80652
0.59236, 0.27322, 0.33312, 0.07933, 0.08128, 0.05318, 0.11041, 1.29732, 0.21965, 0.25690
0.81314, 0.20338, 0.17390, 0.26152, 0.28867, 0.28306, 0.18713, 0.45208, 0.35482, 0.19932
0.14254, 0.30055, 0.14937, 0.58949, 0.56449, 0.09681, 0.20930, 0.49042, 4.22375, 0.33773
0.11940, 0.04542, 0.09262, 0.44277, 0.51528, 0.05457, 0.29502, 0.09200, 1.99996, 0.13149
1.61129, 0.21613, 0.93115, 0.45983, 0.45012, 0.20357, 0.07466, 0.41179, 0.71728, 0.24333
0.46233, 0.15682, 0.47603, 0.20922, 0.42565, 1.15956, 3.82774, 0.09392, 0.92272, 0.05856
0.24028, 0.38554, 0.29802, 0.44577, 0.40800, 0.18431, 0.00235, 0.12878, 0.47823, 0.24239
0.19222, 0.04103, 0.14924, 0.12697, 0.81522, 0.38947, 1.04846, 0.39828, 0.05067, 0.22447
0.16617, 0.11322, 0.41034, 0.49348, 0.02465, 0.39186, 1.66979, 0.30003, 0.01975, 1.20424
0.71409, 0.07204, 0.05839, 0.30360, 0.10104, 0.04115, 4.13834, 0.29618, 1.63469, 0.80249
0.03861, 0.21300, 0.04193, 0.12806, 0.63951, 0.08692, 0.18064, 1.39574, 1.60294, 1.57465
0.06558, 0.19348, 0.02558, 0.01356, 0.86462, 0.02790, 0.12606, 0.14819, 3.12951, 0.10781
0.12450, 0.00821, 0.24324, 0.56175, 1.18154, 0.82992, 0.63764, 1.50973, 1.15166, 0.92233
0.21595, 0.21134, 0.01600, 0.00420, 0.06819, 0.12097, 0.02679, 0.85302, 0.60628, 0.12710
1.59395, 0.04037, 0.01132, 1.83944, 1.09287, 0.49479, 6.97714, 0.24736, 2.29457, 0.33161
0.07193, 0.30146, 0.30435, 0.54233, 0.35998, 0.13282, 1.59140, 0.17136, 1.17762, 0.44891
0.05601, 0.04472, 0.06463, 0.18400, 0.12374, 0.24066, 0.47828, 0.35717, 0.40534, 0.70599
0.42004, 0.11487, 0.32827, 0.90465, 0.54240, 0.04373, 0.03170, 0.08846, 0.58003, 0.12322
0.35684, 0.39677, 0.66110, 0.91366, 0.14087, 0.61458, 0.43731, 0.48688, 4.02189, 0.03317
0.26722, 0.07319, 0.00799, 0.03807, 0.17140, 0.13499, 1.81860, 0.42480, 0.19744, 1.64593
0.07460, 0.06905, 0.13597, 0.60423, 0.52562, 0.15683, 0.31189, 0.30449, 0.26614, 1.31121
0.11379, 0.13181, 0.08998, 0.24263, 0.05357, 0.06480, 0.00263, 0.35639, 0.04329, 1.81586
0.47092, 0.07387, 0.55109, 0.49564, 0.56204, 0.05671, 0.38689, 0.33721, 1.00107, 0.57398
0.33301, 0.21593, 0.49049, 1.16728, 0.40329, 1.18526, 2.24132, 0.28946, 3.02058, 0.10092
1.15571, 0.07258, 0.18724, 0.26134, 0.03674, 0.29675, 1.08412, 0.63414, 2.29831, 1.97797
0.40145, 0.04190, 0.38805, 0.75376, 1.04380, 0.37906, 0.79963, 0.40259, 3.10189, 1.98913
0.24199, 0.06613, 0.19240, 0.51342, 0.14412, 0.23455, 0.34390, 0.36130, 0.23077, 0.51144
0.88458, 0.02221, 0.50200, 0.38674, 0.19606, 0.01911, 0.09115, 0.24436, 0.77459, 0.63272
0.07109, 0.23889, 0.17740, 0.49300, 0.08232, 0.33702, 0.36726, 1.16935, 1.38487, 1.48628
0.10639, 0.24740, 0.03195, 0.09613, 0.14108, 0.02757, 0.01201, 0.05614, 0.15197, 0.26402
0.15052, 0.01091, 0.10211, 0.11866, 0.15496, 0.11792, 0.37022, 0.25882, 0.14021, 0.46622
0.00650, 0.10732, 0.01374, 0.89389, 0.05515, 0.47147, 0.66343, 0.20900, 1.29365, 0.00979
0.00979, 0.10201, 0.12068, 0.08728, 0.16147, 0.24688, 1.50855, 0.35632, 0.79142, 1.98855
0.38868, 0.20734, 0.05605, 0.10033, 0.05866, 0.36930, 0.70038, 0.34144, 1.69481, 0.25886
0.24422, 0.22815, 0.14546, 0.72721, 0.84101, 0.01640, 0.01000, 2.39714, 0.07385, 0.51661
0.61169, 0.16073, 0.40797, 0.26846, 0.05044, 0.05904, 0.46983, 1.06097, 0.60302, 6.78113
0.01166, 0.09104, 0.00379, 0.46530, 0.49938, 0.25399, 0.76174, 4.58976, 0.17488, 1.75140
0.43152, 0.37478, 0.01981, 0.17820, 0.45178, 1.87338, 1.70012, 0.29053, 0.86269, 1.13824
0.13634, 0.31563, 0.13507, 0.20371, 0.16266, 0.12310, 0.07880, 0.22565, 1.16318, 0.52977
0.00131, 0.07025, 0.03465, 0.76226, 0.36490, 0.13145, 0.24387, 1.39722, 0.90212, 0.48026
0.14391, 0.07880, 0.03205, 0.19751, 0.36886, 0.01524, 2.06613, 0.06908, 0.25118, 0.07729
0.12191, 0.02836, 0.03485, 0.01963, 0.84161, 0.41296, 0.47612, 0.19323, 0.28183, 0.16459
1.02212, 0.20053, 0.80392, 0.59596, 0.05716, 0.14598, 1.45364, 0.59794, 0.42153, 2.56153
0.86247, 0.01520, 0.29945, 0.44159, 1.32883, 0.26258, 1.73601, 0.51976, 1.64864, 0.53779
0.03495, 0.07411, 0.04717, 0.34132, 0.08176, 0.01784, 0.09185, 0.26769, 0.65291, 0.30085
0.30619, 0.01058, 0.33858, 0.14780, 0.34146, 0.83892, 0.33191, 0.19648, 1.70514, 0.02814
1.35405, 0.28443, 1.11081, 2.00987, 1.37319, 0.15990, 0.91622, 1.37736, 2.39744, 0.64576
0.92856, 0.38350, 0.42922, 0.50775, 0.49619, 1.65015, 1.30330, 0.85433, 0.10133, 0.47383
0.22484, 0.13646, 0.13652, 0.40839, 0.39110, 1.60025, 0.64437, 1.60058, 1.32132, 0.40530
0.15095, 0.27610, 0.03858, 0.08567, 0.13305, 0.09808, 0.01238, 0.12525, 0.60012, 0.18575
0.36510, 0.17673, 0.19475, 0.36051, 0.04834, 0.18219, 0.33311, 0.34069, 0.48178, 0.25552
0.19023, 0.06747, 0.04339, 0.92684, 0.19081, 1.59231, 1.02740, 1.03158, 3.62881, 4.58085
0.23817, 0.05173, 0.06689, 0.25501, 0.35886, 0.00930, 2.53476, 0.01675, 0.15089, 0.06933
0.32915, 0.39746, 0.19130, 0.57073, 0.29299, 0.10205, 0.37967, 1.89673, 1.59665, 2.44498
0.57534, 0.30397, 0.42745, 0.15678, 0.27160, 0.08857, 0.83604, 2.30513, 1.11666, 0.45303
0.12327, 0.02451, 0.05284, 0.27107, 0.03193, 0.01901, 0.01006, 0.16741, 0.40991, 1.21533
0.08385, 0.22626, 0.04402, 0.60532, 0.59906, 0.36467, 0.31062, 0.31625, 0.63551, 1.88345
0.12813, 0.04620, 0.05561, 0.01063, 0.13548, 0.35665, 0.84396, 0.29970, 0.18931, 0.19997
0.39409, 0.30911, 0.81799, 0.74511, 0.01362, 1.15772, 4.49010, 0.01346, 0.15281, 0.36924
0.05070, 0.10753, 0.19810, 0.25336, 0.20702, 0.26481, 0.98466, 0.80115, 0.93038, 5.48231
0.37111, 0.49718, 0.02020, 0.35159, 1.14054, 0.01741, 0.14703, 0.10800, 0.46822, 0.03010
0.21045, 0.13189, 0.19908, 0.01823, 0.10488, 0.25993, 1.69162, 1.51476, 0.80363, 0.62974
0.21975, 0.25537, 0.12437, 0.66806, 0.34282, 0.07529, 1.12071, 0.28647, 0.43987, 0.36461
0.20042, 0.15982, 0.12096, 0.01091, 0.05542, 0.12246, 0.15105, 0.37633, 0.88728, 3.27527
1.76272, 0.15304, 1.01333, 3.01456, 1.26954, 0.49996, 1.40517, 0.07774, 2.17949, 0.03438
0.37655, 0.07442, 0.21083, 0.00606, 0.19547, 0.26559, 0.04238, 0.89167, 0.85346, 1.33382
0.46745, 0.27007, 0.39751, 0.86124, 0.68576, 0.30950, 0.38789, 0.42198, 1.87237, 1.34762
0.10147, 0.27620, 0.01822, 0.41677, 0.22541, 0.05556, 0.98568, 0.04541, 0.23937, 0.09085
0.29068, 0.18474, 0.08685, 0.11407, 0.05112, 0.27736, 0.25157, 0.68509, 1.44944, 0.51585
0.18229, 0.40627, 0.39411, 0.08134, 0.22087, 0.03171, 0.38091, 0.33233, 0.67433, 2.28970
0.29111, 0.00406, 0.17854, 0.47076, 0.16753, 0.08923, 0.93584, 0.19131, 0.31275, 0.10731
0.10892, 0.31927, 0.07764, 0.04941, 0.31865, 0.10349, 0.01621, 0.03263, 0.54497, 0.40701
0.73940, 0.21436, 0.00572, 1.04568, 0.28307, 0.01568, 2.46434, 0.05502, 1.01480, 0.05881
0.05975, 0.04909, 0.03949, 0.09909, 0.22518, 0.17588, 0.38568, 3.24394, 1.06996, 4.10578
0.25725, 0.80235, 0.61769, 0.28985, 0.62647, 0.20401, 0.21044, 1.42606, 2.12590, 4.54543
0.37058, 0.74472, 0.84779, 0.07038, 0.15942, 0.21631, 0.87542, 0.79275, 1.22581, 5.98124
0.92361, 0.20016, 0.16081, 0.58067, 0.86355, 0.02766, 0.92784, 0.11129, 1.45398, 1.64316
0.47569, 0.30872, 0.02551, 0.74094, 0.70614, 0.69594, 1.85240, 1.05191, 0.12812, 0.74853
0.59310, 0.01134, 0.05605, 0.32169, 0.05970, 0.00882, 1.73728, 0.66332, 2.62952, 0.68433
0.45764, 0.08899, 0.02943, 1.28969, 0.95861, 0.09725, 0.93937, 0.31475, 8.31451, 1.67791
0.21312, 0.21924, 0.05446, 0.17665, 0.15858, 0.07235, 0.14388, 0.17841, 0.10271, 0.85210
1.20984, 0.11592, 0.45943, 0.29834, 0.29283, 0.09237, 0.90205, 1.19096, 2.29472, 0.36745
0.62026, 0.00201, 0.04159, 0.38230, 0.21911, 0.01250, 0.92825, 0.33351, 3.49283, 0.97310
0.09677, 0.30594, 0.07496, 0.07334, 0.37126, 0.04854, 0.00866, 0.02957, 0.47831, 0.55104
0.47028, 0.60408, 0.88241, 0.49001, 0.21086, 0.20918, 1.93352, 0.18488, 4.21839, 0.21597
0.10468, 0.06946, 0.21021, 0.73989, 0.62376, 0.22083, 3.43120, 0.27132, 1.55062, 2.27369
0.59972, 0.08049, 0.15296, 0.08216, 0.02291, 0.00740, 0.52303, 0.07493, 1.22633, 0.10653
0.19306, 0.53314, 0.35564, 0.01123, 0.32136, 0.35227, 0.92036, 1.16712, 0.64955, 5.54048
0.22950, 0.21139, 0.25749, 0.99843, 0.33155, 0.61265, 2.71103, 1.18874, 5.95518, 2.63186
0.25818, 0.21412, 0.15784, 0.16148, 0.51593, 0.05280, 0.25532, 0.09014, 0.15795, 0.83456
0.10813, 0.31993, 0.20150, 0.12809, 0.28909, 0.03920, 1.01198, 0.88417, 0.87857, 4.00384
0.07096, 0.08458, 0.18628, 0.05678, 0.24537, 0.97197, 1.84269, 0.16374, 0.78358, 0.90656
0.19166, 0.26388, 0.34863, 0.56362, 0.20110, 0.25414, 0.62373, 0.85110, 2.44875, 0.06827
0.14195, 0.07936, 0.15321, 0.29613, 1.17386, 0.49473, 0.13998, 1.38128, 0.32367, 0.22366
0.00260, 0.99132, 0.18002, 1.05167, 0.19924, 0.68715, 0.73037, 0.17739, 1.85333, 0.16810
0.69349, 0.22079, 0.62910, 0.44274, 0.70475, 0.10247, 0.28563, 2.12978, 0.30054, 2.55175
0.33666, 0.15140, 0.35098, 0.31641, 0.42720, 0.07609, 0.10532, 0.58930, 0.69401, 0.29465
0.02363, 0.08567, 0.09990, 0.10646, 0.39672, 0.06254, 0.56626, 0.27057, 0.31630, 0.09906
0.72841, 0.04745, 0.06594, 0.85099, 0.78401, 0.18281, 0.95639, 0.55320, 0.13081, 0.73826
0.39399, 0.83857, 0.40911, 0.43965, 0.09201, 0.23544, 0.17535, 0.01945, 0.67251, 0.08112
1.00025, 0.63953, 0.24145, 0.61988, 0.65766, 2.23300, 1.76327, 0.08739, 1.47953, 0.08133
0.71021, 0.24073, 0.59354, 0.52212, 0.84880, 0.39742, 0.02121, 1.63136, 0.65143, 0.30083
0.33698, 0.03081, 0.15044, 0.75769, 0.84617, 0.10630, 0.55148, 0.02522, 5.90249, 0.07242
1.41101, 0.39856, 1.99789, 1.02714, 0.17166, 0.32994, 0.12819, 0.23323, 3.23671, 0.57210
0.02265, 0.06543, 0.06366, 0.10659, 0.91867, 0.03400, 0.05467, 0.11111, 0.13903, 0.76882
0.09240, 0.15702, 0.22706, 0.80562, 0.59292, 0.06468, 1.32363, 1.67678, 0.95022, 0.70718
0.29546, 0.21595, 0.22399, 0.20912, 0.83522, 0.23232, 0.39999, 1.90970, 1.94871, 1.15473
0.34825, 0.48554, 0.74811, 0.16836, 0.32521, 0.00981, 0.27857, 4.04286, 0.74410, 8.54967
0.03270, 0.11972, 0.00582, 0.55690, 0.40097, 0.01903, 0.61278, 0.11705, 0.86385, 0.06568
0.93402, 0.54084, 0.74088, 0.20097, 0.91402, 0.20529, 0.06712, 1.70295, 1.20512, 1.38718
0.46024, 0.47688, 0.59711, 0.18744, 0.00477, 0.04373, 0.08691, 0.15201, 0.27328, 0.90480
0.61123, 0.36563, 0.37000, 0.57603, 0.09387, 0.45302, 0.86503, 0.06243, 0.24466, 0.04241
0.02729, 0.24904, 0.11409, 0.23158, 0.29143, 0.44014, 0.34372, 0.78352, 0.13515, 1.03839
0.73278, 0.38691, 0.49483, 0.02120, 0.10780, 0.03235, 0.19014, 1.32076, 0.06646, 0.41664
0.75262, 0.08537, 0.24464, 0.73132, 0.52319, 0.43521, 2.84352, 2.30203, 0.05435, 1.70798
0.27447, 0.03391, 0.65696, 0.34261, 0.40876, 0.68928, 1.90034, 0.46625, 0.74557, 3.32467
0.06684, 0.03872, 0.05501, 0.40159, 0.41439, 0.00863, 0.01985, 0.23225, 0.20247, 0.05242
0.12559, 0.31956, 0.03188, 0.04636, 0.22266, 0.09357, 0.04712, 0.09443, 0.68970, 0.71924
0.22692, 0.24075, 0.21081, 0.24738, 0.45282, 0.15893, 0.63311, 0.75723, 1.37787, 0.63586
0.08231, 0.01683, 0.03336, 0.27127, 0.58959, 1.01356, 0.33206, 1.49001, 1.51066, 0.36218
0.15003, 0.14901, 0.22396, 0.13785, 0.08583, 0.05781, 0.37654, 0.85043, 0.34798, 0.26785
0.77157, 0.03933, 0.13210, 0.34382, 0.17640, 0.07203, 2.16200, 0.03822, 3.22369, 0.46110
0.21807, 0.01465, 0.28829, 0.06069, 0.27821, 0.24868, 3.54378, 0.22625, 0.35846, 1.99082
0.30921, 0.12521, 0.13656, 0.00557, 0.41889, 0.01157, 1.01961, 0.05144, 0.54435, 0.36775
0.10909, 0.14615, 0.03635, 0.58166, 0.17920, 0.72667, 0.74322, 2.04980, 1.79097, 0.61745
0.03259, 0.17305, 0.18871, 0.16573, 0.16245, 0.53413, 0.38197, 1.34140, 0.03103, 0.63213
0.83555, 0.36195, 0.54172, 0.43037, 0.12227, 0.05361, 0.77201, 0.62517, 0.36061, 0.27424
0.06752, 0.28485, 0.07369, 0.07824, 0.45431, 0.02962, 0.02020, 0.06485, 0.51840, 0.91852
0.07714, 0.01667, 0.04877, 0.43824, 0.02045, 0.68414, 0.88062, 0.00382, 0.52263, 0.63983
0.03639, 0.04935, 0.15247, 0.08631, 0.08995, 0.12770, 0.12734, 0.94183, 0.82193, 1.17791
0.22048, 0.31124, 0.05373, 0.29541, 0.30692, 0.64406, 1.11368, 0.41953, 1.43161, 0.11647
1.12650, 0.39642, 1.01760, 0.18388, 0.01149, 0.01868, 0.05437, 0.25293, 0.60696, 1.65193
0.25498, 0.02161, 0.02588, 0.01304, 0.68292, 0.77726, 1.32068, 5.47016, 0.29231, 3.45076
0.70417, 0.40339, 0.74019, 0.64343, 0.11800, 0.57904, 0.85124, 0.16480, 0.44512, 0.10196
0.03045, 0.16074, 0.04581, 0.39493, 0.23075, 0.23679, 0.00056, 0.01799, 0.05217, 0.16068
0.20334, 0.26491, 0.37186, 0.28326, 0.12331, 0.38320, 0.38675, 0.50750, 0.47792, 0.06251
0.09220, 0.08076, 0.41942, 0.06248, 0.14594, 1.04204, 0.96454, 1.16653, 3.34943, 2.27243
0.10646, 0.15110, 0.23815, 0.08362, 0.06319, 0.01502, 0.25588, 1.22601, 0.26700, 6.94567
0.14951, 0.04805, 0.10301, 0.51286, 0.44029, 0.02857, 0.23202, 0.25912, 2.92730, 0.09690
0.01309, 0.19506, 0.13290, 0.19577, 0.52082, 0.00452, 0.09318, 0.03625, 0.28630, 0.54849
0.98384, 0.40853, 0.50848, 0.12596, 0.08120, 0.00812, 0.87351, 0.87554, 0.16058, 0.57754
2.14336, 0.40194, 1.17066, 0.45306, 0.41700, 0.84807, 4.01904, 0.42902, 0.33801, 0.18906
0.78390, 0.00071, 0.26270, 0.23453, 0.20176, 0.13784, 0.61609, 0.51064, 2.00487, 0.36446
0.38897, 0.01550, 0.15822, 0.02243, 0.65880, 0.62164, 0.01724, 2.01908, 1.54414, 1.15702
0.00581, 0.08087, 0.05459, 0.01338, 0.06089, 0.19510, 0.36890, 0.00419, 0.17883, 0.21692
0.22753, 0.42831, 0.02500, 1.01028, 0.65244, 0.55251, 0.35836, 0.13032, 1.30763, 0.13223
0.66537, 0.04645, 0.80608, 1.28182, 0.49141, 0.35295, 0.04601, 3.92560, 1.38145, 5.76431
0.03329, 0.10810, 0.07448, 0.33628, 0.36618, 0.02082, 0.13200, 0.08208, 0.86483, 0.10578
