-42.82999, -30.95441, -24.44619, -26.57419, -33.21081, -11.21870, -29.19057, -34.48853, -33.07270, -10.60094
-41.36514, -32.47672, -29.15558, -26.21364, -20.87791, -18.50295, -24.00220, -22.17139, -6.04632, -12.32963
-52.34591, -43.87669, -37.28493, -40.59472, -23.56050, -28.25500, -25.34393, -21.77283, -20.70799, -11.04307
-40.20758, -31.01937, -26.34448, -22.22988, -29.17081, -14.30692, -23.86727, -20.82209, -27.96503, -10.60006
-35.15895, -37.15356, -27.07970, -23.46940, -22.48715, -14.70991, -22.63798, -22.46803, -17.56767, -3.41740
-42.50807, -46.19289, -36.30194, -34.97749, -23.89804, -19.66804, -35.13964, -33.77311, -20.11836, -12.69971
-42.18720, -35.67298, -34.76024, -26.73262, -24.52243, -21.78367, -31.48920, -25.69935, -16.46509, -14.02882
-44.83830, -41.68732, -36.04371, -45.18200, -26.05911, -19.13379, -31.43373, -34.46541, -14.02931, -13.15680
-47.06340, -42.40219, -30.53191, -38.33105, -40.29089, -19.09681, -29.83779, -32.71597, -21.28107, -12.07346
-41.27759, -32.02485, -30.18237, -39.94515, -21.06833, -10.42065, -25.86089, -22.14991, -24.32333, -7.77553
-45.72741, -35.25531, -31.06522, -41.45605, -25.49600, -19.16390, -25.20162, -21.26847, -12.44372, -13.54539
-43.52525, -38.41951, -37.10342, -35.63351, -22.59722, -33.00983, -31.53341, -25.06390, -10.13393, -16.19317
-57.11043, -34.75098, -29.54466, -28.07929, -35.22486, -16.75136, -34.33369, -35.91865, -30.04776, -17.13520
-40.46221, -38.03750, -29.10952, -33.15600, -18.60460, -13.16812, -23.04215, -22.21897, -8.54041, -1.57591
-43.83012, -36.21563, -33.57834, -35.77480, -21.08229, -26.72472, -29.43683, -25.69818, -17.83192, -17.05113
-41.57505, -42.36047, -34.71671, -36.39759, -16.20425, -15.58278, -26.97253, -22.46058, -8.45634, -10.59908
-47.02260, -35.25775, -31.24645, -30.47803, -24.33807, -17.65799, -29.60812, -25.78678, -19.29348, -12.77241
-39.56989, -46.60245, -31.09715, -24.79860, -32.66395, -21.42605, -30.07498, -29.59320, -14.49059, -17.30344
-39.06634, -39.12252, -31.99392, -24.53149, -39.84336, -21.35298, -25.87694, -21.30559, -9.78049, -11.89982
-42.90290, -43.74247, -41.19358, -28.16732, -30.15992, -32.39204, -32.30202, -29.35056, -12.65877, -20.58268
-43.50051, -45.67861, -39.99238, -30.80334, -24.66273, -30.87327, -37.18406, -31.61335, -11.98281, -13.01495
-34.66888, -41.41239, -37.98683, -23.44949, -16.24062, -18.36441, -30.48614, -23.76605, -13.70778, -9.52020
-49.84729, -35.25829, -31.89679, -32.61357, -24.59223, -19.93238, -39.84486, -37.18067, -8.58448, -13.06802
-38.04590, -33.74326, -28.16277, -22.20896, -22.98499, -15.97376, -29.22941, -30.05314, -18.58369, -19.71535
-47.81394, -34.63496, -29.99925, -27.54453, -21.29843, -16.38626, -25.84681, -22.08713, -16.51567, -11.19578
-39.47742, -37.06587, -32.44209, -26.23106, -21.64840, -15.80970, -37.14087, -32.32087, -29.07842, -7.61400
-48.63008, -37.16861, -32.15194, -30.04206, -18.82577, -22.40874, -26.00459, -22.46171, -15.99076, -11.74146
-58.50824, -40.07996, -37.25817, -33.37644, -30.69348, -26.05815, -41.23156, -29.50153, -16.56692, -14.35957
-40.90021, -32.91370, -30.08696, -39.05613, -29.49514, -14.14928, -37.07771, -36.38633, -27.07421, -17.39918
-40.80877, -34.93176, -38.37709, -30.60531, -20.16054, -18.11679, -27.99745, -31.42707, -5.68102, -13.00003
-46.11853, -31.79318, -30.52701, -33.75313, -17.64546, -14.18244, -29.36057, -24.15635, -22.70732, -7.55071
-37.96088, -41.34775, -52.82556, -31.74412, -27.22142, -30.20424, -37.90149, -29.48994, -12.49393, -17.18919
-34.03071, -28.76192, -30.75569, -26.00871, -13.26366, -9.99284, -28.25883, -28.13633, -10.67311, -21.07270
-44.71426, -34.82404, -30.99056, -32.22233, -22.86080, -16.83076, -31.84520, -33.41416, -11.23444, -22.35914
-36.25528, -29.36118, -30.59253, -35.99860, -22.68759, -9.49286, -25.16998, -20.82124, -16.35746, -8.40825
-35.64189, -32.53844, -25.60699, -21.24798, -24.05838, -10.41498, -23.66443, -25.82748, -7.31048, -11.58840
-34.84158, -38.86510, -33.41109, -24.32322, -23.76382, -27.12035, -29.00995, -34.30249, -10.88424, -14.87953
-42.69184, -38.79408, -43.14335, -30.83884, -15.45912, -20.86417, -36.31546, -25.18319, -19.77301, -14.37901
-48.80768, -40.36778, -34.88045, -29.37043, -21.63618, -22.40246, -27.88473, -37.54007, -32.66796, -14.09688
-34.00356, -30.72019, -32.77555, -24.67827, -13.35896, -12.53202, -26.81783, -28.75046, -12.36861, -23.03818
-46.09515, -45.29118, -33.62629, -33.43987, -25.36340, -21.81732, -29.75878, -27.41941, -6.55170, -16.95444
-42.18707, -37.92043, -31.40029, -27.49238, -20.98876, -22.21499, -25.03086, -27.65651, -7.07894, -12.39837
-37.61414, -30.75577, -30.14574, -26.10208, -21.23129, -15.06949, -25.72180, -33.06054, -7.97646, -14.11066
-42.48747, -30.77338, -24.70221, -23.46503, -26.14741, -11.40319, -26.85070, -23.43936, -8.50266, -4.65174
-53.25320, -36.97855, -34.85446, -31.17509, -28.28690, -22.77919, -29.59415, -29.57076, -13.40649, -15.71866
-38.15117, -41.61239, -29.83347, -24.14826, -30.78340, -22.43005, -27.11033, -28.47285, -12.58553, -11.51652
-43.18115, -42.67944, -38.75323, -31.14106, -26.54971, -24.45086, -39.28374, -34.84643, -19.59084, -20.64152
-58.98189, -34.77173, -40.05991, -39.83365, -21.59148, -15.40840, -36.19673, -23.01070, -16.68890, -12.34890
-42.04798, -40.51603, -33.66127, -32.28255, -39.26412, -19.79069, -34.29846, -28.61610, -8.60245, -23.39042
-48.71843, -34.81528, -32.39506, -37.36754, -20.77301, -19.81373, -39.58663, -38.31850, -29.88948, -10.97681
-50.92817, -43.07097, -35.36582, -38.93324, -40.23536, -22.47899, -32.03774, -31.77107, -11.12004, -13.74859
-46.47658, -33.31278, -27.98514, -26.42956, -25.03859, -16.75267, -26.62778, -22.67376, -16.37154, -14.37687
-33.59459, -32.84370, -25.94246, -22.26037, -21.19130, -14.07090, -20.35808, -23.32793, -20.89272, -3.71819
-47.08242, -28.39223, -26.20662, -31.97608, -20.18842, -9.76796, -29.43670, -22.73087, -19.19900, -10.28188
-38.36245, -35.58714, -28.37345, -22.35114, -35.48344, -17.27754, -28.72479, -25.50661, -26.12716, -14.27843
-39.35001, -37.04123, -30.06257, -30.43831, -20.76403, -22.41913, -23.49991, -22.21675, -14.41020, -7.10500
-37.21368, -30.69235, -29.40154, -25.94085, -19.50091, -13.72334, -25.05667, -32.48080, -12.86865, -13.26850
-46.13181, -34.94951, -33.12105, -31.64966, -25.63547, -17.46735, -28.70127, -25.55556, -6.70424, -7.83677
-48.61744, -42.23384, -37.77721, -35.04591, -25.56077, -26.26730, -31.55458, -30.15568, -17.62904, -19.23380
-51.28473, -38.39753, -32.55369, -38.19468, -29.66591, -15.78588, -28.67228, -23.36888, -7.37440, -9.92509
-45.86516, -38.39642, -30.39443, -31.86253, -19.17418, -15.57579, -34.02664, -43.97625, -7.54480, -16.93712
-35.07460, -36.73335, -25.87515, -20.25028, -18.50983, -17.81837, -21.52882, -29.69495, -8.97991, -12.58620
-43.25382, -29.15978, -26.81206, -36.64860, -20.08705, -11.07792, -30.22909, -23.39366, -28.79215, -11.42040
-36.99233, -48.89008, -31.45482, -23.26293, -17.64744, -28.99753, -27.85026, -28.20733, -19.14330, -18.35819
-54.81596, -37.14760, -32.56735, -35.70266, -34.48300, -16.40807, -41.15969, -31.91007, -22.73819, -23.23374
-41.12484, -37.84609, -32.96217, -26.14034, -22.00279, -25.72149, -32.97100, -28.63453, -10.60945, -23.11982
-38.79363, -34.04756, -28.92627, -25.21455, -18.39429, -12.00782, -23.73596, -20.84032, -11.58210, -9.12863
-46.85682, -29.73457, -27.69977, -32.61982, -17.68327, -11.64977, -28.19193, -23.47234, -28.60480, -7.83187
-49.75373, -30.64135, -29.64651, -28.60589, -25.07488, -14.57149, -30.31010, -29.16139, -12.63638, -19.84006
-55.08693, -34.33374, -29.80249, -32.12980, -22.49933, -13.88363, -33.55151, -31.79868, -5.35878, -22.03157
-47.30590, -34.45798, -30.41935, -35.80838, -31.83232, -15.57755, -49.70288, -39.45708, -22.61377, -21.47568
-50.14559, -29.02323, -27.38059, -29.88870, -17.82633, -10.39728, -25.24073, -20.09534, -26.49006, -9.19999
-39.80174, -35.65147, -29.87350, -29.50220, -32.26256, -17.92168, -25.00814, -24.09997, -7.62133, -13.41086
-56.59638, -39.77107, -42.76688, -35.39070, -36.51116, -19.63581, -40.94622, -26.36152, -10.80781, -12.77080
-39.02571, -28.93842, -22.44601, -19.15537, -23.69945, -10.45844, -23.38938, -35.11006, -34.21511, -14.49188
-66.14908, -34.28220, -32.05412, -38.46697, -14.64247, -17.83314, -32.00322, -27.89948, -12.67257, -9.31475
-38.77623, -38.80648, -32.26038, -25.37860, -16.51509, -22.25490, -30.89899, -24.89605, -26.10866, -11.06793
-40.28330, -35.24879, -36.44165, -30.63424, -20.26935, -16.64544, -25.75669, -21.73800, -4.38586, -9.07505
-41.98526, -32.16853, -31.70300, -35.04960, -18.41495, -14.99032, -32.88664, -24.52237, -16.64823, -8.70072
-35.04697, -34.67384, -25.03367, -19.23838, -18.09977, -15.27684, -20.28374, -28.89941, -13.00018, -9.42940
-45.28806, -32.86712, -28.87038, -26.05798, -26.34605, -15.18620, -31.52614, -31.55054, -9.80775, -17.81846
-36.36632, -33.18305, -26.11485, -21.76083, -16.99053, -15.81180, -21.53987, -27.45583, -26.45053, -11.07111
-37.17263, -35.25780, -27.47383, -22.14542, -26.98271, -15.87187, -29.37849, -27.80421, -24.71579, -14.87987
-40.52777, -29.47992, -24.92028, -28.68464, -21.68238, -12.10437, -29.04352, -30.63684, -14.76230, -7.71302
-58.96360, -44.63518, -35.56286, -35.75460, -20.42448, -19.92774, -42.62960, -33.51301, -15.20471, -12.38249
-44.52775, -34.60779, -31.25163, -41.71107, -29.13501, -14.45964, -35.65030, -26.49439, -28.88917, -14.04945
-48.48128, -37.01199, -29.81127, -27.79952, -28.57120, -14.71874, -24.16400, -29.91468, -18.71648, -6.72103
-32.47201, -60.69688, -31.14669, -20.45699, -20.68281, -38.52732, -25.48126, -22.76551, -10.50019, -17.41203
-48.06208, -35.54628, -36.03882, -40.72751, -16.93480, -20.47434, -37.13495, -30.33350, -27.99786, -17.71178
-48.22715, -39.00378, -37.53666, -39.26728, -25.83175, -20.00663, -26.93867, -23.00727, -17.19925, -12.69493
-47.28296, -28.58703, -25.21686, -27.75022, -25.58567, -8.44937, -24.68040, -22.13497, -22.98082, -8.61110
-47.72761, -31.85895, -29.83513, -33.80652, -16.37142, -14.38178, -40.66156, -33.54849, -16.96616, -13.44660
-36.72152, -26.04364, -20.49622, -17.19827, -22.05724, -6.00130, -21.93999, -29.19666, -22.09619, -11.47063
-43.31166, -34.09631, -37.82325, -29.58640, -16.41674, -16.98913, -31.76896, -23.28352, -14.83419, -10.36364
-36.26172, -40.19566, -31.19706, -23.40063, -17.17860, -24.83068, -30.05001, -26.31995, -20.94662, -12.07790
-45.47915, -38.30843, -27.93405, -25.05504, -21.36393, -16.84291, -21.42368, -34.15310, -14.41384, -5.85312
-37.11617, -32.82112, -25.83796, -21.22499, -19.20588, -14.87185, -25.32661, -38.40261, -11.30169, -21.10102
-38.31633, -34.26444, -36.30830, -32.92894, -19.16955, -12.75615, -24.47379, -20.17070, -20.85189, -9.60653
-37.10683, -30.23968, -26.41061, -35.80981, -22.55448, -11.41501, -29.66615, -24.81579, -24.28431, -6.96675
-41.13350, -42.15496, -30.39640, -25.41306, -18.62754, -25.25752, -27.84627, -27.95433, -5.51593, -22.44041
-39.21732, -33.40033, -26.33188, -22.48441, -21.31110, -14.06239, -25.35068, -23.30504, -13.45141, -5.88528
-36.40290, -33.73688, -25.14853, -20.40004, -26.57569, -13.13363, -22.61468, -46.54210, -27.18943, -13.16438
-40.27195, -37.39295, -31.90338, -30.28078, -19.48683, -14.55211, -24.96215, -21.14264, -9.99741, -1.89169
-45.44887, -32.76000, -26.46995, -24.27404, -30.99111, -11.87786, -22.39496, -23.52854, -26.43231, -9.65297
-37.99258, -33.51816, -26.22279, -22.62156, -17.35659, -16.15084, -23.46167, -29.65101, -29.22993, -16.14394
-41.24119, -34.99090, -33.45773, -26.60310, -15.71979, -15.88379, -37.07843, -25.01421, -10.45512, -13.77282
-46.73121, -50.11727, -36.40336, -30.08529, -20.76693, -21.19945, -27.08173, -24.35134, -19.69896, -10.26645
-41.49215, -37.21583, -35.13428, -26.59384, -16.08756, -17.34908, -54.45318, -27.60300, -24.88531, -10.54090
-41.50992, -39.54284, -32.15865, -29.04053, -15.24831, -24.92427, -36.16953, -28.78305, -14.85942, -13.64726
-41.60064, -30.98229, -29.62972, -31.79460, -15.97188, -13.72585, -29.63766, -24.71750, -25.84976, -9.57589
-42.89292, -46.99514, -64.40080, -33.33865, -33.36974, -34.96278, -37.41845, -32.07110, -11.30622, -17.58031
-38.66745, -32.04437, -29.29859, -41.28310, -23.79287, -13.01785, -26.07430, -23.81049, -10.89322, -6.80653
-38.90042, -35.27006, -28.64460, -23.34089, -20.28022, -18.18486, -30.38900, -28.60633, -21.26380, -15.71122
-43.84036, -42.22160, -31.17680, -32.42041, -31.48397, -16.84057, -25.05278, -27.70646, -22.60885, -4.45493
-49.14007, -37.45318, -34.37004, -44.32397, -19.20159, -24.70338, -30.14983, -31.14722, -15.10120, -13.81556
-48.20998, -40.31040, -33.95484, -37.12749, -24.43247, -23.13031, -24.99269, -21.71057, -18.57454, -12.50230
-37.08685, -36.49127, -29.18525, -26.66864, -27.41644, -17.79520, -26.57661, -28.55632, -7.99101, -13.43294
-52.52699, -36.97190, -30.97075, -31.67750, -31.13689, -19.25933, -33.60037, -28.17637, -17.71240, -17.65633
-45.93204, -52.28766, -44.64715, -36.50108, -24.33236, -23.68628, -31.36882, -33.25049, -5.99210, -9.60977
-38.93360, -28.45802, -24.71868, -27.13256, -21.31109, -10.21068, -29.09288, -37.68676, -26.83890, -7.82081
-46.08988, -28.70308, -24.78499, -24.38778, -20.05294, -10.40143, -40.95756, -27.24649, -23.26220, -6.77364
-41.85856, -50.55623, -36.56623, -29.94703, -17.58589, -24.82128, -32.14235, -34.04406, -9.27321, -18.09372
-41.47379, -26.21572, -21.59200, -19.91968, -15.07048, -8.99913, -24.66047, -21.03109, -14.99387, -8.77148
-42.50143, -34.43249, -32.46783, -37.96617, -20.52378, -18.64023, -28.87739, -24.29167, -16.08228, -10.68393
-43.56211, -36.07819, -31.69257, -37.89323, -33.27054, -18.31261, -30.86646, -30.80774, -26.88419, -16.19050
-40.55298, -35.72058, -27.89629, -30.12811, -39.36958, -14.75442, -26.31904, -29.35372, -6.55414, -13.30238
-46.23405, -26.67485, -22.47594, -26.15349, -20.77422, -7.64165, -28.71183, -28.17327, -22.23046, -23.74176
-44.83586, -44.86770, -33.69925, -30.44465, -20.94348, -21.17120, -25.10724, -22.85086, -19.60283, -11.47783
-41.41106, -35.72145, -30.85262, -26.49841, -15.25793, -14.56680, -34.48639, -25.80588, -10.90234, -23.55844
-54.14401, -38.33514, -34.84999, -36.31886, -38.27318, -19.60895, -35.64552, -33.03075, -19.64945, -15.60375
-44.11172, -47.06949, -39.20333, -30.54770, -22.74707, -39.97602, -27.62242, -23.90821, -24.30998, -10.46922
-46.90765, -36.55471, -30.38391, -27.36319, -22.15103, -15.45154, -35.95907, -31.51795, -19.63105, -20.41335
-36.87992, -35.14154, -39.33148, -29.15600, -22.90351, -17.38960, -34.24191, -26.70643, -38.35773, -10.63479
-34.80429, -33.69241, -25.16109, -19.24561, -21.26809, -14.05556, -21.45370, -36.85852, -13.46419, -12.80265
-43.79755, -29.80164, -25.52235, -25.15805, -16.73794, -10.08879, -30.00186, -24.20821, -14.55192, -18.94840
-41.51760, -34.47863, -29.65920, -25.68887, -21.95392, -13.19313, -33.58004, -31.58432, -7.55479, -21.62423
-51.96033, -27.99135, -23.94010, -25.64599, -17.90721, -8.77378, -29.91041, -29.20141, -13.71371, -11.09894
-30.83320, -33.81165, -23.29896, -17.00684, -17.88167, -13.80410, -17.39592, -35.49788, -17.89120, -4.34325
-46.53933, -54.91486, -38.98419, -41.51573, -22.84831, -27.19354, -57.01846, -26.72484, -37.55902, -13.51137
-41.99367, -34.01934, -26.10424, -28.25424, -30.74768, -13.55632, -24.92240, -36.86403, -18.33557, -13.77904
-45.92716, -30.88262, -24.10030, -24.05960, -19.48417, -8.70981, -18.83784, -19.41213, -17.73658, -2.63405
-41.38714, -30.43129, -24.96739, -22.85073, -28.46312, -9.81920, -25.12610, -28.07664, -26.93107, -12.37412
-39.70277, -40.88469, -29.28601, -26.67654, -21.67898, -18.85139, -25.03348, -27.46216, -2.64821, -10.08903
-39.47935, -32.57308, -30.83329, -33.75046, -27.37423, -17.96820, -38.16691, -33.46172, -6.37492, -11.78784
-41.21781, -39.92129, -37.86783, -40.91171, -26.60347, -27.28813, -38.48396, -36.94576, -12.86382, -18.42927
-38.75194, -29.91186, -27.75287, -27.10580, -21.19661, -12.48958, -25.01944, -27.54678, -15.74674, -9.95268
-45.24956, -35.43175, -32.77445, -31.91331, -16.10046, -19.61276, -31.94953, -26.90789, -18.98860, -6.92892
-38.56467, -36.94055, -29.88805, -24.54605, -17.80822, -21.74978, -30.40572, -29.81928, -26.91195, -16.25938
-46.00497, -34.53509, -29.35342, -25.22802, -24.05619, -17.43553, -25.91323, -37.14076, -15.61570, -15.45543
-34.88382, -34.25091, -25.11008, -21.80143, -21.90578, -12.73829, -20.35384, -24.14781, -11.32745, -6.88203
-38.80017, -37.82733, -29.47110, -26.03930, -15.53276, -23.65851, -29.35197, -26.67653, -25.23795, -15.18671
-42.11978, -33.33993, -29.75204, -31.18858, -36.37294, -14.03732, -29.08556, -30.53654, -12.86350, -7.09026
-39.68155, -40.74217, -39.25532, -29.36660, -19.56017, -35.33380, -34.02026, -35.56627, -26.83635, -30.55780
-42.17531, -33.79562, -28.34408, -23.73693, -27.90106, -15.45751, -29.82738, -26.37601, -15.98264, -13.03243
-42.17616, -35.63857, -41.67545, -29.55256, -15.55996, -18.30162, -33.81555, -24.39780, -26.81815, -10.41804
-39.62297, -36.61781, -35.53921, -36.98650, -26.34511, -15.91254, -31.60922, -24.33966, -9.11182, -14.53901
-45.28176, -37.59424, -30.86603, -31.67060, -19.62239, -13.97027, -26.08974, -26.95065, -27.85569, -7.93803
-41.35313, -43.09756, -46.79855, -30.97889, -32.67355, -28.15218, -32.74775, -28.03560, -13.28032, -15.24696
-46.19273, -37.68815, -33.91018, -31.18990, -24.20854, -15.80368, -28.56296, -25.09582, -14.46169, -11.02228
-39.73776, -32.55768, -29.49633, -39.03023, -28.79785, -15.33100, -37.02212, -34.69530, -25.26774, -18.16927
-41.66701, -39.18198, -33.75471, -26.54601, -24.30447, -19.81169, -29.72845, -23.11573, -16.19472, -14.88237
-48.86337, -33.30369, -31.02853, -27.85491, -15.54427, -20.39740, -24.37438, -19.97453, -8.41763, -10.04146
-46.79070, -33.72764, -35.10693, -43.82910, -21.85577, -14.17763, -25.99032, -21.55213, -26.44320, -10.06971
-34.87709, -45.10394, -32.12793, -22.83542, -22.18470, -27.42408, -26.76965, -29.13320, -18.25841, -25.89261
-45.61172, -43.08113, -39.41706, -39.29985, -24.08917, -28.19175, -37.82107, -41.35577, -17.09648, -25.12004
-43.63738, -41.86366, -44.12424, -32.86472, -24.73508, -26.53540, -42.03894, -29.21877, -12.08547, -16.85563
-53.33648, -40.16543, -33.11005, -32.60182, -24.30895, -17.93933, -24.27242, -21.65076, -16.86855, -11.21546
-45.71370, -34.90029, -27.68639, -26.95221, -25.01353, -15.99315, -24.36478, -25.03598, -20.63331, -7.51164
-40.62263, -30.82062, -27.16188, -29.06853, -29.37501, -11.69486, -22.67096, -21.17843, -9.93935, -8.81573
-37.90667, -34.59908, -26.58365, -24.49065, -19.67031, -14.33052, -26.78159, -21.82901, -16.40612, -5.04872
-45.15280, -33.55875, -27.74306, -26.47881, -23.00585, -12.39673, -30.05879, -28.68354, -11.56200, -17.54042
-43.55725, -30.15085, -24.13107, -22.53487, -25.14649, -9.38089, -21.39484, -28.54221, -20.33194, -6.88170
-37.16081, -34.86437, -27.75213, -23.00092, -18.27508, -18.09997, -22.00980, -30.45094, -13.94519, -8.83068
-44.20762, -44.62163, -32.86833, -32.99820, -34.73175, -28.06275, -25.51038, -22.96159, -28.26327, -10.26863
-40.58286, -50.48493, -31.91090, -25.34075, -15.21662, -23.29994, -25.42084, -26.71097, -23.32705, -13.52881
-49.73028, -34.60658, -28.47280, -27.32511, -26.89444, -12.59831, -23.87981, -27.56678, -26.60224, -6.56724
-44.02977, -34.23102, -33.01920, -40.93659, -20.35253, -17.94210, -29.58532, -24.57278, -21.53128, -10.29380
-58.36058, -37.55092, -34.25887, -32.80035, -18.68489, -16.76256, -27.21152, -29.88584, -16.57660, -8.04815
-43.08793, -29.48291, -24.69099, -23.66950, -29.60131, -9.70322, -26.42258, -27.83204, -10.99133, -12.31059
-62.26235, -41.79576, -34.38343, -45.48556, -21.59892, -20.98449, -24.96020, -21.49549, -25.92141, -11.58721
-45.50219, -30.96032, -27.34902, -32.11617, -22.31933, -12.71929, -29.84611, -24.93736, -9.78114, -15.10655
-42.46443, -39.73108, -32.51256, -40.00156, -33.29836, -21.90339, -38.71266, -35.01621, -18.84360, -21.13546
-42.73356, -46.78714, -34.43967, -29.20678, -22.69813, -25.13824, -25.44507, -22.93127, -24.38533, -10.81750
-39.09537, -35.55716, -32.58793, -24.96890, -29.19614, -16.74349, -29.56640, -21.46481, -26.86478, -8.01774
-44.40631, -30.45021, -22.54571, -20.24365, -21.78420, -11.59942, -22.47225, -25.26619, -7.60085, -29.81051
-46.82189, -29.93355, -25.17402, -27.16003, -29.50790, -10.50320, -22.96021, -22.18958, -5.58276, -9.78554
-43.16144, -36.53010, -26.75030, -22.97046, -19.73378, -19.53692, -25.18419, -22.68709, -9.13676, -20.10123
-37.51351, -27.49527, -22.15217, -18.51119, -23.55255, -7.93572, -24.08883, -46.01620, -27.49332, -17.64869
-45.43512, -35.23044, -28.32145, -25.57428, -20.62248, -19.76845, -28.08035, -30.80935, -18.69592, -28.35986
-39.95988, -33.01783, -29.34552, -35.24285, -22.10278, -14.99000, -30.02399, -27.44521, -15.72882, -5.32036
-43.91017, -44.52548, -33.24312, -28.06753, -17.74910, -27.05119, -28.14360, -40.25186, -11.00265, -13.72163
-42.28417, -36.20687, -24.81182, -21.65900, -21.51330, -17.24969, -22.52539, -27.25933, -14.57137, -19.71934
-44.52127, -35.14060, -32.93564, -38.75521, -19.78195, -19.38645, -29.33178, -24.51783, -17.03469, -10.29219
-61.39524, -34.30027, -33.27441, -35.33246, -22.57758, -14.11619, -29.52974, -25.16122, -16.74706, -10.78088
-46.10151, -35.08347, -32.50322, -32.84317, -21.76921, -20.49044, -33.23470, -27.60935, -18.47634, -12.56455
-45.83810, -29.46492, -25.35076, -25.87669, -23.10896, -12.32440, -29.19245, -27.23015, -41.24055, -4.50932
-58.34093, -36.97580, -32.72752, -32.10329, -21.37970, -23.44433, -32.37093, -28.14683, -22.10763, -20.49333
-42.82997, -34.10161, -29.59439, -24.27451, -26.59093, -17.98171, -31.14147, -32.45239, -27.45899, -18.05775
-51.25378, -35.58037, -31.99896, -33.54817, -33.58634, -17.24455, -36.03607, -46.62175, -19.53968, -13.99457
-35.58781, -31.43952, -32.37138, -25.78345, -18.22430, -14.62266, -25.67223, -35.99142, -7.96342, -16.18280
-44.79590, -51.31078, -36.50586, -29.56335, -22.00990, -25.33414, -37.05777, -24.66539, -10.74041, -14.85848
-50.34661, -35.56772, -27.42213, -25.59152, -25.37344, -17.69954, -27.84230, -20.84390, -22.64956, -12.12236
-47.24275, -34.53174, -29.93474, -28.13595, -19.69423, -17.60519, -27.43329, -21.75293, -13.51929, -9.73984
-40.87232, -35.24810, -37.68572, -31.52284, -22.18159, -16.89009, -23.17118, -20.68713, -23.05565, -7.79715
-51.49608, -28.95591, -24.91457, -26.24308, -26.06687, -11.65661, -24.08450, -19.81076, -16.64524, -9.43320
-42.88457, -36.55406, -32.95414, -34.68412, -16.25462, -13.16009, -30.12471, -22.33167, -11.20409, -5.18014
-47.65165, -34.58171, -28.86084, -29.87396, -30.76831, -15.86440, -26.21866, -28.84675, -21.38633, -6.24710
-39.52972, -32.01693, -27.81218, -23.26180, -26.66316, -13.97445, -32.32311, -36.16583, -7.75604, -29.02843
-44.02837, -49.46359, -38.82504, -31.03481, -30.97934, -22.89717, -36.00515, -28.41302, -12.20629, -16.96600
-42.90381, -36.48250, -34.76667, -32.57631, -17.60422, -13.76347, -35.09425, -24.19821, -4.96771, -9.00522
-37.60890, -33.07627, -32.16764, -27.26185, -17.02485, -15.38698, -25.51649, -26.77353, -11.16537, -12.61357
-40.44897, -33.59511, -32.18677, -38.72969, -25.69218, -13.45793, -33.44819, -24.49985, -30.33097, -10.46667
-44.19379, -34.15648, -25.81999, -24.09785, -27.44515, -13.31926, -27.92320, -25.14026, -9.16314, -11.13459
-44.31815, -32.96212, -28.73148, -27.37883, -14.33515, -15.82912, -37.56760, -31.35821, -24.61898, -14.64868
-57.57675, -35.14583, -34.63078, -31.51030, -19.80941, -23.87624, -33.35086, -30.23640, -20.25464, -15.56791
-42.75875, -34.78399, -28.56602, -24.17747, -20.35300, -13.86784, -34.58616, -33.66390, -24.75852, -11.26403
-41.79364, -39.91972, -35.49075, -35.38360, -20.90672, -20.02412, -32.53245, -23.56569, -4.68305, -3.90350
-47.79203, -39.28682, -30.57689, -27.70844, -16.94619, -14.77330, -26.63460, -33.00304, -9.54381, -9.76996
-48.48504, -42.03195, -34.77763, -46.00643, -28.04687, -20.20218, -35.90891, -30.53921, -7.96270, -21.18315
-36.84106, -43.74084, -29.89170, -24.16430, -25.37930, -19.56090, -22.69612, -25.00679, -9.64957, -3.24318
-45.90617, -43.78275, -37.73189, -60.49735, -17.06957, -18.47875, -27.34238, -28.61259, -19.61967, -10.08035
-43.01534, -41.41095, -37.34677, -31.71192, -21.05030, -33.45498, -27.77525, -24.25190, -21.30422, -10.57174
-42.01263, -33.06177, -29.16932, -25.87208, -15.78864, -13.06370, -37.92452, -26.15320, -13.58158, -13.71640
-45.96984, -36.51053, -39.09530, -43.33847, -20.54465, -15.08717, -30.05111, -22.59908, -14.67494, -13.59043
-39.82496, -32.71074, -26.12540, -23.14124, -24.11775, -13.64290, -25.39756, -28.72152, -14.03575, -15.38879
-45.50839, -37.02674, -29.80057, -26.58593, -21.76945, -14.32687, -24.07818, -22.38409, -23.38229, -10.25610
-35.11381, -37.31509, -27.86515, -22.76027, -27.01594, -15.56114, -23.12663, -23.85633, -7.19360, -11.02602
-50.95911, -40.14142, -32.11626, -30.50301, -29.78109, -25.18184, -30.41883, -41.23482, -19.28230, -13.50425
-44.75780, -44.48563, -34.95658, -30.57437, -36.25956, -23.42286, -32.86187, -27.17386, -8.08091, -20.00408
-34.30166, -34.92821, -27.89635, -21.67365, -14.64569, -19.22794, -22.03511, -32.13267, -17.84387, -13.48487
-34.80261, -46.43652, -33.37978, -23.24212, -18.85881, -28.29575, -27.74733, -27.71891, -11.61004, -15.49385
-42.93302, -41.19778, -29.89163, -26.00158, -24.88001, -25.65095, -28.68491, -31.26985, -17.79392, -15.13451
-37.47897, -34.56314, -31.45629, -29.47494, -24.43683, -15.73395, -32.35205, -35.13189, -10.25775, -33.33388
-42.59054, -28.39784, -23.71484, -21.42568, -19.17158, -11.26694, -30.57002, -26.24696, -16.65354, -8.84554
-45.54954, -28.45475, -25.59977, -31.45077, -20.32292, -10.38007, -27.25931, -22.84492, -30.55297, -9.87050
-53.65662, -42.62303, -35.61573, -38.20166, -24.57598, -19.79980, -29.94443, -30.49784, -9.50831, -25.36396
-50.12524, -38.61495, -33.42804, -31.77775, -17.58194, -14.34532, -21.64062, -21.54449, -10.69819, -1.31510
-38.35732, -36.75185, -28.97256, -32.43923, -17.91930, -20.26678, -29.72953, -30.83040, -13.36402, -8.74792
-48.04692, -33.51765, -30.14409, -29.01970, -32.68217, -13.55074, -27.42261, -24.26003, -12.55049, -10.33242
-40.08850, -36.57427, -31.46572, -26.07633, -24.33656, -16.41807, -30.03768, -30.68773, -6.10410, -14.04767
-39.36120, -30.08660, -28.11471, -34.96508, -24.10652, -10.73765, -24.36660, -21.91708, -19.68560, -7.54932
-42.89731, -42.70667, -32.54258, -27.72391, -23.77788, -28.40444, -29.08420, -30.78202, -6.91302, -33.51159
-48.47183, -36.66677, -30.41333, -29.58928, -20.75140, -14.26390, -28.93073, -29.60606, -25.24538, -14.37687
-42.42775, -38.13161, -39.28479, -37.52048, -32.55467, -18.16094, -28.29120, -22.03589, -27.34685, -9.09115
-42.11661, -28.32137, -27.07335, -33.27677, -22.37488, -8.05023, -25.79899, -19.65071, -16.85446, -8.75586
-60.09787, -44.65910, -39.25585, -35.90790, -23.62290, -21.43516, -44.52669, -23.28296, -13.46201, -11.89319
-47.64851, -38.30286, -35.08023, -39.22139, -25.56626, -15.26321, -26.31218, -21.18431, -15.23254, -7.88185
-41.22876, -30.69073, -26.09980, -33.61653, -30.76620, -11.82132, -44.86291, -29.17545, -9.35676, -10.53480
-36.52914, -31.34991, -29.66440, -24.86820, -16.25179, -14.08898, -23.70319, -29.82245, -22.76843, -10.30103
-49.03836, -65.97556, -38.22066, -33.48180, -21.73093, -27.47851, -31.65438, -25.20731, -9.59704, -17.71260
-49.21301, -37.12825, -36.06720, -54.00680, -21.32294, -15.79097, -37.15103, -25.14152, -6.31816, -17.47528
-47.42730, -38.94898, -36.79098, -31.65320, -20.18195, -24.86478, -48.02691, -30.86730, -8.57055, -14.55451
-41.32824, -40.53543, -45.84745, -38.69863, -25.28800, -23.26342, -37.40532, -34.47380, -6.59592, -18.44122
-42.41461, -46.46019, -39.78135, -28.27899, -18.73750, -24.71295, -30.74736, -27.17576, -17.36937, -9.25960
-40.13172, -35.72703, -30.67731, -24.78206, -28.30744, -17.90900, -34.64817, -25.95170, -18.94242, -9.60497
-41.97655, -35.68556, -31.59150, -26.05975, -23.28664, -21.15845, -35.50736, -28.68541, -12.19162, -16.94355
-41.97359, -52.27290, -36.83201, -30.35133, -21.04040, -27.04659, -33.15866, -28.51477, -2.33088, -19.06136
-41.65315, -49.64463, -36.99168, -30.60652, -39.37771, -31.95028, -35.42538, -34.58275, -6.28387, -18.64372
-41.20673, -34.77444, -31.23098, -28.41527, -27.80481, -15.19276, -22.58976, -18.41065, -14.39428, -7.25477
-37.95103, -35.50356, -33.94439, -33.01481, -25.51096, -15.27712, -30.55265, -26.29331, -12.72725, -15.14826
-39.25746, -37.00148, -32.53010, -26.39368, -19.53947, -18.13254, -32.46595, -40.84411, -36.97159, -27.09822
-50.93397, -38.15056, -32.74532, -34.75324, -34.95563, -17.66752, -31.06351, -29.71883, -15.87381, -15.23971
-46.32040, -43.59310, -29.78337, -25.96339, -23.87533, -25.44799, -26.01468, -28.66023, -18.92572, -22.33950
-42.66065, -32.29347, -35.44836, -32.32354, -18.03577, -14.15711, -30.69153, -21.31839, -24.40235, -8.96339
-45.22817, -43.86641, -43.47314, -37.62906, -19.57082, -19.57458, -34.47928, -31.82416, -16.81069, -19.61588
-42.00501, -29.97008, -21.92291, -20.11664, -30.99146, -10.05932, -23.11885, -33.15921, -20.07490, -12.21436
-47.97130, -34.75616, -30.46404, -37.68700, -29.04674, -17.27717, -26.93843, -22.44009, -9.05012, -15.35175
-44.66946, -37.24754, -40.72508, -31.59737, -18.30175, -19.95478, -29.35735, -25.29854, -27.75194, -6.07888
-45.23156, -42.33857, -30.67281, -28.01148, -31.03559, -22.68204, -26.62268, -27.98335, -16.95821, -11.05045
-49.39757, -26.50269, -22.26074, -23.69489, -22.28940, -7.38619, -25.40942, -24.16350, -9.07615, -16.52577
-33.69688, -45.78004, -33.55404, -21.68931, -30.31966, -27.21834, -21.96386, -23.69060, -7.18663, -8.65455
-60.61094, -35.88921, -29.66945, -29.70904, -18.70130, -16.08691, -26.47699, -27.31732, -24.84354, -9.89343
-48.00593, -40.69694, -35.85222, -38.01254, -24.06482, -27.79295, -26.15701, -22.68845, -16.93742, -12.46099
-40.28973, -28.62133, -24.29137, -32.54486, -23.25057, -9.34719, -34.74087, -27.51274, -24.93702, -14.31879
-53.75023, -38.14581, -31.48185, -32.33221, -26.22194, -19.13365, -38.01791, -24.37519, -11.97635, -10.68787
-36.21245, -31.97467, -27.85960, -30.75907, -21.53953, -14.26409, -30.04876, -32.39134, -33.57827, -8.64186
-44.32205, -32.87441, -28.99379, -27.60604, -29.51288, -14.76655, -28.13664, -24.19641, -26.01911, -18.40522
-41.97172, -39.49686, -35.88733, -40.68624, -16.64658, -31.03228, -42.74146, -33.46062, -14.97116, -13.96903
-36.33606, -31.92247, -29.22432, -32.43218, -26.87752, -13.77963, -33.77805, -26.64571, -15.44323, -12.55313
-43.68601, -26.41845, -22.52157, -26.09751, -23.99569, -7.70917, -29.60562, -23.83907, -14.08959, -18.55705
-36.28970, -34.58108, -23.71469, -19.07598, -18.01396, -15.75584, -20.85042, -26.02543, -6.37419, -16.38210
-37.71422, -40.35808, -43.08216, -30.02568, -31.00518, -32.90355, -30.29821, -25.34018, -15.64921, -12.08925
-46.05605, -33.60286, -27.45851, -30.04389, -31.11917, -14.46067, -30.84223, -32.21069, -6.20152, -11.81513
-40.38967, -37.92171, -28.41008, -27.10204, -27.09341, -14.98556, -24.63129, -27.99685, -5.32419, -10.18668
-49.79056, -34.51576, -31.62381, -28.28696, -27.70266, -17.70813, -27.83001, -28.74011, -11.63200, -11.33621
-36.02113, -39.20653, -29.87557, -23.89340, -22.03136, -19.68832, -25.40773, -33.24099, -7.45471, -21.92294
-35.42651, -33.61081, -29.80667, -23.45346, -15.48540, -17.85614, -23.08577, -28.53587, -36.38896, -13.18089
-42.75263, -35.22312, -29.89460, -26.21584, -18.03621, -20.53530, -32.50230, -29.43450, -18.12404, -12.47134
-49.83101, -52.80255, -42.03152, -41.01805, -21.49501, -28.16786, -36.23185, -28.53537, -19.72023, -19.89098
-38.05439, -32.22702, -25.29886, -25.70078, -15.87839, -10.78678, -19.19248, -17.74617, -23.46451, -3.34273
-42.62754, -32.56539, -27.75884, -24.68988, -16.56618, -12.03316, -37.38925, -32.23149, -18.31791, -13.20756
-42.28751, -41.05891, -32.14913, -25.80259, -19.33251, -17.42480, -28.97802, -28.17635, -16.32051, -9.96243
-34.44991, -33.69771, -27.52724, -26.03608, -24.04408, -13.89989, -24.83133, -25.57745, -20.92805, -3.79930
-41.51043, -38.89135, -29.77603, -25.42156, -35.48339, -17.96569, -34.39474, -28.36649, -8.37102, -9.62444
-55.81725, -41.38017, -34.60728, -32.93813, -24.67988, -20.77526, -25.94912, -30.13782, -19.80728, -7.11226
-37.17552, -43.51184, -31.01316, -24.35925, -25.98250, -26.40032, -29.45291, -33.16375, -7.25809, -14.46687
-41.59305, -36.19410, -29.18926, -31.86961, -26.32241, -14.83335, -23.14639, -20.84191, -7.14176, -9.40611
-37.38748, -31.45958, -34.70981, -34.30714, -17.74969, -11.74126, -32.08020, -23.95767, -9.12582, -12.84100
-40.77798, -41.87452, -29.36309, -24.69683, -21.80324, -22.78008, -28.61709, -26.70451, -12.84837, -18.56788
-35.30681, -37.45596, -28.28795, -21.44799, -17.05542, -22.16668, -27.17797, -26.05100, -18.19337, -13.11150
-40.19578, -38.50904, -37.43065, -31.79597, -29.13359, -22.04848, -26.57913, -22.70674, -13.73110, -12.48888
-40.12281, -35.65923, -34.51287, -31.10552, -26.25052, -15.89425, -38.74039, -23.85940, -16.58241, -17.27329
-32.92945, -40.98809, -40.29573, -22.53768, -27.33870, -22.87196, -25.92085, -26.23979, -8.99977, -16.26710
-42.05640, -32.08436, -28.09015, -25.97437, -15.64633, -12.31955, -31.84633, -23.88511, -15.41786, -15.40909
-48.83166, -33.04540, -29.67985, -36.79087, -18.29014, -16.58140, -28.26567, -24.70742, -23.50274, -11.50602
-49.21346, -38.21830, -30.71157, -31.14749, -26.97748, -18.96484, -28.64004, -27.41562, -7.96931, -18.43591
-63.01442, -32.18808, -28.75039, -33.30816, -16.00197, -14.49879, -32.28473, -34.43016, -48.07510, -24.77582
-37.41562, -28.84911, -20.43388, -17.40624, -21.28164, -9.02267, -19.41004, -29.27377, -8.30620, -14.83979
-39.63671, -32.99876, -26.80302, -24.15687, -20.18631, -13.38704, -35.77920, -30.59587, -14.70300, -9.70626
-45.21276, -38.67396, -33.57552, -38.06512, -20.32605, -25.19299, -26.02791, -22.71618, -16.63221, -11.78745
-39.68623, -32.28314, -25.83791, -23.08167, -13.41968, -16.14853, -24.38349, -27.33162, -8.61187, -16.46106
-50.65074, -40.99697, -32.83020, -29.66662, -30.68187, -19.01595, -29.57491, -26.32966, -23.08583, -13.61847
-41.35689, -34.69382, -29.79843, -26.70061, -14.80977, -13.32273, -34.71364, -26.62744, -20.21767, -24.35000
-39.85381, -48.42420, -40.74875, -28.68271, -17.69690, -21.97524, -35.35906, -29.74153, -11.56337, -12.67717
-55.84381, -38.64893, -35.65437, -31.19980, -27.95699, -18.57587, -31.51938, -28.91452, -10.37068, -16.89066
-49.90401, -33.90155, -33.53708, -38.84446, -20.11032, -15.66422, -26.92202, -21.70526, -25.25199, -12.37897
-37.87966, -35.32541, -32.79746, -26.24418, -24.22540, -20.80548, -27.15155, -33.90372, -9.05983, -22.56783
-44.03453, -34.33603, -29.36109, -36.35337, -23.87182, -16.84918, -41.12996, -29.33141, -10.74840, -13.41581
-43.75727, -34.33239, -28.48682, -26.07229, -28.18657, -14.40876, -26.41582, -27.76484, -18.65437, -10.89816
-43.40795, -29.27506, -23.56519, -22.71816, -28.21702, -8.93769, -21.75438, -24.73152, -13.20734, -6.95837
-51.50218, -38.12768, -30.66310, -33.05525, -21.69859, -17.97068, -25.79260, -23.91833, -18.84936, -11.99483
-40.03932, -37.74714, -30.02004, -26.00972, -28.45773, -18.10719, -28.23930, -34.76132, -12.77273, -15.81959
-38.67896, -30.85248, -26.69922, -29.04432, -17.44978, -11.22362, -26.96736, -26.75147, -11.86561, -10.47205
-43.16383, -32.60167, -30.02544, -51.82574, -19.66272, -16.33797, -28.49675, -24.23290, -31.35270, -12.93123
-40.31807, -34.08165, -28.16667, -24.19640, -22.95913, -15.61894, -35.03749, -38.48404, -9.90278, -10.45342
-35.92636, -31.69504, -31.82148, -26.97089, -15.31426, -13.03417, -26.05831, -26.12087, -29.47278, -17.17482
-39.60552, -28.63932, -23.09184, -21.52128, -26.13599, -8.00080, -23.90161, -25.50795, -10.14588, -12.70926
-38.50134, -34.51427, -28.83188, -25.29394, -14.06343, -20.30526, -25.31943, -29.89920, -20.28077, -17.33641
-37.12413, -40.26382, -30.73863, -22.25976, -28.30301, -26.04726, -28.30456, -23.50448, -14.59764, -11.75214
-40.54827, -43.07724, -32.17671, -28.48432, -17.98183, -20.08469, -29.25799, -29.46387, -8.16644, -19.73569
-40.24645, -45.10146, -30.77627, -24.24466, -29.18570, -21.85612, -27.43622, -27.17717, -9.03270, -26.49978
-46.78043, -52.98874, -45.64282, -44.69663, -38.45436, -31.43367, -36.69726, -54.71384, -7.78930, -12.09881
-42.04808, -46.23468, -39.19816, -28.63787, -21.23005, -32.86288, -29.40129, -25.55386, -19.41636, -9.66467
-55.30111, -32.68557, -27.51847, -27.41883, -16.96895, -16.45738, -31.36084, -29.98198, -12.26751, -9.70244
-48.17600, -43.66958, -33.42398, -33.37541, -25.59047, -20.08954, -28.19230, -31.58144, -14.55908, -11.08025
-43.66987, -33.82668, -26.65961, -23.43940, -22.48203, -14.24332, -24.63199, -38.31666, -15.20931, -15.50594
-36.53412, -33.85018, -33.35749, -29.76168, -20.54970, -15.12805, -22.27481, -23.71801, -15.26218, -2.84288
-45.05311, -34.37523, -24.66778, -22.26792, -22.58792, -15.62729, -24.16461, -26.69058, -17.77280, -24.44508
-45.90127, -40.29541, -33.33307, -35.21159, -21.42622, -27.26419, -34.18916, -33.04397, -9.04964, -33.95614
-41.73022, -36.04339, -35.80561, -26.13152, -17.84869, -17.76041, -43.42675, -25.40951, -34.20209, -8.63532
-43.57134, -29.05757, -26.11698, -32.77734, -25.61071, -9.45429, -30.70579, -24.11227, -20.77538, -12.12949
-52.03402, -31.08981, -26.20684, -25.49652, -25.22420, -10.07084, -22.75509, -22.59515, -24.20773, -8.67363
-43.22963, -51.27452, -37.49222, -29.84445, -20.68485, -26.43035, -32.88142, -26.29151, -22.75695, -19.13085
-40.30102, -41.51518, -42.61495, -32.13317, -27.74652, -21.29176, -42.01965, -28.62488, -19.47409, -16.39204
-33.82752, -41.50197, -43.03743, -24.26544, -26.44352, -27.23204, -31.07340, -36.31747, -22.49442, -27.35457
-40.86448, -28.50859, -22.88948, -20.73933, -26.22365, -9.30984, -29.86269, -31.28891, -25.46274, -5.10056
-43.02099, -32.51805, -26.99452, -24.51752, -16.56999, -11.45738, -33.01855, -36.06347, -25.73920, -15.46990
-33.72517, -36.36146, -25.17829, -19.75505, -35.14781, -14.07734, -22.51402, -31.52903, -7.32612, -14.05810
-41.18865, -38.86560, -44.99963, -39.22383, -26.28302, -21.07058, -26.94098, -21.91924, -11.60629, -11.10797
-36.98698, -37.63274, -27.06038, -24.83499, -23.87766, -14.32418, -23.81039, -24.64599, -19.35708, -11.50016
-41.33020, -37.51540, -32.62955, -33.10586, -20.76552, -16.58870, -28.16020, -25.61424, -26.79544, -10.81690
-42.87171, -30.59156, -30.64971, -33.56983, -16.59901, -12.72329, -30.06068, -22.38344, -23.93048, -8.26614
-39.27881, -33.58943, -26.14844, -25.45945, -25.80709, -13.64252, -22.18647, -23.87083, -10.42229, -6.73689
-41.65394, -31.78613, -30.74034, -43.73629, -22.05250, -14.24451, -30.86553, -23.93243, -25.89709, -11.16960
-38.07233, -32.20431, -27.13833, -29.98358, -24.16736, -13.17426, -21.72617, -21.46552, -19.26779, -6.85734
-34.51335, -36.87376, -27.08288, -21.89679, -27.50612, -15.20816, -22.45726, -26.12593, -21.35564, -6.04933
-44.22253, -34.82002, -28.70565, -28.77151, -26.25861, -16.16952, -27.56591, -30.29025, -22.51635, -7.46973
-46.07040, -33.76407, -30.63390, -26.85177, -17.80905, -14.98190, -28.39337, -24.95438, -31.25717, -8.32357
-41.62040, -44.70836, -35.29715, -27.13881, -34.00076, -23.20323, -40.91844, -25.09988, -28.68579, -8.39728
-38.72904, -29.04671, -26.82625, -29.00839, -17.75680, -9.68259, -30.11550, -28.80518, -15.31716, -13.36327
-37.11942, -30.51551, -30.90837, -28.83450, -21.79686, -13.10481, -29.89881, -34.94580, -8.24558, -21.35918
-36.99912, -36.33711, -26.34827, -20.96664, -25.26767, -14.93333, -21.17529, -32.68251, -15.08675, -6.58574
-38.25542, -41.94475, -34.19315, -28.05729, -25.92664, -21.92284, -33.51548, -27.08496, -5.29059, -44.06302
-55.72079, -34.13962, -33.37524, -37.63428, -28.87150, -13.53722, -30.27898, -22.88839, -11.04299, -9.87653
-37.05985, -34.21982, -26.93964, -21.22017, -17.49339, -17.58898, -24.18953, -38.84824, -16.53322, -16.85611
-34.66789, -34.80379, -33.22244, -24.01436, -21.90807, -16.66305, -25.35021, -21.43369, -10.23151, -18.61319
-42.10659, -39.30413, -32.62795, -34.75444, -36.92466, -20.66255, -31.55070, -49.04650, -18.78023, -19.45373
-41.70464, -28.55556, -26.85353, -32.13652, -22.51643, -8.01963, -23.39567, -19.32685, -23.36861, -7.30320
-40.66666, -35.16638, -41.00750, -31.58619, -14.33790, -19.06688, -30.32165, -22.70206, -25.59103, -14.98300
-44.29898, -33.19944, -36.32809, -29.28999, -27.33012, -18.00814, -26.40094, -21.83541, -16.75193, -10.65178
-44.20095, -41.40784, -35.26522, -34.52891, -23.93439, -40.81667, -23.31190, -22.88936, -11.48398, -5.00676
-30.93067, -45.95779, -28.03071, -18.50996, -19.34382, -28.12147, -22.03535, -24.05122, -10.24849, -25.57105
-38.49353, -32.02078, -25.93823, -25.39811, -15.99503, -10.51750, -19.83151, -18.14031, -8.28166, -5.26882
-37.54438, -55.85739, -33.74039, -27.20318, -21.46357, -26.15476, -29.78462, -30.90941, -20.98790, -11.51285
-47.40163, -34.45694, -28.36978, -26.91032, -33.76017, -15.34210, -33.69750, -37.69944, -16.54506, -17.42329
-43.39517, -41.23120, -37.78184, -35.41456, -20.50144, -18.31926, -33.27031, -24.41776, -3.01289, -4.89312
-39.37467, -28.15039, -24.62770, -34.93193, -24.63605, -8.49160, -28.90218, -24.73939, -9.09819, -13.78168
-37.58526, -42.93079, -35.99931, -24.66605, -38.20890, -29.08531, -23.25553, -24.11500, -6.59164, -8.34877
-47.04137, -34.16584, -30.82329, -34.33339, -28.21240, -13.68825, -28.62022, -25.23914, -26.52857, -12.16500
-43.65020, -36.40135, -33.55534, -28.99132, -30.91292, -17.69293, -33.04481, -25.46217, -24.45810, -8.31665
-39.72433, -31.32948, -30.16020, -32.94216, -25.99256, -12.48637, -28.50803, -23.22932, -12.45207, -12.54325
-43.66877, -30.70777, -30.29809, -37.95130, -19.62545, -12.36666, -30.96870, -22.70746, -27.32265, -7.31886
-47.31326, -35.31575, -30.66296, -31.82683, -15.50658, -14.89795, -28.07282, -23.68628, -18.67353, -17.77749
-39.52009, -30.51613, -24.52757, -21.81656, -22.57405, -10.50610, -20.33182, -23.26560, -8.64225, -2.30406
-42.01171, -46.88631, -36.76492, -31.84652, -28.23720, -25.60589, -34.72458, -33.38841, -23.52522, -15.35643
-45.77260, -42.17717, -48.11267, -38.95034, -30.29187, -20.58025, -38.24481, -28.09412, -9.49660, -15.98747
-37.00568, -32.83853, -25.38995, -21.31474, -31.06806, -13.04569, -24.29039, -30.16431, -15.85860, -15.53879
-45.36038, -28.75793, -25.00493, -24.70748, -17.20391, -7.15730, -22.86964, -19.14108, -14.77397, -7.20547
-48.32463, -29.28761, -22.98738, -23.57838, -22.76384, -8.53997, -19.04410, -19.36878, -11.39351, -5.89761
-42.08964, -45.20593, -35.25808, -33.20223, -47.39837, -23.39665, -29.84193, -28.08676, -8.65586, -12.30974
-33.82157, -36.22729, -27.63310, -20.58193, -22.18475, -16.91377, -26.00206, -36.92299, -7.68638, -18.24678
-47.34416, -29.59468, -25.74453, -30.81445, -20.77981, -11.98148, -26.69656, -22.60180, -30.10930, -15.11052
-53.60915, -49.56402, -36.11372, -37.42897, -30.26120, -24.97782, -36.77377, -25.64062, -23.99630, -14.38580
-56.14401, -47.08290, -53.53278, -38.83848, -24.77499, -26.90411, -34.51851, -28.24973, -10.28261, -17.91969
-48.09124, -45.66990, -41.15066, -35.75376, -17.61151, -34.10210, -43.86041, -41.34553, -36.56500, -23.57701
-36.69536, -33.60873, -32.62675, -33.57256, -26.99756, -13.52385, -31.16872, -23.57430, -16.97098, -7.03537
-43.17738, -41.02956, -34.80734, -27.29079, -18.02432, -19.23753, -37.30794, -30.13220, -21.10308, -10.31880
-38.33548, -32.99592, -31.85765, -34.84082, -24.31405, -12.05704, -28.95074, -23.72837, -13.81229, -6.45926
-36.52735, -37.64219, -36.17498, -26.13712, -26.13497, -28.00094, -30.17882, -36.37056, -19.14476, -25.72064
-47.66181, -31.06600, -26.59904, -27.33225, -23.86956, -10.70155, -23.16096, -24.82795, -22.55801, -4.82660
