0.681256,0.775027,0.215623,0.624416,0.153079,0.489674
0.349389,0.135710,0.550121,0.250979,0.577639,0.441462
0.804228,0.595645,0.913738,0.706916,0.697170,0.315878
0.579676,0.714700,0.570204,0.179467,0.335429,0.530645
0.087201,0.787113,0.446653,0.713029,0.858117,0.764302
0.846225,0.864700,0.233103,0.485344,0.220573,0.454131
0.737287,0.823637,0.235124,0.522011,0.091136,0.333626
0.698854,0.665239,0.263884,0.486148,0.169583,0.403611
0.770332,0.774901,0.165992,0.677929,0.207789,0.364938
0.216947,0.880043,0.411790,0.899221,0.725202,0.820934
0.922530,0.604635,0.934776,0.778568,0.772950,0.249088
0.424604,0.868952,0.556405,0.363316,0.304174,0.520232
0.901095,0.585570,0.812236,0.702985,0.657957,0.370704
1.000000,0.505990,0.759164,0.733198,0.652909,0.299889
0.295030,0.272747,0.542570,0.118418,0.609849,0.401580
0.627945,0.859160,0.541764,0.189724,0.308531,0.483937
0.944874,0.581240,0.819615,0.592411,0.729717,0.272304
0.376852,0.162208,0.579286,0.345586,0.686276,0.492722
0.579157,0.813841,0.563399,0.258837,0.309023,0.570399
0.792437,0.316379,0.436107,0.387298,0.677778,0.277754
0.222246,0.812299,0.456595,0.664177,0.699863,0.744729
0.865138,0.183892,0.480943,0.361432,0.689682,0.208557
0.953784,0.113304,0.365616,0.403792,0.693571,0.172103
0.208510,0.841437,0.389372,0.833574,0.667067,0.797675
0.581686,0.830192,0.432066,0.212405,0.239381,0.461712
0.581341,0.832107,0.579767,0.204591,0.221204,0.575354
0.560433,0.739213,0.571075,0.211457,0.226084,0.458632
0.479160,0.932836,0.514635,0.226979,0.185424,0.569464
0.779889,0.795860,0.214677,0.681413,0.199164,0.405758
0.393678,0.784027,0.572584,0.218114,0.300493,0.579440
0.791613,0.866474,0.291258,0.578703,0.155556,0.480821
0.883930,0.103560,0.429731,0.501550,0.826355,0.281396
0.344840,0.200819,0.423256,0.360976,0.733085,0.497886
0.596599,0.880459,0.506359,0.216718,0.305572,0.522149
0.938935,0.218397,0.372719,0.415034,0.673675,0.316127
0.108156,0.830732,0.466976,0.710730,0.587236,0.737890
0.309902,0.257067,0.514106,0.284546,0.696187,0.425151
0.886226,0.879306,0.261232,0.583474,0.272234,0.405246
0.789956,0.174531,0.402061,0.487154,0.789040,0.355884
0.252916,0.175272,0.534608,0.154112,0.674309,0.524456
0.545033,0.807648,0.561494,0.284997,0.271780,0.628937
0.872893,0.111221,0.295751,0.485338,0.718953,0.304348
0.169012,0.218941,0.376769,0.224788,0.662626,0.479152
0.708240,0.984370,0.194429,0.547632,0.281877,0.449460
0.298970,0.259385,0.507299,0.307768,0.834685,0.424874
0.186749,0.868828,0.397164,0.884399,0.684762,0.680322
0.822401,0.178458,0.420077,0.470683,0.750433,0.368999
0.167611,0.851068,0.450969,0.695056,0.798707,0.801017
0.255846,0.878530,0.479738,0.810310,0.688898,0.678228
0.791070,0.449808,0.930661,0.522369,0.582517,0.338456
0.775271,0.769281,0.219564,0.526483,0.122413,0.377721
0.719553,0.179912,0.318535,0.453727,0.661519,0.292318
0.284848,0.123551,0.593184,0.309819,0.687192,0.471537
0.743763,0.163849,0.258565,0.487045,0.716918,0.304881
0.772386,0.277443,0.402377,0.383152,0.707733,0.218176
0.169326,0.759268,0.524684,0.988363,0.785660,0.722140
0.856869,0.178614,0.244802,0.521920,0.648302,0.137817
0.266026,0.864511,0.418106,0.831595,0.599066,0.771959
0.917464,0.140674,0.331303,0.487197,0.655378,0.510095
0.518390,0.792179,0.518108,0.262539,0.168302,0.402699
0.469550,0.789385,0.485922,0.227753,0.232292,0.481943
0.657873,0.878399,0.299770,0.532266,0.192928,0.405286
0.313320,0.775448,0.430464,0.762748,0.740630,0.758221
0.199118,0.866511,0.598447,0.796073,0.674978,0.816029
0.818862,0.187662,0.365084,0.463287,0.650858,0.293227
0.767329,0.133145,0.349970,0.442958,0.744786,0.352125
0.894506,0.064129,0.384008,0.396464,0.648395,0.282427
0.199670,0.777767,0.480092,0.774349,0.781165,0.722509
0.224915,0.861104,0.364667,0.820450,0.729884,0.758118
0.819533,0.786720,0.321887,0.534826,0.032930,0.464756
0.252083,0.247940,0.569105,0.278391,0.587038,0.492225
0.190617,0.787395,0.590527,0.909570,0.621172,0.760074
0.554615,0.879141,0.536940,0.163913,0.153286,0.533060
0.732638,0.857488,0.401579,0.489091,0.141597,0.348575
0.171440,0.967535,0.416477,0.916375,0.652877,0.821444
0.202864,0.859472,0.402982,0.800332,0.572480,0.790422
0.745925,0.645617,0.782018,0.651909,0.813689,0.282768
0.727739,0.813680,0.230406,0.596175,0.219895,0.492918
0.288940,0.305706,0.550985,0.306211,0.640234,0.462977
0.654202,0.715173,0.442199,0.264885,0.413742,0.616877
0.234446,0.175987,0.507592,0.376235,0.765256,0.399041
0.876173,0.229054,0.321555,0.608628,0.699601,0.190255
0.643986,0.787933,0.155366,0.579992,0.113774,0.447454
0.785114,0.465290,0.776888,0.582062,0.626296,0.253463
0.472663,0.797696,0.509445,0.171145,0.191055,0.501344
0.646187,0.615894,0.751091,0.459628,0.531675,0.327363
0.092112,0.791601,0.431458,0.821692,0.801993,0.766797
0.895536,0.326423,0.308387,0.396675,0.673412,0.422057
0.471244,0.789524,0.486953,0.053814,0.202155,0.424890
0.549827,0.721131,0.473272,0.221234,0.343487,0.513752
0.751729,0.842260,0.175447,0.543559,0.219820,0.423529
0.408910,0.184225,0.672039,0.241568,0.758422,0.512386
0.485322,0.850891,0.451264,0.304347,0.341481,0.665896
0.829174,0.627193,0.911123,0.662187,0.619178,0.218903
0.190586,0.769752,0.526505,0.771714,0.639492,0.881522
0.829117,0.132737,0.225586,0.428354,0.627262,0.306607
0.117797,0.881426,0.506223,0.782675,0.704809,0.601455
0.485448,0.864093,0.446835,0.250320,0.271351,0.618090
0.409320,0.241608,0.587156,0.238305,0.829544,0.309482
0.210149,0.000000,0.523891,0.307176,0.741988,0.570349
0.529252,0.821780,0.602922,0.272808,0.410116,0.581533
0.827427,0.644222,0.778280,0.678347,0.604247,0.339042
0.680128,0.734570,0.905303,0.682793,0.837500,0.309613
0.865862,0.173032,0.286917,0.567782,0.621143,0.176708
0.854244,0.059938,0.403575,0.450510,0.641463,0.188799
0.277467,0.247253,0.617708,0.229703,0.644436,0.308286
0.913034,0.185161,0.332343,0.436866,0.655830,0.295002
0.737475,0.504149,0.890151,0.569669,0.668282,0.309220
0.171845,0.798724,0.547747,0.808449,0.747355,0.775442
0.882997,0.151456,0.289806,0.502747,0.736911,0.335086
0.717259,0.472351,0.914141,0.563123,0.653030,0.401469
0.606531,0.819936,0.494503,0.267299,0.285763,0.555315
0.501867,0.814019,0.680319,0.277360,0.232781,0.449784
0.812936,0.213089,0.315605,0.392498,0.711468,0.274062
0.927289,0.171037,0.320535,0.492110,0.692996,0.416394
0.863742,0.172941,0.282028,0.552659,0.660337,0.357502
0.295917,0.275930,0.576152,0.291977,0.613309,0.535795
0.535918,0.764624,0.445472,0.267608,0.223372,0.576784
0.468431,0.749266,0.600411,0.191719,0.269779,0.579873
0.123504,0.183281,0.639021,0.252620,0.575815,0.359033
0.866251,0.423629,0.821328,0.734447,0.631681,0.285710
0.329611,0.224969,0.594561,0.298641,0.517157,0.427468
0.868561,0.501473,0.844139,0.631716,0.642202,0.339408
0.654932,0.917597,0.619930,0.087273,0.182430,0.606555
0.845549,0.535999,0.882784,0.629341,0.576668,0.323315
0.176900,0.831818,0.510571,0.733104,0.730180,0.860637
0.861974,0.023824,0.380902,0.478159,0.720087,0.284484
0.924460,0.639119,0.924398,0.620499,0.619847,0.366568
0.670078,0.963056,0.265679,0.623697,0.179817,0.431473
0.230620,0.717137,0.459704,0.723608,0.749166,0.713465
0.819287,0.865383,0.328848,0.566780,0.033686,0.416980
0.184857,0.870397,0.495502,0.949414,0.716283,0.627914
0.923022,0.569655,0.899822,0.687104,0.637669,0.366194
0.783805,0.829695,0.201272,0.634060,0.173897,0.414468
0.733562,0.894163,0.315910,0.527037,0.161720,0.486929
0.427825,0.239776,0.632566,0.346396,0.675095,0.492787
0.600701,0.797658,0.519060,0.276111,0.236144,0.618603
0.809936,0.384904,0.855027,0.694824,0.685888,0.311147
0.783217,0.547937,0.783331,0.491138,0.670590,0.232350
0.642054,0.828647,0.141548,0.463038,0.244474,0.440857
0.799053,0.157448,0.258060,0.505504,0.593021,0.358593
0.588594,0.864347,0.414299,0.353406,0.274351,0.460078
0.424907,0.720497,0.528328,0.121713,0.246517,0.519070
0.816187,0.196147,0.491180,0.334480,0.636074,0.279557
0.573369,0.740530,0.509299,0.274047,0.321492,0.612065
0.490408,0.866416,0.644065,0.219658,0.294265,0.441886
0.513188,0.895338,0.618891,0.244281,0.380674,0.513557
0.873724,0.839044,0.317351,0.689278,0.142691,0.321996
0.771751,0.217746,0.269083,0.471341,0.699093,0.157436
0.298847,0.283639,0.495762,0.268932,0.779444,0.545182
0.841204,0.198484,0.373356,0.465681,0.592187,0.341235
0.161724,0.898374,0.501904,0.963674,0.721130,0.707230
0.492576,0.819960,0.544705,0.254200,0.213341,0.565376
0.765753,0.878264,0.337224,0.512113,0.055289,0.399493
0.858763,0.223282,0.355974,0.414346,0.639174,0.384472
0.582677,0.735017,0.505945,0.331573,0.340813,0.592094
0.982947,0.243341,0.401184,0.471233,0.767219,0.258607
0.804350,0.182323,0.395837,0.413802,0.718490,0.322864
0.569945,0.749489,0.618224,0.173979,0.289125,0.616182
0.581611,0.683001,0.484870,0.249788,0.237423,0.720140
0.186220,0.795597,0.400765,0.808353,0.728790,0.715328
0.713014,0.740483,0.179994,0.614455,0.208170,0.396572
0.142942,0.851603,0.365321,0.816410,0.587949,0.773097
0.805693,0.157557,0.281864,0.528707,0.803461,0.379390
0.363712,0.248762,0.547823,0.268424,0.775147,0.367865
0.913659,0.657381,0.236644,0.555562,0.100601,0.440103
0.885774,0.569372,0.774403,0.666194,0.639155,0.392773
0.835055,0.555724,0.850010,0.632321,0.712051,0.350812
0.810877,0.181942,0.518374,0.411610,0.751456,0.385930
0.795817,0.197549,0.182519,0.430837,0.843231,0.388188
0.771035,0.914287,0.317402,0.648050,0.148541,0.284964
0.667443,0.837701,0.222815,0.519969,0.213636,0.366419
0.739382,0.106617,0.363765,0.527775,0.707510,0.462340
0.707393,0.843454,0.248947,0.545633,0.171648,0.343680
0.055144,0.763697,0.530287,0.759724,0.683078,0.851847
0.182080,0.104834,0.638868,0.198250,0.718946,0.444939
0.192754,0.822057,0.558574,0.720318,0.717800,0.831619
0.847008,0.615264,0.791969,0.632585,0.614425,0.291978
0.221395,0.169465,0.607502,0.317286,0.632242,0.535816
0.819875,0.575456,0.763359,0.653309,0.649371,0.247131
