0.492650,0.329892,0.515856,0.713623,0.189541,0.185023,0.688457,0.824538,0.246225,0.588527,0.832933,0.354005
0.490396,0.543540,0.477100,0.171235,0.759016,0.782977,0.408251,0.438963,0.523493,0.248712,0.346445,0.319680
0.593461,0.305433,0.469261,0.784762,0.206420,0.306954,0.693320,0.692466,0.278649,0.554028,0.782591,0.363528
0.339864,0.263819,0.359969,0.835539,0.661013,0.309231,0.638597,0.502059,0.554413,0.834623,0.741227,0.451143
0.768408,0.101371,0.240724,0.350392,0.664264,0.880292,0.721604,0.803880,0.306763,0.638513,0.469488,0.258508
0.491219,0.695880,0.564073,0.088531,0.532788,0.469879,0.400059,0.448453,0.447942,0.479631,0.167060,0.263412
0.761503,0.351685,0.818776,0.483717,0.716100,0.524876,0.640292,0.218507,0.327954,0.472673,0.801932,0.233190
0.690488,0.301381,0.467408,0.905464,0.209326,0.135332,0.707106,0.695742,0.185934,0.601493,0.748720,0.291182
0.207478,0.288386,0.333473,0.868406,0.714199,0.290629,0.828105,0.427202,0.347230,0.799652,0.764442,0.415536
0.480036,0.330702,0.494865,0.717748,0.206157,0.347612,0.638435,0.736537,0.343649,0.558601,0.853199,0.243105
0.317038,0.848655,0.790683,0.565680,0.729185,0.419083,0.331189,0.554213,0.502164,0.287237,0.360089,0.909946
0.404387,0.397933,0.298945,0.378520,0.685521,0.147176,0.589948,0.522373,0.277399,0.353477,0.258405,0.701185
0.318568,0.787480,0.714374,0.516121,0.605900,0.395083,0.137950,0.527148,0.535515,0.357382,0.600392,0.878665
0.244030,0.401611,0.216872,0.421313,0.809459,0.205887,0.649769,0.652065,0.142870,0.353105,0.123640,0.852410
0.795113,0.313488,0.247561,0.276974,0.546332,0.881293,0.367527,0.426460,0.530677,0.378635,0.522824,0.561976
0.393509,0.536101,0.594553,0.265638,0.894306,0.817569,0.644368,0.512649,0.456369,0.361264,0.350228,0.284199
0.315448,0.489605,0.214598,0.311062,0.716841,0.294854,0.506147,0.567866,0.256243,0.353736,0.081491,0.697348
0.910741,0.403053,0.147113,0.307483,0.744512,0.875339,0.348966,0.377797,0.492579,0.356333,0.413798,0.719788
0.831340,0.275438,0.166327,0.196710,0.674381,0.749554,0.371522,0.404383,0.422088,0.393221,0.471948,0.735296
0.308737,0.688195,0.202339,0.446897,0.595857,0.586519,0.599647,0.329025,0.722863,0.831327,0.598025,0.765079
0.807688,0.201126,0.763327,0.505561,0.584890,0.506234,0.578481,0.116985,0.398344,0.366134,0.787878,0.342209
0.845506,0.365472,0.225714,0.378767,0.760002,0.933600,0.240837,0.428598,0.612601,0.379517,0.605906,0.575706
0.826144,0.122636,0.173164,0.362779,0.581817,0.741938,0.825145,0.786714,0.172482,0.611375,0.490434,0.370680
0.739110,0.114978,0.171436,0.357812,0.693168,0.857246,0.737455,0.843902,0.325769,0.679342,0.545975,0.296417
0.557060,0.393888,0.340064,0.786507,0.204733,0.184766,0.644962,0.597652,0.332000,0.554323,0.722945,0.269989
0.360190,0.611415,0.268348,0.601774,0.619048,0.586259,0.502895,0.426270,0.686386,0.775241,0.597644,0.743549
0.510109,0.528265,0.500077,0.863052,0.158529,0.236730,0.681963,0.639546,0.219248,0.411757,0.771498,0.314105
0.580008,0.307657,0.468311,0.738987,0.204548,0.351889,0.598537,0.875498,0.242716,0.502441,0.808681,0.401139
1.000000,0.149953,0.888019,0.375276,0.582946,0.684564,0.644421,0.244656,0.317288,0.589164,0.652332,0.361538
0.806333,0.242980,0.060312,0.466424,0.626145,0.910869,0.898489,0.811419,0.286398,0.621822,0.525549,0.233139
0.555520,0.518327,0.438729,0.135870,0.492948,0.446786,0.372907,0.389738,0.488126,0.518957,0.162797,0.324352
0.266136,0.191169,0.203496,0.681444,0.770663,0.432879,0.694488,0.488852,0.409144,0.912229,0.696478,0.393571
0.367426,0.731185,0.829720,0.759643,0.384503,0.688993,0.478470,0.413360,0.260561,0.392277,0.164601,0.515526
0.537440,0.681525,0.583978,0.190769,0.390385,0.494442,0.352369,0.333269,0.671139,0.470917,0.196014,0.268451
0.422695,0.706287,0.681651,0.768719,0.417693,0.522668,0.458321,0.306319,0.286560,0.313601,0.181827,0.535531
0.494216,0.335388,0.444721,0.721032,0.180018,0.265707,0.671148,0.606572,0.212989,0.535768,0.891427,0.322762
0.362776,0.753054,0.841217,0.606066,0.543620,0.417265,0.281052,0.477094,0.664529,0.157344,0.526611,0.845691
0.383421,0.707697,0.387720,0.628011,0.624283,0.704451,0.609351,0.346925,0.669476,0.750667,0.546924,0.777673
0.465953,0.566835,0.298403,0.616099,0.622393,0.808905,0.474519,0.402680,0.645033,0.761741,0.626340,0.854638
0.232309,0.835731,0.849706,0.580377,0.656177,0.377761,0.278598,0.423940,0.606912,0.259125,0.501440,0.731516
0.296366,0.466592,0.171606,0.457762,0.767456,0.214211,0.622172,0.569355,0.278420,0.422802,0.192721,0.790006
0.588653,0.284214,0.471673,0.679825,0.190430,0.196557,0.498420,0.737229,0.233625,0.556028,0.978103,0.538052
0.396241,0.617196,0.582379,0.255854,0.809667,0.780807,0.457439,0.313554,0.498718,0.304802,0.428525,0.357026
0.333974,0.588798,0.427386,0.551979,0.715154,0.613300,0.615237,0.333010,0.680208,0.598281,0.648041,0.755922
0.332002,0.271369,0.369369,0.882704,0.702005,0.337132,0.740076,0.393286,0.425470,0.726703,0.647243,0.383478
0.458542,0.718446,0.789646,0.728723,0.415233,0.532446,0.447855,0.392393,0.326204,0.327495,0.213845,0.522168
0.180154,0.393614,0.372552,0.431517,0.620324,0.137818,0.592067,0.582048,0.291054,0.540947,0.079249,0.854766
0.331386,0.497163,0.260132,0.680842,0.649354,0.707457,0.468579,0.288616,0.618384,0.848226,0.454388,0.748360
0.756748,0.208531,0.843836,0.556186,0.717508,0.531938,0.622764,0.136532,0.308153,0.582298,0.722977,0.333304
0.632940,0.754563,0.648076,0.182922,0.475042,0.490198,0.432935,0.418960,0.550827,0.388622,0.215173,0.320630
0.839016,0.380184,0.281025,0.358640,0.541507,0.887762,0.811617,0.941192,0.255249,0.642404,0.512238,0.150759
0.442089,0.556027,0.689565,0.249894,0.923224,0.670518,0.536181,0.517639,0.339043,0.439230,0.357417,0.346734
0.733810,0.300216,0.114784,0.220546,0.816437,0.946915,0.340953,0.268623,0.544234,0.319788,0.577914,0.695564
0.514188,0.427496,0.726711,0.717919,0.385775,0.555985,0.643217,0.430954,0.355414,0.417310,0.548260,0.540873
0.818365,0.113093,0.590795,0.705930,0.810891,0.516980,0.493005,0.163770,0.352396,0.508196,0.744906,0.465569
0.764834,0.359020,0.739852,0.572904,0.671233,0.644867,0.577968,0.170276,0.336385,0.429736,0.657006,0.397110
0.166624,0.441772,0.183053,0.303696,0.782653,0.114227,0.588967,0.658061,0.226560,0.444701,0.207990,0.850664
0.524572,0.604987,0.515305,0.122094,0.304895,0.442284,0.324447,0.365456,0.307086,0.442919,0.291409,0.329168
0.266930,0.146904,0.244067,0.965164,0.691154,0.210111,0.763552,0.356440,0.412874,0.757034,0.654219,0.312545
0.555150,0.617857,0.522942,0.241817,0.506390,0.495080,0.427237,0.280028,0.494191,0.469212,0.135360,0.469577
0.548411,0.553600,0.619623,0.231135,0.874313,0.839839,0.574685,0.394776,0.408902,0.316091,0.389218,0.453929
0.789170,0.178389,0.115480,0.354499,0.574760,0.858831,0.844612,0.952716,0.193031,0.625473,0.428902,0.243889
0.883355,0.261201,0.664765,0.480244,0.653427,0.523437,0.466619,0.111063,0.327652,0.405296,0.654559,0.327738
0.262253,0.811694,0.843348,0.617688,0.637229,0.438208,0.104262,0.574787,0.469644,0.241834,0.487909,0.771359
0.285752,0.206497,0.408822,0.717615,0.723314,0.242301,0.654034,0.437996,0.397216,0.842400,0.715877,0.338043
0.563465,0.680290,0.623757,0.211609,0.421374,0.443342,0.549173,0.500075,0.561570,0.414970,0.221112,0.348610
0.304700,0.260098,0.212689,0.837886,0.712828,0.428719,0.679661,0.349707,0.451532,0.753255,0.720864,0.370336
0.413114,0.588857,0.390653,0.645330,0.697968,0.688495,0.597588,0.356969,0.632605,0.768379,0.495668,0.833603
0.788772,0.172920,0.115579,0.320762,0.757809,0.903574,0.339816,0.412645,0.619074,0.340347,0.437291,0.615919
0.398250,0.760534,0.731605,0.618795,0.752656,0.502900,0.260427,0.521275,0.623101,0.226365,0.593352,0.890961
0.296426,0.798842,0.831403,0.802156,0.431255,0.555389,0.313615,0.419411,0.226945,0.329279,0.200700,0.402242
0.403398,0.394042,0.748183,0.639364,0.472683,0.597857,0.442341,0.295294,0.290844,0.316309,0.477851,0.565872
0.314316,0.594830,0.372870,0.599863,0.749913,0.697500,0.590735,0.361415,0.671598,0.782799,0.615596,0.832219
0.749031,0.154315,0.230480,0.305824,0.590731,0.729413,0.882234,0.930916,0.207947,0.511784,0.413244,0.341205
0.309973,0.599541,0.327899,0.600400,0.605317,0.602790,0.547907,0.318202,0.576046,0.819918,0.525044,0.755315
0.483420,0.422816,0.387311,0.779564,0.122188,0.174139,0.594149,0.795180,0.127180,0.577583,0.782833,0.388849
0.184049,0.380154,0.100126,0.383170,0.781859,0.249316,0.522127,0.516486,0.315234,0.490459,0.234404,0.738315
0.313765,0.671839,0.870220,0.741609,0.537297,0.449372,0.349021,0.295891,0.401838,0.341399,0.170752,0.562901
0.585118,0.292651,0.487357,0.714889,0.264599,0.266696,0.481193,0.680013,0.191849,0.637534,0.698003,0.268669
0.493398,0.571267,0.490008,0.196307,0.514636,0.484602,0.401715,0.424906,0.468452,0.545759,0.197340,0.469579
0.506686,0.398117,0.442539,0.761008,0.197448,0.235271,0.797620,0.733988,0.323387,0.422975,0.746739,0.336621
0.331853,0.551686,0.579119,0.174833,0.759201,0.777245,0.643357,0.331905,0.427859,0.343323,0.458552,0.268558
0.882506,0.103061,0.224850,0.422690,0.499573,0.717272,0.691814,0.899861,0.261774,0.496615,0.599011,0.395444
0.792794,0.279321,0.143954,0.216526,0.806913,0.885272,0.354930,0.383638,0.616465,0.356119,0.410034,0.673189
0.462635,0.405385,0.660827,0.810642,0.381712,0.783355,0.453033,0.391673,0.219269,0.403257,0.633349,0.630667
0.415810,0.773950,0.564038,0.324904,0.405103,0.522024,0.524893,0.346806,0.427534,0.444585,0.168940,0.337490
0.307601,0.817661,0.733328,0.585507,0.743358,0.445456,0.241692,0.634151,0.454822,0.134065,0.476017,0.871612
0.200718,0.209354,0.267838,0.871882,0.623354,0.290566,0.764207,0.362248,0.505729,0.799401,0.692101,0.368151
0.383907,0.671921,0.224452,0.683729,0.735693,0.571185,0.659775,0.406429,0.542184,0.678143,0.599791,0.845472
0.259682,0.859788,0.704768,0.696390,0.579159,0.452009,0.195402,0.339211,0.448283,0.161475,0.568696,0.948156
0.512634,0.554640,0.693033,0.232133,0.875283,0.904784,0.643440,0.468825,0.429936,0.189531,0.405002,0.395845
0.797092,0.116991,0.163485,0.406721,0.560158,0.898115,0.818643,0.845612,0.232819,0.603279,0.490357,0.212245
0.791444,0.358673,0.176187,0.377098,0.714039,0.886749,0.307771,0.433641,0.416967,0.321439,0.457173,0.706825
0.347240,0.252851,0.177008,0.824546,0.699768,0.241634,0.806639,0.295944,0.342855,0.843729,0.783941,0.497499
0.819309,0.263140,0.144727,0.275091,0.829444,0.813274,0.199207,0.430725,0.496636,0.359969,0.453424,0.516374
0.793870,0.209529,0.183491,0.278939,0.579743,0.885688,0.781847,0.601595,0.139402,0.655057,0.487796,0.333227
0.545389,0.282467,0.728717,0.642522,0.364846,0.520596,0.527351,0.317411,0.175031,0.444091,0.564432,0.666193
0.865889,0.245937,0.242382,0.307389,0.621468,0.851262,0.756455,0.966752,0.284162,0.600402,0.557733,0.237433
0.264054,0.770032,0.874793,0.789841,0.493677,0.586219,0.369790,0.345161,0.308150,0.283497,0.210961,0.540631
0.402626,0.644892,0.523516,0.355608,0.821203,0.825214,0.571304,0.306812,0.476853,0.332427,0.270212,0.452301
0.338579,0.812054,0.755848,0.496745,0.601117,0.413969,0.175459,0.582746,0.432712,0.203085,0.553461,0.919439
0.343770,0.450103,0.750752,0.579970,0.458531,0.562035,0.511397,0.377988,0.198340,0.386791,0.447092,0.576943
0.811004,0.276430,0.212273,0.432794,0.540483,0.967868,0.897698,0.738407,0.162343,0.550200,0.532700,0.310739
0.513216,0.661657,0.501121,0.171984,0.342998,0.555232,0.492515,0.400988,0.508965,0.440009,0.181586,0.357839
0.220879,0.931272,0.651126,0.631613,0.621069,0.394921,0.269438,0.487328,0.647704,0.187699,0.563908,0.877187
0.491716,0.314246,0.383349,0.757137,0.115935,0.254309,0.664753,0.717233,0.250259,0.576310,0.876442,0.270081
0.783612,0.212953,0.696419,0.707311,0.638628,0.570017,0.600632,0.141712,0.412871,0.533710,0.604977,0.349580
0.823461,0.228837,0.833450,0.567624,0.637148,0.572758,0.678701,0.174944,0.367905,0.457590,0.626510,0.237270
0.378276,0.902085,0.793127,0.553452,0.555671,0.522679,0.163537,0.475893,0.603167,0.261506,0.627239,0.839755
0.262025,0.822239,0.788190,0.664031,0.712801,0.407190,0.342664,0.515252,0.540610,0.290438,0.533152,0.846008
0.490189,0.316436,0.463778,0.683276,0.202919,0.138699,0.431615,0.714704,0.168671,0.521321,0.642514,0.185031
0.583440,0.396004,0.453146,0.742660,0.157246,0.149889,0.648511,0.817186,0.280991,0.533568,0.748464,0.282195
0.354495,0.245867,0.236084,0.835234,0.767357,0.325299,0.674902,0.281071,0.476169,0.853870,0.804280,0.370959
0.946559,0.186185,0.796627,0.619559,0.759037,0.596392,0.490558,0.238189,0.279088,0.528470,0.684848,0.343605
0.764279,0.248886,0.236104,0.388725,0.799420,0.756405,0.201130,0.444370,0.619768,0.283307,0.474089,0.634857
0.571466,0.208971,0.408909,0.782659,0.135022,0.301039,0.534943,0.846465,0.309273,0.633302,0.831393,0.281701
0.333983,0.447329,0.237315,0.342922,0.777779,0.095400,0.530727,0.529944,0.138146,0.365748,0.123908,0.630386
0.405316,0.593581,0.224146,0.545354,0.619159,0.782828,0.631536,0.436476,0.566805,0.789317,0.591068,0.831261
0.416845,0.830028,0.927047,0.751389,0.508074,0.507033,0.427446,0.377493,0.277769,0.320191,0.194752,0.662658
0.741298,0.190356,0.226341,0.320406,0.488119,0.861342,0.896092,0.788945,0.291042,0.686597,0.470644,0.166240
0.465955,0.599813,0.681051,0.175300,0.365475,0.637014,0.441716,0.335764,0.383386,0.519967,0.104745,0.231078
0.810361,0.171666,0.096096,0.260338,0.802278,0.764349,0.371122,0.398642,0.567572,0.400099,0.467294,0.706077
0.432009,0.861802,0.792049,0.777606,0.360543,0.563009,0.457658,0.289781,0.297969,0.306087,0.261891,0.544200
0.730433,0.122932,0.243703,0.317393,0.622588,0.912896,0.814330,0.855559,0.327919,0.640502,0.442593,0.328604
0.513185,0.634893,0.544786,0.106878,0.495771,0.488535,0.431232,0.506494,0.498642,0.396128,0.130590,0.349837
0.706666,0.068190,0.140352,0.190199,0.531307,0.864835,0.813726,0.870035,0.246385,0.634853,0.587533,0.276791
0.384648,0.633179,0.249525,0.585867,0.733533,0.633937,0.527878,0.439366,0.597954,0.812713,0.612989,0.815943
0.426488,0.670364,0.487499,0.229285,0.446790,0.442110,0.625486,0.464099,0.496588,0.431267,0.126403,0.366506
0.554353,0.329867,0.456832,0.735370,0.134607,0.360181,0.646558,0.895442,0.374738,0.604940,0.767234,0.278808
0.280783,0.249020,0.385761,0.819160,0.706099,0.343619,0.601542,0.396563,0.475948,0.739437,0.718184,0.486521
0.820836,0.219143,0.826838,0.471539,0.550654,0.507345,0.580287,0.334576,0.300291,0.565040,0.706965,0.343856
0.813722,0.218684,0.704034,0.558987,0.615610,0.627320,0.634454,0.302094,0.274241,0.559866,0.649314,0.255917
0.309940,0.478261,0.321999,0.578015,0.548920,0.747818,0.480309,0.277826,0.570809,0.805913,0.698627,0.678214
0.425617,0.677875,0.526522,0.160724,0.439472,0.463166,0.431316,0.397005,0.379563,0.516457,0.193790,0.332281
0.424723,0.822753,0.780408,0.839004,0.449476,0.529667,0.508570,0.417770,0.300063,0.399297,0.245658,0.603242
0.350626,0.594101,0.495674,0.561498,0.668975,0.702002,0.508517,0.382881,0.681174,0.643695,0.565208,0.851912
0.398968,0.778720,0.813995,0.754140,0.424776,0.660672,0.555480,0.295106,0.295183,0.397595,0.201091,0.569911
0.544125,0.628688,0.578776,0.143154,0.496989,0.442346,0.495792,0.577117,0.433765,0.381442,0.207458,0.435664
0.833526,0.143663,0.803100,0.541470,0.671292,0.588531,0.573644,0.249913,0.234762,0.404896,0.626560,0.296329
0.393401,0.743709,0.823730,0.821404,0.435684,0.500092,0.507085,0.369877,0.309740,0.389724,0.257589,0.398951
0.713757,0.645732,0.548332,0.097822,0.384300,0.671685,0.379065,0.386635,0.675716,0.459021,0.317832,0.529240
0.242346,0.189482,0.358033,0.823715,0.772386,0.289751,0.697048,0.390673,0.454232,0.756066,0.756769,0.466948
0.323527,0.690447,0.295909,0.663381,0.795093,0.586806,0.598101,0.272995,0.645131,0.812167,0.540654,0.800919
0.810047,0.289435,0.158387,0.214756,0.442249,0.785389,0.833499,0.881636,0.174573,0.693128,0.494168,0.365179
0.401567,0.647954,0.232916,0.635744,0.600460,0.616720,0.587238,0.252321,0.558824,0.745634,0.655243,0.766524
0.396274,0.722383,0.826335,0.743172,0.428266,0.548625,0.395883,0.312048,0.246874,0.358511,0.155159,0.510557
0.456687,0.406489,0.785131,0.696858,0.434806,0.543410,0.575122,0.439187,0.277835,0.292860,0.432799,0.638054
0.433462,0.685089,0.901201,0.751341,0.501313,0.549790,0.383587,0.447187,0.366465,0.204246,0.301996,0.617374
0.482243,0.487128,0.403284,0.296637,0.827942,0.826201,0.580614,0.425543,0.354133,0.388821,0.332120,0.326745
0.412195,0.580023,0.522620,0.184501,0.457881,0.456947,0.397127,0.353910,0.636916,0.400251,0.266014,0.349222
0.773389,0.191772,0.666362,0.613258,0.676124,0.514543,0.600053,0.167779,0.366264,0.534237,0.674151,0.209332
0.571085,0.682238,0.539774,0.067170,0.467615,0.334010,0.480007,0.484492,0.405700,0.493179,0.276195,0.372544
0.333902,0.983353,0.792798,0.450470,0.709293,0.320773,0.213423,0.517237,0.468027,0.129843,0.463769,0.823942
0.315318,0.487194,0.233982,0.278582,0.694558,0.294789,0.487705,0.539156,0.349172,0.404487,0.330299,0.826000
0.778727,0.253456,0.161353,0.364288,0.843803,0.743979,0.301750,0.373162,0.615834,0.295874,0.519136,0.620767
0.813336,0.273390,0.250683,0.289507,0.813800,0.910477,0.242739,0.421136,0.586186,0.375831,0.536471,0.658784
0.552996,0.598409,0.600370,0.312949,0.743879,0.789486,0.610441,0.552652,0.361377,0.288584,0.443821,0.226550
0.732598,0.144438,0.131667,0.376137,0.631351,0.913596,0.785448,0.717782,0.369514,0.533900,0.637931,0.356070
0.404089,0.733456,0.883916,0.711640,0.475322,0.510987,0.448671,0.381469,0.276854,0.349085,0.025748,0.349740
0.396728,0.477961,0.633314,0.235049,0.848979,0.842101,0.562962,0.392614,0.354595,0.244931,0.310226,0.387489
0.363163,0.185772,0.309088,0.804009,0.796687,0.189622,0.637655,0.421165,0.548796,0.868828,0.857228,0.360964
0.449134,0.613788,0.470052,0.229932,0.753096,0.916866,0.577910,0.506180,0.389153,0.330132,0.455980,0.326739
0.903032,0.269822,0.275184,0.322565,0.771668,0.747473,0.348485,0.469822,0.558874,0.273337,0.451014,0.623360
0.265648,0.698856,0.321818,0.550202,0.621498,0.706989,0.647423,0.332995,0.641178,0.752435,0.676388,0.803633
0.726181,0.186384,0.220417,0.327502,0.483025,0.797602,0.808134,0.850947,0.150909,0.693016,0.599379,0.218036
0.627956,0.293322,0.647700,0.715191,0.695538,0.656456,0.445356,0.148157,0.279834,0.599718,0.697117,0.199864
0.502320,0.433092,0.710526,0.594877,0.461091,0.557388,0.553799,0.299394,0.325098,0.337941,0.495594,0.636481
0.718622,0.216992,0.691269,0.633990,0.634843,0.647795,0.514275,0.096582,0.147416,0.538388,0.598058,0.264208
0.462603,0.664342,0.478225,0.179595,0.437367,0.527861,0.424872,0.379344,0.581440,0.514328,0.186991,0.363368
0.566643,0.404610,0.446503,0.677989,0.135896,0.240818,0.647499,0.727963,0.263920,0.646350,0.754858,0.254261
0.385711,0.528907,0.524763,0.253111,0.782494,0.778131,0.503125,0.302177,0.505482,0.210211,0.343605,0.495216
0.378344,0.499378,0.323644,0.652466,0.760755,0.570771,0.491200,0.365337,0.666936,0.791612,0.589138,0.868331
0.444865,0.424768,0.132084,0.398075,0.536349,0.264077,0.483919,0.668056,0.332627,0.428801,0.188184,0.924630
0.248502,0.431602,0.293206,0.356122,0.670656,0.148357,0.520955,0.507737,0.185456,0.391244,0.220160,0.722067
0.319136,0.306371,0.155900,0.768274,0.632602,0.330736,0.742801,0.344440,0.405925,0.815647,0.629981,0.475668
0.438759,0.631291,0.535183,0.174870,0.513763,0.496457,0.493609,0.463396,0.568616,0.463726,0.283552,0.260287
0.809332,0.360060,0.206181,0.375348,0.526493,0.770037,0.782517,0.802306,0.158611,0.576144,0.397966,0.313003
0.489460,0.707862,0.373151,0.658620,0.635613,0.703968,0.490696,0.339859,0.693644,0.769197,0.550621,0.888053
0.345179,0.697610,0.286244,0.575825,0.665401,0.669598,0.507093,0.267134,0.582342,0.711064,0.599695,0.808603
0.453818,0.436115,0.664050,0.696985,0.482861,0.640439,0.525298,0.384323,0.337105,0.346880,0.455824,0.660227
0.555466,0.651282,0.508622,0.237717,0.877518,0.858679,0.652816,0.462928,0.480516,0.341121,0.415537,0.463641
0.499338,0.594726,0.485937,0.176468,0.445085,0.440100,0.358791,0.412181,0.552876,0.423420,0.299715,0.259378
0.508500,0.576868,0.504351,0.312971,0.507385,0.430006,0.358225,0.337113,0.562228,0.465552,0.280012,0.400559
0.400416,0.478897,0.206406,0.414642,0.639783,0.102020,0.493524,0.566086,0.252376,0.457835,0.206544,0.707082
0.606776,0.470291,0.456398,0.721298,0.156448,0.257646,0.690950,0.593715,0.251494,0.610095,0.817603,0.203910
0.712000,0.213448,0.280365,0.344948,0.636369,0.794085,0.858258,0.814876,0.260401,0.599011,0.497370,0.366943
0.862117,0.278865,0.183429,0.338949,0.749046,0.860416,0.260453,0.409023,0.609563,0.315002,0.424765,0.653383
0.352921,0.444580,0.211743,0.349748,0.752275,0.197226,0.538259,0.478488,0.259338,0.521981,0.126554,0.734226
0.772966,0.225637,0.911188,0.661848,0.665033,0.628233,0.632692,0.220623,0.199513,0.557998,0.645568,0.424956
0.354879,0.382633,0.428753,0.743001,0.676020,0.138312,0.794019,0.266596,0.525174,0.815633,0.688897,0.340271
0.784591,0.130741,0.885386,0.556206,0.590221,0.645207,0.392627,0.149866,0.297583,0.561656,0.743442,0.255604
0.778534,0.170254,0.227344,0.273652,0.569668,0.892021,0.950694,0.864095,0.149654,0.480964,0.647039,0.277756
0.960473,0.319872,0.201417,0.221497,0.872714,0.755102,0.433318,0.323984,0.495938,0.440512,0.556623,0.755478
0.469757,0.450327,0.743566,0.715173,0.474067,0.651576,0.549841,0.362946,0.231320,0.243729,0.480364,0.560463
0.308716,0.506893,0.224627,0.391625,0.662316,0.114090,0.699669,0.479055,0.375051,0.403012,0.195758,0.698264
0.279931,0.243077,0.246595,0.862363,0.729520,0.266186,0.653761,0.357104,0.428922,0.806894,0.841329,0.421105
0.483745,0.712494,0.573280,0.204093,0.303059,0.639457,0.453732,0.395584,0.634892,0.519379,0.243829,0.266693
0.542621,0.779240,0.879700,0.702056,0.309755,0.471633,0.413171,0.474282,0.264024,0.298979,0.223063,0.563459
0.811574,0.256030,0.122258,0.214842,0.816725,0.833421,0.408029,0.424719,0.562498,0.295801,0.459674,0.561889
0.412455,0.852945,0.772065,0.812283,0.388607,0.581466,0.385189,0.335229,0.397281,0.381508,0.219045,0.403693
0.598873,0.304962,0.503818,0.635403,0.145933,0.246028,0.744265,0.724387,0.371892,0.415133,0.708627,0.331839
0.359003,0.267778,0.388012,0.989786,0.549108,0.225234,0.654084,0.419104,0.553609,0.790769,0.670101,0.349143
0.227930,0.875813,0.711020,0.530363,0.720683,0.555230,0.268695,0.399736,0.511867,0.336613,0.451800,0.813926
0.799972,0.272248,0.135573,0.283087,0.543874,0.948798,0.820993,0.923868,0.270036,0.627482,0.492928,0.314056
0.301454,0.556166,0.269766,0.443744,0.749792,0.223158,0.486430,0.537042,0.244773,0.330490,0.184886,0.900788
0.377833,0.549446,0.605339,0.204636,0.804702,0.822679,0.543777,0.427802,0.318666,0.343499,0.335827,0.356366
0.871620,0.227497,0.157203,0.275484,0.809858,0.811380,0.404336,0.546644,0.441375,0.531766,0.464324,0.697474
0.861358,0.316078,0.103698,0.324615,0.780176,0.816939,0.179549,0.416467,0.668109,0.383401,0.371118,0.701561
0.740529,0.244559,0.794503,0.643452,0.646300,0.722918,0.554748,0.177546,0.224112,0.516635,0.697474,0.313825
0.286287,0.610610,0.250955,0.757994,0.650098,0.758281,0.644182,0.408205,0.675040,0.770724,0.573696,0.819275
0.394530,0.607112,0.181824,0.667063,0.641263,0.721621,0.533083,0.297961,0.575202,0.730220,0.734930,0.775165
0.478805,0.458901,0.184121,0.372059,0.700199,0.229218,0.536856,0.677603,0.179864,0.391582,0.269096,0.736203
0.531514,0.305893,0.506832,0.725987,0.069829,0.292473,0.472932,0.788562,0.335762,0.567680,0.722274,0.336943
0.232856,0.616241,0.348630,0.601483,0.766339,0.703870,0.568724,0.243786,0.647294,0.791310,0.553838,0.772758
0.447053,0.385698,0.684113,0.678150,0.335977,0.634246,0.449024,0.419561,0.289189,0.355470,0.461326,0.760023
0.349354,0.368955,0.777364,0.686889,0.281480,0.576964,0.503506,0.336181,0.213421,0.427452,0.576476,0.671543
0.805558,0.148625,0.687241,0.624383,0.830107,0.675444,0.628509,0.077810,0.312450,0.598308,0.677309,0.303389
0.755726,0.331589,0.108634,0.192437,0.851382,0.847417,0.401013,0.451912,0.596434,0.334902,0.526597,0.777373
0.180560,0.797168,0.782589,0.596884,0.593777,0.366327,0.177175,0.373596,0.479385,0.204222,0.570796,0.827210
0.243760,0.218994,0.289312,0.830798,0.756803,0.270942,0.736430,0.359565,0.505089,0.826391,0.683558,0.283661
0.313093,0.387604,0.236223,0.317435,0.662364,0.098983,0.732907,0.567135,0.124364,0.447508,0.303004,0.802402
0.311540,0.667875,0.262084,0.664301,0.733703,0.722976,0.428247,0.317108,0.723048,0.797661,0.534648,0.799185
0.104065,0.276464,0.230857,0.831419,0.684078,0.182806,0.820578,0.407045,0.410482,0.787438,0.839904,0.443006
0.302611,0.644159,0.406729,0.715212,0.734410,0.592590,0.664667,0.401515,0.729939,0.736406,0.640155,0.947940
0.524304,0.648717,0.551139,0.107607,0.465742,0.487258,0.543989,0.430898,0.576270,0.489998,0.220021,0.392185
0.203884,0.416675,0.092627,0.346505,0.685954,0.066613,0.659891,0.625560,0.187930,0.458384,0.123882,0.809249
0.350671,0.510847,0.064410,0.363510,0.682597,0.213997,0.462457,0.579101,0.258390,0.488584,0.222369,0.895431
0.466359,0.377111,0.736137,0.709226,0.451441,0.533861,0.684602,0.438095,0.249630,0.388483,0.512661,0.686029
0.801004,0.230975,0.831642,0.586107,0.570904,0.533244,0.494118,0.213758,0.409620,0.566134,0.520161,0.258836
0.385196,0.299053,0.693463,0.759045,0.439845,0.596362,0.529990,0.264037,0.289893,0.387836,0.551733,0.678729
0.865982,0.298010,0.816827,0.527019,0.738486,0.594709,0.598226,0.051614,0.310838,0.519927,0.640562,0.372238
0.767634,0.240745,0.180035,0.429929,0.565166,0.816357,0.850551,0.754607,0.138841,0.573077,0.539189,0.243875
0.407210,0.739449,0.802950,0.779401,0.360377,0.628043,0.402740,0.495110,0.362189,0.322050,0.289518,0.532171
0.518207,0.731719,0.526331,0.268814,0.441240,0.492569,0.444130,0.345933,0.404398,0.467441,0.236521,0.368017
0.305133,0.761189,0.808073,0.489539,0.741468,0.446357,0.260342,0.475514,0.529711,0.157533,0.622574,0.889839
0.414507,0.524025,0.640708,0.310832,0.750090,0.956988,0.525030,0.435496,0.305885,0.207975,0.319846,0.386106
0.829428,0.275425,0.144171,0.279441,0.782392,0.807467,0.225135,0.532267,0.546108,0.342304,0.303787,0.547871
0.539546,0.788945,0.914894,0.787858,0.513584,0.660935,0.408457,0.460807,0.358653,0.295917,0.144037,0.460574
0.136446,0.228738,0.356640,0.804157,0.768296,0.297328,0.755457,0.310283,0.393795,0.718037,0.779414,0.374633
0.650334,0.312124,0.194954,0.415481,0.480322,0.797465,0.894248,0.922682,0.193956,0.506524,0.497934,0.340678
0.816644,0.285604,0.214480,0.210445,0.636418,0.817718,0.264546,0.344507,0.555123,0.321110,0.494914,0.659850
0.954599,0.280885,0.208485,0.364540,0.810956,0.703983,0.277120,0.370441,0.562004,0.320768,0.483700,0.726071
0.806732,0.163810,0.781253,0.566351,0.588828,0.724807,0.507726,0.143450,0.418563,0.537372,0.643009,0.287881
0.300094,0.635350,0.372842,0.664904,0.726739,0.644189,0.569688,0.375832,0.723402,0.772853,0.633424,0.843973
0.467966,0.735488,0.518054,0.278782,0.429291,0.552710,0.479566,0.419884,0.441367,0.432623,0.197395,0.433851
0.424388,0.406458,0.668528,0.735226,0.342995,0.633088,0.556094,0.464356,0.218987,0.338319,0.509776,0.660516
0.643003,0.252152,0.601135,0.736889,0.163428,0.297024,0.671039,0.738931,0.279569,0.593171,0.870222,0.429171
0.779972,0.209331,0.728236,0.609757,0.704505,0.578634,0.533090,0.203892,0.344505,0.564261,0.660231,0.387426
0.780554,0.213515,0.286425,0.426243,0.677299,0.883213,0.791834,0.803481,0.283502,0.693591,0.542933,0.282777
0.255462,0.802030,0.860768,0.634141,0.738327,0.395965,0.288297,0.609504,0.613592,0.272467,0.556099,0.883544
0.791968,0.288939,0.110715,0.295934,0.698283,0.923375,0.272381,0.263975,0.555579,0.417551,0.424706,0.597184
0.543878,0.656606,0.560973,0.225936,0.432451,0.555142,0.428573,0.361270,0.350440,0.454167,0.312226,0.270586
0.518435,0.434507,0.780531,0.609511,0.298503,0.643218,0.613642,0.321527,0.220024,0.318113,0.359411,0.594035
0.920128,0.084438,0.729220,0.644678,0.707786,0.619773,0.595604,0.166578,0.333432,0.463019,0.762582,0.358216
0.319756,0.671551,0.720109,0.693210,0.441830,0.615280,0.492284,0.507100,0.280978,0.349990,0.197814,0.481353
0.230981,0.417582,0.107779,0.310662,0.680958,0.222886,0.457608,0.482916,0.213103,0.403646,0.339953,0.740670
0.588698,0.290876,0.440007,0.836764,0.192315,0.385621,0.602474,0.694984,0.112049,0.502566,0.733130,0.234342
0.571514,0.421882,0.711232,0.633394,0.349929,0.605715,0.589284,0.252499,0.251146,0.391002,0.412623,0.609079
0.308988,0.565636,0.275026,0.580298,0.735181,0.728838,0.557471,0.332237,0.529692,0.721405,0.633087,0.767253
0.313093,0.161156,0.358328,0.850290,0.649077,0.381073,0.668539,0.444545,0.343063,0.833361,0.761235,0.382609
0.511740,0.485271,0.525335,0.359321,0.405862,0.512064,0.436597,0.410885,0.453555,0.364969,0.316998,0.439841
0.628793,0.326547,0.478215,0.896313,0.115861,0.322134,0.475930,0.554341,0.315381,0.562232,0.735553,0.317111
0.296289,0.384073,0.188527,0.410170,0.861338,0.185136,0.589906,0.592414,0.160138,0.394387,0.114814,0.710391
0.501883,0.308955,0.802314,0.642427,0.462177,0.642333,0.519538,0.361544,0.206624,0.376138,0.481861,0.567796
0.623339,0.408703,0.493572,0.765179,0.192105,0.255791,0.601906,0.768858,0.197526,0.536556,0.858184,0.298069
0.835045,0.243675,0.114583,0.350774,0.745770,0.782537,0.355277,0.502051,0.609019,0.319949,0.460868,0.661096
0.810379,0.200900,0.788735,0.517161,0.856408,0.651141,0.538506,0.256583,0.240503,0.556776,0.689365,0.245594
0.348396,0.769551,0.716245,0.782107,0.399091,0.460909,0.464551,0.378258,0.282241,0.338097,0.242336,0.637037
0.497560,0.594893,0.562981,0.346937,0.905425,0.749643,0.653593,0.397719,0.364891,0.265307,0.514633,0.334388
0.310961,0.895717,0.887651,0.472835,0.644028,0.359167,0.193947,0.466580,0.537775,0.210049,0.642629,0.805559
0.442901,0.425667,0.709940,0.747765,0.362178,0.562046,0.610941,0.411370,0.325227,0.331626,0.485414,0.737434
0.483843,0.447248,0.589022,0.706329,0.370473,0.617202,0.615512,0.419631,0.336310,0.376236,0.446495,0.641265
0.355500,0.867528,0.817246,0.564852,0.628305,0.269621,0.229445,0.439717,0.521976,0.270551,0.512029,0.922146
0.419778,0.594073,0.347414,0.655337,0.735166,0.777462,0.647874,0.278574,0.601521,0.730889,0.603749,0.895286
0.414561,0.592331,0.537741,0.223833,0.874123,0.865784,0.598677,0.451334,0.392423,0.280374,0.389420,0.476027
0.615310,0.651164,0.497135,0.195475,0.417733,0.567238,0.477092,0.378946,0.498388,0.491900,0.250426,0.374074
0.323279,0.904763,0.957395,0.527932,0.571359,0.445898,0.175663,0.470450,0.467307,0.253108,0.445558,0.760760
0.302127,0.578856,0.321547,0.560131,0.761075,0.671829,0.591195,0.299355,0.668958,0.750170,0.621380,0.754533
0.299864,0.316979,0.341634,0.936823,0.647052,0.233184,0.800852,0.378460,0.513037,0.822350,0.745333,0.484240
0.272415,0.212747,0.256510,0.868328,0.709884,0.360874,0.717533,0.314056,0.451702,0.844288,0.708813,0.366798
0.422430,0.651730,0.802714,0.733404,0.414979,0.534346,0.459872,0.474956,0.340127,0.427808,0.229412,0.598148
0.294130,0.582252,0.273562,0.659508,0.672539,0.752177,0.585342,0.445398,0.672415,0.656591,0.528335,0.797269
0.883626,0.111594,0.235757,0.332134,0.466970,0.821711,0.814580,0.870335,0.313741,0.458827,0.455644,0.283522
0.340527,0.453695,0.709671,0.667012,0.335973,0.549453,0.648163,0.289933,0.281640,0.290209,0.510668,0.724004
0.230151,0.869872,0.836379,0.568092,0.610815,0.382370,0.458848,0.438405,0.481837,0.279455,0.395208,0.728187
0.342839,0.756536,0.259590,0.569889,0.746579,0.575989,0.590347,0.411206,0.746378,0.683372,0.644526,0.787794
0.410948,0.581865,0.561322,0.316441,0.723193,0.843914,0.574598,0.426019,0.423608,0.404697,0.334348,0.340612
0.780249,0.116812,0.789598,0.565309,0.561486,0.533860,0.493170,0.149031,0.394331,0.525581,0.784467,0.284650
0.439687,0.453153,0.743531,0.649100,0.421826,0.676137,0.614485,0.538968,0.256612,0.379935,0.419036,0.633617
0.231961,0.781751,0.738237,0.729255,0.415610,0.647852,0.471493,0.495122,0.276229,0.348296,0.254600,0.658484
0.471674,0.558203,0.507288,0.374845,0.578494,0.838747,0.559828,0.285247,0.373893,0.345198,0.416935,0.327658
0.700380,0.302187,0.807475,0.585327,0.632910,0.613097,0.508761,0.159671,0.242588,0.557130,0.634079,0.388787
0.299369,0.621647,0.903712,0.826464,0.391661,0.490592,0.423485,0.491063,0.263855,0.358489,0.110044,0.350361
0.399499,0.916347,0.812178,0.642808,0.405863,0.438364,0.545418,0.369263,0.296416,0.254602,0.191995,0.404980
0.899254,0.158005,0.655681,0.527188,0.682135,0.611767,0.652620,0.200840,0.309139,0.648548,0.581420,0.342209
0.429947,0.535880,0.236436,0.716339,0.751146,0.677214,0.616001,0.466296,0.565021,0.742116,0.534113,0.920417
0.422351,0.613714,0.525756,0.316812,0.838767,0.777260,0.440528,0.438810,0.380795,0.312644,0.382339,0.252588
0.372190,0.826162,0.859396,0.783870,0.483569,0.622675,0.378681,0.475826,0.151001,0.332817,0.239402,0.547635
0.512437,0.585948,0.552495,0.114609,0.523943,0.455490,0.449598,0.448834,0.517706,0.441588,0.148599,0.289842
0.350673,0.833413,0.737738,0.747109,0.463247,0.591868,0.415254,0.395456,0.386835,0.339658,0.166957,0.424775
0.455501,0.546388,0.534373,0.222304,0.753312,0.754029,0.513381,0.456508,0.371577,0.236120,0.254829,0.396681
0.824216,0.339661,0.273255,0.252164,0.845151,0.899071,0.399352,0.381549,0.443998,0.275092,0.492786,0.570255
0.462456,0.215610,0.353993,0.770544,0.755932,0.219255,0.779049,0.393373,0.479053,0.844847,0.658568,0.410672
0.281963,0.695629,0.302941,0.645323,0.692883,0.690477,0.599186,0.331711,0.710339,0.874907,0.618040,0.788961
0.564737,0.820099,0.550312,0.229555,0.478248,0.519299,0.471712,0.320028,0.467085,0.557887,0.275934,0.352694
0.364727,0.599645,0.294961,0.588197,0.674821,0.657986,0.576142,0.270221,0.622991,0.857062,0.517535,0.875542
0.305848,0.534384,0.247369,0.588492,0.704778,0.869114,0.552886,0.404453,0.699207,0.676181,0.559419,0.982192
0.504788,0.554884,0.603867,0.248332,0.776487,0.805446,0.601022,0.443343,0.516062,0.306929,0.324768,0.425220
0.330035,0.862630,0.724317,0.510550,0.775030,0.429388,0.192525,0.471510,0.455531,0.234014,0.545092,0.985148
0.866865,0.163704,0.751771,0.486195,0.738959,0.594486,0.609323,0.104656,0.193142,0.481238,0.747881,0.238251
0.268049,0.840535,0.850911,0.506312,0.543732,0.251961,0.279471,0.409177,0.368102,0.209229,0.546502,0.816620
0.846167,0.139601,0.646413,0.645013,0.761309,0.701407,0.575332,0.229045,0.312652,0.584047,0.780111,0.287114
0.659894,0.372688,0.343394,0.833328,0.107223,0.309177,0.591716,0.777178,0.257838,0.493212,0.706535,0.255374
0.506457,0.780855,0.663542,0.183390,0.481740,0.471841,0.351020,0.391479,0.584593,0.438305,0.119402,0.305774
0.611380,0.436344,0.862577,0.767477,0.366487,0.477302,0.537272,0.406202,0.141422,0.331371,0.529597,0.574206
0.537487,0.739654,0.551076,0.127805,0.506939,0.452685,0.400293,0.417311,0.505145,0.433310,0.306979,0.384183
0.739673,0.308989,0.163403,0.475975,0.903670,0.853425,0.225971,0.404056,0.540509,0.236866,0.330388,0.661064
0.306804,0.454470,0.160219,0.326084,0.770209,0.093952,0.678375,0.512656,0.197991,0.585271,0.125656,0.752466
0.508306,0.628032,0.600386,0.066744,0.332789,0.551495,0.354375,0.356678,0.491433,0.514694,0.287866,0.273878
0.390841,0.779941,0.893756,0.889800,0.497836,0.522389,0.361605,0.391890,0.429660,0.279135,0.231316,0.553010
0.393055,0.663004,0.227280,0.632694,0.671486,0.624471,0.582186,0.289750,0.752104,0.766513,0.554266,0.925499
0.411265,0.788514,0.816235,0.737191,0.342237,0.571397,0.343416,0.510171,0.252897,0.266684,0.312915,0.485500
0.328993,0.814942,0.664769,0.669938,0.685181,0.358699,0.320095,0.401946,0.482628,0.292747,0.603619,0.800904
0.309795,0.269659,0.336330,0.882491,0.702096,0.266475,0.676693,0.425475,0.384862,0.962710,0.824504,0.387974
0.801398,0.159026,0.772646,0.454171,0.797690,0.556728,0.554866,0.170967,0.385665,0.676525,0.690541,0.317096
0.751140,0.188793,0.202762,0.340894,0.575905,0.815417,0.786690,0.859953,0.173563,0.504751,0.534672,0.276852
0.525054,0.746860,0.457296,0.168929,0.346147,0.569195,0.375844,0.444548,0.478600,0.574127,0.296687,0.370361
0.412495,0.371160,0.575984,0.711550,0.121044,0.215360,0.669914,0.606917,0.284684,0.347424,0.869100,0.313162
0.440501,0.621861,0.630165,0.306826,0.483200,0.474552,0.538577,0.353987,0.617650,0.338615,0.311997,0.335412
0.411380,0.280746,0.366484,0.804355,0.832166,0.275099,0.780033,0.289334,0.426391,0.620311,0.792571,0.369593
0.415447,0.771124,0.574633,0.147652,0.444002,0.529799,0.460713,0.426479,0.515594,0.434352,0.235992,0.352579
0.374005,0.728750,0.327922,0.610279,0.660538,0.719271,0.603847,0.402802,0.611649,0.845778,0.704970,0.819422
0.530283,0.703988,0.481388,0.274613,0.812975,0.793117,0.755987,0.392390,0.484516,0.265732,0.420120,0.342623
0.256468,0.900861,0.802341,0.642193,0.666610,0.386609,0.262400,0.525354,0.471412,0.267751,0.549814,0.959446
0.731997,0.191832,0.267367,0.439488,0.573891,0.840960,0.837106,0.944151,0.229718,0.697041,0.342485,0.211988
0.399626,0.673845,0.268379,0.640303,0.762657,0.703223,0.627263,0.454639,0.579776,0.813598,0.657718,0.866582
0.463014,0.699933,0.781011,0.774977,0.465654,0.659650,0.374304,0.333187,0.168366,0.399670,0.154674,0.568960
0.874943,0.284706,0.212741,0.327480,0.705276,0.772976,0.342823,0.517164,0.528942,0.306719,0.565170,0.598466
0.267216,0.448274,0.153180,0.429732,0.693769,0.098343,0.649066,0.612185,0.155247,0.343054,0.230281,0.837860
0.769208,0.197686,0.251282,0.321017,0.580214,0.946275,0.950246,0.921810,0.238081,0.607821,0.601481,0.238450
0.411581,0.523112,0.576601,0.319247,0.808708,0.814733,0.557938,0.402285,0.358973,0.338169,0.430413,0.556739
0.351704,0.490973,0.737924,0.652953,0.295585,0.672761,0.528609,0.286190,0.176839,0.368521,0.519497,0.603775
0.370707,0.444846,0.651083,0.741113,0.395875,0.589781,0.522203,0.386089,0.247250,0.469346,0.610673,0.548114
0.362708,0.421982,0.288387,0.398890,0.585100,0.397965,0.699748,0.600969,0.176551,0.375643,0.271842,0.835635
0.525406,0.694204,0.537296,0.199340,0.351071,0.437636,0.527639,0.585114,0.539549,0.524622,0.263061,0.481307
0.422194,0.566612,0.692274,0.302659,0.827243,0.823395,0.616903,0.467344,0.460883,0.239676,0.435774,0.386625
0.317285,0.678784,0.865816,0.579172,0.655621,0.429075,0.329566,0.482304,0.465311,0.210563,0.555929,0.807344
0.647513,0.566006,0.583763,0.150942,0.393704,0.509047,0.546789,0.395599,0.514448,0.478316,0.288032,0.282903
0.257563,0.308553,0.000000,0.332876,0.708652,0.260618,0.630867,0.513836,0.211602,0.403838,0.225778,0.880774
0.791682,0.180576,0.147254,0.371780,0.500776,0.835023,0.786747,0.806535,0.252332,0.586933,0.648154,0.453390
0.259651,0.808752,0.878800,0.577001,0.561259,0.473974,0.242907,0.472659,0.423533,0.235405,0.535870,0.934232
0.410158,0.655746,0.802336,0.785034,0.447265,0.590268,0.430773,0.455118,0.296200,0.338468,0.251377,0.562340
0.848466,0.183922,0.129857,0.229288,0.492197,0.715909,0.869178,0.851433,0.317748,0.687443,0.553882,0.334241
0.267509,0.412842,0.333016,0.775014,0.608421,0.237010,0.783930,0.383888,0.590467,0.775378,0.687596,0.403396
0.361285,0.314101,0.735127,0.677009,0.344466,0.642969,0.562406,0.358180,0.231438,0.413533,0.559736,0.653986
0.527433,0.293862,0.489230,0.864522,0.246941,0.251319,0.664478,0.768129,0.201063,0.434010,0.619692,0.284124
0.765304,0.142546,0.189878,0.299801,0.774506,0.784565,0.380665,0.262753,0.518753,0.462975,0.618295,0.509874
0.736262,0.009827,0.112346,0.399843,0.595357,0.865678,0.848505,0.877726,0.152561,0.641938,0.593975,0.393595
0.434090,0.688788,0.796379,0.856135,0.436106,0.602452,0.443718,0.413144,0.237652,0.252007,0.222777,0.414227
0.483213,0.575651,0.561239,0.253865,0.458912,0.514688,0.408670,0.522588,0.518588,0.554227,0.175178,0.258783
