0.226186,0.770271,0.496732,0.659349,0.628865,0.495719,0.780835,0.760019,0.432621,0.353146,0.794191,0.362629
0.282088,0.606063,0.839152,0.453183,0.414948,0.358932,0.248313,0.506823,0.367057,0.604470,0.426486,0.408601
0.428652,0.463309,0.572398,0.600884,0.690242,0.364466,0.407555,0.483508,0.858528,0.369875,0.295949,0.278668
0.321690,0.625990,0.218207,0.524234,0.541127,0.184364,0.752993,0.215226,0.538456,0.328296,0.681898,0.698176
0.433686,0.678267,0.626098,0.566485,0.496199,0.311624,0.290128,0.574593,0.391331,0.695474,0.424031,0.436752
0.474748,0.479202,0.640878,0.511767,0.688423,0.450744,0.560766,0.243180,0.844471,0.284173,0.343979,0.152625
0.534248,0.523631,0.572903,0.476031,0.308864,0.457030,0.455477,0.173471,0.474273,0.299426,0.152197,0.313820
0.792346,0.237024,0.388241,0.215130,0.209674,0.741651,0.217276,0.458192,0.621690,0.394916,0.282913,0.700758
0.739810,0.361798,0.595271,0.744417,0.573003,0.391625,0.645756,0.679335,0.397112,0.683814,0.652878,0.330269
0.382468,0.549053,0.581754,0.544982,0.702119,0.420464,0.336421,0.415188,0.789936,0.241002,0.219179,0.228674
0.316344,0.685531,0.839935,0.352774,0.138444,0.446111,0.690104,0.413402,0.584254,0.493716,0.236118,0.285128
0.873678,0.307782,0.652289,0.658063,0.688594,0.495330,0.824020,0.602155,0.334054,0.678916,0.591959,0.432884
0.359236,0.835787,0.539672,0.531767,0.623026,0.596786,0.752963,0.694693,0.418498,0.493539,0.753560,0.430604
0.264717,0.739837,0.492135,0.504851,0.596244,0.527033,0.846141,0.774137,0.457347,0.496368,0.711432,0.387732
0.334358,0.811590,0.550594,0.575932,0.629963,0.462726,0.755507,0.736083,0.468126,0.516328,0.795855,0.496016
0.774684,0.817270,0.523870,0.726530,0.167175,0.340722,0.748922,0.764439,0.218032,0.363763,0.473908,0.333210
0.923164,0.322381,0.508408,0.295492,0.172121,0.739034,0.244976,0.612308,0.606634,0.365194,0.158749,0.685897
0.480240,0.658464,0.887263,0.398938,0.377580,0.578394,0.371253,0.281208,0.232226,0.685936,0.721771,0.640193
0.419829,0.745766,0.866786,0.507306,0.447911,0.498508,0.341760,0.084361,0.192731,0.676452,0.806839,0.637554
0.802073,0.373396,0.378132,0.342113,0.222059,0.790569,0.239657,0.577963,0.484828,0.389588,0.215400,0.809394
0.180208,0.807479,0.118679,0.560450,0.519015,0.259753,0.814367,0.166330,0.591916,0.232643,0.649992,0.836931
0.765352,0.540108,0.609716,0.624812,0.260474,0.268203,0.620243,0.250405,0.476562,0.324575,0.158026,0.309775
0.568438,0.823929,0.759185,0.603833,0.478484,0.551145,0.439715,0.253388,0.136989,0.651374,0.611241,0.477719
0.236293,0.831312,0.210084,0.547969,0.597688,0.268346,0.824550,0.282891,0.576385,0.265793,0.664758,0.707007
0.285630,0.755275,0.406642,0.612287,0.868658,0.514396,0.838054,0.725763,0.430576,0.506239,0.793115,0.461556
0.528518,0.490635,0.656916,0.278055,0.718297,0.454028,0.602311,0.272257,0.674087,0.562334,0.639038,0.382543
0.877059,0.245303,0.366003,0.263292,0.174503,0.724886,0.258415,0.571016,0.471983,0.409868,0.110937,0.750119
0.603553,0.398454,0.532797,0.239579,0.582614,0.654981,0.634004,0.119222,0.685199,0.656054,0.641458,0.508647
0.165269,0.608710,0.874344,0.410814,0.175155,0.524419,0.595636,0.324233,0.602891,0.523260,0.269542,0.242653
0.372195,0.507275,0.592674,0.621316,0.651682,0.487239,0.467312,0.283647,0.838167,0.341825,0.165657,0.262444
0.431472,0.563716,0.663532,0.621274,0.547869,0.636465,0.498260,0.350671,0.796198,0.306907,0.182975,0.376176
0.610032,0.551487,0.574293,0.350656,0.247463,0.312378,0.582785,0.119390,0.452399,0.189985,0.078681,0.251619
0.267270,0.906307,0.575360,0.530723,0.602452,0.509703,0.685452,0.720093,0.433484,0.308631,0.809218,0.453645
0.401226,0.827597,0.769211,0.473304,0.434016,0.526527,0.480287,0.259590,0.168982,0.599655,0.572913,0.678626
0.736158,0.330266,0.407410,0.250312,0.090690,0.748282,0.226374,0.567868,0.548114,0.439407,0.247898,0.721144
0.255244,0.619534,0.649771,0.459035,0.426268,0.531426,0.357041,0.536447,0.405156,0.462990,0.468050,0.400707
0.425758,0.882945,0.131318,0.491041,0.535038,0.213908,0.818186,0.250152,0.647632,0.260745,0.707367,0.794149
0.336280,0.684971,0.755625,0.257399,0.171712,0.472217,0.716691,0.402197,0.617556,0.567690,0.119508,0.253224
0.469225,0.565576,0.253515,0.205357,0.582803,0.775564,0.443088,0.674658,0.636353,0.375526,0.612785,0.376473
0.407687,0.575427,0.141253,0.258800,0.579899,0.846131,0.421225,0.799506,0.710893,0.282427,0.480921,0.388964
0.590027,0.508857,0.637043,0.252294,0.602978,0.527018,0.657245,0.292525,0.625644,0.606075,0.610617,0.541495
0.271254,0.718347,0.779135,0.305407,0.342132,0.533994,0.661995,0.284960,0.682947,0.498483,0.123779,0.393872
0.784780,0.708112,0.633049,0.809102,0.217243,0.136468,0.642924,0.758163,0.171055,0.391663,0.568524,0.255757
0.172913,0.818761,0.509651,0.619429,0.700227,0.608563,0.783937,0.780448,0.343705,0.423719,0.765257,0.300242
0.223048,0.574567,0.740138,0.534634,0.446030,0.409721,0.411559,0.564716,0.305837,0.550743,0.393265,0.314734
0.782131,0.836193,0.604451,0.830480,0.170986,0.163980,0.695436,0.746032,0.428427,0.303538,0.643586,0.404282
0.617803,0.462508,0.634147,0.274661,0.555977,0.471602,0.639695,0.183566,0.624390,0.595467,0.585141,0.437802
0.372055,0.444506,0.125301,0.260234,0.723892,0.765848,0.385029,0.649583,0.607706,0.336248,0.615728,0.248223
0.787690,0.387885,0.646814,0.764804,0.651570,0.434065,0.693450,0.688340,0.268632,0.647691,0.648182,0.409010
0.497516,0.733880,0.785293,0.459457,0.456280,0.628609,0.254453,0.241275,0.153173,0.595650,0.659576,0.704602
0.742636,0.364133,0.736472,0.807327,0.547580,0.417417,0.806082,0.585355,0.462790,0.703211,0.674989,0.482424
0.385895,0.853956,0.933343,0.525141,0.484916,0.525745,0.307390,0.270094,0.241068,0.617179,0.685565,0.612527
0.380351,0.493267,0.776680,0.348305,0.355936,0.415484,0.209538,0.565368,0.422747,0.550336,0.456689,0.374504
0.449417,0.625011,0.773075,0.581350,0.495053,0.508774,0.227664,0.262885,0.190547,0.606675,0.778107,0.542431
0.720979,0.638904,0.498481,0.774515,0.288389,0.109284,0.718113,0.794068,0.212434,0.453973,0.603960,0.192538
0.348611,0.663040,0.485100,0.653096,0.602663,0.534477,0.663737,0.616750,0.371125,0.423242,0.776589,0.379203
0.324389,0.658150,0.178104,0.634629,0.458196,0.193418,0.707902,0.381060,0.600925,0.194943,0.596054,0.811872
0.577465,0.536943,0.179998,0.260826,0.719006,0.750981,0.450139,0.774705,0.540200,0.268215,0.543681,0.481041
0.331010,0.582583,0.691987,0.403837,0.454234,0.346169,0.266897,0.605055,0.522776,0.618122,0.408344,0.332781
0.243802,0.596667,0.790066,0.429838,0.380690,0.454879,0.348694,0.667318,0.484414,0.649122,0.406649,0.586639
0.376413,0.776363,0.735061,0.437803,0.460214,0.590153,0.327809,0.188791,0.161405,0.655186,0.644654,0.613272
0.584832,0.437656,0.566868,0.267232,0.515807,0.615458,0.728500,0.131545,0.635561,0.664723,0.569917,0.527052
0.676531,0.710400,0.436987,0.765888,0.132167,0.314481,0.634695,0.657080,0.274940,0.310189,0.605812,0.214842
0.240636,0.697570,0.776638,0.314650,0.278665,0.581396,0.628251,0.333275,0.692396,0.498678,0.152671,0.178903
0.776730,0.281685,0.397984,0.343738,0.251232,0.782165,0.244128,0.635260,0.459413,0.443040,0.042403,0.762430
0.811317,0.680898,0.544931,0.893554,0.188597,0.207541,0.630910,0.746967,0.287215,0.319871,0.696102,0.270329
0.578176,0.567228,0.126625,0.392983,0.591027,0.707063,0.267695,0.721303,0.594796,0.178435,0.560722,0.353746
0.464082,0.770176,0.837904,0.521366,0.459213,0.479453,0.447603,0.333418,0.134875,0.506940,0.653981,0.629723
0.938322,0.153199,0.388490,0.357242,0.278134,0.848123,0.264653,0.582612,0.500532,0.505828,0.172158,0.707623
0.667277,0.464960,0.204804,0.358964,0.602639,0.785471,0.401979,0.713803,0.589975,0.307946,0.415361,0.316783
0.827264,0.675032,0.509295,0.866791,0.148174,0.098858,0.504840,0.862282,0.353648,0.332323,0.488038,0.346559
0.266962,0.630043,0.738226,0.347193,0.377231,0.399959,0.219412,0.629945,0.394795,0.800864,0.396089,0.483598
0.700060,0.445879,0.535152,0.349572,0.522917,0.557838,0.743572,0.314461,0.595781,0.616435,0.683934,0.551689
0.576371,0.323018,0.646290,0.233707,0.595454,0.505524,0.573850,0.237074,0.609978,0.478966,0.629805,0.482566
0.346656,0.558908,0.730997,0.488966,0.479470,0.362698,0.349161,0.635034,0.495181,0.549741,0.371291,0.277146
0.819413,0.423625,0.637721,0.692283,0.567741,0.321379,0.811349,0.665528,0.277685,0.731037,0.654748,0.393622
0.681582,0.460488,0.541395,0.360535,0.645103,0.535357,0.730547,0.215881,0.647307,0.687499,0.678766,0.468489
0.764731,0.486106,0.633262,0.783029,0.623756,0.406526,0.932681,0.662136,0.351549,0.774009,0.622589,0.460739
0.828692,0.408846,0.667058,0.811536,0.608651,0.460192,0.737862,0.566196,0.110128,0.600877,0.653081,0.445591
0.537420,0.766999,0.839997,0.439712,0.450725,0.480519,0.341213,0.228969,0.211050,0.508874,0.560607,0.536322
0.849205,0.319344,0.557771,0.855961,0.593960,0.448571,0.667327,0.729260,0.277708,0.864097,0.663040,0.414129
0.431704,0.543490,0.179015,0.380944,0.678186,0.742453,0.407255,0.751334,0.636743,0.259403,0.539598,0.324429
0.632433,0.624857,0.168981,0.286584,0.695579,0.702155,0.239518,0.725762,0.608408,0.304207,0.483764,0.338645
0.286157,0.676308,0.719701,0.324246,0.391555,0.322163,0.314883,0.695574,0.435574,0.641037,0.478051,0.346876
0.240547,0.706425,0.846814,0.275208,0.256398,0.487176,0.664196,0.324027,0.746983,0.480656,0.202958,0.202666
0.428212,0.682946,0.743163,0.493409,0.405668,0.513123,0.425597,0.290542,0.189546,0.607440,0.694724,0.614579
0.545963,0.537511,0.600798,0.444796,0.246390,0.418794,0.590347,0.336310,0.498799,0.207546,0.251845,0.314970
0.277799,0.842935,0.474630,0.599254,0.555384,0.565834,0.735764,0.760163,0.392539,0.345158,0.799890,0.344175
0.166521,0.809499,0.202411,0.475738,0.484894,0.182425,0.808376,0.201135,0.507065,0.276302,0.619033,0.727742
0.394511,0.571777,0.680839,0.524279,0.641890,0.411537,0.365275,0.347013,0.794686,0.325989,0.246490,0.325173
0.867464,0.390622,0.734316,0.767442,0.565613,0.372155,0.728341,0.605405,0.326087,0.691335,0.713320,0.434073
0.533419,0.800237,0.751444,0.486937,0.433544,0.645865,0.363836,0.287711,0.095827,0.668284,0.739650,0.542152
0.231102,0.769555,0.153968,0.598384,0.655329,0.122625,0.806549,0.225966,0.607915,0.306914,0.651542,0.633637
0.294566,0.785277,0.551389,0.535007,0.670107,0.553334,0.766822,0.698284,0.548470,0.452480,0.905025,0.333733
0.735092,0.234665,0.377604,0.348051,0.171767,0.826873,0.212974,0.678348,0.507172,0.361148,0.182133,0.692245
0.281472,0.727749,0.714281,0.447014,0.408154,0.408775,0.416792,0.557435,0.416596,0.592128,0.421761,0.237436
0.473606,0.474606,0.645459,0.480931,0.704999,0.345411,0.423298,0.348349,0.712167,0.452391,0.186082,0.246784
0.269091,0.617870,0.637937,0.381037,0.562249,0.231889,0.406156,0.650964,0.380877,0.645026,0.414296,0.345181
0.343397,0.758178,0.721119,0.541725,0.490570,0.533026,0.359521,0.140055,0.160614,0.661150,0.723231,0.545672
0.301578,0.589714,0.707652,0.342298,0.540332,0.381778,0.351932,0.559519,0.463744,0.580844,0.423680,0.430572
0.374013,0.738329,0.791765,0.278736,0.164149,0.484396,0.654682,0.324973,0.790220,0.569299,0.203335,0.299283
0.405325,0.753461,0.836519,0.586233,0.567778,0.664656,0.314274,0.279584,0.162798,0.641224,0.775400,0.633265
0.675921,0.443504,0.586105,0.534737,0.264252,0.302488,0.560894,0.279678,0.487215,0.216781,0.121197,0.292990
0.410954,0.683941,0.673594,0.638628,0.619157,0.362150,0.376069,0.387099,0.760495,0.314815,0.338147,0.166142
0.646008,0.660769,0.573566,0.606915,0.163283,0.315195,0.453243,0.181885,0.477059,0.291818,0.352354,0.271938
0.318016,0.614458,0.715708,0.399765,0.521652,0.429220,0.466658,0.624152,0.443696,0.609318,0.504314,0.380412
0.206238,0.628114,0.752038,0.351651,0.252718,0.606166,0.595629,0.326815,0.602207,0.488948,0.217838,0.343480
0.615040,0.379932,0.792285,0.796369,0.613864,0.522225,0.809891,0.681381,0.359408,0.720175,0.767149,0.443358
0.724335,0.280160,0.315566,0.228338,0.216589,0.650960,0.206384,0.519065,0.558184,0.489086,0.103979,0.698175
0.233823,0.813892,0.178733,0.409074,0.558651,0.223384,0.718010,0.253811,0.554146,0.162956,0.653347,0.722755
0.280080,0.756094,0.675957,0.309354,0.329057,0.647519,0.670905,0.409639,0.758010,0.497963,0.243618,0.195524
0.294477,0.832728,0.179731,0.522647,0.542940,0.178516,0.660984,0.312889,0.548586,0.257856,0.737239,0.767201
0.611727,0.534657,0.543077,0.376958,0.553531,0.458806,0.592118,0.280346,0.764405,0.655932,0.692139,0.499531
0.466059,0.805913,0.842340,0.585899,0.448185,0.554624,0.302246,0.209755,0.208383,0.669161,0.683574,0.598534
0.888549,0.319924,0.402791,0.323195,0.208747,0.806157,0.220647,0.520940,0.583824,0.456471,0.204212,0.785931
0.335683,0.714987,0.762381,0.528941,0.319598,0.539808,0.279052,0.386650,0.113046,0.719105,0.709544,0.696807
0.424043,0.617130,0.819526,0.458144,0.490215,0.494886,0.319506,0.558756,0.387038,0.571379,0.415698,0.448856
0.391322,0.773246,0.599295,0.519604,0.610799,0.496153,0.682369,0.809584,0.418824,0.338301,0.762716,0.426254
0.529116,0.596583,0.155253,0.313819,0.605215,0.678613,0.387851,0.745686,0.729835,0.315121,0.554862,0.389456
0.880061,0.243502,0.413255,0.351670,0.095465,0.715138,0.142411,0.563839,0.515085,0.392882,0.216158,0.757355
0.767356,0.735407,0.475553,0.758063,0.224969,0.169729,0.675398,0.764456,0.342385,0.388588,0.625957,0.173009
0.581387,0.601646,0.210859,0.213244,0.609667,0.653124,0.503424,0.685515,0.556262,0.188076,0.584676,0.291653
0.237227,0.832554,0.143641,0.492629,0.675958,0.249099,0.736453,0.325488,0.640624,0.099858,0.640775,0.777935
0.524008,0.415082,0.488093,0.379725,0.552853,0.537472,0.623129,0.249371,0.695568,0.652071,0.731501,0.510257
0.400364,0.484822,0.593824,0.660473,0.582831,0.346013,0.521029,0.400613,0.611278,0.192134,0.192570,0.313720
0.285305,0.717812,0.751580,0.411695,0.468186,0.292773,0.362407,0.684718,0.475707,0.497403,0.417064,0.410883
0.512694,0.504854,0.575008,0.114039,0.660585,0.615011,0.683345,0.117339,0.707611,0.753088,0.687210,0.530105
0.375651,0.874278,0.821511,0.527235,0.574661,0.558859,0.538172,0.301286,0.184437,0.547316,0.762410,0.606858
0.847091,0.236015,0.354429,0.320102,0.099474,0.875447,0.249522,0.562187,0.598966,0.357434,0.101489,0.697208
0.234338,0.819043,0.098238,0.559237,0.512939,0.134193,0.728410,0.278777,0.615103,0.239002,0.574041,0.627663
0.358516,0.447976,0.697621,0.505070,0.665371,0.412538,0.394291,0.302414,0.669916,0.372514,0.236994,0.368965
0.320482,0.623988,0.851519,0.292061,0.175800,0.535564,0.593469,0.245658,0.664396,0.511084,0.065664,0.051564
0.249395,0.660955,0.773159,0.433812,0.572766,0.319328,0.313691,0.535358,0.370984,0.672245,0.443714,0.367640
0.515128,0.519018,0.219242,0.320817,0.605978,0.675463,0.204425,0.751709,0.733335,0.298607,0.431691,0.346884
0.870660,0.371678,0.753892,0.750207,0.565799,0.462508,0.746177,0.591603,0.434809,0.603351,0.506149,0.409414
0.271027,0.799963,0.548598,0.459901,0.619013,0.563980,0.761756,0.848774,0.368744,0.312341,0.818372,0.307845
0.666388,0.745684,0.428858,0.883679,0.245612,0.344259,0.616968,0.685318,0.319165,0.383546,0.693978,0.226841
0.285434,0.715210,0.487983,0.601217,0.659231,0.454655,0.796764,0.543305,0.489422,0.331293,0.828965,0.405305
0.218295,0.847130,0.507934,0.526304,0.729260,0.414392,0.800074,0.655416,0.402334,0.422876,0.788107,0.516525
0.603770,0.373400,0.577965,0.299797,0.563522,0.531847,0.654185,0.199714,0.643091,0.712176,0.511580,0.330240
0.345357,0.807569,0.148580,0.528201,0.583595,0.292655,0.721939,0.174374,0.514847,0.262057,0.603655,0.821561
0.410407,0.806310,0.707220,0.551990,0.561692,0.570033,0.307815,0.146669,0.269356,0.642271,0.733301,0.520174
0.294787,0.793494,0.232437,0.527246,0.672327,0.218468,0.816903,0.105219,0.784704,0.290786,0.687751,0.793060
0.622370,0.463440,0.625397,0.484274,0.111854,0.237947,0.550966,0.199015,0.489035,0.265202,0.189450,0.348324
0.388129,0.533973,0.158964,0.235696,0.581262,0.662858,0.384188,0.772270,0.632578,0.298858,0.552500,0.437646
0.309469,0.877625,0.104930,0.508920,0.532944,0.263503,0.816882,0.323935,0.629752,0.275689,0.728214,0.731912
0.539555,0.472870,0.652020,0.188534,0.599032,0.524511,0.573181,0.223877,0.615587,0.629706,0.678527,0.555464
0.602498,0.533514,0.538740,0.412601,0.059616,0.424941,0.485555,0.306355,0.466896,0.180483,0.329791,0.277892
0.346648,0.567208,0.709507,0.698693,0.594932,0.266772,0.420714,0.348642,0.816767,0.404115,0.326429,0.216978
0.405003,0.576199,0.686144,0.622248,0.643092,0.346649,0.351660,0.360752,0.804416,0.253655,0.233964,0.272380
0.520564,0.463379,0.172868,0.203137,0.699603,0.773723,0.400490,0.766243,0.606604,0.218885,0.671259,0.440858
0.645660,0.521935,0.622108,0.498933,0.175807,0.447032,0.465480,0.287653,0.484231,0.207076,0.256023,0.374635
0.247168,0.913491,0.558332,0.460523,0.756459,0.479298,0.727995,0.709560,0.398075,0.320721,0.892186,0.440676
0.445297,0.451721,0.663073,0.616936,0.674313,0.325840,0.349333,0.306748,0.838419,0.296161,0.313457,0.216283
0.254077,0.935042,0.527643,0.496666,0.555245,0.482267,0.716676,0.734583,0.381491,0.328755,0.834465,0.326386
0.405611,0.832506,0.843713,0.379594,0.470230,0.512119,0.327149,0.239538,0.204740,0.566322,0.726159,0.623555
0.388763,0.851455,0.485299,0.492018,0.699338,0.543977,0.827775,0.557477,0.460809,0.510179,0.825547,0.355990
0.776915,0.752085,0.436741,0.732775,0.205508,0.185010,0.673974,0.762048,0.263116,0.356802,0.647379,0.216058
0.330395,0.740621,0.797079,0.304481,0.228414,0.544813,0.683086,0.269909,0.597959,0.539571,0.244628,0.258935
0.334662,0.721679,0.789427,0.359209,0.157626,0.542663,0.596571,0.405469,0.540628,0.415060,0.163425,0.373726
0.404849,0.860370,0.421741,0.657645,0.544871,0.620078,0.777034,0.759222,0.447343,0.304930,0.841443,0.381329
0.508447,0.777314,0.762258,0.311933,0.202641,0.577757,0.655128,0.437648,0.717673,0.580751,0.191012,0.271720
0.488351,0.783800,0.631824,0.543035,0.496647,0.657607,0.378791,0.186111,0.258529,0.543904,0.721896,0.626337
0.282877,0.748684,0.851104,0.247640,0.328579,0.621183,0.715755,0.527047,0.644888,0.554033,0.265885,0.263142
0.318016,0.510868,0.758753,0.343134,0.523130,0.376920,0.236006,0.690339,0.385717,0.664877,0.448260,0.307799
0.270750,0.694149,0.078232,0.568675,0.519941,0.159632,0.707128,0.150449,0.531163,0.221664,0.684186,0.731201
0.189020,0.810668,0.613816,0.475957,0.559186,0.503260,0.599233,0.618231,0.400310,0.269258,0.828766,0.410010
0.866433,0.264364,0.574652,0.831568,0.708092,0.341812,0.756315,0.562043,0.318169,0.713717,0.533589,0.386776
0.553892,0.540221,0.149477,0.292093,0.529432,0.711594,0.458336,0.804045,0.695653,0.314982,0.634790,0.299694
0.288473,0.738436,0.831326,0.260981,0.206352,0.563378,0.580665,0.290278,0.592048,0.425820,0.241778,0.281273
0.242286,0.914712,0.535108,0.587413,0.668000,0.588186,0.822529,0.591984,0.435700,0.440085,0.755626,0.435922
0.631017,0.510674,0.602240,0.517377,0.102264,0.367994,0.626165,0.175836,0.508104,0.309151,0.060963,0.224782
0.274677,0.769654,0.140009,0.596016,0.479278,0.129657,0.851845,0.198330,0.556591,0.242541,0.592062,0.640781
0.443907,0.600587,0.309388,0.327280,0.573432,0.705313,0.375736,0.877991,0.752996,0.376484,0.612307,0.279449
0.372298,0.427864,0.622801,0.521178,0.693036,0.386876,0.402326,0.275942,0.798181,0.379786,0.272404,0.168022
0.545657,0.527284,0.255230,0.244058,0.602789,0.625729,0.415478,0.725636,0.656825,0.307253,0.532030,0.420605
0.316455,0.796425,0.116521,0.598074,0.453385,0.258343,0.679509,0.242098,0.605880,0.175937,0.713865,0.759522
0.685379,0.403505,0.618634,0.344367,0.578233,0.503798,0.551772,0.215767,0.651567,0.601386,0.715146,0.464490
0.803679,0.432187,0.645841,0.725487,0.467945,0.422188,0.734017,0.622338,0.389595,0.613658,0.835840,0.447809
0.462074,0.753519,0.899264,0.391991,0.490696,0.665429,0.378113,0.228346,0.332177,0.646371,0.701608,0.534085
0.275568,0.882756,0.179718,0.550217,0.595808,0.209782,0.835115,0.235965,0.517823,0.223786,0.582150,0.631486
0.673467,0.532701,0.654173,0.613189,0.173889,0.311631,0.574016,0.245177,0.476696,0.245912,0.195836,0.407015
0.360120,0.475863,0.660850,0.508563,0.671008,0.454046,0.461046,0.387521,0.860085,0.392599,0.317185,0.284784
0.788345,0.336247,0.655585,0.674571,0.636116,0.407936,0.811986,0.689731,0.271360,0.725631,0.724693,0.471362
0.250205,0.735098,0.645123,0.497697,0.460166,0.350821,0.392862,0.482266,0.458044,0.563013,0.431570,0.422025
0.610619,0.433827,0.557967,0.296969,0.690343,0.464142,0.705911,0.245854,0.612668,0.575972,0.668117,0.509652
0.221544,0.575456,0.803744,0.344411,0.307345,0.600759,0.632194,0.242981,0.650868,0.547525,0.166897,0.193120
0.440031,0.545827,0.714424,0.679386,0.781670,0.314941,0.499966,0.274081,0.795360,0.273334,0.265148,0.312758
0.877657,0.801168,0.544153,0.746319,0.264672,0.164013,0.683131,0.707426,0.331010,0.272543,0.553911,0.280254
0.579739,0.840609,0.595216,0.690332,0.149649,0.207059,0.583864,0.760455,0.338864,0.370303,0.577733,0.244960
0.450639,0.757129,0.777440,0.365222,0.437188,0.521992,0.373201,0.261609,0.064745,0.504685,0.646001,0.641034
0.643710,0.524021,0.267004,0.304838,0.537323,0.653128,0.344824,0.637677,0.640032,0.296682,0.720800,0.420362
0.766883,0.361039,0.653201,0.772306,0.644611,0.342890,0.884770,0.513721,0.315269,0.495025,0.696952,0.433752
0.850018,0.366501,0.566972,0.773593,0.672266,0.395382,0.741257,0.713770,0.451973,0.702215,0.684772,0.416987
0.334499,0.722318,0.818556,0.304266,0.285235,0.535849,0.764141,0.355400,0.684643,0.467985,0.194825,0.297948
0.383673,0.768639,0.836443,0.372542,0.329673,0.628128,0.414989,0.330888,0.130059,0.685179,0.908369,0.578429
0.660192,0.672332,0.517106,0.836553,0.247709,0.268940,0.596130,0.746718,0.213011,0.394200,0.640626,0.327827
0.232852,0.705066,0.844180,0.331953,0.370681,0.559066,0.580728,0.238174,0.612329,0.585837,0.229133,0.189978
0.767130,0.388068,0.675596,0.824522,0.672935,0.465852,0.755015,0.691514,0.256625,0.640936,0.655187,0.337647
0.806407,0.252969,0.377054,0.534570,0.123508,0.843821,0.241484,0.625587,0.573400,0.375194,0.113722,0.672780
0.784109,0.240630,0.367509,0.274682,0.268496,0.768644,0.236084,0.614842,0.559369,0.546974,0.272864,0.742471
0.150275,0.736832,0.808348,0.345344,0.277637,0.573949,0.696101,0.401354,0.697670,0.553247,0.284416,0.221855
0.528675,0.729833,0.896997,0.461718,0.378122,0.554558,0.354258,0.126608,0.293481,0.640170,0.681020,0.599810
0.809556,0.693589,0.452038,0.801050,0.360085,0.136827,0.676649,0.812921,0.259445,0.395253,0.533454,0.298936
0.486486,0.533766,0.578985,0.530098,0.650505,0.364760,0.376365,0.306755,0.730776,0.448137,0.397018,0.277603
0.405630,0.469056,0.574590,0.711193,0.624206,0.312885,0.437566,0.276812,0.651210,0.408898,0.255255,0.198168
0.762852,0.684924,0.532803,0.744105,0.255736,0.264991,0.552819,0.812645,0.312553,0.448582,0.531176,0.371177
0.800725,0.292200,0.221770,0.318771,0.233607,0.730476,0.215698,0.555806,0.550301,0.407779,0.097097,0.690529
0.555058,0.408618,0.611959,0.279169,0.576854,0.418526,0.686462,0.156196,0.716225,0.473294,0.629911,0.580802
0.236257,0.556064,0.719455,0.443873,0.369559,0.423102,0.262858,0.622099,0.438598,0.580298,0.317494,0.456244
0.796543,0.807176,0.458239,0.714485,0.260063,0.168474,0.609784,0.776340,0.408001,0.333508,0.627484,0.302937
0.326130,0.650211,0.645875,0.389794,0.503019,0.565550,0.230571,0.561176,0.388965,0.793611,0.433150,0.358006
0.588979,0.423016,0.624884,0.348129,0.685979,0.537978,0.669042,0.306316,0.625084,0.523121,0.576890,0.410827
0.640868,0.471286,0.611122,0.641392,0.113079,0.411802,0.574177,0.264462,0.491881,0.246800,0.247336,0.380302
0.460897,0.516373,0.755982,0.619812,0.708310,0.466104,0.446327,0.431700,0.874716,0.467396,0.271753,0.254271
0.753441,0.811436,0.489416,0.891549,0.187686,0.327752,0.713424,0.672551,0.286693,0.201445,0.563863,0.331856
0.256879,0.615447,0.954255,0.328235,0.190600,0.362858,0.701458,0.371213,0.499816,0.474715,0.191015,0.301201
0.522524,0.665452,0.301544,0.214130,0.548336,0.647290,0.421675,0.714610,0.719181,0.234078,0.438338,0.287183
0.374110,0.454365,0.076850,0.340292,0.563408,0.736530,0.393161,0.736256,0.702469,0.280884,0.598831,0.357914
0.681069,0.475566,0.563119,0.336564,0.645180,0.464994,0.694800,0.243208,0.779985,0.590873,0.737327,0.563801
0.786124,0.745204,0.557901,0.839229,0.151591,0.170988,0.552519,0.645879,0.237964,0.459409,0.456624,0.207925
0.778475,0.337846,0.294600,0.401665,0.246821,0.694231,0.419467,0.565105,0.562406,0.402678,0.206879,0.649231
0.959559,0.293709,0.399513,0.428190,0.233303,0.705613,0.233538,0.612050,0.594875,0.459100,0.246587,0.623580
0.478557,0.587818,0.370997,0.382039,0.702038,0.618362,0.384971,0.738098,0.548793,0.315618,0.598065,0.421982
0.599515,0.546189,0.597858,0.370299,0.628398,0.505731,0.567912,0.235607,0.641525,0.617411,0.704854,0.482232
0.285150,0.876669,0.061480,0.549368,0.529013,0.325808,0.916100,0.197451,0.542502,0.314062,0.738682,0.748133
0.353047,0.879765,0.224625,0.618195,0.408579,0.209596,0.688347,0.143889,0.772144,0.291472,0.503213,0.814381
0.755232,0.378037,0.375787,0.432805,0.259995,0.658468,0.202339,0.627931,0.454112,0.402407,0.297971,0.643968
0.899095,0.270574,0.388461,0.429093,0.130056,0.803805,0.220560,0.686991,0.582480,0.610898,0.269486,0.676521
0.670025,0.807346,0.469079,0.756563,0.320653,0.164703,0.647771,0.682202,0.369581,0.376590,0.597986,0.301594
0.634020,0.395549,0.702863,0.345072,0.570243,0.541786,0.708409,0.449177,0.610573,0.653573,0.572520,0.496772
0.337239,0.611037,0.845371,0.258862,0.326647,0.623586,0.637468,0.259143,0.682617,0.475841,0.222457,0.245761
0.730258,0.421427,0.563869,0.753782,0.655156,0.419442,0.850322,0.725305,0.365944,0.818194,0.552728,0.442063
0.826217,0.306852,0.329675,0.292385,0.151657,0.776735,0.171426,0.509677,0.653386,0.393034,0.153474,0.746985
0.300259,0.766885,0.068706,0.449899,0.486768,0.182513,0.737642,0.213362,0.484422,0.366040,0.658072,0.733123
0.265821,0.712033,0.666559,0.297411,0.261169,0.524668,0.607689,0.308893,0.625584,0.650270,0.268721,0.233200
0.534888,0.626146,0.111312,0.273134,0.618730,0.574110,0.338697,0.758475,0.557236,0.359946,0.641242,0.497046
0.378068,0.666263,0.719613,0.421912,0.384394,0.301810,0.344620,0.647113,0.475561,0.612507,0.429019,0.392050
0.592016,0.421228,0.068047,0.205322,0.619102,0.585304,0.301604,0.798536,0.676549,0.198707,0.578136,0.501619
0.752645,0.746608,0.608723,0.678247,0.314516,0.200486,0.490882,0.803247,0.287851,0.402484,0.529552,0.224207
0.715264,0.328057,0.660066,0.826308,0.587892,0.435677,0.812218,0.711449,0.236323,0.610863,0.646841,0.352854
0.283492,0.618617,0.802132,0.345448,0.301416,0.535933,0.633848,0.352770,0.602293,0.433632,0.167204,0.114837
0.832052,0.213627,0.306871,0.191958,0.189703,0.742498,0.222958,0.592635,0.599179,0.401250,0.132894,0.789598
0.735260,0.667244,0.421299,0.764237,0.221386,0.373634,0.588574,0.732643,0.262837,0.318257,0.604560,0.192971
0.137621,0.853552,0.293816,0.573722,0.498816,0.241996,0.778994,0.376448,0.567195,0.208103,0.573663,0.691640
0.596791,0.531585,0.249067,0.245199,0.613998,0.635946,0.376821,0.854832,0.727299,0.348807,0.479627,0.384585
0.337754,0.899837,0.251114,0.455777,0.605282,0.119836,0.801916,0.238633,0.514011,0.241355,0.555331,0.696714
0.519990,0.654653,0.246219,0.290621,0.571396,0.673128,0.387027,0.780360,0.631167,0.227955,0.425455,0.377362
0.248778,0.718861,0.075790,0.495120,0.566605,0.163606,0.629790,0.312259,0.650636,0.173982,0.555790,0.797957
0.475593,0.660627,0.840100,0.629377,0.486938,0.504465,0.401645,0.344019,0.145949,0.569608,0.743640,0.630070
0.424961,0.724153,0.799331,0.560005,0.501859,0.530255,0.373583,0.272258,0.131321,0.601919,0.756356,0.559485
0.390615,0.731675,0.801086,0.385946,0.453133,0.449208,0.318983,0.102443,0.249995,0.711860,0.760287,0.593720
0.292653,0.823292,0.550335,0.589499,0.629629,0.444254,0.773341,0.741932,0.466918,0.462371,0.851492,0.445463
0.147992,0.874872,0.136140,0.474344,0.578281,0.246165,0.797623,0.219826,0.564075,0.287238,0.683192,0.796947
0.338321,0.526843,0.661910,0.449185,0.380821,0.345984,0.381511,0.573033,0.343070,0.678847,0.432699,0.505997
0.497138,0.538301,0.661527,0.619280,0.501913,0.423439,0.335654,0.366825,0.911056,0.331367,0.323579,0.256640
0.334731,0.640207,0.742109,0.375051,0.503123,0.367452,0.297409,0.473185,0.348833,0.528689,0.436357,0.354984
0.727601,0.334256,0.449480,0.316133,0.177437,0.592489,0.262757,0.601463,0.492001,0.414995,0.174290,0.786927
0.358666,0.828700,0.102228,0.563949,0.544762,0.134972,0.658422,0.092547,0.540219,0.241498,0.640650,0.699894
0.904114,0.479702,0.710485,0.722672,0.544107,0.309049,0.714592,0.625242,0.162576,0.660582,0.668393,0.350327
0.540862,0.498346,0.645034,0.668506,0.698754,0.509019,0.396843,0.341597,0.824718,0.403410,0.227171,0.216975
0.723019,0.484393,0.625821,0.530721,0.203830,0.316228,0.574941,0.223121,0.489200,0.282050,0.231510,0.356925
0.231975,0.982520,0.513510,0.704360,0.604563,0.423342,0.723571,0.819210,0.499652,0.307432,0.837665,0.429544
0.511963,0.536525,0.358046,0.332388,0.592409,0.742270,0.505022,0.675677,0.698430,0.362213,0.507903,0.472274
0.689664,0.754169,0.469884,0.909415,0.250780,0.229880,0.638241,0.626240,0.263682,0.449463,0.594997,0.371816
0.333364,0.468951,0.794605,0.381523,0.446093,0.322607,0.326055,0.577961,0.323335,0.613414,0.311956,0.454085
0.211644,0.760957,0.518607,0.569268,0.691431,0.558729,0.845471,0.736698,0.398328,0.441602,0.851885,0.292875
0.536690,0.462535,0.649833,0.396698,0.637527,0.476152,0.568988,0.166931,0.642998,0.712948,0.520091,0.522588
0.525825,0.354080,0.443692,0.307908,0.561162,0.480302,0.669388,0.189217,0.611973,0.660208,0.605887,0.470620
0.386650,0.729816,0.804188,0.340907,0.269365,0.589936,0.855190,0.406022,0.678381,0.493187,0.187223,0.253497
0.512788,0.673871,0.200525,0.243553,0.654793,0.751211,0.191229,0.781371,0.562415,0.305162,0.555319,0.440252
0.251185,0.717462,0.169564,0.602616,0.559630,0.158190,0.737169,0.157112,0.617382,0.346730,0.719437,0.782618
0.483275,0.531547,0.169323,0.372641,0.671022,0.746571,0.311676,0.684953,0.702805,0.403570,0.354376,0.295880
0.700512,0.786691,0.524321,0.805066,0.273544,0.211576,0.557004,0.536926,0.146828,0.370716,0.672803,0.173787
0.570830,0.446807,0.046276,0.226012,0.675142,0.769775,0.394002,0.808682,0.629275,0.373794,0.589136,0.341234
0.893055,0.391893,0.478672,0.700423,0.630200,0.353082,0.809111,0.646605,0.294957,0.672957,0.686167,0.496170
0.203303,0.576987,0.780169,0.301311,0.573595,0.413669,0.448034,0.591309,0.341943,0.652158,0.379870,0.361453
0.366707,0.824579,0.175591,0.517134,0.550228,0.230491,0.797664,0.153539,0.618017,0.159571,0.721519,0.731136
0.667554,0.520782,0.563708,0.482731,0.125346,0.212364,0.643369,0.337919,0.525184,0.238130,0.000000,0.330458
0.703083,0.317086,0.666530,0.706559,0.639774,0.503336,0.876983,0.657115,0.227382,0.803349,0.671947,0.466726
0.485516,0.736954,0.872836,0.462718,0.556427,0.534334,0.401149,0.354392,0.306644,0.460230,0.698108,0.741974
0.632734,0.663319,0.646435,0.748948,0.229607,0.359725,0.610391,0.758004,0.298970,0.340000,0.655414,0.239200
0.590728,0.422143,0.536082,0.541239,0.227844,0.344293,0.548275,0.160975,0.503361,0.156003,0.263267,0.323907
0.343590,0.490284,0.594937,0.458985,0.670816,0.395741,0.262339,0.226452,0.689098,0.384105,0.322320,0.209873
0.493303,0.562168,0.243713,0.273447,0.625622,0.758265,0.397587,0.806506,0.462952,0.230345,0.522203,0.334348
0.364963,0.936177,0.448866,0.501760,0.634649,0.566362,0.816938,0.875915,0.466814,0.460389,0.690509,0.226048
0.196430,0.575253,0.719284,0.395945,0.457178,0.406991,0.401788,0.622063,0.513584,0.582077,0.518815,0.464001
0.544402,0.739572,0.717428,0.496099,0.433606,0.517752,0.371633,0.243149,0.318698,0.534409,0.613822,0.589175
0.939448,0.264025,0.365167,0.360530,0.214339,0.779493,0.221529,0.683614,0.505967,0.422074,0.179576,0.639656
0.386163,0.589791,0.755485,0.655733,0.617281,0.339666,0.400569,0.358812,0.674089,0.386861,0.350161,0.283609
0.826164,0.198927,0.437234,0.282991,0.189541,0.642751,0.246753,0.587970,0.693749,0.472993,0.052412,0.745190
0.748028,0.244514,0.509918,0.256076,0.310219,0.701793,0.097273,0.493348,0.556495,0.347459,0.242291,0.636379
0.462156,0.619608,0.607937,0.598669,0.646660,0.460258,0.449461,0.348929,0.877617,0.281536,0.365995,0.212912
0.767473,0.345694,0.339972,0.260835,0.158697,0.738560,0.275075,0.552979,0.506688,0.383213,0.116511,0.777577
0.314166,0.937491,0.473219,0.511124,0.564031,0.592029,0.741649,0.694028,0.431835,0.368735,0.744488,0.460350
0.922525,0.344699,0.344640,0.353372,0.154246,0.754310,0.283674,0.647108,0.672532,0.434658,0.142919,0.695962
0.786749,0.421744,0.646909,0.662510,0.565926,0.420805,0.786402,0.671788,0.383775,0.842654,0.614489,0.331502
0.566714,0.412667,0.557867,0.341622,0.459740,0.468579,0.650346,0.132689,0.617186,0.575159,0.493858,0.550167
0.829709,0.425418,0.771798,0.671182,0.575629,0.361485,0.745639,0.486095,0.340902,0.737902,0.638701,0.373318
0.784305,0.350703,0.348697,0.397071,0.144585,0.830517,0.212190,0.475092,0.555019,0.490124,0.136718,0.680779
0.368086,0.582732,0.654955,0.426477,0.511096,0.336227,0.284898,0.552290,0.464817,0.578844,0.401860,0.415029
0.525449,0.376788,0.621835,0.310674,0.748496,0.554153,0.676802,0.142064,0.664506,0.486588,0.664761,0.481200
0.372976,0.689328,0.794533,0.262573,0.254539,0.596348,0.534945,0.428499,0.670565,0.582565,0.224570,0.190491
0.558024,0.562261,0.098469,0.292235,0.570249,0.667837,0.352378,0.890204,0.707030,0.361963,0.461790,0.400440
0.549710,0.510435,0.601759,0.308766,0.565627,0.485200,0.567120,0.216145,0.790121,0.559038,0.758712,0.408978
0.327743,0.821008,0.656688,0.501828,0.649839,0.555090,0.730118,0.756492,0.419358,0.481018,0.763866,0.418868
0.801522,0.668857,0.566999,0.726389,0.318232,0.177876,0.759653,0.815836,0.296050,0.337754,0.595411,0.268117
0.433014,0.462003,0.661863,0.609197,0.659735,0.351263,0.407750,0.276809,0.780925,0.364863,0.356351,0.197413
0.632138,0.466327,0.627318,0.489152,0.221857,0.240102,0.616222,0.258094,0.511402,0.390491,0.266938,0.300646
0.389499,0.507329,0.515305,0.613087,0.655221,0.511366,0.288988,0.453808,0.723373,0.274720,0.309357,0.279239
0.295924,0.694117,0.796548,0.387202,0.178159,0.576579,0.707387,0.458334,0.754015,0.526858,0.128673,0.455554
0.521973,0.592986,0.146252,0.275569,0.647345,0.765151,0.462578,0.743124,0.767563,0.242836,0.587936,0.505481
0.516574,0.697407,0.141363,0.301760,0.568502,0.796633,0.366779,0.883295,0.660161,0.280146,0.522829,0.272314
0.251920,0.785366,0.449755,0.469425,0.705654,0.625581,0.869682,0.632986,0.401567,0.377013,0.835921,0.467694
0.765978,0.404606,0.694151,0.835683,0.555197,0.475230,0.823399,0.625444,0.307801,0.748933,0.667525,0.336816
0.732909,0.323653,0.368509,0.287626,0.240876,0.704989,0.140645,0.478955,0.447025,0.276364,0.035299,0.625624
0.810709,0.760633,0.560100,0.707922,0.307398,0.188938,0.742675,0.789148,0.293896,0.338297,0.450255,0.283056
0.368210,0.841335,0.636531,0.562665,0.598886,0.595017,0.734573,0.698774,0.454608,0.466230,0.707940,0.472989
0.348496,0.818296,0.839201,0.206441,0.178640,0.593752,0.706407,0.330206,0.564265,0.399760,0.098964,0.389111
0.962283,0.307837,0.322370,0.366273,0.236549,0.802614,0.294824,0.508196,0.524446,0.450875,0.145104,0.686839
0.543032,0.602272,0.499268,0.364963,0.694293,0.462251,0.626045,0.209537,0.705306,0.778463,0.589873,0.493382
0.376040,0.705444,1.000000,0.237686,0.165492,0.591840,0.737742,0.239674,0.658289,0.450734,0.185724,0.222995
0.878758,0.314666,0.733021,0.832225,0.656655,0.436918,0.830492,0.598759,0.363902,0.728206,0.683678,0.491604
0.752216,0.260038,0.351404,0.376580,0.199077,0.806740,0.370577,0.515874,0.620740,0.452867,0.162033,0.571968
0.443620,0.530526,0.674146,0.584335,0.768663,0.344654,0.448368,0.273336,0.733751,0.228739,0.316915,0.263144
0.247340,0.633631,0.804108,0.399179,0.575340,0.384769,0.269516,0.546997,0.582555,0.582895,0.447614,0.350853
0.470734,0.560365,0.663639,0.642407,0.669601,0.422626,0.477198,0.330256,0.836703,0.340155,0.229200,0.170699
0.923620,0.260475,0.449924,0.220871,0.217519,0.730999,0.265493,0.608474,0.631533,0.441989,0.209582,0.759068
0.352000,0.620057,0.743258,0.394140,0.399129,0.417631,0.408062,0.568925,0.408833,0.553705,0.432102,0.361073
0.785123,0.427318,0.648567,0.829032,0.570911,0.437492,0.711870,0.699040,0.263547,0.716613,0.677444,0.545033
0.828940,0.478652,0.535394,0.785205,0.672713,0.492140,0.726396,0.674137,0.326711,0.692925,0.648078,0.454901
0.611495,0.436181,0.303703,0.180416,0.687572,0.534910,0.485087,0.707984,0.653971,0.288962,0.509454,0.501457
0.520876,0.741704,0.833030,0.378326,0.488258,0.598973,0.299250,0.213642,0.247102,0.578017,0.657827,0.613940
0.310327,0.618908,0.842392,0.362033,0.292994,0.620731,0.580568,0.389029,0.717277,0.409806,0.209782,0.263269
0.524919,0.553548,0.159742,0.264592,0.617785,0.723330,0.246441,0.671140,0.583394,0.112968,0.441897,0.449131
0.530103,0.534547,0.688417,0.568694,0.658783,0.325218,0.308915,0.357759,0.832222,0.396814,0.245335,0.349471
0.229043,0.575753,0.700756,0.394297,0.549830,0.332204,0.320875,0.571598,0.416813,0.628867,0.458363,0.404558
0.651320,0.512134,0.594847,0.488152,0.272348,0.289282,0.494053,0.280653,0.635269,0.172804,0.260203,0.258329
0.214486,0.736397,0.531238,0.514752,0.552626,0.504371,0.789763,0.623569,0.430609,0.444606,0.646358,0.394927
0.276916,0.960550,0.379350,0.686285,0.793027,0.435313,0.888017,0.691262,0.384723,0.427755,0.712641,0.413436
0.628927,0.426295,0.687022,0.181851,0.565667,0.471871,0.731651,0.254058,0.574443,0.613926,0.656165,0.501760
0.734382,0.681607,0.500249,0.733997,0.184116,0.264443,0.646821,0.787883,0.141103,0.314039,0.748381,0.223187
0.298015,0.590114,0.765610,0.333433,0.528446,0.380402,0.247373,0.641960,0.407813,0.685436,0.339352,0.517602
0.358652,0.743226,0.637694,0.633428,0.685096,0.526380,0.775642,0.686383,0.443437,0.394043,0.784045,0.373188
0.598747,0.628090,0.607270,0.537760,0.129709,0.251888,0.571117,0.113704,0.520304,0.280931,0.272411,0.301085
0.373268,0.762650,0.812704,0.441917,0.588382,0.621676,0.448995,0.182864,0.328239,0.708961,0.759465,0.604038
0.258384,0.726309,0.882231,0.276230,0.280098,0.588022,0.676888,0.274841,0.694734,0.592670,0.102724,0.312403
0.889418,0.405285,0.623132,0.733078,0.595788,0.457873,0.716367,0.650392,0.367744,0.703271,0.655320,0.435522
0.373559,0.610024,0.605597,0.456391,0.604832,0.476434,0.370567,0.604895,0.578000,0.656591,0.401824,0.384613
0.191745,0.721847,0.581453,0.472257,0.582307,0.488785,0.779992,0.689586,0.500909,0.377199,0.589749,0.391809
0.421528,0.626862,0.681051,0.637920,0.616240,0.496275,0.420496,0.411020,0.726917,0.433068,0.231643,0.200995
0.655348,0.409115,0.606740,0.161324,0.622218,0.572470,0.583373,0.435473,0.648081,0.530436,0.594427,0.421354
0.863551,0.264722,0.446094,0.139233,0.116192,0.677406,0.196646,0.643347,0.540181,0.293570,0.182005,0.708186
0.360575,0.504014,0.634293,0.586685,0.599413,0.381855,0.496788,0.423574,0.793489,0.380715,0.161406,0.073255
0.506016,0.501621,0.173050,0.272929,0.710335,0.800485,0.476629,0.663584,0.629208,0.183620,0.726699,0.430888
0.373417,0.456242,0.710746,0.603478,0.503259,0.414329,0.391108,0.235681,0.763228,0.421796,0.188477,0.255189
0.455238,0.575356,0.590804,0.563065,0.644198,0.373865,0.491915,0.293822,0.863536,0.290333,0.342791,0.274628
0.695238,0.390783,0.659037,0.756887,0.774460,0.435365,0.801343,0.715778,0.297273,0.662365,0.586739,0.405241
0.636785,0.487559,0.620206,0.500643,0.206095,0.279098,0.561050,0.117074,0.501451,0.371209,0.038928,0.322674
0.227809,0.554190,0.772433,0.526249,0.396508,0.395101,0.300517,0.509117,0.437197,0.627743,0.387756,0.335423
