5.397567,6.948182,7.139121,-6.588745,-2.013363,-1.851932,-3.761857,3.250305,-6.768970,-3.756913
-2.222177,2.983972,-1.853196,9.535178,0.132623,-5.918901,4.931576,3.089526,-6.905403,-5.405312
3.078610,-15.105821,8.530575,2.975873,-2.652755,10.549913,-3.009533,1.660475,-1.438946,-3.196784
11.408095,8.567008,-2.004937,-3.002759,-0.350635,-5.534608,-3.264153,-3.254390,2.034876,-10.531956
-3.167293,7.027396,3.640635,-11.002247,1.465752,-2.450360,5.756811,-19.771292,-14.097390,3.232848
11.242374,6.920283,-5.928593,-8.174358,4.822722,-9.467636,-0.875335,-1.273356,-4.052176,-12.064079
10.598000,10.066870,1.760015,-4.159645,-9.957382,1.562879,-7.188324,-9.239099,3.361895,-19.082293
3.027868,-1.668921,7.023981,8.660385,-11.276499,4.311771,-2.775759,8.780200,6.406620,-2.617802
4.815350,13.089672,-3.493607,2.257592,-2.766681,5.478473,-2.890301,-7.783126,-25.630491,-22.354580
4.396334,-5.476804,-3.338517,11.542817,-10.571657,-5.059824,-2.284391,6.648219,-7.986874,5.646066
-0.844158,2.467792,7.293794,-1.725581,-7.448206,0.639251,1.357474,-0.306922,6.729097,-14.721218
5.845217,6.198862,-19.802795,-4.534697,0.165776,6.534767,4.000568,-7.551207,4.559834,3.119617
4.851526,6.195493,-2.692006,6.737450,-8.055922,-6.102606,-23.895338,-2.941620,1.057395,2.141928
9.956671,3.710811,-6.840916,-3.446996,0.392051,5.515402,3.055410,-6.792516,-16.728029,2.225088
7.793281,11.760749,8.811926,8.065283,-4.983231,0.994047,-4.099702,-2.940822,-14.529758,-7.433596
-0.828695,4.159612,7.258209,-23.136999,-3.990102,6.950968,-10.817662,-4.195219,-8.844894,-32.412933
8.159957,-20.916866,-12.096670,2.288489,-22.039854,-3.038929,1.999439,5.666695,-10.713234,1.595483
-8.033545,10.207670,8.442105,-5.189558,-27.337929,8.152675,0.676203,-5.116710,3.221514,5.086114
-0.902185,-7.649348,1.340942,4.447069,3.570459,-2.213947,-2.413025,3.890244,-9.798143,-0.518271
5.648852,6.775314,-1.058704,-18.383171,2.736565,-32.600449,-0.186239,1.564385,6.081860,-10.667099
-2.585363,11.840189,4.536160,5.701743,-26.759016,4.230865,-2.887231,8.360321,-3.527627,1.435669
11.620234,-5.178029,10.960382,-10.754766,12.318053,-7.413353,-23.951380,-3.269070,7.450428,3.089848
5.758593,0.397487,-25.567865,12.349304,7.465418,4.308077,-0.890919,5.127224,-10.579880,6.338494
3.167146,8.358108,9.752325,-11.415728,-1.964519,-7.014504,5.629403,6.869820,5.680676,2.224045
8.445974,-6.862716,1.212102,2.297995,0.351605,7.918273,1.226063,-14.071238,2.916262,-3.689469
-7.877489,9.732395,-0.618370,-1.979709,-5.292479,7.660363,1.303740,-12.801446,-5.455801,6.001462
3.801773,8.177109,4.106819,10.154350,-9.126805,5.136403,-3.226042,2.467540,-1.489733,-5.559194
-2.586743,8.014501,4.044084,8.092709,6.712193,0.048958,-21.105879,1.785477,0.582487,2.526628
12.678052,-3.034514,11.150341,-1.531590,11.769900,-11.126355,-8.732952,1.483763,0.967792,-12.284521
4.935345,4.312189,-3.652737,4.505225,-6.119613,2.034581,-17.674736,2.028185,-19.424137,4.216883
10.946869,-4.170281,-3.454988,-5.727083,7.757375,0.660672,-9.339844,-3.902906,-2.438430,-7.746053
11.484919,2.287528,9.224360,-3.430336,11.250587,10.568086,-9.812079,5.382523,-5.866001,1.198972
-8.801998,-49.891514,8.876748,1.116544,4.229001,-10.717775,0.739472,-6.426703,-6.183990,0.481487
8.613378,-29.042347,-1.154359,2.150293,0.774999,3.908637,-24.940731,-8.926376,0.628108,-6.459394
2.478256,9.201389,0.887618,6.540356,-2.668875,5.056233,7.679677,1.090109,-0.323189,3.810841
-0.320321,11.204523,10.731305,-11.168743,-9.524852,-6.547303,-25.421837,4.399276,2.813686,7.861512
6.698909,5.193706,-5.057936,-5.424674,-6.271891,-12.817419,5.372043,-7.610105,-10.462540,5.900638
-0.646938,6.675983,-8.833743,-14.338844,9.067488,-16.899267,-1.505142,5.845893,-3.975507,-7.711420
2.963901,7.166455,4.285404,1.865067,-20.262741,-10.805262,-2.195317,-17.336441,-3.268609,3.366474
-27.112932,1.233089,6.547539,9.374587,-4.491905,3.933452,2.868478,-4.406231,-2.738879,-25.273321
3.972660,-4.854653,3.807335,-3.083776,6.191315,-0.056977,-5.998185,-4.329156,-0.298763,-8.347626
-9.189865,9.933149,0.255841,-9.893826,5.556646,3.215694,7.509710,-4.530541,-2.214223,-12.503556
5.545461,-0.668004,-7.779588,0.403861,10.205316,-2.033795,2.393880,2.888351,2.354609,-10.001400
-11.008629,8.601061,3.399121,2.508250,-12.814009,3.079823,4.709623,8.025655,-22.865660,-3.632102
-10.075928,-19.870600,-0.579793,-2.840979,0.951114,3.217701,-0.917657,2.756904,6.379777,-11.601835
-1.989401,10.187672,7.564167,-6.168222,-4.885005,-26.377384,-0.194046,7.431436,0.793948,6.728472
4.028947,3.482645,-4.000587,11.033976,-41.403152,0.518636,1.286197,-3.152447,-12.072397,0.472317
1.819302,2.816992,2.823747,5.817492,-10.104199,1.294986,6.581664,-2.338708,2.511623,-2.117924
4.562494,-9.151596,-11.472379,3.462063,3.620996,-28.707762,8.004258,-14.793203,1.825561,-17.876810
11.500769,2.559911,-14.582223,1.314246,-3.592310,2.646232,3.699814,-19.101788,1.718553,-7.975810
-54.113850,-8.877536,7.395099,2.773641,2.607520,10.467995,-15.803041,-32.026630,-9.570182,-7.873776
11.675229,4.627780,-6.524698,-2.310309,1.687517,1.270420,-42.389374,-6.713894,-3.680464,-3.681839
1.486249,10.533132,9.087548,-1.864141,-13.045214,-17.504187,5.322835,5.822380,-10.506257,8.177519
9.301508,-3.541754,-10.656066,-13.220680,-4.473639,5.780236,4.135553,-6.716521,-3.836985,0.858583
0.600128,1.445054,-17.025984,1.953737,-0.356791,0.171990,0.970118,-3.845290,-10.982388,3.827259
11.766075,0.649574,11.885394,10.941583,6.584125,3.302625,-12.872734,-13.252020,-0.032204,-0.910194
8.834932,-0.942719,-10.883441,-1.302970,-4.229043,-2.765357,-17.786367,-0.747421,0.428202,-0.651061
-5.377748,11.001328,-1.494070,10.159985,4.504066,-2.404242,-22.973425,-0.616830,5.905672,-3.393389
14.491891,0.357408,-2.159934,-8.952015,-2.828360,6.713409,-3.229910,-2.084754,-0.183957,-3.808454
1.935347,-9.433162,3.632924,1.377564,-5.169985,10.524102,-1.807476,-4.367414,0.689227,-8.352298
-3.525479,-2.253733,7.037349,4.499236,-22.228449,-24.039745,-3.736627,-6.315217,-7.896638,-1.128135
-4.217045,2.722621,9.541645,4.812219,-11.146404,5.867362,-5.965632,-1.598145,-18.799723,2.550048
-6.092260,-0.782235,6.404154,0.411630,2.941872,-3.427296,-14.340050,-7.519352,-14.811668,-4.139772
-3.370800,11.536077,-1.321049,2.557045,-21.411104,-18.084406,0.225613,10.768279,5.921609,-2.560289
15.632553,3.918254,-4.203269,5.554481,7.135159,-2.235968,-41.079178,-1.361399,-11.059069,-54.047455
10.183502,5.659562,-6.447618,4.005583,-1.462234,3.830904,4.560048,-38.871265,-3.965082,-13.164595
-5.539757,8.806898,5.767513,6.842587,4.955994,2.822345,-5.687312,6.809817,-9.033150,3.783078
11.232580,7.018705,1.957919,12.828766,-4.832433,9.461542,-6.414812,-1.267739,-19.370300,-11.965690
8.477873,0.212741,1.412435,-6.225832,-8.348104,0.480469,-0.293227,2.025586,4.150552,-7.187571
11.828108,6.633542,-6.740582,-8.551503,-1.917446,3.426473,-19.475325,-5.576215,3.890707,-10.167979
5.194174,12.827115,4.248565,3.305353,0.532723,5.594066,2.461199,7.220242,-2.571454,-20.623875
11.067091,7.294679,-5.877915,-3.711250,4.427405,-9.520934,-4.015502,-1.089822,-2.726556,-9.842745
-25.553034,-12.481109,4.093517,-15.624882,-0.821726,5.544001,-10.158665,8.002526,-5.167790,0.761679
1.732074,11.539221,-6.652831,6.790696,-13.971416,0.882482,9.334485,6.917510,-2.130527,-14.799654
7.627182,4.542636,6.179080,2.938690,-11.160507,-7.140603,8.950240,-8.947065,-1.800258,8.399237
10.102553,-2.307355,10.888791,4.089938,6.440632,5.714974,4.153362,5.593944,-6.435430,1.013693
3.172700,9.001638,6.536694,9.312213,2.625764,-20.141525,-1.823840,-25.433094,1.154328,8.687495
6.129090,-10.095944,5.136923,-1.186245,-7.484303,-10.398139,-45.619961,1.668338,-10.965971,0.590391
11.147558,-2.746548,-9.498810,-2.321632,7.804033,-21.381321,-18.978752,-7.503725,-8.438765,-9.271709
11.365112,6.741659,-15.670800,-4.534470,5.495835,-19.405087,-3.937992,-3.504622,-1.749836,-10.041792
5.604205,-5.516136,9.021646,2.741662,11.292039,-14.995625,-25.333809,-22.265522,-5.463573,-22.755627
13.856497,-9.270140,4.418563,-7.396636,12.158288,-2.494962,4.022388,0.089857,-2.204500,5.553742
-32.664158,-11.797512,5.517157,3.600430,-0.625113,-1.460757,7.904270,-12.000604,-7.291924,-2.545376
-1.159695,10.350035,-6.291056,1.599040,-6.210735,-6.021999,-8.211053,-3.640543,1.819357,-18.311327
2.109475,2.640705,4.335586,9.608174,-5.029284,9.113578,-1.301297,-1.470179,1.762522,0.646109
7.770810,-9.416654,-0.224444,-16.529133,-2.524425,-2.744532,5.704565,-3.249781,6.764229,-6.711088
7.801868,1.266985,-19.671047,-2.287079,3.116360,-1.127086,-7.242909,0.524286,-2.859353,-0.658569
8.091136,-3.955050,2.616364,-10.216339,11.990988,-3.153362,-2.760427,7.230269,-7.425750,3.578925
-3.041208,10.054747,4.563437,4.420237,1.756276,-8.668352,-3.964505,-10.704439,-11.465031,-12.008661
11.923846,-4.252487,-6.036382,-12.900150,3.805792,-10.006934,-3.708177,-2.284914,-1.949552,-14.239617
-6.283973,9.768497,6.912641,-21.138699,2.495066,1.375759,-9.792955,-3.137240,-2.131110,1.808266
-3.723897,-3.914787,3.982180,10.156812,5.282319,7.123709,-6.734656,3.716279,-8.447086,-17.282045
9.771896,3.128237,9.671099,-4.307590,12.016374,-8.387247,0.762143,5.746803,5.825906,-35.483242
3.519225,-6.088612,0.429645,3.818622,7.531470,-19.125240,-0.370530,2.652199,-10.956355,-9.484171
10.966696,-43.554558,3.348000,9.492942,11.885756,10.162119,5.485117,5.842005,1.127010,2.008615
-10.125338,2.668074,4.561246,7.772870,3.782444,7.898891,-0.607336,1.924858,2.176764,3.342241
12.887400,-2.846684,1.987345,1.909959,3.679544,-28.079157,-16.703819,8.502600,-3.900095,-6.810843
8.965760,4.662930,4.274052,-1.809726,-10.499588,10.162354,5.689392,-22.485580,-10.647836,-16.429886
1.834044,10.411860,1.445517,8.590766,-11.485587,6.740978,3.759298,-1.429685,-0.290667,1.734740
3.601265,9.122330,5.807822,2.160783,-6.141983,-6.566275,2.904065,3.643990,1.990834,5.928383
8.139100,4.294316,-16.592405,6.914997,-1.541076,4.911263,3.694520,8.524893,8.768931,-9.340694
2.097751,-0.270775,7.205466,-0.906392,5.772099,3.778289,3.102775,1.552131,0.661833,3.148304
-12.862433,-20.892031,-6.346082,7.441706,-15.184927,0.064713,2.179101,-2.011007,0.811284,-6.491929
-7.198050,8.582558,11.300754,-13.749976,-6.365632,-6.541285,-0.442948,2.371202,1.679326,7.947223
-1.648824,5.962567,-14.322690,-5.837230,-7.871056,3.032849,-4.086014,-10.768895,3.384720,-6.701163
-3.871890,8.434546,0.991054,2.591106,-4.939143,8.860113,5.261639,-1.376963,-0.866364,4.454760
6.906663,-11.767231,2.245252,-13.485601,4.726229,5.980910,-1.626818,-11.900855,3.284672,-0.653415
7.664087,-7.360156,8.783825,9.437670,-1.951441,3.247541,-0.301776,7.147631,4.688912,-5.958621
-29.188025,5.752108,-2.124347,3.789250,-5.939025,-2.390891,9.278764,-4.981978,-19.029692,-2.427250
-4.753422,10.816330,3.925052,-7.637088,8.118402,8.826329,3.507420,-9.066876,-9.670876,-8.962543
-9.371872,8.946734,-24.904003,-22.639620,-1.604632,-3.725589,0.043684,-3.475018,0.233216,4.521939
4.171894,-9.210962,4.303479,1.901834,-8.004333,7.049817,-2.404690,-1.620496,1.555461,-11.018614
9.042321,9.540605,4.374135,-17.053463,0.112673,9.201232,5.675430,-8.606422,4.947815,-0.988446
5.657219,-13.973934,8.026908,9.602503,3.389903,1.366147,1.492698,-1.999002,3.797835,6.788998
-0.919140,-11.500118,3.525298,2.555478,7.351912,-4.520388,-0.478176,-7.395261,-5.090729,-43.765015
9.991566,6.639567,-3.387665,-0.660527,-0.732198,5.754727,4.280890,-18.762924,-4.248523,-60.788963
6.517973,3.374834,1.175790,0.121830,-16.284639,-0.298199,0.396393,5.667229,4.057151,-5.708050
-1.426225,10.800220,5.104903,3.644281,-5.581663,-1.120283,3.899807,7.351804,5.301049,-0.735487
5.635955,10.905193,6.613090,-21.500881,2.683754,5.958026,5.437298,-12.026976,-41.839592,-3.583943
-0.544908,1.723454,9.735445,-3.695911,7.537362,-21.824360,-8.819987,9.135714,7.580503,-1.068086
11.328019,3.375384,-9.662774,-1.365446,5.677515,-3.821512,-2.075307,1.021209,-13.973876,-8.021906
5.213757,5.750586,8.734637,1.781651,-10.418614,6.418797,0.866365,-59.740005,1.576914,-13.005309
7.270484,1.104995,-2.259250,-13.068480,-22.519382,7.772400,0.848190,-2.026869,-16.835711,0.131616
6.001853,3.782573,-10.582859,3.842835,-5.274500,-3.140221,7.351076,-21.934837,-2.917153,-9.017885
11.675358,6.165419,-13.067406,-0.849796,4.039367,-2.059649,-10.537215,-5.645457,1.049170,-14.983325
4.225135,0.907783,-2.058275,-10.440532,5.294347,-0.463780,0.394288,4.981266,0.642122,-3.560576
-3.411465,-0.243293,6.557834,6.062101,-0.582404,-7.607191,-2.884141,6.588634,-1.709634,-2.232159
-0.057853,11.103455,-10.503767,-14.195982,-11.220686,-34.653866,-7.272107,-16.732561,-7.410190,0.884074
-1.997956,0.483074,-0.717702,-1.823696,-0.470665,9.148348,-2.417868,-16.213587,-6.958425,-0.469607
-9.768411,10.513052,7.914258,-9.557303,-7.095418,-25.249416,1.865550,-4.046724,-21.966589,3.376522
2.667037,10.101285,1.139825,8.083681,0.806025,-15.477853,-3.838457,-11.293463,3.599107,6.065836
12.693529,1.646177,7.971529,0.462496,-3.496442,6.271153,0.611897,-10.040808,5.082449,-8.653842
2.280625,7.552891,-13.452516,0.054780,-1.183888,-1.460421,-1.858850,-21.709013,0.503750,6.771879
7.226354,0.385495,-1.717078,-8.403720,0.587552,3.292167,-6.363726,-2.076106,-7.600395,-11.404643
-0.149488,5.909089,-0.304501,1.213561,6.251034,4.694485,-1.420840,-3.635822,-9.269832,-2.330388
0.485535,-8.795889,2.642222,7.198333,-12.304030,-4.884431,-8.172962,6.533834,6.959326,-11.133441
7.995420,7.591810,-1.179275,4.503764,-18.909370,2.963063,8.000595,-33.460556,-9.803766,0.382891
12.709589,-25.171263,9.657300,7.030839,10.921581,-9.269070,-2.931118,-1.114598,5.154300,-6.455326
6.072349,2.436591,9.094039,4.309801,2.194749,-4.889099,-0.300538,0.639873,3.226749,2.873595
6.671656,-1.369320,-0.420418,-2.295723,-1.278713,0.650558,-2.211942,2.923107,-17.502132,5.390987
6.240764,10.025402,-30.594967,4.753516,-5.380249,-0.973236,7.986365,-5.950844,-3.141198,-16.823156
12.137338,-1.802089,7.336705,8.166374,8.344271,3.218376,3.765603,4.618468,-1.223702,-17.286598
6.052179,-7.806446,-10.180272,7.405170,-1.324394,-4.670172,-12.804657,-8.239343,-3.519032,-0.159007
6.412256,2.977346,-0.301749,-11.851481,3.871356,0.725617,-18.572990,2.927882,-3.552857,2.284498
10.439842,3.215197,-4.693574,-0.276457,-3.505984,7.094350,5.051430,-20.941681,-8.843372,-22.230488
11.004076,7.733376,-19.594690,-6.754063,3.175933,-13.675240,-13.009113,-8.910356,3.273159,-13.891450
-57.864033,-0.349506,5.763968,7.232096,1.690826,3.450347,-8.150710,5.438785,6.800399,-8.953734
5.327777,10.880404,-1.557872,9.799471,-10.373278,-14.984440,-3.637296,-8.680912,9.473703,4.790775
-1.424865,11.629538,-3.156886,0.437067,7.418584,4.135944,10.351781,-4.195621,-15.323202,-13.629780
0.489203,10.129781,7.168417,9.018972,4.743635,-0.379291,-14.476972,1.614240,3.713425,0.874754
10.963758,6.830095,10.371887,9.035003,-10.421017,4.910096,-9.585110,-5.815411,7.837898,-2.526042
8.399811,5.417284,3.633420,-2.444616,-5.455242,10.266919,7.154050,-15.945795,-9.080329,-10.945408
-12.570821,4.144857,-40.414169,-6.488008,1.677480,7.249868,-1.897424,9.131747,-1.436893,-24.660776
-9.749489,10.180195,-13.926593,1.808614,-5.651589,-11.726427,9.491120,-12.262355,0.160125,-1.251469
8.545340,-7.882657,7.460443,8.460186,0.597762,10.794906,-27.435312,1.012504,-3.379850,-16.712242
9.058393,-2.174400,-14.252199,-11.882385,1.502784,6.415214,1.208224,2.710511,1.029198,-5.775905
10.871498,2.067275,-10.778536,0.688783,7.563329,-6.900945,0.007182,-12.084626,-21.377563,-10.531711
7.965001,3.582120,1.739366,3.427357,-25.882603,7.806113,8.414579,-23.267851,-20.348698,-2.372910
-1.234997,9.552009,2.016964,-2.538882,8.648476,-21.505634,7.492237,-5.212510,4.064935,-0.579098
10.593524,7.721326,-18.983624,7.909750,7.277064,2.860090,3.141381,-2.030023,2.732322,4.442390
-8.092465,-24.621077,3.586207,6.903536,-4.528314,4.579556,-3.709175,-24.060013,-16.577013,-24.424103
7.223744,1.101186,-3.074360,13.071351,2.296184,2.022423,-18.714890,-15.489016,-0.536029,-9.143086
-7.623177,4.451324,6.669082,-4.505659,-15.710371,-1.277040,2.901311,-28.284138,-6.112196,-6.354227
-6.458668,-1.543405,2.477560,-2.091485,-13.203146,7.419597,2.283179,-7.627437,4.136363,-18.275854
5.523821,0.782014,4.574298,6.807916,-8.097697,-14.301415,-5.556683,-2.661161,-9.692694,11.372175
-0.645711,11.929654,5.170033,4.780257,-18.790361,2.289708,-2.630503,3.966431,-20.371504,0.763934
5.729160,1.767624,1.086002,-24.552235,-1.742272,-18.960649,9.390722,-2.132025,-7.619965,7.739597
12.158472,3.446223,1.264328,-5.974622,-4.461298,1.729726,1.640996,-16.214659,1.757917,-5.293723
-1.257938,4.173501,3.336124,-1.018279,7.062437,5.215950,7.387724,-3.503323,3.704080,5.249460
12.215462,-10.386965,7.609754,4.335137,-26.647785,-14.243912,-3.415465,3.612121,-16.631643,4.807540
0.944511,0.470987,3.341238,-8.326779,5.289884,11.119171,-3.640283,-18.313837,-19.765060,2.762678
-0.076720,-14.521009,11.613771,-1.758445,-1.823838,4.069052,1.721621,-1.183982,4.227563,2.710704
11.672425,4.538977,-9.829034,-1.150004,-8.485803,0.535920,6.630477,0.091213,2.091683,-3.386190
12.923661,-8.567711,12.024716,8.039702,0.075794,-0.446196,-9.351025,9.225060,2.128828,-8.681400
11.610888,6.226229,-13.898117,-13.027123,-1.594317,-16.525082,5.178490,-2.601232,-1.171378,-13.300418
2.409244,6.291379,7.729520,9.788972,4.632055,4.026506,-12.961449,-12.177280,-0.721854,3.694427
4.823037,2.478723,-1.088733,4.015719,8.641276,6.028128,-33.197525,3.930115,1.173784,2.837891
-12.849960,-5.447636,0.510190,-8.965537,6.439461,4.135118,-1.996832,4.220191,0.106094,-5.053387
7.033455,-26.457102,-4.062197,10.051646,1.680675,-11.670019,6.791000,4.504025,-5.015413,1.461091
-14.382100,3.604538,9.586251,4.346584,-1.416250,-5.046838,-1.348855,-2.877620,-40.553696,-17.915024
-7.225446,10.011774,3.528766,7.227431,8.069616,4.534863,1.139520,-7.531278,-10.374881,10.313276
-7.138595,8.654919,-25.758936,-2.648134,1.715102,1.473168,6.045100,-9.584244,-21.048328,-12.195389
8.571295,-3.392303,6.735730,1.658834,-5.316244,-6.429767,-5.798056,2.035323,8.497073,-36.071808
15.431356,-2.351156,3.208305,3.162118,8.615970,-7.883680,-6.787374,10.820520,-14.317249,-17.038359
4.968260,4.002915,5.448098,-2.711108,-0.620513,9.106704,-6.371756,-1.461291,3.618932,-7.931722
-29.117908,10.430322,-9.549178,6.573887,-6.843420,1.502167,-9.917270,1.706304,3.705706,-8.473661
3.463133,1.835670,-0.574379,2.467346,-7.761641,8.695343,-6.655207,7.837291,10.236001,-12.253661
11.571969,2.263549,-14.837677,-2.172418,6.774552,-9.356304,-17.528231,-5.779598,-10.911317,-8.331015
7.424370,-1.381636,1.627992,5.982702,-27.018927,-5.176976,4.160961,0.701345,-7.026611,-23.042343
-20.999027,8.000799,7.014013,-14.249660,-6.750329,-21.857334,6.930857,-0.287529,-2.683017,-2.295081
5.667841,-3.163342,14.009036,0.746167,-6.834028,-8.113881,-1.376870,-2.500577,5.244132,9.090744
18.350536,-0.244204,7.522813,-0.840551,4.831128,-34.706985,4.299811,-2.871398,-4.423789,-8.750163
-12.748968,-8.822390,1.974192,11.579494,-3.206295,-8.883746,-9.667122,-0.641347,-9.444429,-2.414116
-13.422198,-8.040946,11.153661,2.637318,-10.777809,2.648817,4.647883,0.580881,0.902910,-0.736075
2.098666,5.627394,-0.690875,5.845687,4.644299,2.503085,-7.447559,-3.510886,-9.466300,3.209304
8.501653,-0.090622,0.041513,-1.324188,-2.124032,-18.783367,-10.889411,1.558144,-27.918882,-6.509419
1.402461,12.677102,2.692554,1.111780,-2.773673,6.320863,-5.291701,0.074363,-13.690658,3.697939
6.778668,-10.316573,-13.812082,9.532737,0.861374,4.899222,3.489703,3.404332,5.548830,5.874324
-17.772926,-4.233714,6.864646,5.461173,8.783415,10.766876,-3.398286,-2.974667,-4.575000,-1.319888
2.609588,5.575826,0.558970,-1.499203,-11.902541,-3.784908,6.488755,-8.851748,-1.916697,-16.654432
7.301955,-1.593125,2.300012,4.383479,-5.620033,1.614135,3.341460,-13.751287,-3.150460,1.113317
11.668804,6.571321,-4.827128,-4.186522,-0.993831,0.233691,-9.845817,-5.492425,-0.612849,-7.390249
2.726841,10.090130,2.979851,8.772773,8.807081,3.528905,-34.930676,1.150236,-25.872946,-6.553602
-6.127567,10.070946,6.486347,-3.031103,0.736124,0.483096,8.800673,-3.153034,-6.191881,2.093396
2.186781,6.968650,5.258741,-4.282590,3.734000,-4.358717,-5.562246,2.516862,-3.979207,6.968462
11.575928,3.371595,-11.705880,-4.535607,5.006362,-1.090368,1.792120,1.221832,-18.415396,-9.376293
-8.546635,-25.520794,1.788912,-1.710435,1.635713,-0.016400,2.865493,-0.690570,-1.004562,8.787023
-7.291268,2.914045,9.218973,-13.277617,-29.324108,2.724086,-15.854493,-6.241155,4.610942,0.638648
9.986322,-5.612473,-3.475979,-6.068130,4.796999,4.327392,-0.154481,-3.646701,0.435686,1.378163
11.951161,1.266301,-21.160830,-9.008522,5.062243,-8.755284,-0.036859,0.264952,-13.881681,-19.519207
11.444107,-1.054462,-10.851851,-26.757563,1.562645,1.685925,5.327034,-7.262682,-43.103386,-1.895704
-1.332599,-4.185732,9.399750,-7.821246,-0.791233,7.696004,2.437703,-8.275335,-24.734505,3.109685
2.078207,6.965918,0.901953,9.903343,-14.331226,5.920873,-2.706400,-10.387078,-5.424294,-5.423547
5.276475,11.295446,-2.453239,-0.052778,7.351768,-0.052963,-16.715675,-12.790536,6.049707,10.094434
-19.138449,7.681684,-10.558697,0.648719,-12.546215,-8.804649,4.704778,1.605984,4.505751,2.610214
1.242942,11.022415,5.610795,-14.969795,8.503521,-7.854126,-17.174007,4.825731,-3.952559,-0.545403
7.156199,1.228469,8.962966,-2.678226,-3.296466,-12.032403,-4.038524,-16.977261,-1.216621,3.806608
-3.928054,12.404360,-1.952254,-8.822824,-21.653250,-1.022655,-2.021132,-8.933524,-16.264122,2.805472
14.976287,5.519571,5.733571,4.292011,7.379181,6.264481,-27.032768,4.071765,-4.295856,-6.198568
-0.312305,9.516347,5.003876,5.501883,4.914168,-30.151833,4.566004,1.336593,-12.891129,7.105597
5.300323,2.783757,7.702677,4.643057,9.562932,4.971187,-17.095865,-27.484549,-7.780432,-4.724402
7.286174,3.946140,0.752212,0.132149,-20.237289,4.644804,-9.766560,-8.004115,-30.590832,4.579865
3.696556,-4.107917,-26.609697,7.275152,-5.216517,4.305051,-13.681499,-23.141611,5.795836,-9.182737
2.483742,-1.451444,6.351852,-8.446194,-1.214078,8.145482,-25.034855,-2.426687,-3.554061,5.500147
-1.049054,7.244523,0.717728,3.795328,5.920771,-3.581971,-14.847207,3.697488,-1.733244,-9.634123
6.512814,7.642374,5.439163,-6.328759,-0.026581,9.990585,9.969341,-8.533576,-1.685334,-1.572649
10.324734,8.082795,0.968802,-10.678973,-16.018774,8.583487,4.477757,-46.930458,4.806447,-7.452754
11.801468,4.973808,-5.905696,-13.849540,4.221162,-9.734382,3.995023,0.116674,-4.744905,-7.477442
7.493622,-13.691106,9.263888,-0.467397,-6.702152,-4.787725,-16.690176,-3.544661,-10.432737,6.049235
-0.047403,11.738009,1.097018,9.239679,4.518334,-1.738179,-15.970163,0.031652,-7.911292,-2.772614
8.861089,-18.177048,0.437234,2.821265,3.569838,7.581553,-0.986936,6.195031,-8.739696,-15.502381
-2.541445,5.915714,-15.139191,6.274562,-16.976786,-23.540495,-4.310879,-10.186014,5.885194,5.091679
7.217982,0.597283,9.240601,-3.733649,-8.051315,-15.003304,-2.790105,-4.735922,-10.532135,3.309839
10.861144,2.741025,-32.031666,0.051695,7.715353,-2.900073,-12.360718,-2.277081,-11.615151,-7.102589
4.750914,5.794435,2.152372,-0.003132,-0.243006,2.005391,-18.077841,0.060140,-9.859164,-8.686492
-8.092425,4.790922,-4.945511,-5.728704,5.010790,3.654208,-2.089243,-14.352167,-10.690922,5.354674
11.851888,5.781970,7.637856,2.337866,9.838997,10.179565,-10.226998,-9.127199,-2.730320,-27.605696
5.409506,3.072310,2.473642,1.997431,4.081020,8.849810,-5.636833,5.409050,-17.938337,6.078552
5.162923,4.757685,-4.898037,1.320165,-3.613416,7.530230,5.974658,5.096025,-19.398678,-21.472414
-0.487487,-12.707101,-8.737103,9.126780,-32.105278,7.800739,-15.059533,0.843683,0.794362,5.016546
-0.138041,9.855202,-15.062691,3.179976,-33.766201,-3.659160,-10.901258,-15.612022,-2.435774,-9.393210
0.034842,2.877371,-0.779604,12.039391,1.499051,-4.105958,-1.929244,-1.095982,2.510021,-1.070035
8.198754,5.072971,0.370948,0.866458,-22.300201,8.179970,8.271847,-29.940628,-13.638640,-6.110306
6.877754,5.529276,5.878295,6.882017,7.674320,-2.730314,-9.664377,-11.713940,-4.045699,-10.679426
6.788955,11.204237,3.278055,6.767534,2.053045,-21.119999,-4.453849,10.044737,3.392446,-10.779449
12.234890,8.589039,9.142529,8.405108,-2.034274,11.222330,-21.590195,-13.045444,-8.549854,-1.705537
-21.169689,0.768479,10.282887,7.566664,-13.623938,-4.866892,3.657756,2.343261,-0.300861,-1.878056
7.242370,-14.030696,5.645526,8.550663,3.203663,3.350408,7.798343,-6.460607,3.935119,-0.711609
9.096337,-0.489465,-12.539499,-10.089332,-1.533275,-4.903353,-24.361889,-1.698236,-17.844536,1.530711
11.717518,2.812357,-22.355980,-3.812528,5.630431,-8.131961,-0.271655,-2.361859,-24.553440,-11.444078
-6.857615,11.015059,8.183324,-6.495598,5.903234,-3.737464,4.642968,1.599303,4.264762,-4.274736
6.408123,2.127154,-0.541768,-15.834068,-3.602102,4.120626,-16.429575,-22.096710,-3.714946,-3.226692
9.691662,-17.241632,-2.857623,-11.425377,-2.306229,-7.076008,-24.289228,-2.688805,-32.787209,3.007409
8.505955,-13.471576,2.939544,-3.328920,1.705066,3.880132,-9.697240,-19.881065,0.969570,3.757248
-4.088171,-7.754488,11.834846,-14.929293,-0.004106,2.904488,-1.846329,-3.442403,-2.789258,-19.719204
11.337931,-15.428818,-2.370269,8.108495,-7.941966,1.212113,-1.691159,5.284147,-10.679946,-19.670473
4.795321,-8.919820,8.516857,-7.263590,3.220658,-17.453094,-33.694294,9.486737,-15.863294,-24.130035
-8.224301,-0.831315,-3.750487,-18.082521,-0.420169,-12.922277,6.728807,5.220150,4.239344,2.149910
-6.627627,6.494622,4.329722,0.163689,-6.267369,6.378323,-2.454382,1.371262,-8.511409,4.471528
-0.195991,-12.327497,6.238308,-7.570185,2.218531,9.699282,4.279527,2.671024,-4.864192,-3.986804
4.644813,-19.641226,10.211885,-0.977845,10.587979,-5.695422,1.303359,8.812797,5.184870,-25.254002
6.598928,0.438889,-9.469311,2.550952,-6.782574,1.498172,0.847237,2.501685,-5.095431,-15.744042
-25.167742,-8.995544,-6.104144,5.468986,1.613022,3.819746,6.408401,7.092006,-1.235469,0.911123
1.335076,6.194401,0.285263,-7.868494,-0.345610,6.552076,2.256095,-7.315618,-1.075570,-6.559310
-25.323332,10.418730,5.604081,6.117699,2.113697,-2.745315,5.745767,-4.964610,2.605437,8.215734
8.169049,-6.312115,-1.085681,1.723680,-20.876238,2.452725,3.244143,1.281278,-8.475276,3.679577
5.294398,-3.729959,6.673008,-3.569439,-0.591137,0.652778,1.511397,-9.468281,5.340425,-3.092041
8.569855,2.173926,-0.040456,0.465304,3.167055,2.975521,-1.603823,-12.484262,-12.155085,1.651227
-10.720156,5.763714,10.821080,-5.401791,2.844638,-1.209263,-24.377235,-1.579523,-10.252237,-0.343916
-16.588905,5.137697,1.113661,3.711551,-1.743346,-11.507592,6.242942,-4.161918,0.187342,-0.827706
-5.398065,-13.675879,10.712767,-8.752498,-3.637865,-7.674482,-2.412964,3.374465,-9.525056,-5.991159
-0.071818,-9.378351,6.156089,1.490333,8.948543,2.384982,6.903626,-20.175739,3.872487,5.486408
6.628892,-6.605896,-9.225579,-21.892775,-0.239329,3.253697,1.572922,-11.486998,-4.235275,-1.144745
3.123914,-5.459054,5.428274,-13.688776,3.085986,0.287880,9.307732,-11.885530,-9.021133,5.049610
5.717107,6.170822,6.913224,13.051313,-1.863521,-1.837155,-3.170194,0.601939,2.457087,0.949868
3.892172,-30.130169,-2.212904,-10.140133,8.312034,-6.329729,5.446162,-15.658288,0.641801,4.819111
-7.312415,3.028107,-1.374489,5.175152,5.514016,9.616300,2.432258,-6.215782,6.123831,-4.314961
3.139772,-31.588314,-0.672627,7.094213,10.857831,-10.022507,-1.161954,5.982707,-8.496465,-4.873594
13.916750,-1.333120,12.209698,-5.334419,9.708619,-22.085884,-7.465969,-1.748527,-16.693592,-14.748330
3.493637,9.108107,-23.891680,-0.499328,-8.325997,-15.449110,-8.917463,3.997584,-1.101190,-7.813597
-20.290297,11.471127,4.617996,-6.474289,8.095648,-4.722177,-0.811573,-2.817697,-1.756929,5.134244
6.083415,2.145472,6.885283,-28.587906,0.406954,-0.196993,-5.408639,-5.895005,-12.204504,-0.277970
3.688532,3.357677,3.578410,-18.508129,-1.908302,7.072771,-0.593818,0.499520,-0.349605,5.733071
0.177025,2.090184,8.535729,3.350647,-4.052976,4.833951,-40.177021,-7.124069,-5.693843,-0.218135
1.322603,5.096554,-10.501257,2.712929,3.871452,0.207975,-3.826650,-2.936278,-14.610950,-0.234289
-16.597807,10.970304,-6.861211,-6.604424,1.720564,-0.234575,-6.509978,-1.550940,-1.023839,6.918952
-3.785159,5.891170,12.749386,-14.337760,-8.848628,0.593673,-19.113546,-8.984229,4.049151,1.967083
5.385206,0.736719,4.507213,3.211348,12.895992,1.891851,-0.068097,-13.618992,-2.118468,-0.632646
-10.640537,9.753114,3.665139,-14.315619,1.824353,-18.065929,-7.475191,2.124845,-25.763817,6.683632
7.192239,-15.121341,8.966969,9.443365,7.447248,1.100132,2.287235,-2.801308,0.911930,-4.395999
-17.726328,-9.899429,4.642179,7.667463,5.271347,-4.378258,4.253044,-6.956136,-3.992702,-18.739111
3.932839,5.564656,6.162614,2.207353,5.476075,-2.731800,3.229193,-1.555888,3.091004,2.491709
11.311934,5.838490,-12.916027,1.053123,5.837562,-22.017544,-34.762306,-3.721354,-5.987213,-12.325348
10.558792,-3.862077,-5.769354,-2.075242,7.671251,-0.540701,-9.887461,-5.727848,1.527653,-11.829826
-3.494833,9.361458,2.842947,6.548838,-2.674782,-28.691936,-14.491323,-5.648468,3.194676,6.298127
2.743302,0.701349,6.997113,-6.247766,9.865253,8.539835,2.476081,-16.797903,-11.399354,-1.653961
10.658025,-2.335020,-35.373695,-3.069945,7.044769,1.919320,-1.910058,-0.911994,-0.353741,-13.860415
11.449903,4.176847,-24.460161,-4.707813,6.469853,-7.516297,-20.484398,-5.909413,-3.776766,-7.840335
4.090134,-31.172920,-3.133937,9.675518,6.592515,8.093904,-8.740201,3.845923,-9.181229,5.489722
1.380373,-23.510077,-5.321040,10.334081,2.944714,0.749278,2.411813,-3.222215,-26.081661,-5.426421
9.955045,-4.109549,-5.031403,-6.868784,5.253613,4.806175,-2.845988,-2.050821,2.053888,-4.166788
4.918368,6.952410,-14.259447,1.707202,-1.706049,-17.375774,-2.081330,-15.204854,-0.563553,2.998359
4.166240,6.504586,9.954397,-8.836647,1.617201,3.553779,-3.384017,-0.234387,-0.120098,2.708410
9.752048,-15.225569,-12.669298,-3.752919,1.697764,-2.901823,4.011171,-7.443145,-6.076273,-6.294200
-1.097694,-2.508199,2.667684,10.886377,4.956710,0.946459,-6.425379,-1.460548,-12.100219,2.715758
-5.536568,7.642682,-8.355042,3.266071,8.225197,0.836583,-2.159354,2.058139,3.925316,-3.683445
-0.796661,7.838387,-0.717530,8.226336,-11.400128,-9.583831,-7.663467,9.358476,-0.263731,-29.111559
7.145763,-0.408258,2.295373,-3.502538,3.457064,-4.531593,2.023890,-0.491450,6.531840,-0.107565
-1.648032,-13.470368,1.916017,4.883527,8.533837,0.198723,4.748419,4.373525,1.760511,2.096102
11.256212,2.600070,-16.970417,-20.373571,5.417133,-0.446731,1.825659,-3.853078,-10.976173,-10.655704
6.170452,-27.478037,4.707930,-8.614128,12.454748,-2.636872,-2.925136,-1.300248,5.170544,3.990592
11.571063,5.202580,0.859345,-3.939309,-7.412038,-9.362988,6.912059,-15.037910,1.404289,-10.664106
-1.294663,7.199786,9.734610,6.513982,2.169878,1.875163,1.126249,-9.960388,-5.830059,-8.436032
9.505808,-8.542459,-17.602772,-19.927885,2.002826,-1.163776,-1.748553,3.534811,-15.645528,-13.202824
3.997260,9.282065,5.575771,8.855962,-15.716169,1.220109,-20.282747,2.394812,-23.155552,4.022219
-20.755707,9.270796,-12.667912,-3.920790,6.149334,5.320368,5.244808,-41.559425,4.387161,-0.302535
-3.943859,-11.872597,4.781935,11.642096,-1.925468,0.962830,-19.162495,-0.399589,-0.187529,-5.495329
5.581631,10.014566,5.452415,-14.320473,8.051198,-4.071858,6.620008,-4.534117,0.242164,-11.483660
1.560878,5.927688,-3.275008,13.005823,-12.087926,4.010098,1.960493,-22.219643,-0.390783,-23.482630
3.799557,-1.554426,6.030024,-3.262588,0.894878,2.077652,-6.859828,-7.271313,5.653028,1.936710
2.134590,-4.111736,-17.965878,-0.251459,-9.701706,-6.339487,5.558882,-33.783577,4.926556,-1.128904
6.510541,-5.212393,5.887082,5.157421,-7.067706,10.682740,-1.430083,4.562020,-20.505489,-5.140028
15.374083,2.505584,6.724095,-3.070750,7.032037,1.089298,1.704872,8.636189,-4.949152,-35.975365
-3.718432,5.959122,-1.939740,-2.322427,1.427125,4.800286,3.919828,-9.122622,8.432581,1.941854
10.636196,-1.803481,-11.392019,-9.521306,8.236778,1.878684,-5.147035,-0.874149,-6.997108,-13.283592
11.173659,3.910161,-22.941360,-10.103838,4.700442,1.175851,2.109235,0.423570,-27.693727,-7.262744
-0.390533,7.917182,-4.110717,6.114736,4.596014,5.670700,3.341505,0.768800,-1.698002,-22.463966
-9.492473,4.500589,5.209549,0.665899,3.974189,-9.548186,2.504354,-0.787460,3.834765,1.015540
-0.608076,-8.708940,9.322206,3.167900,-23.531397,-3.549955,-9.931949,3.932456,-0.483926,3.645676
-2.977903,-12.978873,-12.052427,5.764326,6.081131,-17.484743,7.485959,6.369631,-13.927145,-6.497687
9.090378,6.630309,3.320407,-1.348014,-10.548418,9.507322,6.582237,-21.521595,-4.206664,-9.033810
-2.754263,2.417170,11.040488,3.886384,2.613366,5.150123,-6.207535,-3.141194,-3.941232,-0.910357
0.028911,4.149202,3.195062,-0.123404,-3.430531,1.117764,10.496365,1.801856,2.494445,-5.287111
10.812511,-3.706572,-7.734097,-27.066977,5.329372,3.393705,2.716330,0.870035,-4.611014,-2.842805
9.583233,7.390578,0.278279,11.370411,-0.750588,5.304148,-17.755718,8.328203,6.249980,-8.439822
1.690178,9.017039,6.810625,-0.979291,6.936717,-17.359945,-16.582926,2.343574,-13.431300,0.560148
-2.006226,1.385918,5.190506,-5.252437,3.081029,2.657934,4.276165,2.271852,0.472120,2.300385
-8.164745,10.819389,4.428050,0.172270,-5.660443,-0.348225,2.254089,2.839194,0.463163,-1.237845
6.313285,6.795390,-9.354383,-0.196749,-10.833153,1.011372,-2.887299,-10.252613,-13.841122,-2.629102
0.685126,7.801058,4.009638,0.763907,8.597271,9.357912,8.782257,1.452516,1.508043,-18.426910
10.615711,10.008524,-1.029761,-3.328699,-5.150114,0.584154,-5.112386,-12.113356,5.588975,-6.099805
-2.894828,3.606282,-0.987080,2.248991,3.795714,0.317354,4.489720,-25.396051,-11.125324,-2.881891
-4.833095,7.955262,7.069350,-37.294334,-3.137353,4.854642,-15.691793,4.249372,-3.458887,-5.643145
11.067602,-23.495487,7.524890,-12.821218,11.926221,-1.136480,-3.265022,-7.670170,0.040161,7.335524
1.562341,0.431048,-7.590714,12.429124,-3.268590,4.338325,-0.815284,-13.277189,-16.099667,-8.652194
5.036386,1.356731,6.693747,-5.071388,-4.218204,-12.298864,-3.356199,-2.673599,-4.945384,-37.123001
12.983250,2.572145,7.451314,-12.698381,12.242375,1.243483,-1.446060,-1.439132,-7.330031,0.682086
6.396437,2.454476,8.492307,-8.800028,-9.945935,-25.585648,-4.587109,4.035931,-3.430789,-24.409996
11.024133,-26.714766,10.916290,5.208780,-0.447079,6.416528,-9.845327,-1.148755,0.573754,-9.667578
2.800169,-24.567070,10.589884,7.918386,4.271677,5.121027,4.993638,5.248075,-6.293895,-4.323297
3.346324,8.620873,2.768566,7.032643,-2.739509,4.942707,1.348836,-2.582254,-15.109052,-2.650553
8.124010,6.616593,-8.507362,1.968696,-6.528752,-13.765077,-1.553782,-2.298480,-9.439296,1.638776
7.885476,10.292986,0.341134,-1.785576,-25.351002,-5.438815,-16.315483,-11.297302,6.829411,-43.421677
6.774078,0.763334,-13.874326,12.411021,5.366175,-6.239457,5.473108,4.069476,-55.067688,-10.348701
-4.911153,6.315123,7.227824,-1.072429,7.337490,2.389922,-15.381183,-13.200478,-7.392234,6.319218
9.437176,-3.134265,5.347204,-5.933542,10.756970,9.428904,6.517578,-14.200962,4.941442,2.010321
4.579373,2.433605,8.106569,-8.002132,8.200613,-0.708372,3.131359,-6.742911,9.316185,7.181849
8.547657,-18.705666,-0.895112,-12.855904,-4.078432,5.615833,2.983536,-19.603558,0.938725,4.872808
4.740605,4.046542,-2.793373,7.033579,-8.838943,-2.715223,3.261016,-5.146522,-9.139869,1.437510
1.958188,4.542758,-7.088422,3.407050,-45.693859,2.970511,5.130579,-3.998501,-10.065437,-7.265158
10.107442,2.880535,-15.650339,-4.593455,6.413397,0.256568,-30.332964,-1.326427,-14.539566,-18.605083
10.831504,7.077919,-12.695489,-1.172691,-1.719046,4.184954,2.936622,-17.967539,2.075019,-6.795459
0.681848,-17.990665,1.036066,8.486574,-5.309427,-1.058560,1.019473,1.835405,2.202251,-4.405153
2.916631,-15.398083,-12.662386,8.330910,-3.372356,7.179652,-11.782317,-8.529844,0.081499,-6.732527
14.273542,-22.017006,0.940952,-3.186855,-15.497635,-3.324263,5.838751,3.167263,6.025648,4.721461
11.127222,2.250166,3.833765,2.844563,12.151862,-3.184617,5.212508,-55.784203,8.194800,0.029703
5.384589,-18.494522,-1.591539,1.834670,-1.122745,-3.478503,4.342912,3.139665,0.433394,-21.155569
-0.040763,7.979533,3.194661,7.071301,-8.049120,1.604685,-14.987293,0.664440,1.028633,6.620939
5.110761,-0.323095,-8.267931,6.111799,-18.737616,3.642757,-4.935717,-19.949677,3.591436,-3.285384
10.930334,-3.602501,-7.959621,-2.852421,7.163258,-1.180068,-6.468485,-5.123246,0.587175,-16.228334
-1.351501,1.598923,-11.362871,10.682292,8.453033,1.937556,0.919481,8.030271,-2.475051,4.624328
10.122414,1.426153,-10.339980,-3.961562,4.041885,5.209558,5.446887,1.202988,-12.576925,0.607420
7.558003,-1.861161,5.530538,-2.882376,-7.637501,7.896709,-1.418718,-8.348889,-5.368351,-6.131939
0.739827,6.668926,-22.490976,4.284740,-3.552658,2.632915,4.633646,-9.843101,-0.299301,3.440279
-9.886854,-10.270548,4.066148,1.802265,-0.939581,-5.213450,-11.729902,3.404310,1.217134,-9.628952
7.252551,4.005869,7.891971,-8.053823,3.038409,2.614105,0.875609,0.882032,2.005751,4.943714
10.103125,10.181301,-0.733140,-3.412514,-13.880690,4.989793,1.357641,-34.008533,5.908735,-3.428103
-0.783825,4.738978,7.291313,-11.930120,2.601653,-0.210134,2.120114,3.984708,-2.225942,-0.912040
3.492999,10.179495,-32.293812,3.508525,1.272210,-1.758165,-0.115850,1.422684,-19.041082,1.802393
-22.176283,-0.214731,5.411820,-5.935243,4.927611,8.195895,-1.260126,-2.244083,-9.761222,-0.952662
7.055453,13.795505,-4.389545,4.947812,3.745693,0.069449,-21.347801,5.792140,-5.394666,-3.192929
-6.956835,6.137847,7.013352,-4.664654,9.303226,-16.796061,-16.013592,2.928960,-11.434513,2.447649
10.599469,9.209024,-2.223798,0.098350,-13.519235,4.756297,1.249336,-19.055027,4.290694,-5.847535
-22.337734,11.845412,0.071467,6.237239,-8.332588,-9.960703,-7.385940,-4.386393,-3.268367,1.911121
-5.472937,6.200955,7.362859,-4.805482,-10.345775,-5.187471,2.416456,4.456849,-10.411575,3.253185
3.970594,7.214981,5.313046,-11.391119,2.850696,-3.785692,2.460626,4.604671,-2.332700,-5.236088
11.083908,7.859568,-3.027905,-0.319799,-5.045829,5.094659,0.587758,-11.155044,3.205129,-14.155179
-3.933287,-3.203867,8.915874,10.114908,2.711059,3.243292,-3.739902,6.594462,-2.704311,-3.174317
-28.221230,11.347609,7.606533,2.881705,-4.244692,-16.127781,0.409298,2.802021,-5.119191,2.825989
4.830399,8.638377,6.308581,-12.177238,6.135888,7.197184,-4.089384,-2.150511,-8.809868,1.614646
-4.652596,-21.120874,8.889681,5.686055,1.961613,4.609241,-11.299536,2.134098,2.767301,-11.950377
-16.352688,-32.543961,7.713640,7.549870,-14.093487,7.610879,-4.301116,-7.428845,-13.829175,-5.666546
10.986248,-2.872573,-8.801737,-4.698399,6.928158,1.833580,-1.621969,-3.426604,-2.166920,-7.922013
-1.799667,11.980476,7.852673,-11.346446,1.055651,3.672599,-24.841883,6.487253,-2.053355,-1.675342
8.835723,4.436839,1.238979,1.097702,1.236191,-2.945164,-11.077844,-11.506758,-15.963266,-3.879133
5.072796,1.031402,-13.859538,-14.255017,-1.455996,-35.172771,3.729285,-15.178196,0.812540,-4.895128
5.084307,-6.629961,6.371348,8.247608,-1.402977,0.164382,-1.402357,3.205358,-11.461946,-2.423101
-12.927375,11.293059,-2.009322,3.653973,-16.183121,-4.331610,1.557460,-11.281563,-6.372225,-2.011070
8.248008,-0.277388,1.266596,0.434989,-3.202080,-1.743717,7.531102,-13.673934,-0.039396,-22.497978
-9.575264,-7.759632,-6.053381,12.236746,3.909397,-8.653429,-0.915666,-5.902505,2.025171,-13.161009
-1.120402,-5.657817,4.102942,-14.121495,2.913591,1.787090,-5.624822,4.206055,6.512990,1.158436
-2.341407,7.781849,12.976865,7.010478,5.308697,-6.713419,0.203964,1.289084,6.593663,-1.605389
-18.452097,-2.838126,-12.310215,3.222611,1.382500,11.398056,-15.029892,-32.776329,-6.185632,3.298485
2.691432,8.690554,4.667214,-6.407652,-1.897774,-30.836611,3.838362,-11.058722,-7.532460,4.249816
4.422679,-31.782814,-8.612676,6.721970,3.042198,4.969795,-16.022783,-2.344283,2.835341,-18.569885
11.052881,10.276779,1.982298,-12.779361,-6.149982,-9.635166,3.269186,-2.598718,5.299376,-32.541504
13.137615,5.582467,-8.947798,5.699633,12.237464,-21.173878,-0.492232,7.601368,-4.432824,-1.428369
5.724642,6.465776,3.632546,-7.881398,6.241190,-18.879993,-0.598618,4.562856,-4.037668,-0.135206
3.923272,-14.275559,-5.627813,12.781400,8.868786,-8.118817,2.742884,0.707469,2.135910,-9.452115
-4.834695,10.730511,4.934793,-3.003221,3.294463,-21.382389,-4.566582,8.545678,0.921963,5.169662
-10.764277,8.683764,6.368058,7.786643,4.010697,-1.527847,-22.076546,-29.027683,3.517170,-20.259823
-8.456324,2.938056,4.234930,8.046688,5.329808,-5.110672,-5.644660,-2.466777,-3.526163,4.010301
0.935397,11.223246,3.487711,2.360475,-7.793120,0.251271,1.401658,-2.913549,-6.232107,-2.638291
-13.539457,9.631340,-2.942326,-14.437476,-3.604579,-4.696976,0.714298,-5.293397,2.613752,4.084801
8.461435,-18.300041,13.663415,-7.117813,-1.659820,5.074809,-8.229408,3.270836,1.030641,9.272264
5.783114,-6.740938,4.523044,4.490795,-4.893326,4.426015,1.687174,9.067234,-18.257381,-11.451264
-13.753619,-9.095198,5.897073,0.874852,9.754961,-8.316797,-11.544417,6.170875,2.780821,-0.252334
5.926101,2.383683,9.149112,-1.686613,4.565624,-5.131689,-8.401994,4.529483,2.134414,1.116341
2.350117,0.234955,-3.991268,11.771589,4.694738,4.598403,2.399271,5.473685,-5.251945,5.661352
5.337610,-8.204394,-1.054284,8.799480,-17.259676,-2.286124,2.940286,-7.653393,-7.548573,-9.091570
-13.951493,10.284407,-3.172156,2.741722,-5.238241,-15.935093,-3.413549,0.807204,4.759684,9.300287
15.810934,-21.167383,5.927362,-15.908064,9.061131,10.669932,9.696896,2.061246,7.521176,-5.323223
-5.268807,0.407675,6.073089,7.595778,-8.987696,-2.469703,-5.586657,-12.547985,5.176695,-31.005093
8.719536,9.562675,-0.092546,9.137169,0.418457,-0.240717,-14.954296,6.211280,-16.179453,-7.541264
-23.674828,-3.927442,-21.516430,4.169574,2.041049,2.960130,2.578954,9.467317,0.850645,0.686904
3.011186,-8.260223,4.915156,1.812123,-0.869205,1.099257,10.040215,-2.460130,-15.942585,-8.017071
8.067162,3.306288,6.944828,-24.511673,-3.092010,1.135788,4.611679,-5.240287,-7.710958,-2.293724
4.474761,9.177044,-12.259478,4.813106,8.833203,2.852507,8.700579,-7.269211,-5.387667,1.535339
-33.006481,8.051516,9.014606,-5.922552,0.844344,-12.317999,1.489324,-8.807527,1.339527,7.597322
7.986186,3.231253,2.398656,-6.277008,-12.411472,9.446019,-0.599439,-5.924082,-12.594893,-14.268728
-5.052436,-4.171910,-0.264707,4.021277,5.729200,-16.788162,-0.489081,-3.362799,-14.490616,-8.981319
1.728633,3.076370,6.066413,-30.351788,-5.051622,2.669282,2.437871,-26.381599,2.945806,2.445168
5.325532,-15.578283,8.646039,2.891994,-14.739792,5.443647,-4.478797,-4.322297,5.261985,2.633470
10.457413,6.961756,3.613684,0.978979,13.728500,-7.092917,-4.599744,-18.861383,-5.697606,-27.887493
4.576090,0.936937,-7.317662,2.522665,-4.505198,-4.754654,-3.170039,-0.029386,5.791051,-5.677691
-2.401785,7.091856,3.811922,6.673625,4.693405,9.178118,1.863463,-12.923088,-3.594191,-8.209802
6.395450,12.380986,-3.814602,-5.938694,8.488220,-2.232015,8.143925,-3.710424,-5.725131,-5.280104
-11.916826,7.914788,6.119271,-2.310303,5.238038,1.068555,3.002375,5.318237,-3.852408,8.985509
10.712280,12.217888,-0.736872,1.831772,6.838280,1.318880,-24.958714,1.150272,-2.633607,-1.216153
1.737218,9.055367,-12.369156,12.911476,-7.733918,-6.948835,-3.024280,-1.424579,-5.467930,-16.877043
5.781549,-1.374469,12.120647,-10.996465,4.656428,3.798428,9.994460,-6.256896,11.752929,8.001276
3.053377,7.617240,3.150587,9.182261,6.361890,0.959832,-3.976225,5.785501,8.430161,-0.870426
10.552813,7.251711,-7.898061,-20.733767,4.459953,-6.815873,-7.590052,-1.070052,-0.590010,-21.087706
7.672203,-6.629850,-11.391510,-2.903788,12.737809,-8.450285,-7.641305,3.771347,-7.272959,-1.871715
6.819046,-7.715439,-15.689391,-6.303966,1.044667,-9.232945,0.415811,-0.387209,-1.708972,-9.547087
11.252268,6.367096,6.550689,-14.856309,4.809197,-7.351887,-17.840536,-16.066240,0.369690,-1.153076
2.566152,-2.171356,4.839248,1.140410,4.559363,1.069126,-9.054224,-0.514850,4.592252,-6.857171
-0.752774,-0.624865,-22.516064,12.024117,-9.739361,1.726000,-5.251298,6.696110,-4.033646,3.057663
6.167680,5.966465,-4.099041,5.356689,-0.719298,4.992248,-4.329963,4.591601,-15.976043,-8.784992
10.549174,5.702365,-0.986263,-11.052264,-15.702192,9.309480,0.601031,-11.120849,-1.005146,-4.893543
-16.890270,4.029713,-14.228040,-1.569051,-3.637372,6.089724,-15.108646,-10.824760,9.652618,3.499239
7.676219,-1.963496,2.389765,-14.347552,-6.200409,-12.835077,0.505153,-31.237352,-0.709420,5.415411
6.154097,7.719514,5.586383,-9.005152,3.222062,-3.139380,-0.444194,-1.817687,-4.762011,2.462573
-0.862548,3.600485,8.788842,-10.489017,-0.001476,3.573122,-36.082512,1.380278,5.794468,-2.901117
-2.605964,-22.546772,5.414889,-1.241965,-11.617837,7.422545,-11.487759,-7.812374,-6.645985,-8.433521
-3.766830,3.411640,8.475586,-30.073719,-1.170555,5.040538,-14.333479,-6.804000,-4.069997,2.134787
-19.162182,-4.732850,0.773457,4.993863,7.139684,1.850883,3.806025,6.357971,6.987821,-11.182245
16.116127,6.683499,5.184890,8.631050,9.921768,-6.976334,-6.324273,3.223229,7.807667,-0.545600
7.367444,2.381044,-12.271654,-6.248940,2.529528,4.706204,-5.953878,-4.327353,4.184533,-3.052463
12.501516,-0.459121,11.661018,9.532181,2.536256,0.677926,-22.690966,1.026425,1.209291,-13.174337
0.386782,-7.353267,7.270494,6.869942,-1.309660,6.823361,-5.019870,-8.804158,-9.652747,8.409819
6.282935,5.101055,-7.511891,-16.571381,-10.582467,3.993659,3.167188,-10.512894,-2.834498,-0.784639
-14.410415,11.057318,-1.592493,-5.356952,8.401068,11.385588,2.749740,-2.014039,1.024569,0.230855
-2.513183,11.075096,1.309188,6.284204,3.308604,-17.735781,-8.054704,-16.808331,-13.970890,7.612761
-18.750078,2.732975,6.747868,-0.170920,2.314462,8.066622,-2.685425,-6.862052,-2.599508,2.990996
-1.983865,3.870806,6.935296,7.416836,2.602912,8.966204,-11.777288,-6.020597,7.085004,4.647928
6.897217,-3.680427,6.510327,6.530203,0.027742,4.486373,3.121923,0.163224,-10.656117,-25.213549
15.580459,-10.093370,0.833279,-0.131942,8.966208,-3.092676,-5.416810,-0.788194,-10.014629,2.769876
10.886581,0.556376,-0.385701,-16.515430,-0.173881,10.984535,-7.734275,2.055772,2.646469,-1.797699
2.180087,5.168238,-0.249091,8.528445,5.807795,-4.784994,-10.541754,-14.065870,0.159770,-0.631784
-9.737531,10.648514,1.792091,6.765647,0.457250,0.393305,4.374599,3.243649,-33.851765,-2.516811
-0.344382,2.102927,-5.598185,2.097259,2.084628,-6.906695,-16.827433,6.352488,9.885085,-1.943756
-12.167345,13.117626,2.301919,4.951413,-4.734819,-9.844922,7.857420,8.332561,-2.186678,1.266674
-25.512676,7.177344,7.920429,-3.808552,-25.399534,-5.992183,0.480936,-1.366339,-4.068977,4.565415
3.747694,6.927602,-31.440254,6.086306,2.619308,-4.520492,-6.436696,1.463631,-5.588246,3.627475
-6.307706,-4.302028,2.726513,-4.721900,-6.072948,5.909603,2.996780,1.267868,7.921323,5.430041
5.373481,1.551703,11.012295,7.663947,-10.554389,-6.338806,-2.806126,-0.965180,-5.652388,-11.479109
-13.106131,6.247368,11.532904,5.548405,7.913366,-11.236024,-16.776718,-9.431301,-2.071200,3.196037
8.718204,-10.406312,5.381633,3.320310,-2.514123,-8.189156,0.055582,-29.787548,-7.218295,-0.426711
8.890389,-11.197514,-2.242656,9.506261,0.871501,-3.650463,0.988025,1.289303,-22.040575,-3.592336
1.539473,-3.930394,6.485898,8.377413,-0.531289,-6.927986,3.112230,-11.632273,2.876853,-1.500507
-2.797537,11.363432,7.477088,-7.353265,2.962576,2.306517,-2.167591,2.179365,3.015319,-2.533450
6.650973,4.713973,4.278517,-6.864086,-3.260924,-0.449818,-10.545332,0.820357,-11.578596,1.706334
-2.069432,3.438622,3.014154,-8.899519,0.773419,-8.863235,3.809203,2.082638,-0.527208,-2.267850
-11.889454,1.273638,7.980742,4.494354,-5.173063,6.084699,-9.756857,-21.595093,-8.374407,-6.887642
9.888810,-2.861717,-7.664863,-6.035030,-0.076188,2.921539,0.810659,3.542253,-7.270842,-33.196266
9.289152,8.090591,5.268338,6.501922,7.361827,6.513768,6.395297,-30.319994,-1.533388,-11.249032
-13.101195,12.049076,-7.108544,6.989291,3.114536,5.213875,6.434908,5.071895,1.661263,-6.001296
6.244942,-6.700528,1.229283,0.012043,4.153101,-14.842617,-3.783731,4.331222,-10.268754,-6.936998
8.584013,-0.246329,-8.069334,-4.754253,-4.731455,-5.325321,-0.811970,-0.970284,3.120408,0.236235
-6.201948,2.975726,4.604976,4.688333,-4.253878,0.933731,7.068201,0.023410,-14.785110,5.040874
-8.907503,10.489635,5.411351,-32.635498,-6.725918,-9.314496,-0.140629,7.964707,-3.983878,7.137551
-22.786139,5.954915,-1.907343,6.347927,-4.976177,-21.244524,7.112629,-6.086070,-10.665092,-3.468521
-6.307722,-9.095842,7.764359,-61.750484,-3.315348,6.214621,-15.481061,-23.898764,10.417524,-1.196704
11.248921,5.792568,-8.443059,-3.009317,5.936332,-7.237284,-2.545239,-0.236986,-14.006596,-6.549398
6.286865,-7.683856,4.797930,-3.406524,0.979729,-7.159471,1.197661,-2.667201,-1.929835,0.213540
3.298877,6.874695,-2.053054,6.236007,0.675672,-5.887815,-9.839144,2.062516,2.659280,4.886096
5.137846,-5.035384,5.805660,-15.267643,-1.485749,-1.933523,-23.513258,6.477789,-0.569270,-1.287900
5.712386,7.512181,6.924028,0.460326,1.138906,-21.123350,-19.709585,-3.058828,-7.192773,-15.957008
11.034670,-1.199650,-10.953342,-1.187243,8.839501,-4.855209,-22.093275,-5.093992,-5.045204,-15.215746
8.138302,6.183482,-34.327030,-12.503991,-12.366455,1.495940,-2.268764,-18.385860,-7.271114,-14.097219
0.282121,7.471406,4.811848,1.074934,0.276957,5.049864,-2.576187,-7.056641,-8.928864,1.395189
7.492204,-0.071528,-5.042395,3.013488,3.684198,5.193653,-12.540178,-8.453626,-13.415150,4.547141
-1.161278,5.591492,3.964820,-0.759088,-3.325789,3.846130,-10.643458,0.295877,-10.459804,-9.112794
-8.936614,3.336270,4.314839,6.322245,8.414397,-29.156742,-11.411627,-3.198459,-4.883778,6.748459
-12.795444,3.703178,7.522053,7.279826,3.644265,4.319649,6.131433,5.526399,7.229125,-16.421148
12.414087,4.508662,9.914334,-10.672630,-0.552954,7.752200,3.772838,-23.701994,-25.613451,10.076180
-4.936634,-14.573606,5.296868,8.532253,7.453501,10.843678,-2.489251,-5.177222,-8.330873,-5.115192
-20.504988,-2.341028,5.932815,6.958046,-0.920917,10.237759,-12.278819,-52.329922,-21.576523,-6.914504
5.294848,3.815843,-0.972149,-1.724329,-2.450622,5.310278,3.752594,0.572947,5.015301,-4.860574
2.455251,10.619968,-1.826682,7.888446,-10.358217,2.130360,10.233753,-8.816301,-8.081453,0.188237
-6.964640,4.032207,6.900806,-16.532423,3.280659,-16.335690,-4.939620,4.147894,-5.568871,-3.485971
-12.064178,5.869910,11.112437,8.632061,4.484031,-4.504895,-14.489156,-6.330667,6.893873,7.114911
4.728351,-8.773199,-17.796045,0.020064,4.375950,-1.383021,-0.990524,4.059331,3.232224,-3.020362
10.917602,-2.043065,11.228682,3.889021,4.117313,-1.100251,-20.942812,7.697653,-12.979232,-3.240695
5.144975,-19.215408,7.747196,-11.093360,4.832522,-15.377408,0.070420,-22.078894,-8.119544,-9.330604
0.934598,3.570974,-0.013461,6.932674,2.245318,2.064624,2.164109,-3.886578,-4.628193,-18.700851
-15.774729,8.997058,-7.766262,2.448877,7.813990,-10.116653,-11.566936,6.735822,-35.101555,2.535273
2.660219,8.889979,3.629923,12.596980,2.802953,-1.349800,-2.311607,5.204160,-21.959669,-18.853481
13.599421,-2.130693,-5.564439,-2.914615,3.045304,3.565375,3.970337,-0.183398,1.165021,-8.565446
5.784863,-0.663242,-3.006196,-19.693300,1.843792,7.940122,-15.327960,-6.388376,1.295948,-2.322502
-18.285444,-6.475117,7.282799,4.187948,-0.972063,-9.787060,3.133870,3.928143,-16.350344,-3.885439
-3.436332,2.618498,9.731988,-2.081711,0.979314,-27.787209,2.257993,-0.060763,-3.115193,7.222814
-2.182783,9.555929,-1.520085,-7.012134,-5.317920,-3.932150,4.946267,-34.575371,-14.530630,-20.081394
9.927579,-16.288963,-26.950222,1.523830,4.219378,5.061743,4.050698,4.548625,-1.670889,-13.095298
3.394912,-23.764324,-10.569250,7.210553,-22.417231,2.821873,-9.673845,-0.224081,-25.017178,0.199584
11.842870,4.096134,5.349839,6.406009,10.410710,2.423157,1.866173,-3.222873,-26.815403,-15.747499
-13.795078,6.526320,6.460695,6.545861,-17.591887,-9.274140,-8.033544,-13.923315,-19.433372,6.865037
-9.247744,11.525126,-14.077217,-2.381994,5.028422,-5.573525,5.738639,-1.715483,1.283977,-8.558920
7.727759,12.610884,4.489792,-7.748187,4.066810,-26.033602,6.998041,-6.244102,-14.445066,-8.166277
3.763025,3.227764,5.659683,-3.093976,-4.976409,0.956145,3.225127,-14.689877,1.139959,-8.390182
10.018661,-4.407896,9.643253,6.590399,6.434345,3.345809,5.157859,-0.059167,-12.658155,0.885586
11.633030,3.755191,-19.224155,-11.560719,2.663028,-6.512185,2.840470,-0.873191,-10.710734,-10.388653
9.500247,10.330540,5.600957,1.167303,2.086323,4.843474,1.370661,-22.068485,4.604140,-18.588394
-5.658503,10.184155,5.999002,-10.184515,-29.829052,-2.428736,3.322694,-7.876176,4.059924,3.344017
10.325006,8.519329,-3.383032,-2.474114,0.028532,4.872163,1.754794,-20.351921,1.591494,-15.052567
-18.251842,-1.913636,6.163328,3.585975,8.705817,-5.242127,-6.238443,-4.402122,-14.842510,-5.760622
1.608372,-1.733149,-1.744570,-7.199825,3.951540,-11.256565,-2.303248,-6.567398,-8.681677,2.650123
7.598186,-8.122849,5.377263,-4.073712,2.833973,3.234813,7.326517,-1.002941,-26.937355,-37.597321
9.163209,-3.536183,4.205122,-9.259811,-4.444404,-20.364130,0.306295,-1.651768,-16.045549,4.721714
-5.192458,10.721542,-0.894734,7.823322,2.777878,-5.459219,6.197638,5.499750,-4.037396,6.422210
-16.088732,4.713583,7.759168,3.646725,6.660328,8.002371,1.548100,-8.837260,-2.146083,1.898618
6.791764,12.539977,-0.246018,0.259716,-6.032815,-3.985678,7.263684,8.287593,-7.775261,-0.316315
-7.655194,-8.398835,2.479758,3.514485,5.552469,2.394511,4.188589,3.609893,-1.071926,3.742450
-3.546816,5.129252,3.353361,-5.209624,8.215556,1.773478,-5.530869,0.726569,-6.904978,5.912645
1.840673,6.822678,7.133741,5.973950,2.909118,-11.133357,-2.614485,-0.320812,-9.861319,9.435445
-12.378435,9.211615,5.378263,2.736422,8.774488,3.093553,5.880118,1.793669,-1.747900,-1.239181
9.789540,-1.704376,2.489609,8.810722,10.209761,-31.812565,-7.760303,-2.268300,-11.798774,5.448908
2.988512,-28.618996,4.349715,6.229545,-8.789590,-6.098189,-27.809916,-14.536471,-22.280806,-21.828917
9.861026,-14.523716,0.876002,-0.704128,1.188548,-12.029133,4.064303,-1.121329,-16.714396,2.605311
11.555842,-1.445571,-15.626658,-16.337513,4.183833,-3.356482,4.195018,-6.708541,-9.754583,-20.164597
1.263044,8.549154,2.038136,-22.550144,-18.504520,-8.138113,8.010859,2.209125,-3.421082,1.211343
8.833198,3.398382,-15.803497,-1.460724,4.045189,2.395354,0.527841,-6.633180,-26.655703,-3.446391
0.765496,4.046669,4.900187,6.627826,6.000264,4.935487,-13.164229,4.996025,-6.283295,6.506764
-19.111012,5.972538,10.736476,5.031522,1.126492,-3.227527,4.844611,-13.234348,-9.796782,-22.927685
13.214590,4.606064,10.865092,2.988564,4.296390,-1.888111,-4.915606,1.939916,-45.490814,7.959810
-16.363028,-9.190500,2.154649,9.442776,1.737686,-3.511134,-3.533840,0.356497,0.613977,-37.353951
-6.973982,2.814818,8.858273,8.459569,-2.268365,-13.311910,-11.013208,3.815120,-1.073768,-22.196903
8.609572,-5.605524,6.301221,8.242284,8.108858,6.476290,3.498169,4.799633,3.574982,-10.904118
2.022906,3.853513,0.443897,-0.632023,-8.017358,-0.357612,-2.823576,5.044536,1.341384,5.202493
-11.279257,7.089460,10.392999,3.444602,4.359113,-5.804834,-5.685814,-9.792543,3.339689,-0.939711
-12.974699,-2.215905,-13.571668,5.536592,-24.182508,-2.948352,-7.802088,-4.472894,-21.479891,4.314338
10.817027,9.374907,1.878832,-20.605839,-5.595806,6.377396,-11.772675,-25.609730,8.047243,-9.983318
5.512303,5.561729,3.492698,9.123775,-20.683571,5.996273,-9.866122,-0.302318,-15.682020,1.406646
4.429418,3.540169,0.042071,4.554597,-6.551888,6.617429,-9.319256,-35.269360,-14.686628,-6.896623
-6.194783,-12.863253,-8.062223,5.699139,8.161528,4.391988,-11.260073,-1.816464,3.750348,-2.556904
2.176513,5.784717,-28.421595,11.061090,6.030994,-17.328688,-0.082443,-16.621536,-25.033955,-10.033756
4.701674,4.207301,-2.944759,3.311055,5.635641,3.449056,6.174918,1.326195,-20.772856,-14.786222
-5.656253,0.287476,10.955863,5.571342,0.978123,5.914705,-3.160291,7.872128,1.409014,2.338822
5.415524,7.243168,-3.440345,7.995458,-11.014977,-7.882866,-9.595389,-0.712484,-18.618731,6.290190
2.511684,0.022297,4.406450,6.509429,0.587150,8.569652,0.274768,-14.384218,-8.681010,-40.509941
-13.484705,-9.786376,8.361768,-6.270090,5.054006,-18.243526,-3.402436,-3.959044,0.096866,1.745037
6.405775,3.847902,7.042609,-8.411486,8.858803,-5.557132,-10.645057,0.399475,-22.351555,1.703227
-8.876482,1.512434,-5.151094,4.298723,11.749371,-4.684104,-8.828767,-15.062435,-11.625330,-2.339790
3.210599,2.779264,6.159740,0.017065,6.389425,-7.998705,-4.103018,3.550871,2.845462,-4.470225
14.127511,6.397507,1.673308,9.633756,7.639899,-3.735493,-0.452705,4.326663,3.439373,-7.173955
1.847905,0.582779,10.117201,-0.494978,0.010472,-5.241104,1.853352,-4.822978,-4.064910,2.954560
7.069645,0.026734,-16.356783,12.777523,-2.231236,-8.149607,7.170710,7.692950,-10.300625,-2.024613
10.607630,1.000918,-9.860405,-68.068878,5.262132,3.031610,-0.031999,1.390103,-4.147460,-5.372083
15.630182,-16.677397,12.667559,3.875749,-1.173171,-38.732052,2.840574,-3.958024,3.589425,5.781088
-0.673245,7.045140,8.615989,2.018370,2.554635,-21.401230,-0.457073,-21.133938,-7.797302,10.242634
-0.581337,5.649049,-28.873753,9.233626,-1.437605,-10.757374,-11.404116,-9.722389,-1.793825,7.423933
11.740158,3.982278,-1.010770,-39.055397,-10.188889,7.032268,-5.164521,-12.369704,1.862119,-3.707559
17.086441,-29.496395,8.357145,-0.057139,-11.260580,-4.011590,2.690401,-9.448296,-17.546211,-18.081631
10.055257,4.986689,-2.138302,-2.601294,-13.417200,8.663601,6.593266,-21.589930,-2.109051,-16.603495
5.051536,-11.250180,10.789374,-0.156361,1.080760,1.157395,4.185544,6.080817,0.890241,-23.747168
-3.423165,5.955732,5.968479,0.207159,-0.731106,1.175882,3.216738,-0.701626,1.939842,1.306563
-23.847237,-13.230056,8.276869,2.187135,2.613630,1.719844,-2.265327,4.067697,-0.047089,-4.552121
7.834285,10.343753,-9.888167,6.727386,8.375933,-1.943023,1.268221,8.222627,0.035201,1.454827
6.361095,4.283070,-19.038589,7.251950,8.466885,-6.232493,4.264265,-3.172633,-1.235296,3.305326
7.626829,-0.821802,4.622862,-8.493784,-13.337572,6.918683,-10.318603,-16.240761,-15.970410,-7.654159
11.431095,7.926575,-0.592182,-7.478840,-0.342933,3.117945,-36.782089,-13.580235,4.202113,-18.343576
-10.341591,2.965996,3.745509,1.028362,-18.869057,3.157841,-15.425287,1.729381,-26.859043,-10.383191
10.075625,7.415227,-0.823300,-1.511936,-20.557755,7.465298,6.131465,-30.672016,1.394217,-2.776867
-0.637683,-8.738696,8.076859,-12.650747,8.072289,8.679104,-13.511300,-2.322970,-9.104097,-1.066313
2.936015,-7.215869,10.371544,-1.119244,0.161319,-14.602896,-13.385459,-6.001897,1.730473,6.121250
-3.377714,1.235039,7.336619,6.086249,1.944805,-16.216370,-2.183599,-6.941154,6.980473,-11.672066
-0.743966,3.840271,10.368308,5.738812,-0.941536,5.132992,-1.484858,-6.166759,-17.790983,-12.171352
6.618130,9.484496,-16.667486,2.383753,4.374559,-19.556725,2.412906,9.968349,2.218924,3.134024
10.059391,-2.149815,3.027878,-19.235252,4.105280,-20.956823,1.608284,-12.468809,-2.342810,-1.393291
-8.612720,11.332314,1.391312,0.897740,-5.002860,-5.024700,-1.529926,-3.615439,-8.707332,6.671833
10.775148,-8.502916,-35.873058,2.487530,-6.425121,4.037723,-7.675673,-7.436742,3.733091,-22.370234
7.426516,-14.858676,0.095896,-11.035667,-1.003774,6.974704,-10.093230,-6.899900,4.107258,4.525743
10.508572,3.516550,-13.832011,2.243485,3.681816,3.523344,3.748659,-20.272581,-14.933220,-16.386774
3.905852,-0.033149,1.684825,-3.395036,-2.050072,-11.939965,8.399587,-3.620167,-3.477794,-0.446003
10.197205,-3.048285,-7.568902,-10.808647,4.150332,4.924539,1.804011,-2.862047,0.805548,0.080038
4.658373,5.698867,7.185361,-15.414802,-15.605875,-0.398282,-2.232442,-6.682294,-12.789479,-3.252227
-1.608374,9.075556,-1.449854,2.512508,6.787248,-1.335506,4.362056,6.037493,-16.020010,1.262049
2.037990,7.848301,2.370063,2.095511,5.220430,-23.114311,-18.697113,2.436400,-17.836666,7.363716
6.393677,-10.565995,2.309700,11.953917,5.632387,-7.305522,-0.034913,5.335241,4.747498,8.137413
8.299391,8.238321,9.687707,-26.056082,3.818725,-2.916399,-10.331532,-3.912748,-5.057264,6.248462
5.691891,5.072136,11.577703,-5.750554,-3.185914,-9.962976,-0.689073,-9.200715,-3.333346,4.017817
3.083758,5.764135,0.816468,3.047933,-17.712904,7.834751,7.332973,-14.272369,-6.665936,4.940254
12.599890,1.131694,0.321477,-9.265665,-0.374681,-19.349419,2.834855,-1.835725,0.056773,-13.525824
9.731350,6.052991,-1.086100,1.474974,-6.569062,6.834142,6.297535,-14.503887,-6.837681,-5.341119
6.033766,-1.481043,6.238907,-8.399632,12.006403,5.855948,-13.071983,0.746557,-10.385188,1.536626
4.537772,7.662092,-5.880452,10.456987,5.272427,3.978523,3.038427,1.953987,1.993968,5.392812
10.823042,-7.130330,-2.515418,2.239078,11.233045,1.012505,4.319912,1.487235,-19.879730,7.349091
7.841098,3.457454,5.941549,11.038691,-20.167952,3.287213,-2.384218,0.589839,-0.330986,3.111645
16.935194,0.023371,-3.458728,1.995591,0.437673,0.962555,-12.112199,2.881340,-4.391319,-4.796387
4.692376,8.939328,6.314883,2.054881,3.306056,-6.527085,7.284231,-1.742415,-0.157836,4.112909
-26.292107,-21.266235,5.918989,5.450089,6.897786,12.186802,3.427675,0.725209,-4.970367,-14.029006
-6.949213,7.394995,-16.261875,-3.797883,-1.662265,-5.588593,-5.188197,-7.505274,-1.845706,-12.843379
-0.742650,10.207215,-11.194364,7.512032,-4.464030,5.269697,-4.787728,-0.969242,-4.136312,-23.821411
17.334784,-18.966724,1.604504,7.573321,6.021807,-35.230736,3.414047,-4.891480,5.606138,-1.922455
-6.745408,-7.562192,-10.188784,-7.703356,-4.877728,10.605804,-1.289658,-9.039448,1.782467,-20.136587
9.180079,-2.851841,3.905486,-1.099396,-1.491781,2.270569,0.040832,-11.938375,-6.037018,0.826347
-2.855473,10.694485,-1.302732,5.621372,10.758719,0.282113,7.340796,-4.034212,6.318958,-25.518009
14.051056,2.916489,-45.142784,5.248417,12.086779,-10.411872,-0.996698,9.197935,-14.173556,-1.361136
6.380224,9.580488,2.002799,-8.508779,4.792242,-11.619634,-2.858793,1.822421,-7.517859,-7.235154
7.456030,12.011576,3.870955,4.403053,0.898636,7.499953,6.177102,-3.453463,5.371742,-12.233991
5.551971,7.412973,1.369705,-9.148273,6.253965,-18.229013,-32.392708,-0.019010,-9.935026,0.926178
-7.146033,4.258537,2.265834,-14.934163,8.918882,4.896955,-4.781489,4.211605,-7.158827,-13.120328
5.090663,2.423528,1.422739,-10.200277,10.109015,4.077558,3.749127,3.015090,4.307807,-5.880594
-0.082796,4.017986,10.569959,-5.469503,-10.890820,0.127119,3.246660,-2.801814,-7.386610,-10.904396
2.623899,8.141550,0.650889,2.694297,3.001899,8.049818,4.403094,1.832801,-6.698437,5.896652
1.215205,6.131045,-2.313898,-1.361406,-27.778387,4.260348,4.057548,-8.019966,1.068938,-2.766226
7.568813,7.232769,-1.269953,-4.219235,-10.428390,6.711836,9.631537,-5.564394,1.841411,0.009863
0.044924,0.083597,-1.823409,-1.310604,0.498147,5.955168,-2.703711,0.075613,-3.754177,3.617862
10.344571,-5.789500,6.195099,6.784578,7.252564,1.478242,4.814191,-2.038621,-37.827042,-10.146600
8.211428,7.819932,10.653850,4.500630,3.905689,-5.241439,-7.715919,-23.016298,-7.275499,9.551801
-24.138252,-2.472695,7.311693,7.677628,-10.588390,-2.550333,-0.703204,-0.227539,-21.743326,-5.372033
11.404471,8.729535,-1.514473,-28.122786,0.451382,-1.242412,-12.181332,-3.523425,5.036330,-12.418541
0.376011,-2.634098,9.449718,-0.424061,-23.649160,-2.961269,7.386814,-1.324459,-8.946179,-5.080071
7.096344,2.113769,2.694930,-7.922953,6.047324,3.783860,-5.072526,-3.807755,0.677917,-15.459994
8.424259,6.186800,-8.170521,3.992532,0.578217,3.091569,7.195865,-13.587070,-8.526829,-0.747763
-8.554298,-11.534618,6.418550,7.433525,6.318645,9.519810,-16.780874,-14.519552,-10.023255,-0.054178
-12.688594,-18.570759,-1.132501,10.761557,3.901695,3.429832,2.118573,-7.129407,-8.208035,0.650775
-6.194901,-16.946703,6.717946,-20.726013,7.242883,8.813035,0.753502,-37.140648,1.437770,-4.614912
6.111188,4.761744,-1.163749,8.650263,-9.340279,-4.657332,-4.724812,-20.344667,-16.857063,-6.252304
-12.187582,11.586473,-4.473137,3.539947,5.345905,-2.207707,-8.557747,3.362175,-8.292637,4.327030
-3.214579,4.005799,-0.914528,4.485370,-6.839305,7.052400,-7.077194,3.704996,2.862984,-3.245233
-0.950527,-10.948272,10.230768,2.135278,-5.403239,11.081739,-18.599771,-21.285538,-6.677199,-10.399260
-15.066161,9.233646,-31.208536,-0.380216,-7.537968,-18.502056,0.671730,2.302639,-14.212646,-11.993283
6.443714,-0.189428,7.479280,-5.319202,-9.555196,-4.588145,-23.224964,-19.905277,4.879171,-3.485162
2.053230,-18.514965,4.878927,6.264367,-37.200214,2.981673,-1.645719,0.191492,4.098211,-9.373726
4.594321,1.877793,-7.479526,9.779424,10.912591,-12.864171,1.295610,-28.543194,-9.909664,2.537502
-11.884705,8.601323,10.179919,4.498158,-0.575180,6.988625,-7.238533,-0.744580,8.002465,-0.825450
10.335246,3.507033,-3.533338,-11.729155,-2.073369,5.541448,6.790158,4.536241,-12.391464,-22.459007
-3.749254,11.249710,-14.950042,-11.308478,4.377552,1.364042,2.038645,-22.104397,-5.471628,3.094120
-22.652559,10.332047,0.844695,-3.657063,-0.311841,-7.799162,0.217329,-10.178673,2.014186,4.548617
-19.317402,6.270256,10.932380,3.858900,-4.445971,-21.466599,2.248832,0.056614,-8.163215,-23.917709
11.139766,3.559742,-9.906365,-18.206347,1.203218,2.069166,4.374182,-3.432496,-22.606943,-9.139978
2.001320,9.697120,2.586835,2.015426,-2.445461,-1.868246,5.351011,5.286467,5.779774,-10.031311
5.077113,3.262463,-3.028219,-3.958730,-13.394865,0.854042,7.560760,-9.082967,0.338164,-12.897989
18.532160,0.549383,-0.435388,-10.484858,6.461592,-7.700314,6.307023,6.779809,8.531795,3.024629
-1.509482,10.171328,8.620363,-16.157297,-0.956921,2.094449,3.610736,1.122349,-1.775605,6.006288
6.613626,4.410245,-1.929456,3.129093,12.232814,0.447461,7.615516,4.380689,-1.982503,-13.487612
-22.984770,7.682084,8.981976,-3.548118,-10.554117,-9.058119,0.328985,-2.088616,7.222180,-3.856144
8.325832,9.299802,4.928151,-18.151358,0.681792,7.336870,6.104038,-8.139190,8.422234,-3.514126
6.522950,2.812881,9.550344,9.465754,-9.050323,6.467597,3.003602,5.014938,-10.596548,-24.654772
4.432685,4.833651,2.139815,-2.523632,-5.429825,7.794805,2.161710,1.722608,6.058298,1.415488
4.261541,1.521446,3.648759,-30.295238,-6.251867,2.758894,-9.039461,-3.303095,4.484031,8.128279
7.584156,-3.636604,-1.623532,10.960182,10.960907,-13.940516,1.746981,-9.028709,-12.427029,1.951035
-8.839263,12.916125,-0.887209,7.634136,4.797572,2.767642,9.085387,-17.645298,0.735875,-2.422511
-7.714070,7.975468,12.091413,-16.957527,-2.672448,-5.165703,-9.227599,-3.309531,-0.598950,6.292181
-5.031771,0.676302,-1.418639,2.373842,-6.983253,7.898281,-22.995226,-7.258170,2.070359,3.819942
-7.904576,9.728612,0.733461,1.577835,3.103862,-14.528504,9.518896,-5.892344,-4.644120,-15.241452
6.294283,-0.233208,0.774832,9.301089,-13.068729,6.679912,-4.049720,1.020389,2.288800,-8.239195
4.004798,9.127658,-4.044131,9.749211,2.392952,-9.057065,3.788743,-1.862771,5.097649,6.301243
6.852866,6.011058,2.641556,-1.379170,-1.473124,-1.213812,2.574967,-5.040054,3.865141,-3.406189
11.658459,5.522470,-5.658472,-36.154869,-0.662624,-7.844886,5.621943,-2.563702,-3.331890,-8.166987
9.233610,-7.692513,-10.949724,2.024670,-3.522477,-12.278543,-8.498273,-6.440299,-37.029156,-3.330981
-5.709328,11.908593,-1.241257,2.595811,-10.694721,0.307335,-4.030016,-0.117023,-6.894714,6.078985
6.182119,-0.695976,-2.245110,5.585991,9.123850,9.719501,8.418682,8.756516,2.732013,-8.752618
3.801408,-25.570618,-9.654669,-8.687902,3.722875,1.116655,-20.403860,4.630996,7.400221,-5.511580
11.085361,9.088910,3.197485,-9.335764,-3.719131,2.353890,3.479790,-10.511963,5.627967,-56.063572
3.872775,5.138493,7.018128,-24.046055,1.945528,6.143958,3.270939,-5.334960,-25.207962,8.437844
8.231012,-5.898472,1.517592,-1.132236,3.991825,-10.657452,-9.536883,1.219085,-4.390118,-11.748192
7.088519,8.942269,0.719808,3.369743,-2.909443,-1.626048,7.645968,-13.428320,-19.333082,1.238239
-11.953556,9.311152,9.336331,-5.236371,-15.870379,-24.595455,0.607047,7.646394,-0.657558,-7.090619
10.044364,3.931079,-19.043961,14.199248,8.384904,-8.813750,7.090509,3.941871,-38.539124,0.652273
-13.150395,9.839949,1.447405,7.498487,-13.171882,4.169016,7.294008,3.078651,6.267674,-3.109203
-4.488062,-12.324495,8.146412,-3.989985,-19.835035,5.394798,-6.274422,5.636391,7.055741,5.043577
9.522977,9.648310,-0.930713,-3.363645,-10.570301,5.831650,5.752069,-12.156334,4.093492,-1.898487
5.038332,-11.102339,-5.184157,-16.846033,9.140162,12.628387,7.005656,-7.731262,0.078026,-9.164095
-1.576008,4.362175,-15.524478,2.282326,-0.838900,-4.373827,3.852112,7.287774,1.591896,-0.930575
-11.644333,-19.920242,-4.872852,-3.228793,11.753181,-19.278564,3.479364,5.050849,-2.227047,0.579925
0.084624,5.259314,8.804890,-1.010212,-0.287682,8.456380,-10.709923,-11.131937,-4.053103,4.044160
-14.876517,9.198687,-5.859499,4.343236,-0.874163,7.980909,-3.741040,1.062938,-6.971308,-5.680401
-3.455514,5.134872,10.754237,3.996654,-14.644742,1.878875,-1.216473,-0.228311,-0.058272,2.260424
2.576372,-15.608019,10.162903,-11.427479,9.829980,6.133295,2.098563,1.244699,7.249389,2.124176
7.858614,8.170388,-1.125332,-4.106907,3.848011,-20.959337,1.098654,-1.093165,-1.240436,-3.333531
10.618650,3.376874,5.948024,-8.646707,8.828299,1.395168,0.538769,5.977204,3.776813,-11.053926
0.518976,9.896935,-6.347131,-3.666272,5.284452,0.185427,4.776672,4.193855,-34.990044,-7.712035
13.673882,-11.897381,1.344173,10.289515,5.126374,6.399237,9.514487,6.481346,-0.930535,-5.400667
14.188813,2.681727,7.722892,7.334044,-16.589695,-8.253144,-23.514671,-14.841702,1.004854,-2.106539
15.758972,4.978302,9.358210,6.775135,10.860776,2.642664,-1.338658,-10.394393,2.077305,-6.676304
7.541323,7.418919,-16.832926,5.006447,-2.855656,5.880835,8.395079,-14.033974,-10.759470,-5.748826
4.192082,2.757275,6.723253,-0.909681,1.093383,-26.028210,5.085015,-6.910916,-6.165984,-6.543289
11.697601,7.092963,2.454627,-30.045055,-0.170945,-5.101949,3.772998,-2.673244,7.039761,-52.487663
-0.529951,9.750740,-10.281524,-11.475153,-0.330374,1.680085,1.680721,-13.422689,0.007458,1.200081
14.740478,5.704760,1.337971,-4.641356,11.495414,2.574687,-19.418255,8.110884,4.340717,-2.664576
-8.221437,-2.514184,1.403983,0.957775,11.302103,1.240459,3.021436,-2.574217,-12.008516,-13.584519
10.196382,-4.439332,-8.411688,-24.298271,3.565735,5.353541,3.231315,1.515666,-2.877799,0.718307
6.798583,0.801449,-22.960106,10.104212,8.814072,-4.122872,6.101015,-0.697500,-4.710751,2.659716
8.243284,-10.576771,4.585505,8.623199,8.188788,3.995834,5.333839,9.060513,-6.130726,-6.965524
6.001990,2.432849,-5.356564,5.149694,-12.104455,-6.770904,2.646978,5.459148,-2.784569,-23.575430
-7.263141,-1.816106,7.333652,-9.718977,-2.974001,-4.711828,3.123049,-13.254075,3.687526,-15.922873
6.178145,2.881145,-3.221002,-9.959259,4.069209,-2.062222,-42.789516,5.209565,-1.701807,-14.694761
2.871120,4.467260,8.121916,2.926751,-8.280434,2.956991,3.991390,-4.530031,-20.468294,-19.021379
-6.871778,9.751842,4.973267,-8.982374,-17.703310,-6.351522,-0.557234,-2.748981,1.508868,-7.325470
-7.676475,10.346197,3.240140,9.105839,1.272222,-13.854040,-1.818912,-17.089188,2.865915,8.542863
3.845971,-5.027256,5.819510,-7.602061,6.638616,-0.670624,-6.515302,-13.728509,-1.309315,3.937645
9.060079,-4.247581,-0.269058,-10.971898,-5.670700,5.881192,2.864494,-4.247093,-1.053030,5.079828
6.144345,8.532225,4.378850,-0.355915,-6.727524,1.228308,-33.111610,-1.904835,-12.299718,6.899370
-17.107700,8.901583,-35.762592,8.765146,3.947390,-6.655255,-20.312731,9.413626,5.802357,-35.496536
-4.096269,7.159197,9.353859,4.539672,2.940773,-10.663792,-3.016776,-10.991146,3.237829,-2.727424
5.560839,-3.828860,-17.098946,3.725803,-4.160368,-25.046484,1.737198,3.163130,2.110216,-16.766500
-27.587399,7.881383,9.332707,2.956832,5.859839,3.353300,-20.384865,-1.249866,5.493221,-7.270532
-5.659318,1.149032,-5.436398,3.499910,-2.840896,-0.660393,-31.426197,-2.063439,-0.250157,-23.527575
10.810593,6.629263,-22.849594,-28.283421,-8.692292,1.903061,0.354693,-2.009460,-17.743576,-4.400738
11.575497,-0.072770,5.511804,-9.593594,10.290831,3.996181,2.325847,10.239119,-8.027899,-0.930076
16.815998,-22.937525,-2.766934,8.401752,0.705640,-10.764986,-15.915777,1.651308,10.811241,-3.164496
8.688341,-1.343968,-4.923701,-4.714852,-3.464101,6.867438,8.713442,-8.245963,-6.795028,3.119239
-19.615732,11.675601,-4.552915,-8.374472,-5.660928,-5.132411,2.008936,-0.875347,6.189051,-13.118608
7.340296,-11.817451,-24.488483,1.547735,10.866838,10.943487,3.080949,2.231402,-9.752329,-2.313573
11.659304,4.405595,-15.534796,-12.584383,3.659716,-1.950579,4.505004,-2.362343,-14.689330,-21.825264
-0.028261,6.882284,0.521184,-0.345912,2.426244,1.197133,7.758062,-12.391047,-0.293116,-7.355590
15.231639,-0.335663,-3.761425,1.775024,10.221863,7.939891,10.114184,-14.397596,2.476632,7.004883
9.245404,6.694852,-18.777700,3.096737,0.754462,-1.024108,6.566792,-17.317516,-7.230356,-9.342211
11.463946,-1.306394,-11.277791,-20.136271,5.847633,-1.337989,1.217627,-1.695430,-10.760782,-10.644931
11.934643,-8.814432,1.299286,-1.177935,9.258980,0.747702,-3.022822,-3.105612,-16.822491,-7.013883
-12.814152,7.792531,9.647794,-0.621498,-8.844244,3.311615,4.012383,-6.095101,5.444921,9.516434
4.072881,5.118432,-5.458121,-1.739317,-9.648854,5.049096,-3.059284,0.104049,4.317308,-41.172482
9.961604,9.425771,0.378256,-3.009462,-5.886899,5.029076,3.958674,-19.131618,5.287552,-2.456692
-26.176386,3.293235,1.430550,-0.830976,12.436524,-7.654284,-4.688366,-6.844806,-23.463158,-1.852143
-4.992867,-21.138041,-0.681140,6.406818,-3.634531,-1.913339,-9.738900,-11.857426,3.992317,-19.434378
3.367005,-30.707050,5.331103,6.643739,5.128465,8.374722,-5.732770,-2.750862,1.601085,3.557938
6.856156,3.837703,4.231224,9.175069,-9.711941,-19.690725,5.114636,4.934741,-16.534248,-14.059021
11.699471,5.478737,-0.503906,7.690083,3.351564,-5.477569,-2.571220,9.132125,-18.423401,5.052803
10.167982,6.858924,-0.441473,7.139215,-8.045687,4.768921,-1.299027,0.783292,-19.458870,-8.304857
10.743356,-2.146172,-8.143411,0.051609,8.651558,-4.568786,-12.972748,-6.245170,-0.738667,-11.341290
-3.952405,3.613570,0.483965,4.435505,7.971642,4.121708,-4.085185,6.256513,-6.579814,-8.229624
7.957113,-0.639068,0.497007,-29.346703,-20.623034,7.989455,1.177430,-11.673814,-8.223332,4.103971
8.687558,-3.493475,-2.208435,-3.633143,3.158019,5.585669,-3.075066,-0.594542,2.130254,0.275468
-17.146049,8.352427,-25.945419,-2.600398,-1.267666,-27.907398,-7.692206,-2.543055,4.372169,-2.461921
7.611099,4.078081,8.260270,5.100929,-4.724088,4.860512,-20.366907,6.211136,10.573456,-13.047562
3.408981,12.594501,5.576143,6.688396,9.165199,-18.532326,0.510316,-13.565582,2.768414,2.332309
2.183902,3.908558,-1.176630,-4.939586,-4.256086,4.682866,4.834232,-18.163410,0.348015,3.555497
-19.541351,-19.119373,2.285455,9.550604,-9.033279,2.008257,-3.533695,3.223052,5.926295,-4.351257
-6.491811,2.752490,9.664295,8.449916,-5.694584,-0.479203,-7.199079,-8.238569,6.636798,-9.795671
0.414727,1.236873,11.766015,1.504166,-5.786118,-55.059433,-5.301524,-17.218447,2.445592,3.707896
5.038572,2.681087,5.559044,-4.764091,6.213410,-5.026705,4.730173,-2.977795,2.311288,-14.490362
4.071493,6.269310,-5.351502,3.812246,-2.029909,5.147154,10.772966,-7.888002,1.622746,-7.966609
3.161861,-5.473638,5.663569,3.788887,12.047352,-0.566035,-7.042673,-4.927639,-4.073935,1.361972
2.973934,-2.971393,5.285315,10.115060,4.590880,4.183852,-10.907378,-1.154637,-15.657606,-6.981153
-3.771324,-10.216564,-2.939414,3.938962,6.829325,-1.275142,-0.377833,3.795129,0.236855,-0.082700
-0.659586,5.390782,12.380783,-14.246752,1.648765,-11.599835,-13.349131,-5.128780,7.876632,5.223610
5.708025,10.831690,5.665933,6.278211,5.372624,7.700215,8.315193,6.186693,1.631560,-16.466969
5.890817,8.221050,10.042479,-15.660516,-7.184317,-3.834789,-3.805907,-16.773760,2.399313,1.758363
-17.265713,-11.298963,5.813291,10.185905,-6.922808,-14.942396,-3.599229,-2.754705,-4.855666,4.906469
-19.994276,7.188673,6.569538,-36.477219,-7.485235,5.195469,-0.776560,3.682475,-3.774254,3.022895
14.156425,-0.626649,9.770505,7.211547,-1.871626,2.772713,-0.741780,2.101829,-4.747846,-21.835001
3.231300,-13.049726,10.154258,1.955357,-18.791807,8.987350,-4.312462,-8.541901,-7.959884,-18.199003
10.139078,5.690566,9.836176,3.359813,3.694722,-2.181360,-5.821998,2.091679,0.552654,-8.872400
-19.248035,12.361942,4.448771,-1.761277,-1.360397,-7.120553,-5.619902,-12.031245,-5.642850,6.681409
-3.081681,7.288352,7.280609,2.852551,6.458635,6.061969,-35.832512,-1.988498,4.011256,4.906297
5.222538,-1.353679,8.284959,-20.116034,0.049546,1.449075,-14.096932,-1.693112,-21.101608,1.538988
15.174065,3.519710,6.577935,3.645945,4.588873,8.369087,1.030420,6.527953,6.223646,3.136120
8.506900,5.040809,-13.959608,3.701641,-4.828401,-2.225290,4.429349,-29.205076,-26.886261,-5.024601
6.927047,2.976960,-10.361218,4.842509,5.228456,1.475408,8.731977,4.961196,-11.157152,-9.136759
-1.123647,-0.309195,2.421900,-2.384219,-4.134898,7.278223,-5.283099,-9.332863,-10.544448,1.957392
10.806817,1.397236,-19.837997,-4.860185,-3.431227,3.153737,7.734209,-3.712086,-13.386909,1.032367
15.756215,-17.060944,3.941092,-13.876635,-1.864256,-9.954146,7.700747,7.295609,9.865438,-11.594663
11.904161,5.076729,-12.125671,-23.565557,2.794236,-22.265642,1.750289,-0.327911,-2.880485,-15.150827
-3.235026,-8.371173,10.192813,-13.205849,-19.620251,3.506087,-2.213654,-1.408989,-0.534677,-24.198219
11.191208,4.677453,-21.388145,-1.928886,6.708335,-6.538472,-6.577439,-2.463220,-18.547611,-14.994564
5.539961,-3.761542,2.251179,3.032861,-1.749351,-17.614672,-2.097453,-22.643013,-15.053634,-4.921787
2.880504,0.181217,10.401968,-6.813326,-4.750752,-29.621725,1.596248,-6.633859,-14.660288,-27.927095
3.201729,-0.550365,-0.938307,-14.875147,-11.876211,8.962106,1.929472,-6.396589,-0.567186,-0.366969
13.070395,5.783163,1.064545,10.021156,11.570578,0.023984,-5.596847,-3.087528,4.180016,-0.512985
-11.546575,-7.941339,9.685431,4.937734,-9.332762,7.562135,-4.853071,-5.747247,-11.326736,-1.869878
8.219835,-3.278728,-11.664038,7.026160,10.603212,3.648481,6.775784,1.139129,-3.744734,6.274335
7.564316,4.981303,-5.748971,8.595766,-4.908379,-1.366624,1.952726,-4.073152,-2.249976,2.158044
-3.847898,9.318821,-5.258272,-3.492620,-21.263037,6.804121,2.239323,-0.675335,-10.098329,-8.776012
5.685225,-13.021858,4.785454,2.821422,-13.517256,-2.980395,8.624605,-9.850817,-31.308228,-3.009865
11.067657,-8.135390,6.077805,-18.240660,1.192735,10.773292,1.613148,-1.414217,-0.770633,-3.787194
-13.665833,4.297844,-1.221708,-3.769834,7.671394,-18.150406,3.442383,-3.038242,-5.043297,-6.364189
13.197893,-7.607176,0.824397,-2.913422,-20.923904,-7.849505,1.761410,-26.101295,-10.781699,-7.929050
