-13.94813, -19.37757, -14.02257, -7.82207, -25.98215, -14.64521, -20.85057, -21.72984, -7.89226, -8.12451
-26.17491, -22.51820, -21.47666, -22.64864, -14.97778, -32.62423, -26.50423, -36.38766, -16.52317, -19.63870
-18.71016, -25.20096, -23.46541, -16.97489, -21.52131, -17.21418, -18.65701, -29.79687, -12.17877, -10.24833
-31.40490, -25.02161, -28.58727, -15.35144, -16.79199, -16.95662, -16.95408, -22.11850, -8.90185, -26.69965
-29.37410, -23.90015, -18.35285, -25.48665, -15.27798, -24.36267, -22.80904, -32.54383, -17.22954, -15.22140
-17.81536, -27.33336, -31.61973, -17.45039, -17.98877, -15.15225, -7.48440, -17.08957, -6.44566, -1.45124
-24.85736, -16.31860, -16.55766, -18.23888, -9.79422, -20.16785, -11.23780, -18.04210, -18.18733, -7.02713
-38.92046, -15.57616, -27.44506, -32.75970, -9.84775, -9.78698, -21.61070, -14.07591, -45.38424, -12.35940
-19.64598, -25.75552, -35.71262, -23.10579, -21.95100, -16.49980, -11.87817, -26.51211, -21.03763, -10.46085
-25.00258, -35.21779, -25.55480, -17.87467, -26.17735, -34.27921, -20.13326, -27.68749, -18.84774, -9.75363
-14.50639, -18.48187, -16.77582, -8.65817, -17.23500, -12.95371, -9.83315, -18.48788, -17.65033, -11.69570
-15.41207, -22.79808, -17.90425, -16.20315, -23.17277, -19.30534, -39.89985, -16.21204, -13.88767, -10.12490
-19.10826, -15.18941, -18.01512, -10.04418, -13.27764, -22.15601, -8.43428, -15.96286, -9.23598, -19.42742
-25.73600, -28.78408, -38.90336, -20.55840, -32.63120, -25.77013, -26.20411, -24.45558, -20.49696, -17.85841
-22.43972, -20.76829, -29.85059, -17.45215, -18.06956, -16.67324, -18.47632, -21.29758, -12.09980, -13.93522
-29.53627, -21.57463, -22.60488, -19.98568, -15.50259, -19.49986, -14.62503, -24.54541, -14.07357, -17.01593
-24.90574, -19.92576, -29.78860, -10.71991, -13.91044, -13.89559, -17.76637, -14.31166, -7.87415, -12.05157
-17.12300, -20.67837, -18.98549, -15.38115, -27.90667, -22.37703, -26.23367, -14.53984, -13.04605, -12.33177
-22.41254, -17.74235, -28.27636, -22.40609, -14.23456, -13.94680, -12.81608, -18.22755, -13.28516, -11.54294
-28.36298, -17.10594, -19.56358, -18.10927, -13.27370, -12.85945, -12.56792, -13.91677, -13.30923, -15.75823
-27.57054, -25.63142, -26.24892, -24.80389, -14.32148, -20.90999, -15.89256, -19.34123, -17.52248, -25.36068
-18.62312, -27.98352, -25.75786, -12.24220, -19.40056, -16.21655, -11.58852, -21.94162, -11.45322, -9.94556
-23.42813, -29.74460, -25.36666, -15.93980, -14.58913, -24.25578, -34.34056, -33.47501, -16.66617, -19.86068
-16.73929, -26.65720, -23.11973, -13.50960, -14.23842, -15.08327, -7.22731, -15.92513, -15.58029, -6.13035
-18.07795, -54.56307, -20.36403, -9.48801, -22.96881, -14.55169, -16.40999, -26.58441, -7.42999, -17.09150
-25.96408, -28.12379, -18.94138, -17.82672, -14.35173, -22.03197, -13.17731, -21.21640, -8.28787, -18.69285
-26.94394, -22.14451, -22.20902, -19.31351, -12.95471, -30.24081, -27.07557, -35.41657, -12.25692, -26.08131
-31.16365, -23.59447, -21.73210, -14.47092, -17.30747, -22.42320, -16.76464, -24.07835, -13.99589, -16.63757
-17.54660, -23.17423, -30.22426, -13.45842, -17.52274, -16.39906, -15.67234, -25.15549, -3.77071, -6.79008
-19.39469, -22.07130, -21.62997, -13.68468, -25.35563, -12.69877, -17.07406, -22.49149, -18.22729, -11.81066
-14.16701, -38.60633, -21.06854, -15.46310, -37.24564, -16.42449, -20.20676, -19.28049, -13.43636, -6.36774
-18.71470, -25.23201, -35.15491, -23.43204, -31.58222, -20.44484, -20.05389, -19.44448, -17.42032, -13.52965
-19.10411, -35.68994, -25.55644, -8.88887, -24.64133, -12.12495, -19.96754, -42.48395, -9.05949, -19.07705
-22.34521, -17.52502, -19.45463, -6.82636, -21.20702, -17.63488, -11.11166, -27.51351, -7.36537, -17.40891
-29.68285, -18.04125, -25.32567, -16.83284, -15.88120, -13.78407, -11.65665, -18.63786, -17.22113, -14.94950
-18.78296, -19.40415, -19.26662, -10.59806, -16.96513, -22.40758, -15.10127, -27.84614, -9.58684, -21.69928
-23.06806, -29.20457, -31.24640, -24.01978, -23.10213, -29.98074, -18.81428, -23.08466, -15.38878, -13.11415
-13.28081, -15.49264, -23.66379, -18.70397, -12.46322, -11.11286, -22.42746, -10.22301, -8.38622, -18.67306
-22.36354, -26.50138, -28.58722, -12.87584, -20.53828, -30.12493, -14.60546, -24.71123, -10.29346, -14.70870
-17.78179, -26.48501, -28.33700, -11.86116, -12.47252, -20.29031, -16.15815, -19.46434, -4.16921, -10.79583
-17.39344, -16.47331, -17.01498, -19.09231, -10.88284, -16.98804, -13.77935, -12.31738, -9.30290, -18.29064
-23.56184, -22.60747, -31.05825, -12.03257, -20.27489, -21.47188, -22.19613, -14.62165, -15.68778, -13.75222
-30.16590, -18.22825, -18.55213, -11.31083, -15.34038, -23.22277, -13.09823, -24.40020, -13.92103, -15.74482
-27.19451, -18.33794, -23.69259, -7.24707, -20.13881, -14.18953, -19.16214, -19.02353, -5.36629, -14.22511
-26.58608, -24.96130, -28.23238, -18.45442, -21.68088, -26.20403, -19.97586, -24.42140, -22.58076, -9.13138
-19.23131, -19.42853, -29.58733, -15.15750, -16.02736, -15.40702, -18.38612, -18.54255, -28.38985, -6.25681
-18.72891, -19.12982, -26.65581, -14.16284, -20.91994, -15.11438, -11.44426, -13.54479, -13.69791, -6.41153
-17.34665, -15.07097, -14.21774, -13.62885, -18.33909, -10.21568, -15.48421, -25.43674, -9.88981, -11.10822
-27.51362, -33.06647, -23.89034, -16.29933, -21.95245, -16.58280, -13.35794, -18.09935, -22.00712, -7.37511
-25.09179, -22.79858, -23.99372, -12.30419, -11.32353, -17.82765, -19.45200, -17.61355, -10.80818, -8.58333
-26.37982, -18.43247, -18.31274, -10.96439, -13.49022, -14.71368, -11.02316, -20.80405, -15.79285, -16.33578
-27.02856, -18.99586, -31.34831, -13.00365, -14.83053, -13.46949, -16.23578, -20.71506, -33.80207, -20.10774
-31.57839, -18.69329, -15.84826, -14.07779, -17.74389, -27.41894, -17.85965, -24.64498, -17.81601, -17.62452
-29.60328, -18.45765, -25.99011, -12.92425, -17.44339, -13.29855, -9.43757, -19.46388, -13.81910, -11.18141
-34.35225, -23.08674, -28.13249, -20.81327, -13.04664, -19.85798, -23.41050, -20.78400, -17.78984, -14.54762
-18.99116, -29.68170, -22.54253, -14.54240, -15.10612, -22.69640, -13.28691, -16.96808, -14.07471, -10.63629
-18.67370, -18.21247, -17.79970, -15.99271, -21.55680, -13.96724, -15.71834, -24.11351, -16.02151, -7.39954
-32.77779, -16.26634, -26.06150, -19.57949, -11.93305, -15.95766, -17.65448, -21.41566, -8.94469, -9.89255
-20.79917, -18.90843, -36.87229, -8.91768, -46.54255, -19.83416, -8.09238, -19.14041, -14.67868, -3.54445
-21.59310, -23.26286, -35.98769, -13.72107, -18.74425, -30.05667, -18.05979, -23.57159, -6.29594, -5.79265
-18.93007, -14.67452, -17.80887, -10.42204, -10.40558, -23.90516, -13.12553, -12.65366, -11.07810, -10.26254
-21.63034, -28.03795, -27.56435, -18.34455, -14.16847, -16.56280, -9.84247, -18.64848, -11.21170, -8.16388
-24.52610, -18.28237, -35.37422, -13.67830, -13.73442, -12.71673, -19.44976, -15.89224, -9.84475, -13.51609
-38.12347, -24.98948, -26.03510, -21.44200, -12.19865, -23.26811, -21.18942, -30.95062, -15.07075, -19.85192
-46.82274, -21.05663, -21.73670, -29.49380, -21.76617, -19.28814, -19.42613, -23.43839, -21.12956, -20.20275
-22.38684, -19.02850, -18.92766, -13.03606, -26.15999, -10.84728, -21.21963, -17.54243, -17.76123, -16.50622
-24.05040, -18.66242, -18.24555, -11.30455, -14.75099, -13.60754, -16.95259, -28.00075, -12.69981, -6.54075
-20.88519, -25.27730, -21.34039, -15.20283, -18.36973, -17.56482, -18.54392, -17.72361, -7.48081, -5.76056
-19.57111, -28.95680, -21.92998, -19.72932, -16.17628, -17.53838, -25.30253, -18.15913, -18.08348, -15.73007
-27.80304, -16.67464, -33.03701, -21.32710, -13.65419, -12.37251, -24.57306, -13.76918, -16.96178, -11.52681
-28.79678, -18.71212, -39.68289, -24.41198, -11.22289, -15.43415, -10.25705, -21.57149, -9.53204, -6.94815
-25.65003, -16.32381, -24.22799, -9.04581, -18.98120, -13.68973, -7.90441, -17.83783, -7.68338, -8.45046
-17.74967, -15.79854, -32.13173, -20.12156, -15.06086, -15.98610, -23.14400, -11.24424, -10.22821, -15.58265
-28.59477, -38.32128, -29.81968, -11.68656, -18.61383, -13.57392, -13.98726, -16.95866, -9.58499, -7.96342
-17.95013, -21.24333, -30.04772, -13.11328, -22.96759, -16.54979, -12.55267, -15.03168, -10.68685, -5.01360
-24.90900, -16.38783, -19.29740, -9.43191, -14.93678, -27.65310, -7.84616, -15.22327, -11.56208, -15.73646
-29.92954, -19.98234, -31.33322, -11.08567, -26.41139, -34.77196, -13.69972, -30.13778, -9.40114, -18.06784
-23.18053, -26.06533, -31.68140, -15.64846, -19.00472, -21.91887, -14.36661, -19.81635, -18.43521, -9.23728
-19.01326, -25.00341, -21.48913, -10.95412, -20.85677, -10.22351, -19.47307, -24.35325, -16.99381, -8.68844
-15.79635, -16.07955, -24.24399, -22.31029, -13.26730, -13.45984, -9.94377, -12.16000, -14.01379, -14.39054
-18.72344, -22.36034, -29.19172, -18.65129, -17.12958, -17.24323, -8.84316, -21.96124, -32.86806, -8.05295
-41.83184, -19.01430, -31.67984, -19.55816, -14.73698, -15.31020, -20.41640, -13.61437, -15.04454, -12.78358
-28.21566, -39.93650, -23.93575, -21.67927, -19.82757, -22.57052, -22.00661, -33.34570, -9.39779, -15.75912
-21.55611, -16.51397, -29.16091, -13.58043, -10.28894, -10.51859, -11.59713, -15.27864, -12.61642, -11.36824
-20.85557, -18.08873, -19.83185, -19.21671, -12.58001, -19.85915, -10.26766, -18.43941, -12.81161, -6.39849
-17.65533, -18.19713, -20.65641, -7.68561, -15.18439, -12.84785, -15.60152, -20.69091, -3.73082, -9.83525
-37.41448, -21.44696, -17.29360, -17.81725, -11.58226, -26.49520, -12.82327, -15.68053, -16.55744, -5.33206
-25.32399, -22.91815, -29.50826, -13.08560, -10.91240, -15.69452, -13.25851, -19.09141, -19.32757, -13.80393
-15.43814, -13.52184, -17.07054, -10.32796, -9.91174, -16.96494, -14.05331, -11.86544, -9.28975, -8.54731
-19.65523, -27.43342, -19.27125, -9.63043, -23.95526, -8.48614, -14.01967, -20.80718, -15.50809, -7.67473
-22.53135, -19.61123, -21.92697, -19.45921, -12.19214, -13.43886, -28.82353, -16.90757, -23.54372, -17.25678
-19.71109, -20.63582, -25.59970, -23.53545, -12.76286, -12.74300, -11.22498, -17.20388, -8.96843, -10.74857
-18.18537, -28.15305, -18.23380, -18.66422, -15.17419, -18.55944, -15.73708, -16.26774, -30.97567, -12.33190
-35.81594, -23.63197, -20.16668, -29.40455, -14.70007, -22.79747, -16.26910, -28.79662, -15.29509, -12.81217
-34.95438, -21.00309, -22.94789, -22.17263, -11.51181, -15.16879, -18.34259, -18.33093, -14.48787, -33.82919
-32.78102, -31.44645, -33.06050, -22.84959, -20.05693, -29.35422, -22.36122, -23.85736, -20.12794, -19.24683
-38.99943, -19.62723, -28.69393, -9.06819, -19.05908, -18.48162, -9.48856, -30.99703, -14.20157, -6.18856
-23.08634, -30.00562, -28.76947, -14.15744, -33.71583, -26.34242, -17.16749, -26.24737, -11.66256, -15.04567
-23.28303, -18.81987, -25.77088, -22.12290, -14.07011, -18.66984, -34.38456, -17.10897, -21.48620, -8.43216
-24.18707, -19.67388, -22.65092, -10.52567, -21.66637, -21.72648, -13.48085, -33.80064, -10.52596, -16.81902
-28.73942, -21.41635, -24.65823, -10.64470, -25.80830, -17.86426, -20.83450, -23.29740, -11.01902, -14.23109
-16.42779, -21.58181, -35.72991, -13.14100, -18.39300, -12.13781, -9.19341, -16.46026, -12.10132, -10.09090
-18.32591, -16.74291, -22.39862, -12.96374, -11.64802, -9.29081, -10.60422, -13.17904, -14.10121, -13.29712
-16.56392, -25.56313, -21.86086, -18.56554, -18.26809, -14.84002, -27.43548, -14.42855, -11.86013, -13.78581
-20.60161, -29.49906, -34.70715, -16.45815, -13.02604, -21.14898, -13.19674, -26.16546, -9.51573, -16.02383
-22.82989, -17.05670, -25.05131, -20.84176, -13.56602, -13.80068, -16.31942, -17.02203, -13.70952, -23.05342
-32.29260, -16.30722, -23.27983, -9.44402, -24.32494, -21.20787, -11.19426, -21.66412, -7.44514, -11.84116
-19.82611, -29.37972, -30.13749, -15.44568, -29.12986, -22.40144, -17.85113, -22.65117, -9.19993, -11.30069
-17.36614, -23.18989, -34.55861, -13.60644, -28.98905, -28.17191, -19.01260, -39.40546, -5.82212, -3.15869
-25.80507, -25.76067, -33.63404, -14.57777, -24.38723, -26.59637, -15.66634, -25.28809, -10.32775, -14.88792
-20.67238, -25.38930, -19.30310, -11.79693, -16.02952, -18.38793, -13.65424, -18.19733, -8.80685, -10.62486
-28.28080, -24.39967, -20.28458, -27.61886, -17.15694, -30.52659, -18.96884, -29.16667, -14.59245, -22.97426
-23.62408, -23.60988, -20.67282, -11.89924, -12.42688, -13.37095, -18.25752, -20.71112, -11.58679, -20.11322
-20.97962, -15.94393, -34.86238, -18.01489, -13.14163, -9.52973, -11.61620, -13.44582, -27.73268, -16.81845
-22.17652, -21.23931, -25.76020, -16.01374, -16.66972, -23.48273, -16.73043, -17.58759, -14.94884, -4.24275
-24.53989, -23.21089, -30.04944, -12.42070, -26.64310, -22.24328, -21.51888, -35.14047, -9.08151, -12.94913
-24.50978, -21.46417, -28.70418, -25.35481, -28.59210, -31.57433, -20.90460, -27.40067, -15.32832, -5.63211
-18.66891, -30.35121, -31.81840, -20.14515, -14.23610, -21.86364, -22.99350, -18.76584, -6.16680, -4.01722
-19.50043, -27.25013, -25.52646, -13.00199, -17.32954, -17.03233, -12.49054, -20.83910, -10.96787, -9.32472
-17.78975, -23.82625, -29.87456, -17.64086, -22.30515, -13.42776, -29.41824, -15.09890, -12.60426, -12.55000
-30.12420, -16.25100, -29.67915, -12.96752, -11.41507, -10.74462, -25.54862, -14.84299, -7.57947, -29.52357
-23.60474, -21.92197, -30.84033, -16.98736, -16.00082, -27.97410, -13.20785, -20.63904, -16.25844, -5.92454
-26.17975, -21.48178, -37.22476, -16.05830, -16.04898, -10.81031, -18.56136, -22.21828, -20.55126, -18.76245
-20.45219, -22.29589, -28.79434, -12.84839, -14.39807, -16.18395, -9.78337, -15.51382, -16.44697, -7.69711
-20.83341, -17.50122, -20.37133, -10.15535, -14.52212, -13.65845, -8.01514, -21.46511, -13.80809, -11.15110
-31.74345, -35.41386, -37.58462, -25.65913, -41.92894, -21.09622, -26.72185, -35.73694, -23.03182, -14.38130
-15.33065, -19.55088, -19.86286, -5.75476, -29.56600, -10.77638, -11.34440, -19.70600, -6.94377, -13.29866
-23.00795, -22.14247, -31.73510, -19.91063, -18.77421, -17.35623, -19.53301, -23.29062, -11.98764, -11.94804
-23.33063, -39.06783, -34.43648, -20.49457, -21.65188, -20.34088, -22.98039, -26.41173, -12.59874, -8.56697
-23.85556, -19.62419, -19.86507, -13.48975, -14.66951, -16.15281, -10.77492, -24.64625, -21.43368, -13.08765
-26.88418, -27.18711, -24.89011, -12.48396, -11.18456, -20.60206, -17.12160, -20.61212, -6.67496, -9.32119
-34.13228, -18.19250, -44.67443, -10.38435, -15.48759, -11.93047, -43.40101, -15.67223, -8.08114, -16.45356
-24.16845, -16.34684, -21.97518, -11.98686, -22.11241, -21.56800, -12.44809, -18.57296, -14.73164, -5.66762
-22.41848, -17.83692, -28.91298, -21.08713, -21.24207, -18.36385, -17.18285, -20.27652, -18.86622, -10.84132
-24.09684, -23.34303, -35.56755, -19.40260, -11.85465, -21.14300, -13.00866, -29.73196, -8.46335, -7.34376
-27.75262, -21.11588, -28.07534, -19.26676, -18.21456, -24.89866, -16.56781, -21.03301, -13.55724, -11.76555
-23.72864, -18.88839, -35.28254, -15.94974, -16.37971, -13.00913, -31.78330, -16.65256, -15.46365, -22.23084
-40.81314, -23.42568, -19.48680, -27.12318, -16.69202, -21.69845, -17.06919, -30.54371, -15.82662, -15.05807
-37.94498, -17.77132, -25.51934, -8.45696, -17.08625, -13.99803, -14.69827, -20.22811, -6.14576, -26.03854
-19.12332, -22.15578, -26.62852, -14.07338, -16.52316, -19.60769, -12.38012, -14.73990, -16.27555, -10.26438
-19.58124, -32.61523, -24.83496, -13.98841, -32.45834, -20.14080, -20.27067, -23.50933, -15.62727, -9.08346
-16.58553, -17.00826, -22.89049, -9.52691, -16.31432, -20.19553, -22.30464, -16.37674, -6.77694, -11.10086
-18.76249, -29.55222, -31.01300, -20.40744, -27.74769, -18.20208, -13.03449, -22.88847, -11.81295, -6.69123
-18.55631, -21.96357, -23.53820, -14.35670, -13.91191, -15.66279, -7.13040, -23.91581, -22.03404, -7.81890
-25.26698, -30.92240, -40.90241, -11.72394, -15.40477, -15.73936, -15.27617, -17.00642, -7.02063, -7.58582
-17.54000, -18.33964, -22.24470, -6.18224, -24.43172, -16.19303, -10.14700, -20.50670, -4.87584, -22.09304
-19.48562, -18.24014, -28.73012, -14.69720, -22.74633, -17.29915, -21.34138, -14.45934, -10.87072, -21.52192
-32.10703, -20.14842, -26.42568, -16.96343, -11.86035, -20.42256, -15.65139, -25.36998, -8.85826, -13.35699
-25.43273, -19.39826, -27.04307, -12.78477, -19.77371, -19.10421, -12.86884, -29.03077, -13.34152, -9.80174
-17.46732, -16.26628, -29.96982, -11.86157, -22.96084, -13.62943, -7.33852, -13.72754, -7.49726, -18.12633
-27.74383, -21.98373, -24.21007, -19.25950, -15.15438, -24.19363, -12.47006, -23.32237, -11.54377, -20.44138
-24.71152, -21.41464, -22.91277, -18.77152, -12.89530, -14.04992, -18.46992, -17.88530, -7.69390, -16.59731
-23.33312, -19.44859, -17.22516, -11.73871, -13.58059, -15.63897, -12.05096, -20.17895, -17.11096, -18.52748
-25.44642, -23.28851, -24.84810, -20.83059, -13.82346, -19.82081, -15.84030, -18.94609, -12.90599, -8.46970
-18.32194, -26.72493, -24.67569, -15.42293, -17.88767, -19.99160, -17.58558, -16.74108, -20.35986, -16.23487
-19.80816, -20.93988, -25.78521, -20.70575, -27.85114, -17.96664, -13.41428, -21.68253, -11.64259, -11.64457
-30.76464, -25.08949, -27.56696, -24.45837, -15.40659, -35.36098, -27.70545, -30.46644, -19.49268, -12.20145
-25.52881, -28.91304, -29.83361, -17.14442, -15.46913, -23.76473, -39.60191, -22.43165, -13.90183, -18.39833
-25.30744, -20.83613, -18.24538, -21.97568, -10.66302, -19.75265, -12.78972, -19.89791, -12.59721, -12.25537
-20.83309, -23.62784, -21.16327, -25.05723, -14.24252, -18.97662, -24.15869, -21.43365, -6.49903, -10.80601
-18.90657, -20.82744, -21.77818, -13.16045, -12.47113, -14.00254, -14.63471, -17.97258, -3.59387, -13.97771
-21.91322, -20.09695, -24.80258, -12.25655, -16.07243, -17.74876, -19.66681, -22.21266, -10.11795, -7.28658
-19.78194, -19.86974, -24.04505, -14.91982, -19.99510, -17.96519, -21.43500, -15.39238, -8.79924, -15.20570
-32.91905, -19.23327, -28.99122, -17.55100, -13.19342, -15.19957, -9.89216, -21.49338, -15.01500, -7.52978
-30.14518, -23.55382, -33.28278, -19.60917, -13.25247, -12.88864, -14.82492, -18.75489, -14.80372, -13.05533
-19.63728, -21.79931, -17.82892, -9.30823, -19.46723, -13.86831, -9.57622, -21.96218, -3.66528, -24.80455
-23.42731, -21.48696, -43.27389, -17.59463, -17.61221, -13.20393, -30.00516, -16.06638, -11.63423, -17.06902
-17.13006, -23.66169, -26.18785, -17.19323, -19.26985, -13.50688, -11.06261, -15.14003, -18.20307, -9.56434
-27.55075, -20.36827, -23.01949, -36.01715, -13.57161, -16.61667, -12.61759, -24.78870, -12.87219, -8.44590
-20.55983, -24.24299, -25.67718, -13.30124, -17.84180, -17.12619, -15.51649, -15.71962, -15.58513, -8.96838
-15.90365, -26.40780, -22.65550, -19.66954, -17.71727, -15.89937, -14.08062, -14.43382, -7.69683, -7.38637
-23.25895, -18.20447, -21.94062, -15.33653, -11.63388, -9.32171, -14.68152, -14.51325, -20.18652, -20.31521
-33.21816, -19.73066, -20.23572, -28.06253, -13.39932, -15.42019, -14.72659, -25.33410, -12.86656, -10.31566
-17.83086, -15.19180, -28.43844, -21.74111, -13.08537, -11.36353, -15.38647, -12.89757, -9.81737, -16.99799
-15.53169, -21.89767, -16.44147, -17.39256, -15.61847, -18.33740, -20.38203, -16.64432, -12.01237, -16.87887
-35.23733, -19.51920, -26.29606, -11.98251, -26.79591, -19.49046, -17.28246, -14.72811, -17.40137, -16.13561
-23.24563, -25.28850, -26.97824, -18.17045, -13.26305, -16.96052, -14.96781, -26.81763, -11.52945, -21.96504
-22.58901, -21.56455, -26.42217, -20.01442, -27.86397, -28.40589, -13.69479, -26.97466, -16.00663, -13.74039
-14.72177, -19.63200, -38.26146, -24.22088, -22.51014, -11.94864, -10.61911, -15.56596, -9.82390, -9.29613
-21.59353, -19.87455, -30.09663, -25.05432, -18.80010, -13.80044, -17.30492, -19.11212, -10.64492, -10.46024
-19.28813, -18.21418, -38.71217, -17.00777, -19.34400, -16.83945, -17.86226, -16.95421, -7.79413, -3.21976
-18.73347, -19.15018, -26.27550, -16.19534, -18.60495, -20.17746, -11.43697, -24.84465, -18.08631, -8.55769
-37.50612, -20.86380, -23.76317, -15.29147, -14.75250, -25.05805, -13.35739, -28.42448, -15.19916, -8.45955
-19.14066, -23.31105, -28.12759, -18.47932, -22.89915, -10.35493, -16.93672, -21.07343, -19.95243, -12.28338
-20.27006, -31.85618, -31.09555, -23.42663, -43.15220, -20.23361, -14.95281, -26.03611, -18.66677, -14.89281
-20.21317, -17.08616, -19.51237, -13.53526, -11.83673, -19.23510, -13.16087, -27.83480, -21.70754, -10.36052
-21.40132, -20.92673, -25.97852, -11.89819, -14.28624, -15.36329, -17.35206, -17.77863, -5.90681, -17.49048
-21.87615, -16.24603, -26.92151, -13.26626, -14.71614, -21.06843, -12.82268, -25.35954, -13.82834, -13.82262
-21.25705, -16.16876, -20.31943, -22.41141, -20.87417, -15.31212, -11.22498, -12.48595, -23.71259, -18.97732
-16.86324, -24.45134, -22.25600, -15.27328, -15.22607, -14.29241, -7.18430, -23.30440, -8.76195, -5.13327
-25.59417, -29.26792, -23.78487, -22.53206, -14.51710, -26.71484, -29.25201, -24.49752, -15.39554, -13.70096
-17.76761, -28.07378, -19.26914, -12.95436, -22.58009, -14.33492, -14.99396, -16.68313, -18.98905, -9.59486
-18.55389, -41.11007, -29.45115, -15.13969, -21.97768, -21.69745, -15.73671, -42.35259, -6.99027, -6.74720
-28.17961, -16.51651, -20.60923, -22.34983, -22.78646, -21.07766, -13.86237, -18.37511, -10.42814, -13.49425
-23.52905, -23.57395, -30.05777, -13.78881, -23.44712, -16.85368, -18.51317, -14.32305, -20.84427, -19.33351
-20.37891, -22.27781, -17.39864, -10.05737, -17.95170, -16.02029, -10.03239, -14.70818, -12.32947, -7.27062
-23.43774, -19.33541, -18.99910, -11.18198, -13.13690, -13.97564, -11.87478, -20.95679, -14.03068, -19.84700
-32.61441, -21.80535, -35.68224, -27.41568, -22.59231, -27.57668, -19.38688, -18.63985, -14.83972, -12.47528
-29.08367, -26.65910, -35.14071, -22.02523, -27.47248, -23.38408, -15.41759, -30.69939, -16.68411, -7.12189
-15.40427, -23.38972, -16.10257, -15.17585, -18.85188, -18.86022, -23.61148, -18.90332, -14.21358, -16.82470
-14.27109, -40.15603, -20.91202, -17.52494, -24.57779, -19.70355, -25.57412, -17.50180, -12.97103, -6.02830
-33.01203, -15.67646, -26.18276, -13.26256, -14.06930, -7.91052, -10.36839, -14.04888, -21.89299, -13.00906
-20.78025, -27.43488, -34.12602, -14.57061, -16.48010, -14.19202, -9.63122, -14.65280, -8.51446, -4.30161
-17.30783, -16.17552, -24.81398, -12.26093, -11.28902, -7.48187, -13.57403, -11.94602, -18.85509, -17.07166
-20.63930, -20.82941, -26.80655, -8.87942, -16.93991, -8.44193, -27.08876, -15.61661, -15.14714, -14.91418
-29.97177, -29.88385, -29.36863, -39.13064, -18.56883, -23.98869, -21.43110, -30.20933, -15.13546, -22.55299
-18.41050, -15.23667, -34.90435, -8.20947, -14.17505, -14.04754, -8.26389, -15.50421, -5.92369, -8.87830
-23.69760, -19.51570, -31.75245, -13.09501, -14.11045, -12.72040, -18.66491, -17.79356, -16.46405, -14.35718
-22.88695, -33.92395, -24.83190, -18.57380, -19.89130, -21.56985, -16.69789, -27.16277, -22.05362, -11.42261
-23.95353, -23.97050, -28.16741, -15.68189, -16.14860, -20.37902, -21.85874, -29.38685, -9.51307, -19.91217
-19.29238, -32.04942, -28.77964, -16.92749, -25.52246, -37.27507, -13.88873, -22.69455, -14.84359, -7.46396
-23.80316, -24.14142, -46.45745, -14.00300, -19.04328, -18.23839, -16.25896, -16.99355, -13.97600, -16.29337
-19.48042, -19.39820, -29.05956, -11.75820, -13.09116, -14.36118, -9.47559, -15.65670, -8.76652, -8.01198
-18.90656, -30.83918, -21.20866, -12.97637, -18.99571, -13.20278, -15.08939, -24.13206, -11.57168, -11.51708
-27.90719, -23.88197, -24.37319, -12.73142, -16.38422, -20.79145, -13.91632, -26.26880, -6.96670, -11.57495
-20.25474, -26.13876, -21.49377, -12.75143, -22.10448, -12.07185, -15.37901, -24.33239, -9.86750, -7.51536
-27.21893, -16.64303, -21.47224, -13.19632, -15.53191, -25.36603, -10.97795, -16.20042, -13.95560, -8.72243
-17.35469, -20.61203, -28.22266, -16.05180, -13.93064, -14.98086, -25.63754, -15.56179, -4.96018, -13.18377
-32.76029, -28.96507, -24.73434, -11.88868, -11.63320, -15.57855, -25.29411, -18.49557, -7.88798, -24.55437
-18.24370, -29.02620, -21.46150, -14.12671, -12.75546, -14.29818, -13.46688, -15.56263, -4.87609, -5.21798
-28.34228, -22.81913, -22.15018, -12.89352, -18.71112, -18.08170, -11.33499, -16.30818, -12.30683, -7.60372
-22.91810, -28.30029, -28.71415, -17.04357, -16.20990, -21.43286, -13.68010, -31.80789, -17.84023, -4.77210
-17.17374, -25.23297, -28.27443, -14.62358, -19.74816, -12.82145, -12.72608, -19.12175, -14.51648, -10.80231
-25.07651, -18.06399, -35.48701, -14.68244, -17.78083, -13.87283, -14.22627, -15.26578, -10.29489, -12.98432
-31.74904, -23.27113, -28.97761, -13.06598, -32.02798, -19.58242, -11.88804, -26.17191, -15.02857, -8.91619
-21.19780, -20.97946, -22.04126, -7.47644, -21.10852, -19.31676, -16.35004, -22.50144, -6.27509, -22.06146
-26.09969, -26.50556, -19.48450, -10.94196, -29.17446, -9.64323, -23.33688, -28.22414, -14.77289, -9.92985
-17.87659, -28.44832, -19.24894, -25.82306, -15.12219, -17.82507, -12.41003, -20.44201, -8.77991, -8.54798
-23.00993, -24.42258, -33.48835, -19.07414, -24.34512, -20.11275, -14.48878, -22.63809, -19.57026, -15.85590
-20.16371, -22.00980, -24.31812, -19.44898, -15.60559, -10.95909, -19.99481, -14.45697, -16.18619, -16.98664
-20.27833, -22.11613, -22.50589, -18.21647, -13.76790, -44.24034, -11.00114, -28.25686, -13.35561, -9.79123
-27.49092, -20.51127, -17.87061, -14.80327, -14.01117, -19.43904, -14.23942, -24.01145, -18.10176, -21.14321
-16.77457, -20.65486, -27.60697, -35.96207, -18.05456, -14.96187, -34.33442, -15.13680, -13.49171, -16.71131
-18.10528, -22.08743, -24.05709, -11.92097, -21.27651, -15.57100, -15.83646, -21.70773, -7.11510, -11.13467
-23.14321, -17.44595, -21.80253, -18.08820, -15.61123, -17.66593, -17.40726, -14.76848, -18.38323, -10.45798
-29.84343, -21.93628, -23.54239, -14.97106, -23.23947, -27.50410, -17.54357, -28.78418, -14.57624, -12.28305
-19.20407, -17.38513, -17.35647, -6.74124, -22.95629, -16.30307, -11.37252, -27.28277, -7.95137, -14.88123
-20.61943, -25.83121, -34.64675, -26.37849, -20.17745, -18.49716, -16.51361, -23.05698, -9.30885, -8.79680
-21.87891, -23.78104, -23.51349, -20.85831, -16.59549, -32.87595, -14.35491, -18.69604, -18.83996, -12.06551
-16.72283, -17.95569, -17.02700, -13.40480, -18.94069, -20.14445, -18.22238, -15.19884, -12.92391, -19.95822
-25.49958, -21.30915, -17.29944, -14.14287, -13.59614, -17.33217, -16.24261, -21.43964, -17.15633, -26.30491
-20.26670, -21.76425, -45.74688, -19.62207, -19.89009, -15.47752, -31.62526, -18.07214, -17.25271, -18.24763
-28.40290, -23.94516, -20.71458, -27.74719, -16.14695, -28.43478, -20.66010, -30.92884, -14.00554, -32.59055
-22.31758, -20.81346, -24.92562, -13.05839, -15.75563, -17.51476, -10.00014, -15.81436, -15.26254, -8.94113
-19.97210, -19.75894, -25.11417, -14.90674, -17.20162, -23.51096, -12.07860, -20.22213, -9.99236, -7.24764
-31.39396, -17.72966, -30.35061, -20.57034, -15.54307, -11.57324, -18.03183, -15.91879, -24.20175, -15.46521
-24.03486, -18.49950, -24.83829, -22.68793, -13.77947, -17.16063, -17.18023, -19.62600, -15.82379, -15.79312
-26.46075, -18.16488, -27.86603, -24.58410, -13.86595, -18.12822, -14.35957, -14.97583, -22.72436, -7.52953
-26.50873, -19.71521, -18.07485, -8.42013, -24.69882, -17.25776, -22.59999, -20.94148, -10.52234, -13.91137
-18.27415, -23.90345, -30.02879, -13.92255, -31.48949, -26.26498, -15.71807, -17.69454, -14.82626, -7.65577
-20.32328, -24.38894, -18.83761, -11.96107, -15.95681, -11.24054, -14.84871, -27.70426, -19.75731, -5.43420
-17.06711, -25.69962, -21.24390, -20.19165, -19.36659, -27.12252, -14.27544, -19.84847, -11.16187, -4.03649
-26.27726, -31.99629, -27.43141, -29.77789, -22.26222, -23.33519, -14.59119, -29.39971, -17.89659, -7.74072
-19.78992, -15.88652, -25.47267, -10.82727, -15.04860, -9.43849, -6.93198, -11.11981, -9.34683, -10.17400
-29.62508, -21.51516, -31.29975, -25.68542, -11.54095, -18.67763, -12.40550, -24.21981, -11.60921, -8.91741
-20.81866, -29.31586, -23.53428, -27.52910, -27.17833, -19.55755, -14.14954, -25.48154, -18.94170, -8.86127
-28.08243, -23.79320, -25.49049, -12.71105, -15.36449, -23.16770, -13.08360, -21.53732, -19.17291, -19.59136
-26.93175, -20.76016, -23.17245, -16.00710, -16.93975, -17.63207, -13.02287, -22.21746, -12.53518, -18.96080
-17.99669, -18.52968, -20.27979, -20.50648, -11.10781, -12.16909, -21.43674, -15.03697, -5.43297, -11.89807
-24.86446, -24.59805, -20.07208, -20.66109, -16.58189, -21.56570, -11.20606, -27.93896, -15.16222, -13.57983
-17.94495, -22.75073, -32.00345, -12.14225, -13.80178, -23.70444, -16.30878, -26.59277, -12.07314, -15.71059
-19.77176, -17.90278, -18.75240, -15.74723, -15.36980, -24.80949, -13.98318, -16.28424, -15.36328, -11.73684
-15.21732, -18.51283, -30.98842, -13.54608, -16.57032, -8.53920, -28.44437, -15.88661, -28.78228, -10.70583
-20.96901, -20.14845, -18.40593, -12.88980, -13.09428, -14.59297, -8.99902, -19.08601, -37.59526, -11.62146
-32.59058, -26.79800, -29.51938, -20.63987, -20.73527, -26.94819, -24.74157, -24.80505, -23.81082, -9.26746
-16.39103, -22.88402, -21.74405, -19.29295, -17.52864, -15.61105, -20.06539, -17.84578, -11.09779, -7.29368
-22.33029, -27.56767, -27.19870, -16.55667, -23.26933, -21.08998, -20.73734, -37.67355, -10.46303, -13.65837
-21.08883, -31.39287, -24.71587, -14.21293, -20.76674, -19.52419, -29.04071, -22.12346, -19.09566, -12.28413
-20.73017, -23.69967, -26.00681, -16.86961, -20.76392, -28.99735, -20.44240, -16.29047, -14.61047, -21.01498
-26.53854, -20.85558, -18.90261, -15.98369, -15.64469, -21.62936, -14.67699, -28.35045, -19.01525, -18.35998
-21.05879, -23.60676, -32.02920, -12.79715, -25.52689, -21.59887, -13.79311, -26.24349, -13.73315, -9.06284
-22.50535, -22.12826, -31.43259, -15.30852, -25.38567, -26.44120, -17.04533, -27.68375, -9.82754, -7.30417
-20.73127, -26.23342, -33.06703, -15.97575, -15.66776, -24.46663, -16.33620, -16.90205, -16.05239, -16.78490
-24.86892, -15.20020, -26.60953, -12.83828, -13.00179, -7.11828, -17.28388, -12.28010, -15.93420, -23.94562
-30.88527, -32.11514, -22.67123, -17.68337, -14.79819, -17.94395, -20.03778, -21.28156, -10.41257, -43.03061
-23.67144, -14.36459, -19.94791, -28.11252, -15.67231, -11.20198, -12.32979, -10.51355, -35.19950, -21.32473
-16.61671, -32.33089, -27.64173, -20.55382, -23.10007, -21.83548, -23.94973, -19.15326, -29.33346, -11.00271
-24.76642, -25.02567, -20.37828, -25.02314, -19.14036, -29.72893, -25.22330, -26.96928, -10.65304, -11.90889
-16.26469, -33.63944, -23.30589, -26.00172, -13.10560, -23.29283, -18.49178, -24.15712, -9.49327, -17.79563
-27.04026, -18.40929, -27.70866, -13.62622, -13.41891, -22.42155, -18.28084, -18.95155, -16.68119, -5.21085
-28.73764, -26.99300, -29.05324, -16.75975, -14.38080, -17.50237, -14.82138, -21.03612, -12.13852, -18.39683
-28.40994, -26.74470, -24.23040, -17.76702, -27.71115, -20.91631, -20.81034, -20.05011, -22.91943, -20.10405
-16.40336, -23.09164, -21.79831, -17.07586, -16.39491, -12.19496, -15.83034, -14.72122, -10.98933, -10.21784
-21.27244, -22.70847, -25.08539, -19.59789, -16.58147, -16.92095, -17.33311, -14.18583, -15.78627, -20.23705
-25.47717, -36.68931, -23.18114, -14.50966, -19.33976, -37.05332, -30.68898, -22.82596, -11.10509, -8.28608
-25.92286, -21.50306, -18.60848, -15.64445, -14.32626, -18.47341, -13.10407, -23.18447, -19.69708, -17.96508
-17.99910, -19.18019, -28.54967, -7.52168, -13.73471, -16.02658, -8.22483, -14.54981, -3.39768, -10.40248
-39.63073, -25.28724, -31.71819, -25.51925, -17.06790, -13.11081, -19.90829, -39.08194, -14.24792, -18.26335
-18.96889, -32.79736, -28.47007, -14.67541, -25.93763, -19.96036, -10.76669, -19.00876, -24.94196, -9.25478
-16.67604, -22.13594, -32.38609, -15.68381, -20.31089, -13.28892, -9.61798, -17.76229, -16.56529, -11.65312
-29.95885, -23.76464, -32.79551, -14.71144, -25.31020, -23.85066, -20.56503, -23.45135, -15.29213, -15.53137
-26.15668, -25.75369, -25.76187, -20.70588, -24.65115, -17.86691, -17.93386, -22.16641, -15.81546, -7.64621
-15.20568, -15.35645, -29.94277, -12.71205, -19.46387, -16.32693, -10.89382, -13.36725, -7.21382, -17.29354
-27.03929, -28.74447, -27.68937, -12.02599, -26.39064, -21.08753, -24.94551, -18.39045, -8.50423, -10.07442
-23.63463, -21.09059, -29.10433, -16.73899, -12.28152, -32.84175, -17.02238, -21.99979, -11.68232, -2.74280
-26.61344, -23.59343, -26.38266, -18.91056, -14.62886, -16.28015, -11.84873, -23.23987, -13.73601, -5.22247
-29.12121, -23.01233, -21.10828, -27.18065, -15.05230, -25.13962, -19.51797, -27.72399, -15.15210, -25.14401
-18.42795, -12.71801, -31.14039, -9.62073, -7.83347, -7.30709, -8.57268, -12.18359, -16.40793, -13.91070
-28.76341, -21.75698, -41.69275, -9.79550, -28.41482, -23.67663, -14.45079, -27.21415, -8.28677, -24.96025
-29.38998, -27.62955, -20.49910, -25.78219, -17.54873, -24.33348, -16.53535, -19.93871, -12.04064, -16.07346
-25.00389, -24.51410, -27.18052, -23.47757, -20.89109, -23.23865, -17.46805, -34.55027, -29.65903, -14.61043
-19.06008, -24.88942, -24.23943, -15.90331, -19.08700, -28.45586, -18.11818, -18.95600, -13.47132, -6.39907
-24.81768, -20.56114, -21.09025, -12.92615, -12.52718, -21.08692, -19.37068, -30.64332, -7.70703, -15.61396
-29.58946, -17.17302, -34.03850, -15.99951, -15.46591, -11.84150, -13.13561, -13.55429, -17.54202, -16.38137
-14.48678, -31.07552, -20.01200, -15.45836, -22.41266, -15.91319, -17.39082, -16.37451, -17.77019, -8.78844
-20.87704, -21.36988, -32.65139, -13.54928, -19.32353, -15.70234, -21.58132, -16.76859, -8.54222, -10.15430
-36.70451, -37.53305, -29.55226, -10.97194, -20.73485, -19.28370, -15.04293, -18.29587, -9.48512, -12.24856
-21.61287, -16.53805, -19.68828, -17.12857, -10.27806, -21.61159, -14.36092, -18.46572, -15.23843, -12.86548
-17.20014, -21.03988, -29.69086, -12.74941, -16.07729, -15.98610, -11.65624, -16.34676, -12.07620, -8.73486
-24.05719, -25.53392, -21.14511, -21.96917, -17.32456, -21.80460, -10.56454, -26.96838, -14.00431, -12.77302
-15.70865, -16.25081, -22.33434, -19.02344, -12.30911, -14.24167, -15.46799, -11.36255, -8.07609, -18.48318
-27.52455, -25.31147, -36.37760, -22.42275, -15.86418, -15.13947, -15.02677, -23.12184, -12.49730, -12.21365
-18.97795, -30.27498, -35.32011, -26.38283, -24.24745, -17.82851, -18.66560, -28.64598, -9.92021, -4.76749
-27.10307, -30.24293, -30.33235, -14.71999, -21.99884, -22.97819, -17.36138, -19.48243, -12.07246, -23.48687
-24.20481, -20.97750, -20.78711, -29.89851, -14.72735, -19.81328, -11.31168, -28.79989, -13.79179, -10.11198
-33.04097, -20.88517, -23.98590, -22.89906, -12.78382, -22.91192, -17.20626, -18.45599, -14.47670, -11.89006
-22.20448, -29.74920, -22.16291, -21.21779, -10.08584, -36.69928, -25.11016, -20.87092, -19.96978, -17.62285
-24.97719, -21.25993, -20.82122, -15.51559, -15.30478, -21.25779, -15.22369, -32.32687, -17.17687, -17.10058
-29.04492, -24.44481, -30.99659, -23.33031, -20.19675, -30.94596, -16.09695, -31.50707, -28.66255, -11.16659
-33.33040, -21.87033, -27.66818, -21.87882, -13.38527, -11.32697, -19.91382, -19.61336, -17.24790, -15.79232
-20.94632, -20.97233, -32.30184, -10.68678, -17.58164, -21.03483, -9.28688, -25.19302, -9.76968, -12.87441
-24.49186, -31.34538, -27.51040, -19.72631, -24.57632, -27.50217, -20.46340, -19.33461, -12.48793, -16.86642
-31.79356, -20.34800, -33.08672, -17.82008, -18.31471, -16.48204, -18.20890, -24.00195, -23.57989, -22.28064
-20.13275, -28.38309, -21.60609, -9.92819, -18.47195, -30.21165, -11.54924, -24.49447, -4.09641, -30.52646
-21.03340, -16.36617, -22.89617, -11.77085, -14.48045, -15.15038, -20.17556, -16.28415, -8.17464, -5.22007
-21.99266, -18.39637, -19.30180, -8.73347, -14.13756, -11.97616, -10.62185, -18.71502, -11.04090, -21.48391
-16.95283, -23.68107, -28.83486, -14.76789, -25.70498, -12.03330, -14.87046, -18.77768, -10.73202, -8.58233
-21.30870, -22.86945, -24.38424, -18.69119, -29.75913, -23.88735, -16.66610, -23.80081, -18.84472, -12.45301
-19.01571, -24.44091, -29.33439, -22.95713, -14.23865, -17.18222, -7.30998, -25.35037, -14.71093, -7.65290
-20.27823, -18.11546, -28.76961, -14.50482, -14.80125, -14.78403, -15.66486, -13.66279, -14.10404, -5.67240
-16.64706, -18.40377, -17.77369, -22.53731, -15.78724, -16.14146, -16.72899, -12.86759, -27.12666, -12.50985
-28.86168, -22.28364, -19.21485, -17.41937, -13.39761, -20.77401, -26.56014, -28.40380, -15.63667, -25.42306
-20.76769, -23.91420, -16.18297, -12.53479, -20.74301, -12.98508, -24.97580, -24.19329, -12.80159, -9.73449
-18.81102, -28.43616, -21.94489, -10.99853, -15.59496, -11.87734, -18.37935, -14.34006, -12.24872, -12.99203
-26.19101, -15.52378, -30.87886, -17.93357, -9.68653, -12.44651, -11.76530, -17.78375, -11.44742, -11.92389
-26.12484, -25.00743, -23.75621, -18.61380, -12.07621, -27.05147, -15.39722, -22.95234, -10.51679, -26.68159
-25.79865, -22.86415, -32.61269, -14.90247, -25.00216, -24.33233, -18.32365, -19.78086, -12.40037, -12.55648
-23.70443, -19.69198, -31.58251, -21.10495, -14.94848, -14.83035, -10.28022, -22.44699, -15.76395, -6.79584
-35.10014, -21.59702, -18.71163, -18.97486, -13.79460, -24.36973, -32.62170, -30.78113, -15.05005, -21.69385
-27.59384, -20.91562, -22.01577, -33.69904, -13.35383, -22.62281, -21.03573, -25.55740, -15.06732, -19.41944
-26.88222, -19.78372, -37.23942, -12.93722, -15.33092, -10.92082, -14.91962, -14.46040, -13.74029, -16.04567
-19.59718, -23.25320, -23.94970, -18.98534, -16.06754, -18.49450, -8.30935, -25.17182, -21.71131, -9.09661
-23.00635, -22.12140, -29.15628, -12.21900, -18.88444, -11.55932, -18.24973, -21.13832, -15.61348, -21.34244
-21.24400, -23.15646, -23.16700, -21.26673, -20.70583, -32.79286, -15.11326, -25.70107, -12.77753, -6.21067
-26.03496, -18.28064, -29.16096, -10.36890, -22.21785, -21.30261, -12.57212, -21.24636, -7.87178, -12.10868
-20.11602, -20.89770, -35.84476, -14.80133, -16.66830, -13.63414, -24.75305, -15.58285, -10.68781, -26.32440
-13.97346, -23.22127, -18.44268, -12.77841, -20.47271, -14.97014, -12.15557, -14.89142, -13.10050, -8.40570
-25.98481, -19.13082, -24.43907, -13.53730, -11.16106, -14.24595, -10.97318, -12.64095, -10.28297, -9.95881
-22.40908, -21.89381, -21.78540, -14.25901, -20.77993, -17.79781, -18.39386, -30.80756, -17.30215, -12.08245
-16.73615, -22.55709, -33.84584, -24.15791, -26.41380, -13.26473, -15.18962, -22.85674, -17.69690, -12.22857
-25.36995, -20.17495, -36.28770, -34.04614, -18.35089, -14.71507, -17.93508, -18.93580, -18.84478, -19.10193
-35.98446, -15.78020, -31.15743, -13.13796, -11.15925, -8.04685, -11.67723, -15.70505, -12.99608, -16.06638
-23.87820, -31.02036, -32.66465, -17.14327, -18.49479, -30.06160, -24.26965, -32.78272, -15.95343, -9.42160
-22.38105, -16.51230, -26.76582, -12.15654, -14.14297, -8.83119, -8.28852, -14.81116, -14.81989, -3.91561
-17.97461, -25.10969, -21.30513, -29.38836, -14.20915, -25.61694, -23.08640, -16.27499, -12.77615, -15.85431
-23.64165, -17.87593, -26.34268, -21.59816, -13.02013, -15.73112, -11.70700, -13.96052, -24.60754, -9.69594
-29.61688, -17.87169, -26.38389, -10.29482, -11.04393, -30.93484, -12.99616, -19.34481, -11.59681, -3.28079
-24.55762, -21.29689, -19.66186, -14.22750, -14.10091, -19.42468, -20.23873, -23.56104, -12.64010, -26.00926
-23.49918, -31.90973, -28.74537, -13.71127, -16.20092, -22.69426, -23.72869, -21.51094, -6.55359, -10.78530
-22.47737, -21.77671, -34.45347, -30.50062, -17.88322, -18.90641, -11.62851, -19.62958, -17.76312, -9.99042
-18.63164, -23.11022, -22.19073, -10.39617, -11.88918, -19.61454, -19.16098, -28.08956, -8.07011, -13.14975
-27.39419, -20.96097, -19.55350, -14.82003, -13.51937, -18.03455, -15.70522, -26.10481, -16.07820, -23.08000
-16.13078, -25.39406, -23.80527, -13.60047, -22.40358, -17.11032, -17.42478, -17.37985, -12.96510, -14.83293
-13.36318, -35.64240, -25.37833, -15.19777, -18.08756, -13.99757, -11.48771, -21.39596, -7.43005, -7.54209
-27.15524, -22.91113, -29.27074, -20.98432, -13.75475, -20.37412, -13.17905, -27.27341, -13.67211, -9.73727
-30.09360, -25.13613, -22.26834, -19.66463, -12.49264, -20.95928, -27.05138, -32.00617, -15.01817, -28.13685
-28.33789, -28.11589, -23.44114, -18.47301, -14.90146, -26.64052, -21.46374, -21.10755, -11.07853, -13.24780
-23.64700, -18.81199, -27.05561, -16.46809, -11.94018, -9.94483, -23.87999, -14.32649, -12.23573, -32.54013
-13.71728, -13.70333, -20.64796, -14.38959, -10.12135, -11.05148, -19.83239, -10.52434, -7.60980, -15.17578
-21.86238, -18.00035, -33.91249, -54.27738, -16.01640, -12.98095, -17.36925, -18.56017, -10.69024, -12.32228
-22.91748, -21.62081, -21.50355, -19.67422, -19.74495, -17.68996, -10.97888, -27.96829, -17.36844, -9.24275
-22.49100, -19.01635, -29.95215, -12.23929, -20.52714, -20.06703, -15.42462, -25.52134, -8.19090, -9.16334
-23.84216, -21.54559, -28.98382, -17.70352, -16.24384, -17.70534, -10.90702, -16.73056, -20.95072, -13.26055
-26.08721, -19.92985, -28.98149, -19.51900, -13.60466, -11.92096, -19.40461, -24.25892, -9.80397, -11.86768
-20.23272, -16.12217, -26.00399, -16.78155, -14.13558, -7.93181, -16.94495, -12.61996, -6.16564, -6.24725
-30.99058, -21.88875, -30.35958, -24.87390, -13.45781, -20.52767, -15.20680, -27.33037, -11.85434, -11.75947
-26.86193, -24.33223, -20.45029, -33.75770, -12.17841, -28.89611, -10.57667, -22.72986, -8.38642, -8.59923
-23.56014, -22.12184, -27.64167, -18.60710, -14.26518, -10.85719, -31.13592, -16.19223, -12.33712, -18.80706
-30.59234, -19.64027, -26.08266, -15.67516, -12.77453, -17.53291, -13.93003, -13.67550, -22.81775, -9.02340
-19.15326, -16.87970, -35.03003, -10.07823, -17.45841, -12.92034, -11.89243, -21.07561, -9.22651, -24.09584
-26.94191, -24.06735, -31.86700, -9.91467, -24.81306, -14.79763, -13.89208, -23.90341, -10.60783, -20.92664
-23.85392, -17.62524, -19.97580, -9.29695, -30.41724, -12.33030, -12.31922, -23.85188, -11.84511, -15.48737
-20.36251, -29.77079, -23.03717, -19.36735, -17.80843, -33.39742, -16.37417, -16.46599, -29.93068, -11.82921
-36.63022, -18.74744, -29.22527, -11.24923, -14.89847, -29.45908, -11.16658, -22.49431, -12.17398, -9.88092
-25.38035, -25.24092, -24.82140, -18.08098, -15.20612, -26.12116, -12.11634, -26.49300, -9.15391, -9.11005
-21.64598, -23.12080, -28.60777, -11.50413, -25.78403, -25.53093, -17.38816, -25.85834, -7.64353, -14.24972
-29.08523, -18.40413, -29.22748, -13.83910, -17.29763, -12.11538, -21.14188, -12.92093, -26.38786, -18.83564
-25.65842, -21.37223, -20.25436, -15.21266, -20.12945, -27.28018, -22.98428, -23.34544, -14.43272, -15.19881
-26.47341, -20.20573, -27.05001, -9.36353, -31.45724, -22.62693, -15.76838, -27.46886, -9.89653, -23.26146
-24.90626, -22.28408, -32.45977, -11.96168, -24.56927, -15.46367, -17.12897, -34.66652, -12.79067, -34.83245
-24.70146, -11.90446, -21.53358, -15.71589, -10.94468, -14.06278, -7.75092, -13.37474, -12.19135, -12.57495
-23.48821, -26.29788, -36.21938, -25.42510, -26.43125, -17.89639, -16.55067, -24.55473, -12.43865, -10.13446
-24.28995, -24.96628, -23.29707, -16.22405, -18.03983, -25.24169, -16.82123, -37.19245, -10.51903, -13.47455
-27.21117, -18.50829, -26.97252, -27.28589, -19.75860, -13.87710, -25.66855, -17.12207, -12.58641, -19.06555
-21.50307, -23.86930, -26.59836, -16.37524, -19.62011, -18.11582, -19.30657, -29.75437, -10.54183, -15.40960
-29.60674, -27.32170, -50.54091, -30.38324, -25.79963, -21.25173, -16.76995, -24.48490, -21.14705, -16.07429
-31.02235, -23.14748, -36.85046, -22.62379, -20.22412, -19.55195, -14.18509, -22.46692, -19.86234, -18.90404
-11.51552, -18.76193, -27.19379, -7.58794, -25.84118, -8.01651, -7.14331, -15.34054, -5.09853, -8.33238
-17.37699, -23.90999, -24.68153, -13.46243, -27.78515, -20.90460, -14.40737, -14.76112, -10.01852, -6.27744
-15.61893, -26.11236, -26.02279, -14.41178, -14.77774, -15.18059, -15.49473, -28.59331, -9.23133, -11.67144
-23.69362, -18.94390, -17.23212, -10.76390, -13.80022, -13.23020, -15.19417, -23.88066, -13.75353, -5.20673
-25.97556, -29.49575, -21.65573, -25.69371, -15.57154, -15.55273, -29.10714, -21.59383, -10.06200, -13.48365
-26.69459, -23.74475, -32.83327, -14.41964, -17.89884, -22.22014, -21.65223, -20.48948, -12.36879, -7.57433
-23.40936, -36.15537, -26.32399, -17.90976, -24.29527, -27.03913, -16.75954, -30.64339, -12.64787, -12.53336
-19.60818, -15.91222, -19.15093, -13.85523, -12.00123, -23.17882, -20.55677, -12.29040, -10.97487, -9.47983
-26.86307, -22.58223, -18.94433, -17.41983, -16.29279, -26.23353, -16.35991, -27.03204, -18.37798, -20.29221
-22.11545, -24.30191, -27.98465, -23.48768, -19.40197, -25.84476, -23.13084, -16.71759, -21.23270, -18.66635
-30.57187, -32.75267, -36.45284, -14.72535, -13.35857, -16.30834, -20.48107, -20.23658, -10.32195, -15.23843
-17.22271, -22.79410, -14.62719, -16.11157, -11.25430, -14.49032, -24.71916, -13.47064, -13.00543, -10.84388
-16.86040, -23.36077, -20.59575, -23.20190, -16.46279, -15.38400, -14.04603, -17.11295, -9.61396, -8.59568
-19.13236, -22.31343, -36.07048, -13.78572, -19.95341, -15.50881, -12.69880, -20.96288, -11.77010, -11.79081
-23.96171, -24.15874, -25.43401, -31.46982, -12.64057, -26.14245, -13.96759, -16.48578, -13.24548, -13.12735
-22.19539, -25.41720, -22.54179, -17.62667, -20.64572, -15.25708, -24.27235, -25.50362, -19.85982, -15.52388
-23.84464, -25.40338, -31.68516, -14.64919, -22.04143, -21.80336, -19.15763, -21.47586, -11.65841, -28.05344
-17.36582, -25.40911, -30.91300, -19.95991, -28.96403, -21.15910, -14.41574, -21.69458, -20.35907, -9.65276
-16.07251, -15.02395, -27.09362, -13.50207, -16.53971, -13.31166, -22.03508, -11.92138, -7.42554, -37.64396
-24.73704, -18.64287, -27.17473, -16.25493, -16.67945, -14.52602, -13.04639, -20.47374, -9.13639, -14.25429
-23.02035, -23.52232, -20.38316, -18.14387, -18.93377, -29.22291, -16.60851, -29.55957, -25.17190, -10.82785
-20.19855, -29.83563, -23.99104, -17.36688, -11.29608, -21.25341, -16.85489, -32.90662, -14.26036, -14.68531
-15.94601, -32.56825, -24.71037, -13.03644, -32.12059, -15.51971, -14.35455, -33.28978, -11.04708, -14.40359
-27.67639, -37.65889, -25.33486, -18.17407, -20.22280, -20.92064, -18.19894, -24.98117, -13.62554, -15.17874
-19.74658, -38.44543, -25.28401, -18.93591, -24.07448, -19.10764, -21.67523, -24.17413, -34.91439, -13.94192
-20.55882, -31.36861, -34.73300, -16.26153, -13.95229, -42.60321, -19.33469, -17.93720, -10.40970, -21.64670
-27.98595, -20.96024, -19.17197, -15.04759, -14.18176, -20.26467, -16.78753, -27.62747, -15.66086, -24.52749
-27.43768, -29.44485, -31.47144, -25.73393, -15.34796, -24.55342, -14.59977, -43.09845, -15.18256, -21.74553
-14.08515, -22.69021, -28.12890, -15.53956, -22.98225, -10.15870, -14.71592, -14.91877, -17.73482, -7.83254
-25.22613, -32.60195, -43.73652, -13.90370, -11.32593, -23.27464, -16.13516, -18.92250, -5.90595, -10.36451
-18.68355, -21.06124, -24.30160, -16.12824, -16.36691, -13.82908, -10.77622, -20.94016, -15.46446, -7.26855
-18.60733, -18.61185, -20.86226, -14.93910, -20.09767, -20.46725, -17.22885, -13.83508, -11.79581, -15.95027
-26.65742, -16.46143, -21.52188, -6.69113, -23.66985, -28.76355, -9.75026, -25.84911, -6.31147, -17.75340
-20.31283, -27.80485, -23.81071, -20.00666, -18.24031, -21.45022, -20.53675, -18.73156, -19.98379, -8.85502
-19.09698, -20.47943, -18.56472, -15.44885, -16.27017, -23.78970, -22.55339, -22.35637, -15.01378, -11.98008
-30.72147, -22.70497, -20.30292, -37.90904, -14.58826, -32.06953, -26.38244, -30.65980, -14.97174, -23.99045
-22.34175, -17.08523, -21.31659, -10.75132, -22.45134, -25.86668, -10.63992, -19.66571, -11.34971, -8.77254
-30.17251, -19.17644, -29.97402, -14.18679, -22.11887, -14.51522, -10.59551, -19.36097, -13.11107, -13.45414
-14.15442, -11.39394, -29.88603, -23.10908, -9.92838, -6.55100, -11.70146, -8.26983, -6.47240, -15.30554
-23.37961, -25.15264, -28.23604, -12.13395, -15.52030, -24.20166, -13.62400, -21.95978, -11.98186, -5.08823
-20.44548, -21.69690, -24.22955, -15.00359, -20.54452, -22.86902, -10.92815, -20.11722, -23.32947, -12.14564
-30.76052, -15.34729, -18.20305, -11.53409, -12.95831, -22.52290, -11.96708, -16.23326, -9.56134, -5.68878
-26.47549, -30.51602, -25.57117, -16.75592, -15.46653, -31.52811, -19.86010, -21.73551, -15.71341, -7.76088
-32.58844, -21.55111, -21.93147, -26.16765, -13.05839, -21.70757, -16.76742, -21.35479, -18.46158, -15.14839
-23.76508, -28.89451, -25.56009, -14.03143, -22.57321, -17.60843, -18.14990, -33.03023, -18.58485, -23.71425
-24.25779, -16.67660, -15.10218, -13.95930, -12.41989, -19.13537, -12.94750, -17.85869, -12.89227, -7.89248
-26.23149, -19.32862, -26.33176, -23.25203, -12.72486, -13.88588, -19.94668, -15.20101, -16.46333, -14.52681
-16.79523, -25.29905, -37.94055, -15.35329, -16.50832, -31.72020, -15.79842, -22.60734, -5.20606, -4.71330
-23.84534, -21.04144, -29.17200, -14.13747, -13.32201, -12.92833, -13.19391, -23.23242, -5.46804, -6.88154
-20.08052, -19.78395, -33.54194, -13.62447, -14.30929, -12.98455, -12.17410, -16.09380, -8.63508, -10.91985
-13.09940, -14.01000, -35.28569, -20.26268, -13.35014, -8.78925, -15.82167, -10.05284, -8.16348, -17.43740
-20.00385, -29.11345, -30.34373, -19.30119, -16.20205, -19.68907, -27.52896, -25.00529, -12.76407, -13.48876
-27.95660, -17.76315, -31.91776, -8.28566, -25.92786, -27.08816, -8.07585, -31.25869, -10.20832, -8.31013
-29.22608, -26.80966, -30.47998, -22.71084, -19.57927, -36.54909, -20.94918, -27.85107, -30.85832, -13.91108
-19.23845, -16.48311, -22.59821, -13.05963, -21.92006, -11.88184, -22.90451, -13.78500, -12.34569, -16.09486
-20.49984, -16.29133, -25.25185, -8.44153, -11.20901, -8.35620, -11.39298, -12.40795, -14.47926, -19.26229
-18.65049, -27.05947, -20.45324, -13.19117, -17.61453, -16.44190, -9.03656, -15.64443, -10.62584, -4.90316
-19.65353, -31.57667, -23.79369, -16.60408, -26.43556, -19.06403, -18.57244, -24.09719, -11.24755, -6.69915
-26.39110, -25.84049, -35.46349, -12.44468, -24.19668, -24.88769, -30.96621, -19.99446, -9.30099, -11.06197
-23.39091, -32.78084, -24.26245, -20.59622, -22.82442, -32.32124, -13.21958, -30.28086, -24.58326, -10.46114
-12.72548, -24.32911, -12.53957, -19.40030, -15.20838, -16.35350, -24.17307, -16.15140, -7.70908, -12.14185
-19.77899, -26.13362, -28.81940, -24.14456, -14.16734, -18.50885, -7.77274, -23.67707, -14.64659, -8.11838
-20.79814, -25.76406, -32.49110, -16.01164, -14.42773, -43.61089, -21.61603, -35.50033, -12.92174, -7.58246
-22.42428, -12.29450, -22.53687, -14.49121, -12.66604, -9.43827, -12.85307, -9.92368, -11.59050, -11.12490
-20.97248, -20.01649, -41.80132, -10.80770, -30.93664, -15.81373, -9.45636, -17.29299, -13.89775, -3.26639
-13.33063, -12.05544, -15.33105, -10.45670, -8.25688, -11.67229, -12.05311, -10.83652, -8.78950, -12.63900
-36.20604, -30.32261, -29.90843, -14.69097, -19.17904, -23.72616, -17.53375, -23.89403, -10.11373, -15.69545
-28.49078, -22.46457, -20.74159, -18.79203, -18.29133, -28.24507, -16.24205, -28.37327, -23.20886, -19.83595
-27.17194, -24.40420, -25.09373, -26.80523, -12.12064, -19.96323, -13.13313, -32.44065, -11.86454, -7.36443
-17.04896, -29.72947, -20.04729, -18.59265, -18.90514, -18.46574, -33.09941, -23.47443, -14.35120, -15.35892
-14.09396, -27.09248, -17.41104, -20.77288, -30.59416, -16.31669, -14.78820, -17.76613, -16.41794, -7.06605
-32.38224, -17.97476, -34.55624, -14.17164, -17.53337, -13.24926, -9.23647, -18.45793, -16.69658, -9.28919
-20.08739, -36.90991, -25.69030, -17.35422, -30.18834, -12.56942, -16.07442, -29.48510, -21.57585, -10.75251
-17.30497, -21.51435, -20.39261, -12.76674, -15.24640, -13.50760, -13.60145, -37.04064, -15.46698, -8.28922
-18.66448, -43.84101, -28.79764, -12.69650, -24.17070, -30.29524, -21.31432, -21.08057, -8.23082, -9.67919
-27.13729, -17.27392, -30.49009, -18.14542, -15.43493, -12.76199, -18.80687, -16.13367, -24.61608, -18.21752
-20.07394, -18.28825, -18.29744, -9.84642, -13.10269, -12.51766, -9.31624, -18.09177, -14.20194, -15.21957
-21.02003, -20.43541, -29.95629, -28.22067, -26.44835, -21.83823, -13.63719, -16.88760, -8.83821, -4.70491
-16.37396, -24.63915, -17.41197, -31.02535, -15.43163, -19.85292, -15.06056, -15.25605, -19.29296, -10.83188
-22.90211, -19.01719, -29.72127, -14.46836, -19.24370, -16.33327, -11.28920, -33.65655, -16.67347, -11.31256
-26.17325, -17.08685, -18.79373, -9.78361, -12.92213, -14.41161, -10.30081, -16.15153, -12.32826, -13.99951
-28.61888, -29.82596, -28.14474, -21.68402, -15.34365, -16.25609, -18.92863, -30.27475, -11.69085, -7.40713
-25.56750, -24.47638, -27.94201, -19.14618, -15.19901, -14.82073, -11.57792, -21.43023, -19.29169, -7.07619
-14.41520, -12.03805, -23.45058, -4.87360, -9.20797, -4.94411, -4.78582, -9.73682, -20.15035, -7.10069
-35.02796, -19.88204, -22.98047, -24.45011, -12.15166, -17.90546, -14.56765, -23.91775, -11.26383, -11.76896
-19.81061, -24.49476, -29.84948, -17.34882, -15.01204, -22.60816, -20.24673, -19.57853, -9.14610, -27.13502
-33.43566, -19.55695, -20.99212, -30.48594, -14.08026, -21.49533, -20.43065, -23.62320, -14.87078, -16.28425
-38.01845, -17.97205, -28.39407, -18.04109, -13.97481, -13.62820, -10.05249, -18.96014, -16.61247, -9.35161
-24.51686, -22.47779, -22.21963, -14.40792, -31.37046, -13.29431, -16.94028, -21.27773, -14.13535, -19.43232
-26.50725, -29.86596, -26.13150, -19.89898, -20.48290, -22.49972, -19.91465, -21.94113, -12.40481, -8.77352
-22.12157, -19.17007, -22.11252, -16.70492, -11.58038, -17.73835, -11.15978, -13.35321, -13.52621, -7.36613
-25.27852, -15.41090, -22.86177, -11.23199, -16.94774, -18.96103, -13.26468, -14.45972, -9.07107, -11.25728
-36.04325, -21.71396, -24.33381, -32.38619, -20.27621, -37.76012, -20.30941, -20.07431, -17.43683, -10.08749
-19.17020, -21.56143, -33.35591, -15.50826, -24.72978, -14.48054, -23.98649, -15.07521, -12.99511, -15.70076
-20.54091, -25.22039, -29.72936, -18.80258, -14.78133, -28.38171, -35.66809, -25.74269, -16.70874, -14.46495
-26.74450, -21.27604, -26.77957, -14.25379, -18.76666, -17.95787, -14.68372, -22.95107, -14.26599, -15.71487
-20.76859, -30.88802, -24.42389, -15.88276, -25.70671, -27.27497, -21.77502, -25.11212, -15.22622, -6.48501
-24.31907, -15.25717, -30.25190, -14.30190, -12.54086, -12.36824, -18.69999, -13.63891, -8.64435, -12.68079
-21.84974, -26.46088, -17.07671, -18.60649, -14.15217, -45.01420, -26.04773, -23.60221, -7.84303, -32.64776
-18.42190, -24.93758, -18.87031, -11.64502, -15.57911, -16.30938, -9.97821, -14.12843, -11.96690, -9.87330
-22.48885, -20.58223, -17.02806, -11.76598, -12.92069, -15.92001, -17.08224, -20.90234, -13.32259, -16.68470
-31.92756, -21.26381, -20.63470, -23.85378, -15.59532, -20.31775, -16.66339, -26.10886, -14.52065, -19.02050
-43.85673, -27.24878, -21.75592, -12.53304, -15.42838, -22.52791, -14.04733, -23.81859, -10.27206, -9.31896
-18.38680, -18.20485, -15.53221, -7.39736, -26.48091, -14.60149, -14.87935, -26.18847, -10.60042, -12.36164
-35.33492, -30.96634, -29.81987, -18.99280, -21.64377, -27.94073, -17.79565, -29.95891, -12.68733, -26.68685
-20.64763, -22.21128, -28.88245, -15.26247, -11.18667, -13.63474, -14.70307, -18.13604, -10.96190, -8.02492
-19.94676, -19.37053, -24.62941, -10.18518, -16.49136, -14.81996, -13.79693, -21.42174, -12.38918, -19.17352
-19.78463, -22.38520, -31.26122, -13.35464, -16.07069, -14.09345, -13.39978, -19.61186, -7.81539, -10.90910
-18.27242, -24.12508, -28.15471, -17.21777, -17.58943, -11.92359, -30.26909, -15.73945, -8.43554, -9.97516
-20.85315, -16.13352, -34.11979, -13.67441, -12.25897, -10.44470, -17.20815, -13.69780, -10.62357, -11.17383
-30.57582, -19.22622, -21.68034, -21.21292, -13.88003, -17.83980, -12.76336, -18.50370, -29.68166, -17.27037
-25.86570, -20.75014, -39.30275, -13.13545, -15.89896, -29.47712, -23.27626, -14.71385, -12.73992, -5.97767
-23.00349, -26.47427, -17.04900, -11.46974, -17.07810, -14.42658, -20.98196, -22.45964, -12.65822, -9.88329
-22.89955, -24.29288, -20.51320, -13.78430, -15.13062, -19.98694, -9.84396, -15.84807, -19.86264, -9.45933
-25.42366, -20.04699, -22.00123, -16.92776, -19.45280, -17.15247, -14.41424, -20.65408, -12.23807, -26.68231
-19.70427, -29.47772, -20.74160, -17.76365, -25.66070, -20.06264, -14.92741, -20.42612, -16.43467, -10.01690
-28.68807, -20.11760, -32.04136, -14.79312, -27.78270, -44.69074, -13.54651, -20.87993, -10.95130, -12.89584
-27.89652, -19.40007, -25.11243, -16.32509, -17.05619, -17.89297, -13.88688, -21.55136, -12.02677, -14.72517
-30.21892, -19.10509, -36.59304, -19.09276, -13.02480, -13.50490, -15.47821, -24.12196, -12.69111, -13.22753
-26.32016, -16.63792, -30.00112, -16.67233, -12.88957, -13.13741, -14.40591, -12.73545, -20.12917, -10.07855
-22.31880, -32.28966, -29.59649, -16.71582, -24.21899, -30.08046, -21.43544, -26.92757, -10.67878, -5.66619
-30.95554, -17.48649, -29.39596, -14.16965, -13.85297, -8.81655, -10.06693, -18.23607, -14.94865, -8.26254
-23.39088, -21.42880, -28.51915, -13.79398, -14.81202, -34.25091, -14.93537, -22.00586, -14.42583, -3.49542
-37.72718, -20.88003, -28.34977, -16.87816, -21.27141, -32.96266, -14.37590, -31.96443, -14.48106, -8.72061
-19.12778, -21.74632, -22.99720, -16.96181, -23.40117, -19.61082, -16.88709, -14.23441, -12.33221, -10.16521
-23.61646, -21.16235, -26.44693, -13.49456, -37.07992, -20.20113, -16.61397, -25.51415, -6.96603, -12.41356
-18.66788, -21.56886, -26.32409, -34.37996, -17.81016, -15.15203, -17.20024, -15.46867, -12.72476, -14.01200
-16.95670, -19.82408, -25.02393, -16.19903, -17.21661, -16.53024, -28.22842, -15.81025, -23.57785, -8.82440
-24.54023, -20.07185, -19.58495, -18.49108, -27.71749, -29.83396, -14.51534, -24.17683, -14.78261, -29.35027
-30.89859, -19.62322, -21.20783, -14.06362, -20.81422, -12.30803, -21.75263, -24.15352, -12.08905, -24.87363
-24.60378, -21.30041, -17.12511, -14.33395, -13.19656, -16.08157, -12.39845, -19.29084, -21.77964, -17.30378
-29.71363, -15.85588, -20.98303, -9.77217, -15.13892, -18.50442, -10.51473, -20.18992, -9.73096, -10.50134
-22.28202, -26.94697, -25.90655, -15.89792, -14.37749, -22.13517, -13.06904, -33.36846, -18.27256, -13.41194
-34.68419, -23.04313, -25.38009, -12.10615, -14.06012, -20.78890, -13.58913, -19.92192, -8.81972, -11.60822
-19.44489, -23.75740, -23.49814, -17.12072, -14.76829, -17.64423, -7.70039, -25.60563, -21.21020, -8.41180
-29.67591, -17.06303, -33.32712, -14.85969, -12.49810, -7.34033, -10.92118, -17.13885, -16.05110, -8.37383
-40.85405, -17.28487, -23.52361, -11.67126, -13.81480, -11.25004, -16.90691, -16.92826, -10.45761, -15.30539
-28.88717, -24.40868, -28.41595, -12.87931, -27.38379, -29.03455, -27.65505, -21.52456, -8.17010, -11.24329
-26.94608, -19.75269, -47.67582, -13.43475, -19.63233, -16.23449, -11.14915, -23.38710, -22.20897, -4.92494
-19.95834, -31.03513, -32.64400, -13.42236, -34.04047, -26.14608, -16.45538, -24.15307, -10.31567, -13.82883
-27.87302, -18.92040, -36.54179, -17.86335, -13.85386, -15.34919, -9.23616, -22.30497, -13.68264, -5.60090
-18.84085, -22.82912, -34.26712, -11.62999, -15.49629, -15.77905, -12.20695, -15.91939, -9.95472, -12.20854
-31.21183, -19.65522, -16.04641, -13.12863, -14.15810, -13.36824, -12.03874, -22.55812, -13.31020, -4.62895
-17.25074, -20.02834, -33.36969, -27.28879, -21.07378, -17.65071, -15.68652, -16.14319, -15.62506, -15.65101
-26.43816, -18.49660, -16.91383, -8.96701, -18.37266, -9.97119, -16.02813, -32.64749, -9.48374, -6.93911
-26.78922, -24.67360, -18.21965, -7.90222, -26.18250, -8.05672, -18.14073, -29.54023, -9.04093, -5.17094
-18.65422, -16.26202, -41.77204, -17.25090, -17.05584, -11.97698, -15.36517, -12.36332, -22.71233, -7.37322
-24.24004, -25.01295, -35.70298, -20.58095, -20.32003, -20.54658, -17.75565, -22.05884, -10.26602, -18.74475
-24.55980, -18.21849, -26.19155, -21.91486, -17.46762, -14.10813, -8.53044, -13.71370, -26.92376, -9.64281
-18.76974, -29.42730, -35.94721, -24.15384, -24.95290, -14.58706, -12.94921, -17.41682, -19.34424, -7.48775
-20.00801, -40.99807, -26.48225, -9.89703, -28.45485, -13.35271, -23.35492, -34.39466, -10.18807, -24.99412
-17.44496, -18.25143, -16.96316, -8.65185, -17.10250, -17.96917, -14.60029, -17.76106, -9.01430, -9.65968
-31.10879, -19.34658, -23.96099, -27.18503, -22.50194, -19.69430, -22.52463, -23.32703, -20.91034, -12.54118
-42.69853, -32.21555, -25.21137, -13.96837, -15.59967, -28.66130, -25.60276, -20.38655, -10.91580, -18.29686
-24.27252, -16.76773, -24.77332, -14.36810, -13.14910, -13.50066, -7.54965, -15.64286, -19.19200, -7.22113
-16.60607, -19.03179, -17.95129, -9.98988, -14.67009, -13.58740, -9.46760, -21.12261, -19.40546, -11.37421
-21.30700, -18.44566, -23.51605, -18.49205, -19.14413, -12.10698, -15.14577, -21.44168, -24.06853, -7.47908
-24.68435, -25.13602, -27.20530, -22.34093, -23.83459, -33.70207, -19.12553, -23.07970, -16.37434, -22.64120
-22.56032, -36.92928, -23.54928, -13.11137, -22.36946, -16.88333, -13.17017, -17.85372, -8.55255, -6.11316
-20.62642, -23.65728, -27.62280, -9.85394, -20.74671, -18.63860, -20.93154, -20.88293, -7.83090, -21.35170
-18.58398, -21.12835, -18.58911, -9.00791, -19.06463, -13.50624, -9.74114, -16.50413, -12.43696, -8.55330
-14.98923, -24.24194, -21.88202, -11.86107, -14.09619, -17.50894, -19.57820, -26.33392, -5.90352, -2.79169
-22.89506, -28.63236, -25.10917, -10.70598, -24.42899, -11.62203, -18.63195, -26.28088, -12.58373, -19.69986
-16.67188, -18.68821, -26.78106, -15.69144, -22.34677, -10.98865, -11.53228, -18.81378, -10.02971, -9.37914
-22.68825, -16.10814, -19.64301, -8.43881, -18.13149, -16.32752, -8.83113, -22.98600, -6.84949, -15.93239
-28.32921, -19.91609, -24.40336, -13.28624, -11.02928, -11.31310, -14.57219, -17.38674, -9.98579, -11.46341
-28.85155, -22.26165, -20.55132, -14.37720, -12.36880, -21.57153, -21.88703, -33.82686, -10.20890, -18.54264
-19.87301, -19.91379, -30.66632, -19.84768, -18.35361, -15.64728, -9.74285, -22.01863, -21.81693, -7.37602
-25.58380, -17.32049, -24.00895, -8.15389, -19.06036, -34.34553, -11.98873, -25.22970, -7.30123, -15.43802
-16.00982, -23.56855, -24.00382, -14.95211, -16.62380, -15.90929, -12.22314, -19.86614, -11.54810, -7.55817
-25.35950, -21.77921, -20.83800, -21.63297, -17.22328, -26.86925, -18.28336, -30.52126, -17.65214, -15.97959
-20.29690, -30.07742, -24.97054, -13.96651, -22.18797, -17.04526, -20.05712, -21.65210, -7.70415, -12.64577
-20.02414, -22.98565, -27.01898, -10.79283, -25.81808, -20.39863, -13.34723, -36.22024, -13.74406, -16.10604
-18.54645, -19.75779, -19.93022, -15.27189, -17.39455, -24.71166, -15.97751, -16.91314, -14.39066, -20.87593
-13.57239, -17.92841, -26.32710, -10.93661, -19.61143, -11.56595, -9.58702, -11.54406, -12.19802, -12.27833
-27.23022, -30.25717, -32.15205, -35.64107, -13.65947, -23.55563, -24.74341, -24.33307, -10.24372, -12.08914
-19.88447, -18.01444, -31.28534, -7.51710, -16.26093, -21.63300, -8.62674, -21.74579, -11.57944, -2.32122
-24.83127, -16.19354, -21.28926, -19.09663, -9.82409, -13.31728, -10.03078, -12.21280, -12.41501, -9.06441
-23.79825, -30.61111, -26.11476, -15.76339, -15.45232, -23.85554, -20.00814, -20.32666, -12.60439, -18.12206
-23.69726, -23.79611, -20.81384, -8.94401, -26.48581, -16.89639, -10.85977, -18.06931, -10.01840, -8.29033
-22.49938, -28.46196, -29.61082, -12.55536, -12.68115, -16.18135, -18.23823, -31.19076, -7.26984, -14.44405
-26.58316, -22.66600, -19.54890, -24.30055, -17.31070, -27.55310, -15.84193, -31.74655, -16.68903, -17.64581
-21.59732, -17.69526, -18.43195, -10.45699, -13.91186, -11.53422, -23.29200, -20.15855, -15.43869, -17.32230
-26.20914, -18.07770, -24.56421, -13.79715, -22.50416, -30.62210, -11.60702, -20.38513, -16.71830, -5.46823
-15.81436, -17.58207, -35.51535, -13.13846, -17.06966, -14.19774, -28.45526, -12.87626, -6.22977, -16.79207
-27.41034, -29.12410, -23.01942, -15.55261, -24.98160, -30.23488, -25.96504, -22.17726, -10.82612, -14.92510
-18.44526, -15.34850, -26.30127, -9.30586, -10.80893, -9.04263, -7.49383, -15.53473, -15.81410, -4.41359
-18.49636, -24.13281, -18.88466, -13.21784, -18.51497, -19.62114, -14.42551, -38.09910, -15.47791, -14.76315
-21.39291, -36.08259, -26.90359, -12.66982, -26.28600, -20.05315, -15.41923, -27.76154, -14.04530, -20.24249
-27.43301, -20.93410, -23.09527, -19.11424, -11.55355, -21.21005, -20.83518, -27.00881, -16.15953, -15.89878
-21.82236, -24.47960, -30.18601, -10.97033, -13.80487, -15.39480, -15.58697, -26.69234, -7.54490, -26.91350
-26.91008, -19.05371, -22.74029, -15.58897, -16.13468, -23.22382, -12.83824, -19.09451, -19.55884, -9.30189
-15.91599, -20.25250, -28.73007, -14.64010, -15.70089, -12.75250, -26.73451, -14.27114, -6.88942, -14.30402
-23.04199, -37.19515, -29.26098, -12.80402, -23.20689, -20.29832, -14.67827, -22.72675, -11.40733, -21.10140
-21.51250, -19.31126, -27.37442, -16.83041, -14.73969, -20.20889, -22.66043, -17.42726, -18.22438, -5.64569
-18.79837, -19.25907, -27.05420, -10.98890, -47.69626, -12.22234, -10.61391, -13.84123, -11.63081, -11.85798
-17.28546, -21.49757, -27.27798, -17.20616, -14.66346, -12.85954, -13.40035, -17.97891, -6.56301, -9.82013
-13.87964, -17.12829, -12.67267, -16.15666, -19.14159, -11.68287, -11.76986, -37.91868, -8.07344, -10.18415
-17.71643, -37.33982, -31.65179, -15.32963, -25.28208, -41.20291, -17.67832, -20.33859, -8.57745, -6.19427
-13.87595, -23.27515, -23.25576, -14.89964, -18.80895, -8.90287, -11.74662, -15.32176, -23.90700, -8.23958
-16.63720, -32.83271, -16.94027, -17.88047, -17.93135, -16.31003, -14.08074, -18.62762, -30.15491, -10.29155
-32.78365, -23.78172, -31.68327, -17.66668, -20.49639, -33.53317, -30.49539, -23.16600, -20.58688, -11.17605
-32.30842, -21.90757, -21.56126, -12.61414, -21.00668, -25.08583, -12.83468, -20.45238, -12.52746, -18.95001
-21.31284, -32.44085, -33.80371, -19.05985, -14.68439, -18.54197, -24.64124, -20.97421, -12.70381, -9.23072
-21.18246, -43.77038, -32.55632, -20.80582, -18.71591, -33.46230, -21.20147, -17.78137, -39.93688, -13.57085
-23.60515, -27.07971, -23.02506, -15.03358, -20.47925, -20.80252, -18.78650, -28.62306, -12.40173, -12.84986
-25.42383, -20.31301, -29.03831, -14.61226, -15.19021, -14.25736, -11.91329, -13.43385, -29.47378, -10.81655
-13.19839, -18.47085, -14.07583, -22.08470, -11.06959, -13.55776, -19.74746, -12.33767, -10.56524, -17.68254
-25.58328, -24.54090, -17.55674, -19.82519, -15.31641, -28.92491, -13.13567, -32.19604, -14.94806, -14.53501
-23.84806, -26.31267, -26.70290, -13.38718, -21.32329, -18.67461, -24.06326, -19.91857, -13.12790, -12.02458
-23.57970, -23.53282, -29.32276, -32.42098, -12.66503, -16.06782, -14.35144, -22.74880, -18.87837, -9.91506
-22.14263, -15.09203, -31.16584, -14.24645, -11.46906, -9.14337, -18.55004, -12.01484, -7.48475, -19.76102
-24.91551, -24.46205, -20.10110, -12.13013, -30.28872, -20.88249, -18.39927, -20.68462, -15.63187, -11.52782
-12.63409, -39.03453, -22.69894, -14.16730, -20.64750, -14.14468, -15.39627, -17.49821, -13.48553, -8.82807
-29.42562, -19.23974, -26.64842, -10.50064, -18.13573, -25.05523, -16.95456, -21.36080, -12.26218, -8.71716
-37.76564, -17.33845, -24.82309, -13.55001, -17.17118, -17.36365, -18.81308, -19.74096, -12.48124, -12.12679
-27.66179, -16.57559, -27.37537, -14.42745, -14.85246, -11.08334, -13.23720, -18.24382, -13.33167, -16.41321
-20.58456, -21.80278, -43.38874, -14.36589, -19.67331, -24.90834, -17.02249, -19.88025, -17.65682, -9.33719
-20.25551, -25.41155, -31.86536, -18.89885, -16.59373, -17.89501, -20.78586, -18.26147, -17.45593, -21.90329
-19.95581, -19.61310, -30.20868, -11.54490, -18.11904, -27.27798, -11.98481, -22.41684, -9.23803, -12.24165
-35.40056, -25.25806, -28.88701, -12.90212, -15.78248, -23.73012, -15.69468, -24.01862, -11.02197, -23.21181
-22.92244, -43.11826, -26.21369, -12.02987, -20.57153, -16.87366, -9.63871, -17.53004, -23.35335, -14.55068
-24.53050, -20.81586, -29.32009, -17.98902, -23.66599, -20.68670, -17.60465, -21.92184, -9.22877, -9.28740
-23.38183, -31.59269, -29.26182, -18.78370, -16.36606, -23.11869, -17.50219, -24.92457, -12.29526, -8.98112
-21.06146, -28.51316, -25.13173, -14.13457, -11.50548, -24.73162, -22.10814, -27.45209, -17.62446, -16.57192
-20.18239, -30.21107, -31.42684, -19.18072, -19.23619, -32.92463, -21.60616, -19.45468, -10.91498, -12.61855
-27.87641, -26.09092, -33.56060, -14.66131, -19.07239, -20.09406, -12.35805, -21.30918, -14.45610, -15.70288
-22.78181, -33.80814, -19.40723, -13.64068, -18.68857, -28.65586, -12.92137, -16.67589, -19.40996, -10.37046
-16.80671, -26.99341, -23.52598, -19.74003, -19.16098, -20.63308, -19.50885, -22.59052, -33.30660, -10.48082
-29.35909, -18.65637, -23.08377, -11.48439, -21.50544, -23.94582, -16.74502, -23.48610, -15.90384, -9.35981
-18.39678, -24.80812, -31.22327, -17.90356, -20.29636, -17.15126, -16.77942, -19.36851, -8.16887, -22.76502
-20.37881, -18.98909, -39.09391, -19.63981, -17.30252, -12.42376, -13.80110, -16.10717, -20.04157, -15.85532
-27.64169, -20.43726, -24.17813, -14.70554, -18.05966, -16.44970, -11.37689, -21.01141, -12.68632, -15.00599
-21.92961, -18.68904, -27.46872, -22.32005, -16.26149, -13.65855, -24.25168, -20.03702, -13.39128, -6.57864
-25.99270, -19.99483, -19.45457, -13.08151, -16.62151, -14.91303, -12.91529, -21.88234, -19.03043, -9.26094
-17.56701, -24.41864, -17.44161, -25.37930, -14.65512, -19.97343, -16.65232, -16.50668, -7.81840, -12.28883
-20.38161, -23.90331, -22.65152, -9.02816, -13.49741, -19.14253, -7.62291, -15.22197, -8.46809, -5.74703
-31.36692, -23.00163, -24.04101, -15.49610, -11.15163, -18.60664, -18.31207, -17.44562, -10.43081, -13.02009
-21.66042, -31.26451, -28.38387, -13.23103, -31.89815, -19.13534, -16.29507, -21.69461, -10.27069, -14.92462
-38.83324, -26.00471, -30.39809, -25.05632, -21.90327, -19.51269, -14.49684, -25.12129, -18.41870, -15.30640
-18.38780, -25.13428, -37.52918, -22.08915, -24.60791, -19.55597, -13.54095, -19.10383, -23.46252, -12.50147
-14.72957, -20.98446, -29.11717, -12.29033, -21.38323, -21.56585, -16.84147, -19.94732, -4.92105, -2.73229
-37.46367, -28.13213, -27.54266, -30.28212, -18.34308, -26.32288, -20.42318, -22.42417, -19.62357, -14.99335
-21.80320, -20.72697, -23.19116, -14.27085, -13.88102, -14.32917, -13.44688, -15.07370, -14.09756, -20.43159
-20.18240, -17.62452, -39.63972, -17.44286, -15.31447, -9.83236, -12.13507, -16.02193, -11.29115, -6.42311
-27.20751, -19.71288, -23.99590, -12.13339, -17.44366, -25.56209, -7.61492, -17.90575, -18.89845, -7.21777
-21.27746, -23.54423, -28.48024, -10.05450, -10.97295, -20.55891, -13.20018, -20.05660, -3.87283, -13.16267
-42.93295, -30.67607, -33.41965, -23.05065, -21.14953, -24.68364, -18.89618, -22.76185, -18.65759, -18.33567
-30.95856, -30.17603, -55.49111, -21.01721, -18.83684, -24.68972, -25.47540, -22.85504, -18.77663, -17.36263
-23.16429, -15.50444, -17.50386, -7.89300, -13.19495, -12.92953, -12.69724, -20.25063, -12.66308, -21.76722
-18.76499, -34.05504, -21.44885, -18.45989, -27.97116, -18.44226, -22.44456, -25.42407, -17.89043, -14.08828
-31.13357, -19.41153, -26.43510, -43.20951, -14.82985, -22.52258, -15.81697, -16.20992, -25.57097, -10.86386
-20.24606, -28.38859, -21.64553, -13.52129, -15.76440, -14.66595, -19.47862, -16.02115, -14.48191, -16.26850
-20.82237, -20.99189, -19.38452, -15.83816, -13.55415, -15.63199, -8.88025, -15.05540, -9.29523, -4.85613
-26.44873, -21.78634, -32.11667, -23.37323, -10.77532, -18.09598, -12.94438, -25.48769, -7.80250, -7.90150
-18.25303, -27.49997, -30.92909, -21.45358, -22.19586, -21.20348, -17.90250, -21.28679, -15.49584, -9.50577
-26.11152, -23.74449, -20.97320, -32.77604, -11.74113, -29.64414, -20.43729, -25.44950, -13.89713, -11.04658
-23.29698, -26.04702, -30.47290, -29.68606, -12.21063, -15.70780, -12.28613, -25.97414, -13.04254, -11.58717
-23.72956, -22.82998, -20.43967, -20.29716, -16.91279, -21.14703, -11.02963, -26.59926, -19.32911, -13.06152
-17.69541, -23.41245, -31.39211, -15.26407, -16.79152, -24.74916, -15.78239, -18.22364, -13.66112, -13.03932
-22.55782, -32.82758, -22.15632, -7.30215, -33.78764, -9.01611, -21.50955, -22.16196, -10.19130, -10.83673
-24.62283, -26.71510, -34.28232, -15.16153, -21.37653, -20.92502, -17.20315, -28.83973, -13.47213, -22.28269
-21.55751, -20.25406, -28.78203, -15.47702, -13.43366, -12.31249, -28.89025, -15.82556, -10.08152, -20.73499
-25.16000, -17.90128, -29.54037, -13.48868, -13.68305, -13.12982, -20.47031, -15.35578, -6.46896, -20.67987
-21.65692, -15.32024, -25.77929, -14.82220, -14.35727, -7.38262, -15.38341, -11.97308, -14.36510, -18.67205
-32.48260, -22.86137, -28.91770, -11.72672, -11.55532, -27.81152, -16.17870, -21.89967, -11.33970, -7.65691
-36.63805, -24.97165, -27.84383, -22.42887, -13.45634, -28.35736, -17.27644, -20.79093, -11.20920, -15.27484
-20.88222, -24.52240, -20.68780, -14.82473, -13.81864, -22.69620, -13.20354, -18.68689, -11.57870, -7.24305
-19.10266, -25.73330, -36.94012, -21.92475, -18.23415, -27.44675, -25.18156, -22.94046, -12.14895, -12.32048
-12.79261, -10.46403, -29.60143, -23.72680, -8.40747, -4.70697, -9.38102, -7.25148, -8.22812, -15.59230
-19.25130, -18.81321, -29.25717, -20.04451, -14.26828, -12.54619, -11.80260, -12.17216, -16.70990, -11.98149
-29.72037, -18.99582, -30.61786, -16.95639, -15.77776, -17.81987, -30.25197, -17.39580, -18.42110, -13.56085
-30.06792, -27.99596, -28.46291, -22.95037, -18.08685, -28.30796, -16.22197, -27.65683, -18.07701, -17.88475
-27.31565, -21.16674, -24.28661, -17.15288, -20.25643, -24.87052, -16.47150, -25.42508, -27.31224, -22.11761
-23.61645, -19.31927, -19.02738, -12.43698, -11.63487, -12.34772, -14.63920, -15.59533, -16.37612, -23.26420
-41.00809, -23.71409, -42.26476, -19.26018, -19.19533, -27.70311, -14.97898, -34.15152, -14.52314, -10.62370
-20.46828, -21.90915, -32.44039, -10.72967, -23.43283, -20.64609, -13.96717, -29.10254, -9.84861, -25.50629
-16.99472, -25.63562, -25.57470, -19.39492, -17.14890, -21.36195, -21.33987, -16.49755, -9.52454, -12.63077
-17.43946, -18.14320, -20.06438, -16.34884, -9.66247, -9.39000, -13.45883, -13.46247, -5.67462, -10.96772
-33.10528, -15.92960, -16.11454, -13.41104, -12.05858, -24.45516, -9.16846, -17.87471, -17.38417, -9.54201
-19.35394, -17.25164, -17.60661, -19.35102, -16.34650, -15.23658, -17.12840, -13.71316, -17.31618, -25.68682
-19.21238, -23.39203, -28.79304, -15.16641, -21.41808, -19.67363, -13.38383, -21.83860, -9.36946, -13.52120
-29.17341, -20.06121, -32.55068, -14.12050, -24.88604, -30.19613, -12.14575, -23.54350, -11.03943, -13.56422
-27.46927, -21.22973, -32.16225, -16.07278, -15.69810, -19.51749, -8.06904, -20.49075, -15.15009, -7.36044
-26.58499, -23.60129, -21.17112, -34.64406, -16.31267, -32.45437, -24.19549, -31.13873, -14.80749, -25.92958
-23.39282, -23.09137, -32.65109, -15.61570, -27.14266, -18.92288, -20.06473, -19.79203, -11.07582, -16.73541
-25.46314, -25.80176, -25.99242, -16.28725, -18.81758, -37.04022, -21.07318, -30.03111, -11.89561, -18.18251
-23.17737, -22.28200, -37.04916, -11.98357, -18.60682, -14.63646, -15.51329, -16.85179, -8.89165, -20.37278
-27.42769, -17.29919, -30.75427, -15.68794, -14.00372, -12.93986, -10.38644, -17.06121, -16.40459, -12.79258
-19.16118, -29.66235, -26.36012, -15.81664, -17.45493, -21.16300, -17.90192, -29.03076, -11.90201, -7.42212
-22.10686, -16.50041, -23.00752, -6.73960, -31.15459, -16.28587, -8.45202, -25.59355, -5.91433, -10.93695
-18.47412, -27.78519, -33.92182, -22.62737, -25.03538, -13.77149, -13.08307, -16.72548, -10.00885, -2.77534
-21.61588, -16.67067, -26.63553, -8.11004, -12.05229, -9.04169, -8.96266, -14.61036, -20.48363, -13.19899
-26.65648, -24.66083, -27.02912, -13.17562, -19.56619, -26.75792, -22.40752, -26.47632, -10.07913, -15.89698
-23.66573, -29.08512, -20.23893, -20.95693, -26.63696, -20.82651, -16.15879, -24.57999, -24.50568, -8.39292
-21.87170, -20.82865, -27.41105, -26.87853, -13.78494, -11.26439, -22.57907, -14.41314, -14.80069, -18.72176
-32.77937, -23.06178, -26.43675, -18.56135, -14.48051, -14.01113, -17.18860, -19.47864, -16.64841, -19.73733
-28.98434, -17.11931, -33.23060, -7.57151, -22.97819, -11.18708, -8.46499, -17.01119, -7.46234, -13.28388
-18.11544, -18.63495, -18.92438, -9.82707, -13.04831, -12.43568, -9.23951, -17.78139, -13.43223, -11.00741
-28.97494, -29.31604, -23.11454, -25.27184, -22.26698, -29.57993, -28.06800, -38.17326, -12.59789, -16.80270
-15.22974, -22.95708, -24.05085, -12.48523, -18.99739, -20.30345, -21.73897, -16.51975, -7.68880, -18.08010
-18.33757, -16.01577, -18.53542, -20.42285, -14.50869, -13.07953, -13.99242, -12.02210, -18.52840, -10.84869
-19.32353, -13.04328, -35.30537, -8.73417, -13.08718, -11.71800, -10.99449, -15.47669, -9.47982, -9.18539
-15.41510, -20.94120, -24.12415, -9.24709, -23.15425, -16.05606, -23.55242, -20.26611, -6.41576, -8.52890
-29.17950, -22.16405, -21.90555, -26.96807, -14.99540, -21.37036, -17.37379, -25.53396, -15.72478, -19.35669
-31.60155, -18.86481, -23.76095, -14.96165, -18.40813, -14.18147, -10.64774, -19.84436, -14.23859, -12.79392
-20.05233, -14.51559, -17.96832, -10.21998, -10.19944, -14.76908, -9.26877, -18.11332, -12.31746, -8.44775
-20.57143, -20.20413, -31.82528, -20.58460, -14.76874, -9.75985, -19.59451, -14.59083, -19.85034, -17.63989
-17.27032, -20.67742, -21.15262, -11.32246, -14.01932, -13.73816, -12.76104, -20.10003, -10.69902, -9.84990
-17.51127, -24.09444, -27.43059, -16.17010, -23.11103, -17.31992, -13.22693, -19.91408, -13.65349, -6.76184
-25.30298, -24.57513, -24.74094, -17.22636, -26.33156, -25.28730, -24.41378, -29.42425, -21.58957, -13.25990
-35.74297, -21.38083, -24.65043, -20.66030, -14.19837, -23.38234, -17.43734, -37.34532, -14.96783, -12.87139
-29.18037, -43.13646, -25.54954, -16.55096, -21.88012, -17.11123, -20.88772, -21.86568, -20.37814, -12.35701
-14.47013, -13.54261, -19.94788, -17.02990, -9.38479, -7.96920, -13.23643, -9.05700, -9.00462, -16.13409
-40.64223, -14.92130, -23.42395, -10.22993, -17.79906, -15.96431, -12.90974, -16.47169, -8.70180, -8.61459
-29.12281, -35.25818, -21.35115, -17.91603, -10.13496, -30.04024, -26.38340, -27.13117, -14.27776, -17.48368
-18.14710, -32.29032, -24.89796, -9.76955, -23.26583, -13.42471, -17.01586, -22.43572, -6.93421, -11.69763
-27.68425, -21.14177, -20.59081, -13.87802, -15.76920, -14.83997, -26.13151, -21.62463, -25.09263, -12.98786
-24.07026, -21.79788, -23.76793, -16.45589, -25.82347, -25.51479, -12.01064, -22.53951, -14.45210, -7.86043
-17.93951, -11.70562, -22.77917, -14.88661, -11.95105, -11.72074, -9.75000, -10.26165, -9.51056, -16.55123
-26.57080, -21.72520, -22.85527, -13.58342, -18.11213, -29.13832, -19.48314, -24.78112, -10.42987, -12.62358
-43.16314, -24.07347, -35.72053, -16.15173, -12.76948, -19.10299, -15.12580, -26.45942, -8.92603, -20.95188
-22.97595, -19.61867, -26.99792, -17.87768, -13.37655, -15.16652, -19.54250, -15.16058, -11.28347, -26.16496
-31.60889, -18.77804, -29.35776, -15.79187, -14.51168, -15.05515, -10.14602, -20.17028, -15.58990, -10.31443
-29.29031, -20.00016, -32.69875, -8.70635, -15.29437, -21.51334, -17.02285, -20.28546, -6.98290, -18.32367
-20.93627, -22.41898, -28.88394, -23.49350, -16.59617, -13.45573, -27.14521, -19.09455, -10.15140, -22.32498
-31.96180, -21.71822, -20.81861, -27.33735, -14.81068, -23.64075, -19.49347, -28.47862, -15.07808, -19.04791
-15.93932, -16.40183, -19.90965, -16.71213, -27.58487, -8.90860, -11.47013, -13.43097, -16.64979, -11.99698
-23.46156, -20.85343, -31.04010, -10.88635, -18.87307, -16.47319, -10.19262, -20.57317, -13.39930, -3.63795
-26.64844, -18.81266, -21.67549, -13.27791, -15.11163, -18.56932, -9.16720, -21.14368, -21.29922, -6.98368
-17.90318, -22.42043, -15.32195, -12.48530, -13.26435, -16.77129, -10.10300, -15.27102, -10.45863, -7.68592
-14.06090, -33.04229, -25.01167, -13.09857, -21.06783, -12.29009, -9.68904, -20.31982, -9.96005, -7.65835
-14.15639, -15.31291, -17.57678, -15.03879, -10.24617, -12.10689, -19.16950, -12.12708, -10.62862, -10.67855
-27.67771, -17.43788, -33.09830, -19.95330, -14.64161, -15.80100, -16.05908, -13.24278, -21.97979, -7.88415
-15.57872, -32.11595, -29.61314, -14.82935, -16.36576, -14.59332, -6.42664, -19.61149, -12.93913, -6.14466
-25.76634, -22.38980, -21.37149, -19.38188, -14.71644, -30.52897, -22.51811, -47.06231, -15.59494, -22.42523
-17.55032, -18.84390, -23.45768, -22.31767, -14.22312, -17.35663, -10.26517, -19.20325, -13.76420, -7.28360
-21.64907, -22.45320, -36.45485, -20.31888, -18.16965, -19.62639, -10.80538, -17.86039, -19.82206, -6.65138
-31.17747, -21.15856, -20.22221, -31.48024, -15.49126, -24.85069, -22.69191, -26.16395, -14.85691, -19.53639
-23.68242, -27.78343, -25.55908, -11.81137, -22.43375, -17.62225, -15.92176, -15.39029, -19.25697, -25.13723
-22.28300, -12.16940, -23.66188, -17.05179, -14.06595, -9.51096, -18.49646, -9.85406, -13.89983, -11.65488
-30.40600, -20.81762, -27.82378, -18.82420, -18.00387, -18.95268, -13.92703, -21.11771, -15.64747, -12.95161
-23.51656, -21.63083, -19.07354, -9.31854, -20.65628, -17.63122, -9.67335, -17.90634, -10.79007, -7.16012
-19.64599, -18.98122, -24.38836, -6.11044, -17.33048, -9.99503, -5.80214, -14.67552, -3.57472, -10.40804
-25.72867, -22.18691, -21.49254, -16.95104, -14.09690, -21.30777, -19.12685, -31.98793, -15.05158, -22.01420
-19.25467, -24.77537, -19.74165, -16.66579, -14.12937, -14.97406, -10.75555, -17.02604, -14.27439, -5.77604
-21.75132, -21.87205, -21.20961, -10.13093, -25.73386, -9.97719, -28.94148, -24.41566, -12.79924, -38.17112
-21.38572, -27.63566, -25.17465, -14.98021, -23.08881, -30.62405, -17.55481, -23.55889, -15.54631, -16.64718
-18.39323, -32.59355, -24.31528, -13.00076, -19.94561, -22.66403, -16.01210, -16.68329, -13.48703, -8.96582
-23.82939, -28.15621, -30.09934, -9.52600, -24.22216, -15.88232, -10.50056, -16.93642, -10.12455, -17.83387
-14.76553, -38.17510, -24.63227, -18.28049, -25.06720, -18.42746, -11.01355, -16.34653, -8.56216, -3.59202
-25.83668, -25.89761, -24.18361, -11.97296, -21.86002, -32.01564, -13.98279, -27.18796, -6.48972, -18.79883
-32.36226, -31.34502, -23.98914, -22.26803, -15.76654, -15.64889, -33.81195, -24.30050, -11.17830, -17.76028
-15.84343, -16.65279, -23.13178, -15.81946, -20.36182, -11.36231, -17.78042, -15.20315, -10.11298, -14.21533
-26.71872, -22.62043, -32.08379, -12.59503, -22.34266, -22.31733, -28.73643, -24.54319, -9.10820, -15.50627
-19.29762, -12.44266, -46.57762, -9.49171, -9.79930, -9.53283, -9.72628, -14.95605, -12.47205, -10.94415
-16.88530, -28.43972, -22.06038, -18.14909, -22.24003, -23.87508, -21.54653, -15.78607, -19.06910, -9.36920
-19.95601, -22.71660, -22.86139, -16.91804, -14.01410, -17.40812, -7.38423, -25.20694, -19.11883, -8.48311
-18.70805, -21.03838, -15.97215, -18.32417, -19.64031, -16.10354, -15.33293, -26.44938, -8.45967, -16.77261
-32.38953, -24.19093, -25.19623, -25.33508, -21.13499, -28.86109, -19.86586, -20.29526, -18.94122, -12.79441
-17.00036, -19.25215, -31.27510, -24.89230, -13.93451, -11.50672, -11.39583, -13.61686, -7.95364, -6.24711
-23.37607, -22.42267, -33.18137, -10.44096, -14.02016, -14.32780, -17.06794, -22.24855, -4.47240, -10.21500
-15.88431, -19.62705, -14.25822, -9.08084, -19.53033, -14.48093, -12.03033, -18.96143, -8.91997, -8.44945
-22.14240, -20.51685, -33.34423, -21.53747, -15.62110, -14.28072, -15.69154, -18.00872, -15.30843, -18.70873
-15.43267, -27.90999, -23.68013, -16.57353, -16.96286, -23.39991, -11.41155, -18.02317, -7.07645, -4.67811
-40.40047, -21.32032, -39.07475, -11.47623, -24.80477, -28.88583, -16.68480, -27.41803, -10.51257, -14.47311
-25.01599, -17.07265, -21.91510, -15.16853, -12.88438, -20.05129, -23.71724, -19.92152, -14.02093, -14.33373
-23.37993, -26.53499, -33.71704, -12.80817, -19.70859, -23.54554, -18.14221, -23.94484, -11.36410, -8.37926
-22.77695, -22.63993, -37.18738, -12.93944, -30.93931, -21.93301, -27.65149, -22.72881, -8.13704, -8.38239
-26.34851, -14.58554, -36.01472, -13.67284, -11.39705, -6.90056, -8.09082, -13.57332, -17.92618, -6.05125
-21.17216, -18.47969, -21.45268, -11.26005, -22.65390, -14.03856, -9.92675, -25.12145, -15.07458, -10.60125
-29.23747, -37.41718, -28.87691, -21.61743, -21.62632, -31.77648, -22.88324, -36.92496, -26.71868, -17.57662
-29.96984, -22.12116, -20.90906, -33.66463, -13.81763, -26.81920, -24.08397, -31.79926, -14.93776, -19.42853
-20.93203, -28.46697, -30.87333, -22.72430, -20.79435, -19.82437, -13.51257, -21.94721, -12.42574, -8.52150
-40.54015, -21.17644, -36.78295, -19.33653, -15.31712, -11.90873, -18.40555, -19.89516, -11.28359, -12.38930
-22.53851, -28.08317, -29.86001, -16.72711, -32.35503, -27.18663, -21.64119, -25.52468, -18.38408, -11.85071
-28.45161, -16.72029, -27.52201, -19.72306, -12.40411, -14.20519, -12.29448, -12.66681, -20.38468, -9.31244
-23.70079, -18.51003, -25.45306, -11.56605, -16.80503, -8.84041, -18.78613, -16.51824, -14.81247, -15.68099
-26.04033, -21.52108, -24.11204, -18.33696, -15.95940, -13.30171, -16.85135, -20.68908, -19.41063, -19.19762
-33.21402, -22.02056, -17.69366, -13.83358, -43.26256, -11.23097, -10.96641, -21.53560, -12.77427, -6.32590
-29.97184, -32.34793, -21.41551, -15.56022, -15.70783, -23.26764, -16.52254, -21.31016, -13.69547, -6.95190
-23.75159, -19.37983, -28.48812, -20.59196, -19.12681, -14.32200, -26.18715, -18.07338, -11.01848, -11.09093
-34.03824, -20.86534, -19.76697, -27.67922, -14.92061, -28.40119, -31.04522, -26.42885, -15.97819, -21.41793
-20.08708, -18.33944, -26.06131, -16.10261, -15.14594, -12.48820, -13.23503, -16.13176, -21.59086, -18.31561
-34.62309, -20.26334, -28.88327, -17.17096, -18.69524, -46.14965, -18.94072, -21.10445, -20.80452, -8.61756
-28.45094, -21.69978, -21.06765, -14.77508, -13.70898, -24.80127, -17.33843, -31.64987, -8.96370, -12.12003
-18.93891, -22.65915, -20.51050, -24.71663, -21.09928, -23.31840, -22.91850, -22.22042, -18.79631, -8.86118
-18.07579, -17.01378, -25.13222, -12.41248, -11.11380, -16.28275, -14.75745, -15.58303, -16.07233, -1.43134
-17.96242, -18.89844, -41.37854, -18.43949, -18.22809, -13.72483, -14.35213, -14.96419, -9.61445, -11.42973
-24.05817, -23.69425, -23.34081, -15.71242, -20.52537, -25.39993, -17.48815, -20.42817, -11.70205, -30.91842
-25.01398, -29.81343, -24.12139, -16.23673, -19.85657, -21.53940, -22.05117, -20.36123, -12.45135, -11.93911
-18.00985, -20.61224, -15.79851, -11.16636, -18.71461, -13.87548, -18.89092, -19.59008, -10.03564, -13.31430
-21.45397, -17.77334, -23.26327, -6.45722, -21.15646, -17.63928, -11.06606, -25.98623, -5.33958, -20.03889
-20.70759, -23.90116, -23.60222, -23.75086, -17.89928, -19.85399, -9.78364, -25.80644, -16.99320, -10.52813
-42.32186, -23.12790, -18.17530, -26.87015, -15.78248, -31.74824, -22.79266, -27.50282, -15.34274, -31.03377
-20.30161, -17.69928, -34.02504, -10.62941, -20.39131, -13.75384, -17.03911, -18.74461, -7.82537, -11.14468
-19.73901, -23.31943, -19.06782, -8.43394, -18.19843, -8.99772, -19.39076, -23.03006, -13.63917, -5.94024
-23.44405, -18.55425, -29.71896, -16.91614, -16.35561, -17.00966, -9.73891, -19.33343, -22.36940, -9.70976
-21.37167, -22.51894, -22.20880, -13.64664, -15.35638, -31.21642, -20.59120, -18.50886, -7.45468, -8.37421
-28.49208, -27.43295, -32.79286, -17.59089, -20.02001, -22.97014, -18.38939, -19.58298, -13.29020, -24.91449
-24.83857, -23.36844, -28.17846, -21.79829, -11.46856, -31.03641, -33.32148, -26.45021, -15.23642, -18.52048
-13.32459, -19.41314, -13.62457, -10.51717, -19.86857, -12.94000, -23.72789, -26.91812, -10.52716, -9.21401
-25.77385, -23.88139, -20.44990, -26.78902, -18.71059, -26.62736, -14.61094, -26.51738, -14.95500, -17.33269
