-19.35982, -28.42719, -20.31325, -24.29541, -25.33524, -19.59313, -20.03348, -19.53301
-21.44048, -20.03609, -22.09040, -34.60379, -20.30762, -16.41232, -15.46989, -14.81349
-23.27184, -19.18384, -19.91116, -24.59145, -21.23645, -15.60083, -17.15254, -13.87067
-21.41457, -20.12524, -14.97546, -17.28651, -13.77137, -20.37754, -16.49740, -16.08220
-19.66922, -16.61098, -15.30014, -24.57732, -19.61782, -20.10301, -17.33628, -17.42765
-21.70607, -17.49735, -15.74935, -23.12457, -19.50418, -20.48345, -16.21088, -20.23502
-20.02666, -26.22659, -20.85438, -24.36561, -25.12339, -19.61687, -18.69370, -21.62431
-22.77839, -20.14350, -20.05220, -34.30061, -20.78122, -16.21522, -14.91152, -14.08704
-20.17715, -23.83358, -19.21765, -25.92810, -26.48973, -20.68959, -18.85379, -20.21219
-21.19294, -22.21275, -12.99388, -20.56334, -17.84939, -21.70058, -17.06125, -15.15907
-20.40380, -17.35504, -16.00362, -20.09118, -20.56658, -18.91684, -17.68754, -19.14820
-24.29995, -23.86215, -20.29696, -28.31884, -26.08558, -19.32963, -15.40904, -19.97555
-20.12683, -22.03883, -20.43294, -20.12939, -25.24410, -13.62263, -14.64669, -15.20665
-24.61359, -21.12786, -18.83193, -30.49060, -21.80681, -17.22656, -15.55713, -14.05344
-19.71752, -24.70933, -18.74737, -20.03578, -24.28923, -14.46832, -13.84137, -15.23168
-20.68573, -28.89800, -18.30087, -19.92627, -24.37644, -20.56921, -20.61688, -19.97744
-20.26376, -21.81732, -14.03937, -18.77052, -15.98691, -22.08923, -15.86431, -17.75798
-21.05457, -20.23049, -21.50752, -28.88733, -21.98685, -15.14764, -16.12025, -13.63440
-21.38199, -20.99933, -13.15171, -18.20433, -18.97603, -21.85572, -18.01740, -18.85138
-26.20787, -26.03717, -19.34237, -39.68815, -27.35468, -20.22702, -15.46170, -18.83368
-24.05917, -28.02236, -21.19685, -35.32107, -24.23408, -19.63822, -16.06306, -18.85526
-22.71996, -22.55721, -15.32336, -15.44669, -21.41500, -18.47970, -18.59846, -19.06053
-25.21560, -20.20614, -20.57811, -26.65697, -22.28693, -16.21805, -15.97779, -14.26751
-19.56894, -26.70686, -18.92842, -22.49396, -25.56265, -20.18677, -18.81773, -20.34019
-19.36298, -25.34832, -18.83873, -21.58467, -24.34857, -20.39435, -20.19321, -23.40306
-20.01883, -16.54981, -15.35462, -22.11075, -21.24063, -18.88132, -16.10430, -19.26210
-21.59017, -23.04233, -16.27844, -15.17718, -19.56371, -18.65435, -19.46013, -18.84833
-19.30156, -20.49396, -14.06950, -16.70242, -14.99631, -22.03029, -20.08164, -15.89508
-21.06396, -20.71806, -19.22940, -19.12032, -25.59391, -13.53627, -14.26217, -14.57956
-19.63378, -20.13921, -14.56899, -18.47971, -13.83394, -21.04592, -16.48878, -16.84213
-22.89120, -21.02116, -16.00213, -14.15448, -20.67930, -18.23924, -21.97258, -20.11630
-19.80194, -31.22594, -19.31903, -27.15429, -27.84233, -20.79814, -18.30541, -19.79850
-23.37119, -19.81443, -21.96646, -28.86487, -20.96470, -15.90212, -16.31604, -14.12940
-19.26149, -25.80053, -18.03048, -20.98746, -22.90743, -21.85909, -19.00253, -23.15432
-21.90972, -15.80573, -18.03904, -22.74361, -20.38559, -20.42501, -19.54682, -21.61540
-20.35141, -24.23561, -19.09465, -20.10234, -26.25911, -13.90259, -13.89730, -14.10668
-21.77248, -18.07837, -15.84337, -22.23347, -22.30415, -18.63345, -15.89421, -17.73761
-25.07299, -25.32853, -18.54055, -29.26402, -27.20336, -18.72688, -15.34668, -19.23861
-19.51848, -27.34895, -21.57304, -23.06444, -28.54230, -19.35360, -19.20280, -20.49419
-26.51756, -19.84520, -19.34723, -26.09299, -22.23574, -16.98392, -15.45767, -14.27374
-23.69993, -20.70242, -20.39022, -26.29019, -21.25791, -16.69121, -16.31785, -14.06340
-23.54109, -18.75357, -13.38156, -18.73721, -18.25216, -21.19158, -18.65923, -17.65836
-21.96263, -20.94300, -13.07557, -21.45459, -17.56501, -22.00111, -17.12751, -15.54165
-19.56769, -21.25146, -18.88102, -20.01983, -22.94666, -13.92801, -13.07490, -15.72531
-22.64045, -21.98565, -15.16113, -15.36156, -23.20930, -18.66153, -18.61040, -19.19208
-21.81479, -23.49794, -15.99134, -14.28388, -20.93749, -18.14338, -18.83005, -20.21303
-24.15400, -20.66020, -20.50261, -28.28258, -22.19196, -17.52459, -16.97376, -15.29133
-18.35594, -21.48132, -19.40316, -20.32934, -27.43055, -13.18428, -14.07461, -14.65721
-23.70172, -21.54810, -19.49147, -34.39770, -25.46710, -19.01373, -14.13302, -18.58508
-21.19597, -27.12147, -19.27893, -19.10224, -26.17434, -13.84171, -13.30339, -14.54382
-20.07669, -17.44783, -15.82331, -21.12165, -20.33009, -21.01392, -19.83520, -19.05496
-21.30789, -17.98093, -16.61163, -21.83343, -19.30987, -20.85941, -18.57686, -18.63189
-20.74057, -16.53901, -16.38983, -21.41557, -19.90164, -18.87853, -16.45744, -19.04878
-25.12636, -23.75330, -22.07210, -33.33444, -28.57583, -18.10883, -15.15170, -18.06925
-25.87601, -22.20377, -19.77124, -28.71813, -28.27682, -18.19206, -14.88230, -18.68972
-21.15533, -16.26706, -17.04313, -21.18437, -20.46303, -19.87336, -18.73750, -21.13312
-20.35394, -20.96825, -15.62181, -21.09151, -15.02142, -22.37058, -17.45820, -15.75623
-25.21049, -26.31426, -19.39097, -32.30398, -26.55741, -20.12585, -14.98670, -19.04763
-27.85017, -26.39772, -19.13473, -27.65508, -27.14773, -19.43773, -17.60987, -18.79066
-20.45285, -21.12193, -13.01958, -20.09451, -18.95882, -20.24889, -17.17347, -15.79078
-22.88155, -19.22947, -20.58872, -29.28502, -22.79921, -15.26931, -16.07176, -14.16993
-21.42710, -19.87038, -12.92289, -20.02703, -19.57813, -20.31918, -18.07367, -15.59691
-24.33489, -23.23565, -19.85571, -40.92755, -25.93745, -19.70119, -16.90627, -17.35736
-22.43090, -20.00633, -21.18317, -25.63967, -21.96290, -15.94775, -16.40561, -14.95984
-22.23400, -31.07017, -20.87867, -21.29255, -24.80360, -19.61883, -17.63483, -21.80432
-21.54983, -24.62145, -22.07906, -21.65940, -26.42152, -13.66314, -12.93528, -15.08165
-18.70421, -23.36080, -21.28361, -20.82798, -21.95276, -13.22923, -13.81231, -14.22025
-21.27479, -18.17717, -16.64652, -20.73316, -21.93956, -19.06758, -17.74392, -18.91097
-20.35348, -21.97881, -12.58981, -18.10987, -20.06063, -19.48024, -16.21133, -16.45965
-22.24924, -19.48242, -22.03448, -26.59298, -20.19344, -16.54203, -17.02071, -15.08635
-21.95824, -20.28470, -21.36083, -31.80826, -19.43215, -16.32561, -16.56208, -13.84655
-19.27682, -27.85685, -20.51844, -22.44320, -27.85112, -19.09389, -20.63685, -21.29739
-20.01103, -21.48224, -15.87137, -20.27972, -15.29761, -20.26433, -16.35312, -16.24257
-23.47048, -20.40229, -20.12802, -29.05848, -20.44034, -15.84368, -16.50265, -13.47399
-24.47913, -22.65747, -19.23803, -29.74630, -27.92177, -18.23795, -14.85221, -18.84073
-24.21727, -22.66205, -16.78003, -14.12820, -20.68990, -18.02400, -18.59770, -19.58015
-25.07298, -21.09813, -19.01577, -30.56923, -26.93541, -18.04863, -14.88932, -18.95360
-22.38087, -23.35328, -15.89761, -14.93809, -19.23363, -18.94081, -17.96383, -20.97386
-21.00980, -17.98400, -16.13370, -22.81031, -19.49156, -19.47842, -16.29349, -17.39518
-21.04635, -26.96007, -17.26100, -15.55170, -20.77079, -18.28542, -18.28025, -19.90707
-19.20067, -26.21364, -20.22374, -24.79360, -23.83893, -20.53445, -18.84500, -20.45572
-22.97779, -21.50683, -15.32000, -14.94651, -17.78990, -19.33405, -18.61955, -20.95163
-23.48900, -24.35074, -19.68816, -35.75983, -28.51416, -20.27929, -15.60537, -19.46177
-20.02335, -21.77362, -18.71762, -19.95841, -20.77537, -14.11631, -13.29896, -14.11732
-22.55790, -23.22567, -12.92336, -19.43107, -18.02828, -22.10650, -17.49682, -16.04285
-19.44367, -25.60852, -20.71864, -24.36312, -23.86017, -20.36718, -19.13576, -21.59454
-22.51854, -22.32405, -16.62872, -14.78239, -20.96432, -17.88338, -17.84987, -20.42099
-19.26734, -27.51788, -20.75413, -21.53581, -21.82580, -19.71841, -18.81719, -21.27596
-20.20586, -19.83738, -14.06526, -21.67577, -15.33147, -22.55784, -16.56536, -15.44833
-20.71763, -29.21741, -20.25211, -22.92071, -26.44403, -20.56254, -19.62912, -21.76872
-24.50749, -17.18659, -15.38146, -21.13329, -21.52163, -20.71089, -17.30186, -20.38015
-27.13639, -24.55443, -19.39876, -31.10221, -28.00353, -20.09187, -15.13054, -19.22818
-22.19157, -20.92526, -21.73787, -30.69514, -22.08857, -15.81361, -16.41703, -13.72420
-19.15955, -22.44237, -19.90312, -25.41301, -22.05828, -15.21721, -13.93172, -14.17129
-20.35411, -20.02461, -14.77182, -19.67057, -14.97531, -20.85350, -17.26896, -15.09801
-20.65085, -25.70442, -20.71600, -21.88471, -26.04256, -19.70882, -19.30269, -23.11747
-20.25889, -29.54374, -19.23002, -24.32978, -25.98761, -20.77786, -17.84975, -19.68574
-20.34312, -26.43374, -19.95612, -24.62423, -23.95742, -21.25112, -17.63280, -21.43739
-19.32406, -21.57658, -19.76153, -20.19859, -22.06261, -13.93658, -13.26378, -14.63126
-27.64585, -22.62298, -20.62513, -28.73329, -27.95347, -17.80323, -16.30928, -19.54087
-22.67383, -20.50921, -19.01560, -28.77922, -20.10620, -17.26035, -15.48094, -13.88026
-23.02229, -20.80888, -21.78245, -29.42080, -21.16273, -16.00821, -15.94275, -13.89819
-21.05987, -21.51343, -12.08999, -18.66383, -17.15747, -22.54471, -16.97757, -16.53361
-19.62869, -25.84303, -21.06658, -24.29512, -24.00739, -20.98207, -19.96928, -21.91317
-20.19715, -16.59108, -17.46625, -24.05242, -22.19681, -21.12589, -21.03587, -21.04725
-21.07198, -24.31724, -20.32738, -21.55782, -23.27248, -14.12915, -14.00010, -14.50673
-22.28134, -18.93262, -13.88318, -20.05077, -14.95816, -23.26736, -17.99241, -15.48162
-19.55819, -27.93664, -22.31918, -26.57977, -24.49946, -20.23266, -18.90089, -21.44330
-20.64245, -23.51426, -20.17455, -22.89692, -23.02548, -15.08738, -14.32622, -15.01254
-22.04847, -22.15829, -16.50588, -15.64157, -22.98200, -18.65232, -20.55798, -19.99244
-20.50522, -25.34013, -21.15872, -22.47041, -31.03056, -19.96918, -19.51195, -22.99048
-20.45428, -21.34211, -19.75647, -19.62635, -23.09570, -13.74926, -14.04728, -14.50524
-21.82174, -23.33220, -13.07521, -18.19504, -17.50799, -20.57502, -15.97067, -17.73225
-20.01256, -20.61241, -14.40926, -19.05212, -15.50631, -21.83491, -16.71426, -16.87228
-19.80703, -28.33749, -20.57070, -23.84559, -23.19953, -20.30055, -18.25201, -20.63319
-27.83732, -25.58929, -20.55914, -32.21847, -30.08555, -20.41440, -15.17934, -20.81038
-21.57733, -27.90275, -16.63011, -15.15428, -20.05455, -20.70732, -23.59174, -18.38227
-24.11005, -19.00453, -19.37881, -25.83135, -20.60815, -16.45796, -15.58249, -14.50305
-19.92085, -28.59017, -20.76285, -24.18374, -26.08810, -20.19066, -19.36314, -20.76972
-21.47525, -18.05972, -16.50368, -22.54402, -21.42852, -21.11986, -18.25264, -20.86409
-25.04815, -21.62277, -13.72683, -18.98474, -19.03253, -20.05158, -17.16791, -15.68677
-27.18245, -23.07091, -19.37028, -35.39036, -25.74631, -18.36449, -15.03856, -17.89631
-20.62295, -22.64576, -19.44118, -19.68929, -22.84419, -14.68906, -15.02506, -14.89409
-22.56380, -21.42062, -18.68830, -31.09341, -21.59842, -17.60294, -16.69055, -13.15688
-23.85147, -20.98565, -20.38456, -30.06920, -20.19294, -16.76292, -16.27693, -14.27334
-23.03152, -20.00587, -12.12557, -17.46777, -19.12402, -20.69733, -16.75428, -16.78818
-20.26250, -16.96085, -15.00854, -22.44463, -17.91064, -20.01102, -16.98828, -16.78248
-19.95879, -26.39819, -17.96028, -19.91356, -25.39317, -18.14586, -18.37203, -20.07001
-19.77418, -21.02798, -14.76178, -18.93522, -14.98076, -20.64368, -16.28043, -15.85036
-22.69585, -22.66441, -13.66261, -19.84194, -19.06880, -21.18857, -17.93466, -16.42652
-23.07282, -21.78121, -16.16071, -14.37420, -18.90471, -18.37725, -19.01509, -20.80917
-22.65775, -21.10259, -19.70740, -18.78189, -23.61193, -13.59624, -13.69986, -15.08177
-22.46369, -19.03018, -22.59562, -34.40071, -21.41804, -16.34824, -16.93467, -14.67033
-20.71347, -20.99230, -15.61222, -19.95962, -15.72679, -21.35911, -15.78037, -18.26258
-19.34018, -21.36631, -13.80520, -17.66071, -14.86580, -22.56623, -18.94780, -15.49903
-27.36235, -25.53272, -19.54360, -27.71198, -24.75433, -18.76937, -16.01905, -17.56102
-20.72689, -28.84907, -20.27787, -22.05534, -26.28900, -20.26516, -20.91491, -20.17168
-21.51953, -22.46626, -15.91964, -15.59388, -21.19235, -18.50604, -18.99040, -19.95860
-22.68777, -16.99900, -14.56985, -21.77449, -20.79870, -19.57041, -16.39141, -18.06060
-19.55952, -29.57393, -20.22572, -25.58433, -24.55711, -20.25588, -19.19458, -19.16878
-27.45458, -25.58369, -23.69466, -34.12565, -30.32932, -18.19615, -16.84292, -17.67965
-19.49293, -17.00483, -15.93506, -20.17680, -19.53804, -19.12802, -17.96100, -19.12795
-21.25597, -20.93474, -13.55316, -17.44833, -14.84059, -22.15685, -17.03035, -16.12714
-20.65777, -21.39934, -20.66372, -20.60539, -22.56205, -13.64221, -13.65806, -14.80589
-25.90827, -27.78815, -18.77775, -30.81031, -24.48370, -21.34773, -14.91363, -18.68554
-25.45015, -28.83380, -19.92031, -33.37978, -27.74173, -18.94001, -16.27523, -16.88371
-21.44057, -22.65045, -12.29296, -17.13873, -19.27816, -21.86936, -18.35143, -16.98890
-19.22107, -20.21061, -14.69791, -18.42557, -14.93243, -20.98107, -18.21673, -15.51239
-21.38847, -17.38930, -15.80683, -22.96175, -20.79451, -21.69384, -18.59302, -20.51747
-26.63972, -25.30264, -20.20077, -34.42591, -24.04783, -19.61898, -16.12939, -18.45391
-24.56581, -20.73021, -22.24414, -26.80317, -23.46011, -16.63659, -17.33935, -14.21572
-20.31531, -16.48420, -16.29573, -24.74749, -20.71779, -21.71966, -19.89833, -19.55018
-21.04127, -30.25143, -21.10457, -23.93091, -26.90022, -20.61499, -19.82134, -20.86265
-21.43479, -19.58735, -14.82700, -18.32432, -15.36774, -20.28979, -16.05922, -16.90876
-21.24699, -23.50131, -18.86313, -20.62344, -22.65945, -14.42506, -13.40516, -14.54150
-22.35395, -23.13035, -14.68887, -14.33465, -19.57878, -18.73127, -17.47212, -19.83588
-18.44655, -18.40013, -15.32188, -21.96141, -17.92678, -20.40610, -16.51567, -19.23158
-20.19775, -21.28353, -13.90090, -19.77429, -15.07050, -21.96185, -16.52675, -15.03732
-22.62910, -20.25341, -13.96455, -19.00323, -19.80701, -21.51024, -19.37662, -17.97661
-20.88819, -22.36107, -16.71552, -14.43043, -19.25026, -19.11659, -19.85270, -21.99883
-20.94357, -18.43884, -15.55394, -22.01849, -20.31240, -20.22749, -17.08968, -17.75963
-19.58574, -16.56530, -15.61045, -20.98463, -20.41843, -19.04723, -16.91718, -19.40907
-19.86886, -27.05497, -20.93444, -23.97748, -23.50482, -21.63835, -18.06796, -23.05694
-21.81717, -17.71393, -16.05125, -23.53080, -21.61503, -20.02285, -16.25927, -20.41197
-23.91892, -20.86491, -21.92193, -36.37701, -20.85034, -16.18853, -16.09649, -14.77307
-25.27361, -24.65793, -19.03792, -35.40846, -25.01882, -20.51781, -14.88205, -18.75866
-23.76297, -22.38790, -19.86687, -44.38099, -26.30917, -19.31551, -14.75473, -20.73783
-25.84408, -19.00706, -21.08893, -24.00241, -21.87003, -15.61070, -17.11868, -14.98009
-19.19128, -25.07400, -21.22515, -22.63103, -23.33348, -14.29223, -13.48747, -15.36466
-22.75082, -27.55110, -15.92775, -14.46515, -19.99553, -18.94923, -18.33845, -19.05715
-19.65584, -22.74991, -14.51548, -18.01263, -14.88300, -21.26633, -16.47931, -16.07188
-18.83300, -26.62064, -20.89067, -24.05012, -25.54574, -20.00436, -19.07177, -21.15980
-18.60227, -20.73427, -14.69897, -19.32905, -15.78321, -21.70586, -17.58723, -16.84884
-23.02745, -20.92732, -13.67658, -17.37339, -15.93927, -22.39465, -18.40010, -15.84991
-22.55547, -20.54824, -16.31894, -14.65900, -24.34315, -18.60112, -23.79996, -20.44258
-19.61619, -19.49311, -14.07055, -17.37276, -14.16038, -21.62182, -18.35287, -15.68788
-22.60584, -24.92347, -12.80925, -18.18281, -19.66679, -21.86755, -18.12597, -16.13385
-22.46693, -22.08577, -16.15784, -15.22333, -19.35794, -19.73249, -20.99679, -19.49664
-21.21266, -20.96660, -13.98470, -17.70842, -14.85811, -21.50706, -16.41722, -16.61254
-17.90565, -26.31883, -21.87695, -26.86577, -27.30496, -19.41277, -20.06093, -20.92942
-21.05459, -22.06377, -12.87481, -20.11573, -17.40176, -23.89497, -17.67977, -16.92928
-20.54673, -18.20740, -16.91682, -20.79650, -20.31598, -20.17570, -18.71213, -19.23067
-21.74688, -23.78006, -16.82113, -16.12819, -21.87532, -18.50097, -17.91809, -20.96897
-21.55152, -18.98292, -14.76907, -21.75040, -20.90556, -22.45265, -18.14903, -19.62297
-26.09872, -23.68731, -19.01526, -31.55084, -26.34737, -18.35033, -15.46803, -17.40960
-19.49837, -17.41952, -16.62769, -23.39993, -19.35936, -20.34999, -18.80710, -18.06551
-21.39833, -18.89490, -14.81140, -19.10034, -16.70253, -19.92537, -17.00129, -16.69310
-21.23428, -23.59108, -17.87988, -19.63861, -24.91281, -14.25340, -12.33578, -15.06792
-20.62775, -20.38535, -19.45261, -17.92827, -24.05175, -13.19235, -14.23991, -14.84640
-19.49554, -24.19157, -21.39063, -19.36815, -24.79999, -13.75689, -14.97983, -14.14023
-18.86859, -27.92573, -21.76416, -28.25292, -24.96285, -19.48423, -18.71196, -19.28405
-21.92208, -20.29303, -13.26790, -19.65505, -18.99361, -22.00375, -18.21978, -17.91313
-19.38826, -28.90302, -21.62380, -25.71934, -26.91006, -19.07462, -18.53810, -18.97149
-20.43524, -26.31286, -20.35739, -23.12987, -22.83677, -22.16274, -21.08684, -22.63459
-19.18468, -19.66290, -20.55103, -20.84808, -24.68124, -12.32260, -13.58489, -13.32726
-28.65788, -25.09891, -21.59023, -29.68419, -29.63736, -18.57779, -15.87744, -19.67805
-19.53732, -22.46783, -15.66458, -15.18360, -19.65061, -19.12717, -20.15569, -19.81122
-23.70144, -24.04804, -16.18688, -14.92941, -19.62525, -18.43196, -17.54936, -20.20212
-21.15408, -20.82416, -18.98367, -20.97734, -23.33795, -14.61999, -14.13345, -14.74566
-23.10027, -20.06673, -20.92523, -31.22359, -20.64219, -16.57757, -15.28848, -15.11286
-21.09993, -18.12037, -15.73612, -25.78894, -20.24067, -21.45229, -17.43790, -18.67500
-19.91662, -20.02943, -19.34263, -20.92020, -23.32068, -13.41344, -12.85667, -15.23245
-19.05119, -32.12758, -23.04592, -22.79117, -24.86052, -18.01307, -19.00180, -19.36978
-22.72539, -23.56124, -16.09590, -14.60766, -20.60219, -19.32746, -19.93605, -20.97750
-24.03370, -20.76362, -19.69196, -28.76268, -21.35166, -15.48881, -13.77429, -13.14824
-22.91382, -21.22416, -20.32516, -33.16101, -22.46636, -15.67650, -15.18046, -13.38483
-21.99164, -16.91292, -16.13243, -20.24232, -21.19653, -19.07073, -17.23189, -20.06582
-26.81440, -23.77148, -18.95372, -32.30108, -28.87407, -19.47548, -16.77289, -16.74444
-20.58773, -21.81073, -19.88921, -20.14322, -21.62036, -14.12997, -13.96049, -14.34086
-21.21856, -23.32176, -13.14858, -21.80836, -20.85007, -23.61436, -18.08549, -17.11999
-20.72839, -29.87110, -21.24460, -21.05805, -27.09515, -19.33296, -19.67732, -19.10450
-21.80334, -24.29310, -14.16847, -18.95366, -15.18441, -23.47257, -17.42545, -15.17945
-25.30894, -20.17995, -15.44894, -15.10744, -19.21630, -19.34593, -20.53909, -19.17134
-19.86410, -21.81921, -22.41847, -21.80785, -23.01196, -13.52768, -14.30914, -14.56934
-22.67490, -19.44480, -21.07710, -31.20680, -20.13749, -16.16532, -14.95751, -14.89461
-20.45725, -23.39081, -20.00205, -19.83470, -24.01321, -13.78687, -13.99238, -14.54763
-22.01820, -21.39444, -20.83901, -39.13006, -21.26149, -16.62409, -15.44800, -13.78661
-24.31995, -20.63183, -15.46059, -14.34992, -21.64766, -18.09276, -20.60859, -19.96898
-18.51301, -27.72150, -21.44125, -23.90700, -23.66656, -21.93113, -20.78771, -21.69585
-19.39700, -20.57281, -14.94002, -17.76154, -14.70908, -20.26057, -16.17583, -17.10824
-21.96448, -21.78626, -14.25442, -19.45684, -20.56917, -18.79789, -17.06936, -15.81763
-23.99993, -18.95778, -20.79197, -28.48425, -19.06695, -15.70034, -15.92323, -13.84603
-21.42380, -22.12104, -15.30706, -15.47761, -18.55295, -20.30344, -18.77222, -19.80445
-21.81241, -22.11953, -12.46203, -19.51522, -18.10633, -21.77741, -17.35183, -16.18345
-21.58668, -20.08736, -12.02612, -18.93491, -17.89463, -21.75301, -17.64128, -15.45347
-24.99508, -22.54168, -20.03285, -35.23196, -27.35020, -19.19123, -15.63653, -18.26878
-23.87899, -23.16335, -16.08843, -14.90036, -20.13988, -19.13878, -19.35963, -20.46026
-22.72408, -24.68527, -17.17333, -16.29196, -21.68933, -18.94726, -17.72939, -20.43406
-22.43431, -22.65316, -17.22996, -14.92092, -20.26840, -17.46105, -19.52389, -18.82071
-20.51669, -21.72602, -18.66200, -19.66806, -23.62138, -14.01896, -14.01797, -14.81590
-24.17449, -18.98309, -19.26539, -44.29706, -21.65662, -17.43149, -16.04586, -14.91698
-21.44597, -24.86069, -19.58461, -21.25743, -22.75125, -13.79446, -13.25543, -14.52968
-24.85266, -23.80963, -20.13621, -29.96035, -26.92148, -19.49742, -16.75877, -18.81153
-22.28878, -21.57754, -20.76198, -19.92153, -24.34114, -13.78417, -14.15064, -15.15375
-25.11579, -19.76093, -17.84810, -26.06859, -21.18095, -16.84169, -15.69128, -15.01933
-18.63566, -27.10503, -20.03672, -24.38475, -26.18322, -20.44665, -18.62956, -21.85831
-28.88133, -24.72053, -20.77610, -30.14968, -29.56134, -18.56232, -15.90512, -17.81005
-19.42624, -17.59766, -15.05892, -23.78446, -18.14080, -21.71372, -17.86685, -17.47345
-20.30067, -20.65154, -14.09952, -19.06613, -14.79709, -21.02910, -15.84270, -15.53003
-22.05387, -21.27470, -14.68054, -18.70009, -14.85056, -21.33288, -17.55328, -14.61369
-18.94985, -21.73786, -18.78903, -20.72323, -22.21218, -14.82646, -13.52375, -14.77919
-21.75655, -18.11002, -15.22887, -22.68403, -19.41953, -20.74793, -15.53504, -20.45556
-20.75105, -21.30078, -14.28793, -17.88095, -14.59766, -21.56415, -16.38224, -16.34376
-21.14337, -19.51993, -22.47142, -30.67679, -20.33147, -15.04284, -15.95894, -13.59798
-20.96537, -17.56722, -15.96943, -21.70342, -20.39766, -21.01789, -18.94141, -19.49507
-19.75321, -26.12875, -18.49726, -23.29038, -22.73669, -20.23819, -16.83495, -20.24113
-24.05201, -21.79885, -21.15864, -26.32564, -22.26746, -15.33329, -15.84612, -13.58010
-19.56662, -23.07806, -21.13326, -19.64375, -23.30315, -13.30887, -14.41679, -14.06534
-19.21793, -22.88125, -19.86744, -21.11169, -27.35509, -13.36863, -13.49199, -14.30946
-20.39940, -21.33405, -13.70368, -20.76194, -19.15212, -21.55440, -18.17055, -17.03696
-22.15522, -23.59169, -16.22372, -15.07277, -20.26267, -17.66785, -19.50005, -19.17470
-20.39479, -16.18387, -15.94052, -23.23186, -20.05116, -20.77922, -17.36460, -21.61007
-18.68458, -28.63474, -19.85914, -25.85453, -20.65881, -22.98619, -18.31807, -21.10145
-19.54829, -27.02003, -18.64291, -22.06814, -24.29296, -20.82895, -20.27087, -19.61537
-23.31888, -20.02847, -20.93126, -31.39165, -20.10582, -17.09003, -15.98066, -14.55034
-20.92703, -28.98213, -23.64237, -27.63703, -25.73420, -21.73807, -20.19762, -21.54165
-22.07997, -23.02329, -14.98331, -15.58951, -19.77831, -18.02259, -18.06443, -17.10716
-21.69002, -20.37430, -12.79861, -17.83893, -21.09278, -19.80152, -16.86284, -17.09258
-23.45079, -21.58639, -20.52166, -34.49251, -20.72658, -16.66362, -15.99780, -14.25633
-20.58053, -24.53614, -22.98235, -19.70960, -22.67210, -13.37858, -13.99969, -14.33990
-21.82611, -17.08960, -15.57096, -24.38266, -19.41199, -21.12049, -16.41098, -19.61944
-21.56526, -21.81476, -17.20894, -15.38923, -18.67452, -17.97262, -18.67261, -20.39517
-21.46219, -19.85897, -15.22185, -17.81578, -14.51785, -20.91445, -18.00891, -15.52889
-18.26334, -29.49584, -20.32892, -26.23692, -25.47635, -19.63045, -17.05011, -20.54333
-22.37280, -20.71223, -13.02438, -19.69809, -19.02412, -20.05081, -16.62961, -16.93811
-19.39407, -23.94868, -19.61614, -22.52286, -25.32963, -20.19903, -19.04910, -23.25930
-29.74800, -20.11899, -20.58238, -28.57662, -24.84427, -17.17388, -17.14418, -14.66867
-19.13643, -27.97554, -21.55188, -23.10771, -28.09079, -18.82098, -19.09971, -22.09389
-21.95378, -17.70887, -16.25210, -24.95844, -20.03346, -21.26963, -17.12907, -19.93662
-21.19999, -21.54661, -15.85536, -20.31114, -14.55349, -22.18999, -17.02826, -16.12525
-23.66688, -22.07579, -15.85659, -14.62054, -19.83257, -18.08275, -18.27665, -18.83615
-19.60509, -23.66848, -16.04657, -15.95443, -19.16439, -18.35549, -18.32306, -18.70910
-21.12212, -22.23444, -20.12759, -21.13106, -27.98583, -14.02393, -14.57014, -14.78728
-28.53436, -26.96058, -20.14193, -29.45854, -26.53468, -18.26082, -15.51888, -17.76391
-20.58746, -23.47797, -16.61032, -16.17308, -21.18553, -19.15426, -19.56335, -20.18543
-19.62393, -21.43294, -19.11824, -19.90967, -21.73305, -13.50124, -14.50164, -14.28333
-21.37522, -23.14303, -19.53489, -20.43490, -26.38589, -13.05030, -12.53259, -14.66273
-20.93049, -16.00903, -15.45454, -22.33392, -19.28225, -20.08143, -18.77912, -17.15552
-24.47178, -20.75047, -18.94885, -31.12844, -20.28929, -16.19985, -15.32122, -12.87652
-20.79202, -18.38067, -17.00585, -22.82304, -18.90808, -19.58218, -16.93784, -17.02269
-22.35965, -22.31113, -20.47987, -28.61290, -20.78592, -16.54772, -15.53329, -13.89089
-23.13034, -22.22858, -22.15998, -30.84902, -20.73326, -16.58627, -17.22872, -14.25719
-22.60718, -19.70764, -20.28111, -26.47912, -19.85532, -16.45613, -16.47858, -14.03898
-26.55677, -23.87055, -20.42933, -27.50472, -27.23639, -17.69833, -15.31958, -19.52741
-20.56592, -17.53294, -16.93782, -25.27122, -21.80582, -19.81755, -16.04511, -20.61290
-21.05061, -16.54360, -15.92062, -23.62695, -20.15621, -20.44809, -18.07392, -18.71345
-24.16565, -23.25444, -20.65373, -35.66198, -27.05836, -19.57398, -16.10599, -18.81276
-20.67201, -27.60329, -16.63994, -14.51749, -19.07538, -18.00758, -18.25738, -19.24003
-21.70687, -24.43682, -16.00701, -15.29187, -20.37045, -20.14868, -20.69893, -19.64552
-21.94392, -22.37065, -17.24409, -15.59606, -20.00621, -19.51209, -19.21953, -22.24860
-20.27926, -20.23479, -13.43218, -20.42213, -14.30054, -23.43502, -15.24019, -16.82461
-20.89525, -18.17228, -15.85385, -20.89703, -18.71171, -19.41472, -15.97713, -19.40677
-28.16922, -24.40530, -20.42697, -43.94231, -27.50061, -20.01290, -15.76558, -20.20111
-22.78991, -23.08424, -12.65795, -20.52978, -18.60565, -25.19532, -17.59552, -17.28213
-20.12909, -22.19023, -16.39943, -19.40188, -15.20109, -21.41220, -17.43892, -17.03926
-18.84287, -23.56102, -17.88591, -19.99405, -21.72312, -14.67179, -14.27423, -14.42546
-21.60106, -22.03687, -12.91058, -17.98149, -19.93924, -20.23049, -18.37770, -16.38146
-23.20880, -20.53554, -23.14466, -37.35316, -20.33088, -16.81575, -17.04228, -14.18469
-24.97207, -28.38909, -20.59136, -34.22059, -27.19061, -18.44515, -14.61793, -18.17498
-21.03735, -17.73979, -16.85619, -23.32471, -19.87975, -22.05554, -19.73172, -20.42668
-22.50065, -24.17415, -13.59801, -19.44689, -18.46171, -21.86107, -17.57855, -16.76534
-23.74213, -20.40179, -17.16179, -14.86505, -20.57660, -18.68399, -18.99118, -22.73715
-24.41623, -19.45039, -18.91437, -25.38899, -19.67481, -15.76663, -15.73516, -12.70917
-21.39782, -16.88632, -15.78125, -24.86814, -21.27886, -19.94308, -17.51501, -17.81231
-22.99328, -22.16037, -13.10293, -18.50705, -18.83940, -19.35121, -17.58501, -16.12845
-21.55649, -20.56121, -13.02988, -18.20345, -20.71870, -20.07324, -18.43113, -16.87425
-20.68687, -19.97072, -14.13879, -20.66892, -14.14513, -24.33898, -17.09583, -16.58204
-21.23480, -20.32454, -18.51019, -31.92597, -19.97207, -16.61497, -15.33142, -13.23847
-26.16056, -23.87507, -21.50553, -31.85013, -28.56566, -18.89405, -16.93507, -19.09654
-19.95389, -20.41210, -19.78663, -39.19226, -19.22504, -17.55015, -16.03002, -13.60595
-22.68517, -20.07084, -13.02529, -19.00046, -19.20653, -20.66144, -17.33646, -17.05983
-20.95573, -26.06172, -22.78913, -26.73873, -24.82845, -19.07692, -17.20914, -20.76559
-22.86236, -20.78478, -15.66617, -15.06435, -19.49396, -19.59306, -19.75336, -21.19009
-20.90678, -22.82837, -16.10700, -14.90817, -20.75232, -17.45112, -19.57243, -18.95763
-23.48241, -22.19751, -16.60606, -14.41426, -22.12560, -17.93414, -19.50865, -21.17085
-22.17723, -21.51560, -18.62703, -20.64248, -23.25496, -13.64449, -13.22959, -14.05632
-21.74271, -20.57597, -13.50045, -17.96883, -18.27955, -22.52969, -18.59550, -19.06057
-27.61818, -24.31400, -19.22450, -28.31540, -24.64673, -19.64601, -15.32242, -18.55195
-22.19936, -18.03524, -16.17040, -21.57761, -19.46511, -20.23238, -18.16464, -17.83654
-23.74229, -19.83679, -19.37546, -33.94945, -20.00758, -17.61439, -16.70800, -14.55557
-34.12063, -24.55197, -18.92413, -28.18551, -28.07467, -19.56175, -14.30385, -19.25304
-21.20584, -21.04828, -12.39308, -19.52676, -18.91070, -23.27017, -17.73546, -16.85744
-24.80672, -19.34532, -21.90535, -30.87909, -22.31677, -16.21471, -15.61090, -13.85237
-19.11787, -30.29513, -21.04551, -22.52296, -26.67353, -19.69664, -19.49545, -21.96678
-22.63170, -22.20896, -12.33185, -18.95013, -18.64461, -21.51721, -17.98585, -15.41599
-22.72875, -19.83164, -20.19033, -27.61890, -19.66552, -14.88915, -14.44795, -13.04863
-22.98389, -23.92584, -20.31743, -49.57782, -24.82630, -19.70001, -15.86192, -18.61456
-20.06713, -31.92104, -19.91856, -21.34016, -24.50936, -21.35872, -21.74699, -19.93299
-23.51255, -20.96516, -19.95173, -30.88990, -20.86056, -17.40742, -15.91935, -14.64766
-20.63689, -21.74985, -14.13278, -17.99397, -14.73556, -21.29366, -17.42911, -14.52831
-26.24046, -25.51017, -19.17937, -32.97092, -23.46044, -19.46679, -16.02126, -16.63482
-26.93881, -23.74659, -20.34395, -32.42418, -27.35934, -19.83898, -15.51475, -20.66917
-22.17585, -17.99488, -15.90443, -20.94601, -19.41346, -21.64882, -18.66456, -20.06350
-20.42928, -31.03003, -21.20888, -24.79232, -26.62509, -20.33225, -19.82800, -19.96362
-19.56745, -25.42123, -20.87266, -23.58550, -28.34550, -20.55765, -20.79518, -20.30084
-22.57725, -18.00218, -16.40479, -21.71716, -21.36117, -20.43376, -18.32399, -19.53942
-19.98136, -23.49287, -20.48480, -19.93289, -25.57886, -14.93708, -14.64618, -15.85170
-18.26687, -29.90884, -20.00364, -21.09870, -22.64363, -20.94806, -20.28472, -22.40500
-19.83720, -29.24009, -20.74241, -26.97707, -26.39086, -20.23240, -19.48032, -19.13745
-20.25095, -16.88246, -16.93941, -20.31346, -18.92305, -19.65599, -17.66312, -21.48147
-21.82060, -15.85370, -15.75249, -20.00340, -21.56134, -19.96584, -19.27384, -21.39976
-23.67275, -18.64247, -22.36295, -33.15910, -21.31159, -16.79777, -17.10646, -15.17501
-20.61321, -17.55206, -15.72728, -21.69885, -19.97457, -22.22776, -19.53185, -20.65138
-23.88866, -21.07573, -22.11709, -29.68251, -21.81882, -16.14269, -15.58429, -14.88372
-20.90182, -20.65663, -13.42511, -20.55707, -20.13374, -21.15254, -17.22352, -17.33749
-19.77555, -21.39404, -12.65595, -17.45410, -18.94984, -20.85953, -18.58142, -16.11920
-22.35472, -19.49046, -19.31480, -34.02819, -21.38891, -17.07587, -15.34315, -14.27854
-20.42927, -21.56813, -18.46977, -20.08516, -26.58416, -13.45308, -13.62481, -13.95396
-22.06462, -23.01850, -16.70761, -15.04508, -20.89248, -17.68292, -19.05192, -19.23729
-24.21305, -23.74802, -22.23937, -37.80085, -27.39376, -19.72724, -15.83487, -20.98588
-20.29723, -21.86272, -12.17291, -18.58406, -18.63034, -23.87146, -18.37278, -17.23008
-18.56764, -20.51588, -19.38100, -19.37410, -22.08504, -14.07575, -14.91595, -15.55032
-21.21867, -21.55969, -14.06425, -19.60580, -15.34373, -21.97299, -16.75994, -15.20104
-22.55949, -20.85410, -22.25194, -33.58702, -21.65049, -16.83211, -15.57479, -14.96152
-21.98956, -21.21327, -14.60715, -20.28798, -19.01650, -20.64832, -18.22757, -17.84857
-19.27871, -24.50947, -21.07485, -23.31786, -23.01336, -20.98160, -19.15286, -23.79388
-22.34551, -22.48700, -12.72448, -18.84381, -20.44836, -20.67311, -17.94381, -15.49767
-21.55216, -22.95708, -20.04333, -21.00635, -22.69136, -13.47641, -13.00096, -13.80136
-22.17289, -17.52228, -14.97000, -20.35074, -23.16558, -20.07207, -17.07806, -21.22754
-24.22019, -21.81735, -20.37662, -26.22846, -19.44085, -16.45577, -16.39475, -13.72116
-20.25751, -23.06883, -15.22707, -13.93123, -20.21357, -18.01130, -18.72212, -18.86474
-21.55762, -20.42723, -20.19204, -37.82685, -19.72043, -18.53823, -16.06329, -14.30501
-29.65848, -22.92862, -21.44186, -33.63919, -28.83883, -19.12997, -16.18386, -19.19396
-20.59911, -29.51459, -19.19002, -22.45129, -25.84006, -20.68112, -20.24677, -19.69605
-20.60272, -20.93174, -14.04860, -17.23133, -14.59847, -21.64471, -17.72427, -15.36035
-22.64222, -21.90611, -12.57380, -18.25728, -19.03953, -22.54283, -17.89959, -17.34690
-20.95436, -22.81753, -14.88735, -19.42813, -15.29788, -23.47301, -17.11245, -17.21842
-20.61965, -21.07796, -13.85127, -18.16273, -14.17018, -22.97887, -17.61592, -15.59508
-27.81186, -22.65415, -19.20324, -39.56177, -26.20574, -18.84435, -15.03666, -17.92346
-19.48837, -25.55437, -20.56686, -24.01264, -29.54726, -19.09454, -19.08399, -20.54490
-21.30830, -20.28151, -12.40155, -19.55484, -19.79202, -20.08197, -16.09653, -16.66084
-19.27585, -22.38282, -18.83136, -22.31898, -22.58287, -14.68046, -13.24260, -15.15583
-24.51081, -23.78815, -16.13513, -15.14176, -20.59558, -19.48256, -19.02436, -18.72603
-21.47733, -24.23122, -18.53902, -20.28120, -23.44825, -14.43565, -13.49669, -14.75439
-18.66366, -27.76682, -19.82988, -26.34610, -22.53089, -22.72476, -19.91973, -22.20486
-21.33312, -20.88638, -13.29785, -18.65053, -15.02843, -22.39700, -16.60023, -15.56309
-29.01349, -23.85041, -18.22289, -27.20183, -25.37200, -19.89721, -16.31372, -18.20969
-21.46613, -17.12050, -17.13433, -21.78405, -20.50567, -19.64902, -18.11580, -19.84208
-19.67613, -20.34646, -14.64853, -20.74359, -14.91905, -21.56289, -15.04053, -16.93613
-25.87584, -20.17806, -20.45000, -28.77073, -19.58391, -16.31583, -15.56574, -13.56829
-29.83906, -24.50928, -18.21827, -35.85636, -25.23382, -19.50917, -15.38164, -17.04977
-20.68199, -16.48745, -16.44718, -22.72665, -19.52734, -20.62074, -17.39837, -21.26705
-21.98081, -21.09774, -16.64223, -14.49801, -18.85329, -17.40046, -19.13116, -18.37261
-20.13294, -21.56954, -15.18619, -18.38303, -13.91796, -22.91591, -18.26121, -16.69530
-20.12925, -17.50070, -15.26070, -24.36458, -20.02200, -22.20497, -18.09259, -19.74461
-20.96440, -20.46109, -12.93117, -22.25957, -19.06395, -24.03042, -17.49751, -16.69203
-19.61798, -23.34740, -20.07672, -21.00206, -23.22109, -13.97131, -13.39200, -14.83919
-17.96646, -21.33072, -20.82705, -20.91839, -22.09352, -12.88702, -13.54351, -15.45694
-19.21037, -26.60413, -19.85543, -26.83592, -22.36676, -24.14936, -18.91007, -23.67152
-24.69803, -23.30284, -15.85490, -15.33961, -18.56801, -19.30019, -17.03154, -18.61341
-25.33461, -25.13474, -21.50265, -30.98097, -31.47424, -19.16017, -16.37905, -19.73439
-20.62217, -22.03935, -18.81477, -21.36366, -23.93838, -14.03988, -13.75125, -13.93472
-19.03085, -17.99821, -14.32872, -18.71173, -14.32428, -19.63088, -15.74201, -17.26114
-24.47903, -26.55041, -15.28643, -14.81314, -20.37204, -19.40185, -19.09290, -18.72802
-19.40597, -23.20088, -19.50993, -21.22830, -21.10028, -13.34856, -13.16799, -13.54260
-21.37555, -21.63912, -16.02249, -14.90954, -20.94985, -18.02655, -20.44657, -18.00140
-22.00846, -16.84715, -16.05930, -20.96264, -20.72968, -18.96431, -16.95468, -19.42148
-22.12441, -19.63717, -19.71751, -28.06923, -19.92173, -16.66177, -16.52786, -14.53635
-21.07142, -17.11844, -16.34254, -21.23566, -24.35792, -18.73122, -17.40766, -20.02393
-17.60063, -25.92553, -20.77563, -21.97837, -29.06813, -20.15254, -21.44910, -21.74393
-21.89689, -21.67079, -12.57779, -18.49630, -18.90946, -23.49179, -19.09434, -16.35596
-21.91955, -22.59459, -16.70146, -15.05458, -19.58715, -18.03483, -19.39150, -18.03879
-19.69518, -21.66493, -19.77399, -19.68654, -21.55808, -13.60366, -14.41284, -14.56455
-24.43896, -26.55636, -21.21961, -29.67871, -29.18464, -18.04237, -15.52933, -18.73028
-22.09896, -21.51042, -12.40477, -20.30570, -17.66907, -22.72233, -16.42038, -16.25973
-20.91000, -21.95142, -16.06594, -14.70162, -19.32945, -19.44290, -19.86212, -21.76187
-24.27419, -23.32932, -23.84145, -32.65279, -23.29807, -16.37832, -15.75704, -14.53307
-18.57275, -25.99427, -21.55529, -24.72355, -24.17622, -21.39316, -20.64879, -21.46994
-21.96199, -17.88333, -15.18793, -23.72945, -21.42394, -21.07520, -17.66439, -18.71848
-24.76658, -25.86642, -16.60461, -14.12351, -19.15454, -18.79578, -19.40875, -19.77477
-19.89969, -22.45096, -19.31543, -18.72977, -21.84538, -13.55384, -13.91479, -14.46876
-20.58487, -23.41256, -18.91417, -20.24337, -25.68072, -13.07494, -12.83294, -14.17858
-21.13208, -28.82051, -20.70797, -22.65927, -23.05074, -20.43838, -18.88971, -21.96391
-21.91033, -20.44664, -12.74015, -18.12567, -20.81989, -19.68975, -17.55340, -16.45308
-19.89571, -17.47076, -17.19451, -23.11308, -20.14543, -19.34505, -17.28892, -19.11282
-27.10601, -24.07615, -20.46085, -33.19106, -27.69660, -18.96750, -16.32782, -17.52115
-24.07327, -22.44968, -12.98080, -18.59465, -20.81717, -21.48583, -17.62534, -17.86226
-20.07245, -21.45040, -14.19920, -17.86905, -14.45764, -23.54210, -17.36851, -17.70533
-20.24692, -21.67080, -14.41130, -17.41429, -14.27094, -20.66721, -16.56653, -15.33804
-22.24317, -19.09080, -21.51820, -28.21735, -20.01712, -15.94678, -16.70133, -14.14719
-28.59215, -23.43413, -20.24348, -31.95595, -26.57203, -18.90084, -16.26345, -18.10660
-18.25296, -20.51878, -14.77742, -18.74456, -14.47421, -22.11504, -19.17301, -15.30583
-20.02777, -25.49072, -20.17483, -20.93501, -25.25176, -14.48036, -14.32636, -15.27112
-23.02556, -19.34934, -14.79483, -19.51508, -16.41507, -20.60186, -17.48238, -15.40612
-18.53283, -28.24268, -23.04822, -26.04168, -22.07556, -20.83883, -18.60371, -21.18709
-20.65202, -25.38235, -19.64376, -23.89402, -23.74516, -23.19675, -19.80786, -24.07032
-28.12814, -21.73711, -21.04207, -32.38467, -27.83123, -17.70593, -15.99745, -18.00924
-21.31932, -18.86146, -19.66507, -27.96995, -19.59774, -16.40747, -17.25895, -14.33474
-22.19333, -22.26465, -16.39906, -15.94293, -20.33427, -17.76380, -19.36399, -17.36605
-27.56259, -24.25356, -21.75388, -36.92203, -27.86097, -20.95583, -17.29648, -20.18066
-18.15646, -26.83414, -20.82031, -25.06095, -26.28693, -18.15583, -20.26300, -19.21817
-19.36838, -26.97423, -19.60885, -24.16838, -26.41218, -21.66827, -19.30983, -22.69961
-20.66857, -16.08471, -15.49017, -21.80022, -20.36181, -20.47110, -18.23414, -19.96384
-21.22279, -20.67596, -12.53805, -19.39969, -19.81982, -21.03034, -17.40162, -15.78721
-19.52576, -25.24447, -21.17515, -24.36876, -23.12618, -19.52493, -17.93389, -20.67415
-24.11672, -22.70535, -18.82850, -42.59923, -26.21633, -19.35479, -15.47074, -18.31335
-20.87514, -20.77255, -13.85541, -17.94612, -14.88935, -21.58100, -16.31363, -16.54853
-22.46659, -20.46894, -20.41645, -35.12240, -22.74813, -16.16473, -14.92135, -14.53424
-21.28839, -17.80161, -15.79636, -21.88525, -19.58943, -19.49408, -16.59087, -17.89159
-19.84250, -29.00966, -21.44352, -23.44019, -26.10807, -20.73864, -21.38007, -20.46014
-24.34090, -21.02478, -19.89217, -28.17791, -21.65878, -17.63840, -16.23321, -14.59267
-22.46687, -24.80842, -16.09182, -15.37534, -19.99024, -20.18482, -19.90498, -19.63012
-26.55853, -24.21921, -20.22624, -34.99205, -27.60059, -19.84268, -15.16663, -19.58208
-21.41808, -20.44749, -14.67565, -18.94714, -14.66895, -21.57813, -17.40271, -15.35838
-25.35538, -20.83049, -22.29490, -32.80370, -19.16894, -15.39276, -14.88070, -13.16248
-21.12442, -21.85279, -15.53375, -14.54783, -19.42356, -18.61108, -18.44579, -21.57794
-22.73548, -23.20369, -13.45245, -17.86127, -19.39138, -20.94890, -19.30607, -17.14330
-22.48307, -21.21838, -20.36065, -25.81742, -20.89283, -15.93658, -17.13127, -13.24080
-20.29116, -25.65187, -21.06837, -22.10191, -23.34275, -13.63571, -12.65869, -13.88580
-19.82116, -22.81861, -15.85182, -14.96755, -20.55221, -20.14990, -21.13915, -22.20168
-22.26473, -19.62355, -19.90603, -25.39330, -19.55304, -15.53085, -15.73353, -14.61445
-23.57914, -20.97368, -13.06767, -19.05052, -20.05863, -23.29292, -18.59591, -18.86152
-23.30422, -23.35093, -12.81579, -17.44246, -18.04185, -21.64472, -17.88944, -16.57289
-22.59591, -21.49896, -12.55519, -18.26100, -18.29252, -19.50296, -15.77083, -15.73578
-22.52852, -19.24873, -19.88497, -39.39645, -20.47822, -17.54067, -15.09370, -15.00841
-25.42608, -25.80238, -20.83898, -30.81748, -29.56200, -18.69693, -16.42129, -18.75628
-20.69101, -21.82122, -12.98680, -19.21386, -13.13022, -23.30767, -14.81643, -15.00702
-24.39139, -18.50953, -16.55715, -19.84831, -20.92280, -20.72777, -19.74850, -18.84024
-24.21876, -23.39666, -15.26391, -14.47200, -21.67775, -18.99259, -18.12005, -20.60946
-20.49120, -20.74905, -19.20204, -20.68028, -24.81450, -13.36061, -13.21724, -13.77347
-21.80696, -19.01501, -15.63088, -21.21456, -22.04962, -20.27966, -17.78396, -19.07265
-19.30315, -20.96114, -14.97119, -20.21182, -14.93781, -21.06034, -17.40661, -15.23285
-20.85112, -17.97416, -15.25770, -21.46984, -19.66872, -21.13019, -18.04107, -18.69053
-20.96915, -22.00781, -14.42536, -19.26118, -15.82820, -21.35336, -17.26565, -14.65305
-19.06746, -25.59206, -23.11561, -24.43372, -24.46583, -19.34995, -18.77364, -22.81229
-20.57306, -20.14475, -13.41840, -16.69805, -14.20361, -21.01921, -16.56667, -16.43308
-20.14223, -19.54007, -14.04550, -19.45977, -15.57924, -22.93201, -17.26506, -17.65027
-21.78202, -21.54231, -13.42141, -19.83848, -20.21643, -19.93224, -17.02907, -16.94050
-25.17922, -25.24110, -21.01410, -33.11879, -29.64179, -18.57777, -16.11884, -18.04201
-20.85403, -17.25649, -14.77441, -19.17170, -19.59022, -20.31258, -18.39680, -19.10933
-20.00731, -20.20663, -17.64238, -18.83607, -22.34609, -13.27218, -13.28761, -14.00321
-21.98590, -20.88675, -13.62033, -18.66714, -17.71830, -20.55074, -18.86246, -16.23012
-19.95204, -20.30652, -14.39144, -18.48420, -14.63537, -20.44416, -16.12774, -15.55978
-20.11160, -20.51326, -13.64882, -18.24501, -14.14555, -21.76691, -16.38352, -16.15224
-23.02405, -19.35963, -21.75266, -30.28062, -22.49224, -16.00429, -15.72457, -15.56774
-20.89481, -18.66198, -14.44787, -19.08391, -14.60251, -19.57312, -16.81604, -14.82664
-23.89751, -19.78606, -14.19641, -17.86838, -14.78100, -20.66476, -16.51332, -15.02985
-21.68643, -17.95539, -15.58987, -20.14244, -19.53580, -19.83690, -17.55828, -18.82156
-19.32072, -23.80813, -23.83943, -22.04468, -23.19099, -13.88278, -13.51274, -15.48195
-23.73329, -16.97197, -15.14602, -20.83194, -20.53320, -19.86474, -16.96281, -18.59663
-20.47881, -23.61590, -20.18893, -20.99568, -24.71482, -13.74247, -13.72174, -13.72292
-23.77191, -23.03850, -16.94870, -15.89050, -21.12762, -19.19112, -18.83965, -21.42480
-20.23961, -18.98758, -15.81178, -22.25908, -14.73673, -20.83074, -16.57015, -15.17746
-19.27153, -22.60513, -19.17904, -20.27886, -24.11661, -13.24193, -12.96623, -15.38932
-20.03511, -25.12513, -22.07678, -28.35380, -24.87384, -19.87279, -19.41997, -20.28586
-21.11699, -20.60244, -15.70255, -14.90872, -20.86352, -18.48765, -20.20920, -20.33695
-19.36758, -22.00064, -19.96103, -19.46577, -25.26444, -13.57690, -14.43880, -13.96171
-19.23560, -29.29469, -21.28845, -25.57947, -25.66838, -21.22923, -19.80764, -19.93572
-18.90962, -26.44975, -21.13509, -26.66248, -26.56723, -20.20584, -18.97829, -20.58457
-18.95807, -21.49120, -20.48285, -20.29747, -21.56466, -14.09176, -13.88425, -15.86108
-24.48559, -21.71575, -21.11228, -32.06177, -23.16159, -20.09594, -16.41501, -20.12959
-21.17429, -16.65370, -15.94853, -23.02350, -20.22181, -19.67193, -16.47563, -19.93217
-22.04781, -20.25113, -13.41132, -19.48490, -18.86508, -20.27293, -17.56094, -17.37948
-22.88789, -21.72685, -13.02243, -18.41989, -18.85595, -22.61777, -19.25124, -17.21846
-22.00610, -21.72710, -16.34247, -14.18028, -20.76241, -18.50421, -19.79812, -20.74750
-19.74292, -28.48249, -22.57756, -23.59794, -22.73089, -19.98675, -19.89060, -21.16794
-21.61910, -24.11442, -15.93765, -14.78389, -20.39410, -20.33964, -20.36120, -23.68787
-22.40424, -24.17916, -12.77627, -19.87036, -18.50543, -22.60018, -16.58306, -16.30250
-23.98265, -21.04078, -13.52854, -19.73324, -19.10277, -21.22341, -17.50179, -16.60663
-19.64324, -29.17918, -21.42160, -24.41411, -24.29404, -21.82682, -20.74155, -22.64560
-20.56801, -21.30371, -16.49900, -16.46245, -20.68783, -17.67680, -18.45958, -18.98077
-19.47807, -21.16153, -11.83674, -20.31876, -20.00768, -20.77921, -16.75603, -16.07886
-20.97186, -17.11153, -16.21925, -21.85558, -19.69378, -20.61943, -17.29176, -20.95082
-20.71794, -19.86181, -14.10002, -19.61836, -14.33438, -23.96138, -18.19131, -16.16495
-25.38561, -20.78885, -22.45028, -30.21660, -22.96794, -16.66949, -16.97855, -14.53797
-22.79478, -20.01867, -12.08318, -18.30058, -20.80660, -22.59873, -19.06447, -16.36218
-20.71866, -22.12194, -19.95097, -20.48799, -26.04428, -13.22509, -14.12599, -14.99115
-20.94099, -18.22145, -16.14801, -21.75711, -18.92526, -21.74362, -19.07406, -19.47750
-24.73772, -23.75196, -22.12620, -30.68434, -26.51975, -19.11981, -15.78333, -20.65520
-23.39460, -20.89581, -20.02057, -29.53201, -21.07614, -16.15347, -15.61697, -12.85509
-19.95999, -27.01942, -20.46286, -23.93259, -28.02552, -20.13775, -19.54486, -21.13519
-22.60442, -20.48599, -12.62596, -19.10457, -18.71727, -22.84169, -17.49779, -17.49297
-22.09654, -23.13265, -16.03246, -15.77534, -19.51306, -18.24562, -18.55004, -17.63996
-19.78301, -22.47280, -18.67905, -19.98687, -22.91064, -12.66938, -12.50713, -14.00588
-21.79973, -19.95563, -19.45136, -24.79039, -18.10938, -17.86313, -16.91128, -15.08359
-19.24758, -26.24364, -19.59581, -22.21143, -21.91441, -20.09376, -18.23980, -20.48827
-20.17326, -17.49038, -16.03681, -25.33784, -20.32148, -20.80211, -17.99066, -18.34095
-21.92877, -23.49951, -21.37208, -20.83774, -23.37167, -13.87542, -14.69696, -13.65178
-25.96706, -22.80331, -20.10640, -38.13166, -26.02543, -20.02944, -16.35065, -19.47650
-22.25278, -17.30275, -15.36853, -22.28978, -21.57586, -20.76808, -17.83679, -19.30864
-22.13538, -21.02832, -13.07029, -19.28878, -20.24218, -20.45023, -17.55653, -17.04804
-21.08860, -20.62040, -19.18193, -19.75701, -24.75150, -14.72091, -14.68592, -16.02859
-19.09111, -26.44567, -20.05779, -22.97854, -21.73136, -14.71532, -13.25040, -14.93513
-20.13321, -16.63953, -15.67025, -25.09931, -18.90662, -20.58011, -16.66709, -18.35108
-26.69866, -24.97742, -18.98308, -37.26883, -25.00360, -20.20944, -15.10689, -17.12105
-28.72390, -24.89693, -22.36105, -33.31697, -28.49335, -19.18727, -16.04296, -18.00655
-20.46264, -16.39643, -14.78334, -22.98117, -20.11664, -21.75484, -17.21737, -21.92457
-20.30748, -20.53626, -13.33790, -19.11227, -16.40874, -22.76959, -17.76616, -15.83454
-21.05012, -21.09917, -13.81804, -18.31672, -14.43101, -22.22724, -16.96748, -15.32783
-22.23724, -17.96875, -16.29441, -21.61615, -19.46872, -19.68707, -17.07300, -17.55021
-21.30609, -24.94266, -19.56578, -22.32874, -25.33651, -20.02214, -18.90089, -21.26211
-19.56289, -23.26667, -20.56650, -25.69971, -26.59771, -19.07681, -20.51994, -18.15737
-23.48649, -21.22899, -16.96775, -14.71058, -21.31945, -17.35150, -20.47830, -19.08333
-23.81278, -19.62422, -20.06110, -31.96865, -20.78027, -16.93651, -15.67508, -13.94773
-21.18160, -26.12413, -21.40932, -22.53224, -27.09078, -17.91166, -18.58878, -19.24444
-21.62223, -20.74324, -12.32980, -17.70001, -18.67979, -21.28375, -18.27290, -16.95510
-26.09955, -25.28412, -21.30471, -28.06505, -26.19087, -19.57699, -16.02022, -19.16483
-22.79116, -20.75190, -21.16300, -24.95856, -22.07700, -15.44128, -16.66435, -14.81342
-19.92407, -23.31304, -19.44287, -21.52708, -22.65522, -14.17162, -12.40832, -14.69122
-22.55183, -17.12389, -16.17483, -21.85056, -20.69095, -19.29006, -17.63260, -17.14988
-20.83586, -25.14474, -18.40615, -19.61606, -22.49704, -14.13980, -13.32512, -13.20714
-20.42459, -23.39630, -19.10904, -20.21088, -22.79088, -13.56731, -13.72881, -14.48398
-20.78827, -18.17495, -14.46269, -16.79546, -16.09710, -18.19945, -15.58481, -16.97534
-18.54650, -22.32713, -20.17516, -21.68915, -24.98202, -13.26975, -13.39233, -15.53995
-24.04707, -26.33354, -20.80183, -29.29679, -25.72167, -18.91875, -15.14433, -18.25106
-20.96800, -21.54185, -22.74894, -29.66801, -22.17471, -16.32550, -15.60042, -15.11554
-19.87555, -21.95503, -14.58594, -18.33298, -14.74371, -21.79129, -17.01273, -15.66798
-22.42845, -22.70519, -15.96213, -16.51818, -19.92132, -19.89169, -18.90898, -20.00568
-20.40999, -21.85974, -20.77445, -22.43294, -25.08759, -13.53684, -12.88769, -14.62735
-21.94676, -22.37024, -15.01783, -18.42467, -15.22771, -22.16038, -16.65601, -17.55248
-19.49909, -24.17892, -21.29933, -19.74982, -24.05917, -13.45117, -13.73393, -13.98966
-20.53558, -15.46084, -15.39650, -21.34362, -21.02416, -18.68101, -16.92114, -19.03120
-21.65309, -16.68902, -15.76781, -19.84513, -24.57383, -17.55547, -16.46588, -19.26412
-23.43669, -19.44033, -23.92478, -35.53738, -19.51517, -16.20071, -15.63158, -14.67213
-20.70529, -21.36164, -15.18800, -17.45766, -16.25143, -20.28953, -16.86818, -17.56780
-19.95592, -17.52682, -15.87077, -22.07419, -19.14468, -21.41649, -17.46049, -21.31094
-21.20525, -24.27074, -19.39852, -19.93266, -24.25350, -13.22390, -13.12404, -13.68829
-19.69152, -21.81784, -14.79351, -18.34536, -15.28254, -20.58501, -17.59415, -14.96196
-20.21935, -27.53514, -19.00136, -22.73434, -24.73978, -22.18245, -19.17810, -22.38212
-20.52784, -27.79780, -18.55033, -20.77362, -22.29395, -20.67537, -18.80112, -21.67345
-22.08714, -23.88101, -15.56245, -15.07380, -17.62824, -19.09418, -19.23207, -18.26145
-19.66850, -27.88433, -20.98736, -27.59104, -24.26874, -22.86016, -21.12554, -21.62205
-19.72776, -23.18687, -19.78329, -22.66614, -23.06005, -13.70096, -13.64717, -13.71943
-20.91362, -20.40507, -13.77225, -17.55848, -15.30874, -22.75233, -17.82767, -17.17589
-20.02220, -21.09553, -13.95108, -17.71357, -13.32047, -23.04139, -16.99657, -16.10846
-22.67658, -20.74435, -20.72579, -32.45246, -21.71170, -15.78168, -16.36396, -13.13121
-19.91992, -21.88790, -18.89216, -21.58810, -23.44556, -13.63664, -13.50310, -14.16061
-23.63071, -21.02372, -20.75502, -27.58607, -22.14629, -17.49212, -17.18913, -15.37425
-23.92540, -26.95331, -20.17457, -41.30629, -26.55102, -19.47213, -15.45549, -17.82753
-21.18030, -23.84055, -16.76420, -15.61411, -20.31567, -18.30907, -19.04188, -19.48635
-20.02687, -18.06727, -16.24080, -22.65902, -19.10288, -20.27553, -17.71416, -17.65905
-21.12843, -21.54574, -14.61961, -19.68930, -15.54973, -22.34243, -16.61262, -16.46583
-19.95972, -22.18052, -22.26320, -20.47965, -26.35560, -12.78181, -14.00195, -14.37109
-19.92664, -22.66798, -20.31620, -22.47014, -23.96613, -14.47207, -13.67744, -14.93805
-22.17059, -16.85879, -15.62090, -20.62002, -22.01687, -19.74890, -18.13974, -19.86450
-20.86814, -20.96893, -13.84180, -17.95690, -14.34698, -22.60176, -18.19070, -15.73893
-23.94374, -19.34853, -19.43115, -27.02709, -20.51033, -15.47650, -15.45485, -13.84403
-24.43496, -21.58842, -12.07959, -18.01958, -20.70780, -22.17283, -18.17193, -16.55595
-22.67569, -20.88495, -15.48683, -14.84560, -20.04662, -18.29083, -18.21064, -20.45424
-22.29221, -23.37740, -17.07240, -15.96387, -21.99597, -18.43077, -18.02822, -20.73463
-20.38084, -18.63653, -16.27194, -22.94048, -21.39789, -20.33049, -16.39687, -20.62531
-23.42216, -22.54214, -15.71596, -14.57026, -20.03252, -19.23331, -19.89611, -19.72069
-19.94120, -20.91181, -20.34888, -19.66700, -21.50163, -13.07653, -13.24511, -15.20256
-22.54527, -22.77088, -13.14662, -18.61802, -18.71794, -20.20351, -18.26831, -15.00176
-21.52245, -20.82914, -13.90103, -18.59013, -19.65554, -20.62799, -19.35345, -16.73412
-20.85702, -20.52410, -14.85168, -17.41008, -13.73646, -21.85180, -17.23481, -16.51013
-22.82816, -20.70819, -12.17671, -17.84607, -19.07556, -21.61397, -17.02253, -17.20194
-21.72200, -21.04333, -15.37766, -14.03201, -19.99699, -18.93716, -20.73721, -20.30696
-24.62934, -26.74797, -21.13025, -34.76379, -28.35701, -17.73798, -15.55358, -17.42401
-21.97348, -21.69526, -13.13308, -20.27300, -19.02897, -21.58238, -17.04729, -18.60816
-21.61181, -20.01650, -15.88528, -15.56059, -21.20153, -18.03396, -19.76484, -18.80948
-21.46321, -17.28150, -16.29210, -22.58049, -22.48082, -20.40176, -17.79958, -20.97990
-20.96409, -17.28223, -15.45528, -21.61242, -18.83945, -21.15769, -18.36370, -19.19355
-23.80033, -23.95907, -15.84237, -16.07233, -19.63218, -20.88846, -20.40304, -19.76773
-20.04474, -21.92162, -13.00012, -18.60565, -19.38995, -20.23046, -18.33254, -16.92350
-20.55846, -17.39740, -16.18540, -22.94089, -21.60300, -20.18202, -17.55305, -20.25260
-21.34978, -20.22967, -14.87362, -19.38385, -14.88273, -20.66870, -16.20212, -16.27852
-24.11445, -22.16400, -16.37436, -14.31072, -21.84179, -18.92308, -22.35571, -19.73839
-20.09358, -16.44184, -15.78594, -22.37296, -20.70195, -19.19352, -18.00579, -17.27024
-22.69183, -22.52918, -15.68213, -15.31956, -17.59496, -19.48585, -18.57891, -18.47814
-20.05714, -21.75952, -13.74995, -20.97028, -15.72678, -22.32881, -16.23634, -14.88913
-20.37894, -19.54637, -20.17879, -20.46369, -23.21577, -13.38048, -14.26909, -14.46394
-24.74378, -21.27457, -12.78344, -19.25006, -19.21286, -23.13454, -18.67226, -16.44671
-22.14728, -20.48950, -12.39737, -19.95475, -18.86144, -23.22876, -17.99961, -17.54437
-19.55761, -26.70267, -19.83817, -21.18259, -23.13342, -20.04945, -18.98741, -20.83310
-18.94345, -27.58495, -23.15390, -22.81875, -24.85381, -19.35058, -19.53107, -23.18776
-19.47674, -24.91342, -22.08708, -22.96516, -23.05136, -18.52909, -18.28434, -20.14574
-20.71686, -22.93520, -20.23946, -20.11727, -24.22475, -12.75302, -13.61744, -12.98645
-23.41014, -18.85210, -19.85885, -24.62993, -22.10232, -15.04369, -17.34364, -13.27959
-19.26403, -22.52992, -21.16730, -21.78599, -22.22726, -13.83295, -13.61999, -14.95862
-21.90700, -16.09235, -15.66249, -20.45747, -20.65402, -18.62973, -18.93637, -17.60932
-22.74424, -19.94598, -20.26776, -28.57869, -21.26178, -16.65234, -16.72311, -13.92852
-23.13695, -21.16077, -12.28221, -18.25252, -19.44853, -21.45074, -17.71507, -16.17109
-19.58826, -23.98530, -22.13491, -21.73812, -26.75168, -13.06906, -14.00810, -13.08418
-20.83148, -23.00439, -14.37666, -18.72471, -15.67782, -20.21979, -16.99244, -14.01183
-20.14644, -17.45539, -17.14857, -23.27406, -22.22919, -20.11071, -18.92902, -19.50681
-25.06631, -22.04102, -19.44811, -27.91816, -21.90836, -16.71886, -14.59627, -14.94836
-20.99817, -21.84126, -14.10569, -20.60245, -14.92255, -23.41187, -16.27372, -15.91851
-18.01081, -25.59401, -20.65070, -24.66315, -21.82940, -21.14584, -19.56715, -22.99526
-22.75713, -20.42714, -13.49449, -19.77843, -19.09452, -21.21256, -19.19733, -16.04611
-20.91971, -26.86101, -19.57883, -21.58986, -24.60939, -19.23815, -19.29942, -18.84119
-20.34772, -24.17474, -18.56942, -19.29678, -22.50388, -14.19530, -13.24159, -14.65119
-20.55168, -22.65101, -19.24572, -20.52151, -26.17928, -12.64743, -12.85545, -13.63527
-21.07233, -19.88509, -13.23584, -18.03085, -15.40649, -21.31398, -16.80927, -15.13182
-26.39615, -25.12369, -19.18389, -34.16049, -24.33289, -19.74690, -15.73230, -17.06453
-24.10221, -20.00598, -20.48055, -27.28087, -23.96371, -15.74770, -16.23081, -13.96500
-22.28136, -19.80974, -12.87961, -19.61205, -20.27880, -20.76327, -17.32270, -16.96020
-22.19803, -19.85763, -13.59370, -19.66961, -19.12092, -22.87344, -18.91983, -18.46383
-21.91043, -21.72860, -16.14833, -14.73125, -19.67204, -19.27744, -20.17476, -21.94499
-20.36994, -20.46464, -19.70591, -20.36402, -22.05926, -13.44706, -13.81244, -14.71809
-18.66156, -30.84223, -18.59812, -22.56527, -23.98052, -21.83922, -19.26955, -21.12815
-21.48386, -21.09803, -13.99383, -17.98429, -15.31881, -20.67062, -17.49965, -14.41629
-22.04218, -21.35957, -13.29979, -18.89600, -17.27865, -20.81769, -17.27696, -17.10516
-21.57722, -20.61808, -12.87578, -20.54498, -19.30925, -20.68655, -16.59358, -17.29507
-19.09819, -29.94129, -21.76789, -25.83792, -25.58618, -20.41074, -19.35431, -19.15703
-20.63603, -27.69001, -20.50591, -25.12774, -22.99241, -20.33541, -18.70210, -19.20921
-20.98016, -22.29960, -16.68506, -15.04656, -21.20076, -17.93247, -18.82707, -20.45272
-27.78588, -24.48608, -18.02372, -28.20987, -25.65149, -18.91832, -15.89782, -17.84951
-21.24222, -20.20611, -14.00108, -19.42511, -14.22968, -22.61808, -16.16623, -16.45947
-20.84770, -23.29345, -15.61627, -14.86845, -21.48570, -18.13284, -20.12830, -18.15755
