0.195462,0.380542,0.261115,0.114215
0.209479,0.330556,0.359885,0.627142
0.368611,0.616901,0.370187,0.333096
0.664101,0.130944,0.326106,0.341910
0.320410,0.612184,0.448275,0.261834
0.079188,0.286332,0.353693,0.507431
0.677253,0.199051,0.095695,0.426114
0.470120,0.738288,0.275669,0.459003
0.080255,0.381295,0.270232,0.234053
0.438305,0.501785,0.678211,0.357386
0.366615,0.308019,0.711792,0.231314
0.083786,0.302191,0.268958,0.343693
0.456031,0.370524,0.665358,0.163425
0.466007,0.380291,0.663206,0.630064
0.436782,0.363032,0.796349,0.393698
0.408141,0.805674,0.324070,0.583771
0.388111,0.527414,0.291329,0.276936
0.502945,0.226104,0.844120,0.559636
0.554427,0.853937,0.414610,0.324360
0.048220,0.380350,0.286342,0.296172
0.631053,0.050282,0.845486,0.486747
0.463683,0.857918,0.414747,0.353430
0.392237,0.363971,0.728962,0.550653
0.562620,0.283544,0.095875,0.365702
0.492982,0.167427,0.778452,0.337678
0.555396,0.235766,0.159419,0.267681
0.008030,0.311612,0.334453,0.540110
0.222913,0.384240,0.248001,0.101659
0.040018,0.239174,0.256310,0.478675
0.689392,0.169486,0.080100,0.390337
0.652991,0.194647,0.058284,0.409887
0.351178,0.619547,0.398249,0.401242
0.311381,0.695022,0.315355,0.450999
0.581499,0.188136,0.187772,0.394554
0.579175,0.182576,0.147587,0.407647
0.424458,0.606452,0.372914,0.466942
0.297234,0.333075,0.460035,0.400279
0.102519,0.275016,0.425776,0.704072
0.497813,0.264319,0.610375,0.358671
0.139311,0.300527,0.240232,0.160370
0.048850,0.291776,0.331868,0.516980
0.336888,0.260903,0.686570,0.184758
0.152491,0.352848,0.380517,0.280392
0.551256,0.471905,0.256061,0.445576
0.202279,0.332057,0.382300,0.275754
0.645706,0.275249,0.169832,0.423785
0.616197,0.165110,0.122698,0.463969
0.042241,0.322273,0.280369,0.357994
0.148760,0.333535,0.297445,0.108447
0.733272,0.083906,0.123060,0.425864
0.023342,0.300507,0.301129,0.413422
0.447741,0.904616,0.411224,0.452775
0.422220,0.530294,0.424787,0.309854
0.054746,0.305733,0.273074,0.290806
0.559714,0.145459,0.241621,0.356420
0.659203,0.306664,0.139017,0.280519
0.196757,0.262292,0.418687,0.589499
0.038212,0.267613,0.318012,0.566768
0.647812,0.766941,0.357746,0.483370
0.345751,0.306307,0.639975,0.253576
0.342792,0.301230,0.684541,0.385704
0.109993,0.357157,0.249769,0.194772
0.062456,0.387803,0.304480,0.288052
0.281848,0.668974,0.272469,0.602916
0.557055,0.904886,0.355071,0.560552
0.384281,0.360576,0.564499,0.094655
0.381297,0.821644,0.384373,0.356216
0.567230,0.346817,0.368784,0.501850
0.388353,0.789573,0.417420,0.398261
0.638759,0.844814,0.536652,0.305868
0.669594,0.211740,0.052881,0.461708
0.045434,0.359335,0.349324,0.572141
0.432253,0.304361,0.389267,0.460018
0.320346,0.735420,0.321137,0.573344
0.175791,0.342304,0.609682,0.213461
0.431077,0.275381,0.752355,0.505536
0.488649,0.179264,0.711091,0.272779
0.641578,0.128173,0.094378,0.480251
0.551205,0.094933,0.334211,0.456081
0.075955,0.365282,0.340991,0.634107
0.216731,0.593219,0.321179,0.311800
0.609506,0.119961,0.214417,0.518342
0.611918,0.715857,0.371193,0.352425
0.606683,0.050623,0.234597,0.515270
0.528764,0.143046,0.127926,0.520825
0.733406,0.133554,0.034926,0.431862
0.419965,0.287902,0.129747,0.330487
0.640372,0.474926,0.355241,0.298774
0.393565,0.726175,0.380224,0.213494
0.052188,0.215923,0.246961,0.400120
0.397633,0.219980,0.757040,0.212193
0.657357,0.153566,0.301420,0.353119
0.458630,0.714156,0.350547,0.330855
0.379030,0.392086,0.526017,0.522823
0.639905,0.150360,0.218325,0.301738
0.250361,0.321530,0.536591,0.207702
0.845428,0.366862,0.173846,0.417780
0.424823,0.690037,0.315347,0.395576
0.377026,0.591515,0.230918,0.700190
0.471532,0.741352,0.235262,0.662175
0.366872,0.726456,0.416840,0.257441
0.097443,0.236636,0.269732,0.283934
0.570822,0.222910,0.120900,0.461508
0.805189,0.155258,0.188838,0.392131
0.469857,0.188478,0.535962,0.354473
0.601940,0.257713,0.200274,0.342111
0.389013,0.731450,0.275306,0.527565
0.158689,0.326098,0.458601,0.508357
0.558493,0.255857,0.759022,0.103065
0.727282,0.241003,0.368681,0.583621
0.294203,0.665496,0.449228,0.431026
0.070394,0.227921,0.365748,0.674058
0.454180,0.357812,0.481984,0.225921
0.406940,0.724474,0.407167,0.231044
0.386655,0.681593,0.315706,0.349930
0.510558,0.593312,0.417345,0.246491
0.429013,0.310688,0.635518,0.445736
0.137880,0.177352,0.317089,0.436284
0.199859,0.401984,0.275692,0.128327
0.445830,0.184775,0.198954,0.347507
0.456242,0.454141,0.695859,0.641315
0.228863,0.428285,0.256163,0.131047
0.442205,0.215897,0.722761,0.374063
0.196037,0.349733,0.340400,0.700476
0.427132,0.596983,0.422862,0.313351
0.439168,0.384418,0.794592,0.452554
0.024317,0.302219,0.309152,0.489065
0.531011,0.790032,0.422136,0.326931
0.098396,0.345769,0.243452,0.212120
0.090379,0.301075,0.332790,0.416207
0.437688,0.237374,0.628641,0.227801
0.541268,0.701198,0.365168,0.293423
0.462790,0.749837,0.278049,0.411598
0.692970,0.120088,0.183910,0.449351
0.903944,0.308564,0.282779,0.387094
0.507113,0.191369,0.765302,0.447725
0.501543,0.770124,0.529457,0.346791
0.514600,0.733123,0.361839,0.312728
0.451256,0.362013,0.391834,0.146555
0.517966,0.623196,0.373412,0.270235
0.184426,0.310383,0.370634,0.680504
0.416453,0.180351,0.220946,0.304231
0.206627,0.287873,0.282529,0.084132
0.720267,0.555083,0.393088,0.305902
0.487958,0.108546,0.252779,0.427950
0.051685,0.260423,0.359945,0.419644
0.340327,0.217918,0.609187,0.186357
0.158115,0.364002,0.240886,0.131650
0.191321,0.391889,0.254720,0.088341
0.655160,0.189967,0.443676,0.653483
0.340982,0.281604,0.577389,0.221735
0.520269,0.272225,0.331601,0.362034
0.435917,0.499537,0.672509,0.466137
0.604378,0.258536,0.277990,0.293324
0.238437,0.505785,0.322664,0.544469
0.453434,0.263543,0.799928,0.302292
0.006126,0.271258,0.317032,0.476162
0.404702,0.750834,0.312136,0.490547
0.223602,0.174570,0.380160,0.545832
0.400451,0.169342,0.177030,0.421585
0.327326,0.766131,0.363607,0.345356
0.363690,0.421913,0.624275,0.455559
0.524641,0.292854,0.710722,0.149662
0.070484,0.164996,0.443126,0.708941
0.048114,0.287879,0.374258,0.596258
0.075493,0.221363,0.401816,0.662825
0.106505,0.416503,0.256453,0.215583
0.184240,0.401070,0.266351,0.131729
0.087448,0.291630,0.231829,0.344545
0.482235,0.312449,0.270881,0.646211
0.226689,0.315050,0.412174,0.583897
0.079467,0.216792,0.291932,0.348260
0.771695,0.254973,0.154882,0.391332
0.522646,0.730287,0.426589,0.329506
0.782887,0.374118,0.148003,0.411697
0.344314,0.125242,0.290796,0.467939
0.643516,0.572468,0.436653,0.341742
0.397983,0.704905,0.350281,0.266228
0.324413,0.785874,0.303504,0.417573
0.394675,0.297856,0.363133,0.699304
0.328853,0.395341,0.330812,0.229104
0.317991,0.359623,0.589197,0.357532
0.194379,0.344016,0.163074,0.260190
0.513906,0.223847,0.864914,0.484434
0.315341,0.335116,0.659235,0.279072
0.187588,0.532008,0.329635,0.692675
0.030274,0.380854,0.327471,0.465918
0.340343,0.312591,0.701672,0.470777
0.051659,0.258677,0.243420,0.337505
0.070831,0.373568,0.269235,0.303733
0.626435,0.146461,0.185966,0.295803
0.135588,0.349794,0.237559,0.171831
0.736484,0.058036,0.130437,0.512505
0.716646,0.198679,0.288380,0.348246
0.634502,0.236185,0.266140,0.311830
0.492418,0.630861,0.378646,0.320025
0.540187,0.554900,0.435917,0.352876
0.185267,0.391825,0.371304,0.369928
0.731642,0.126896,0.111028,0.358617
0.240118,0.420787,0.265630,0.122157
0.711011,0.381005,0.611523,0.312930
0.309182,0.351971,0.666901,0.422110
0.220272,0.520598,0.283313,0.149645
0.646212,0.343327,0.154051,0.319097
0.590858,0.140921,0.315633,0.382192
0.416165,0.716828,0.475449,0.340067
0.512130,0.236352,0.505406,0.148766
0.551266,0.719491,0.481154,0.278637
0.061786,0.198874,0.402758,0.617023
0.059827,0.284607,0.299420,0.445629
0.613525,0.358422,0.301998,0.423520
0.253064,0.636039,0.334084,0.559659
0.748671,0.242140,0.053338,0.492285
0.326092,0.616564,0.283168,0.546098
0.760318,0.296310,0.125296,0.355157
0.102078,0.335305,0.287605,0.186376
0.354610,0.691401,0.302601,0.634335
0.648091,0.279248,0.162513,0.325008
0.768384,0.463017,0.275235,0.408813
0.692934,0.436990,0.220492,0.488611
0.434756,0.826137,0.305673,0.482662
0.494433,0.339075,0.282275,0.556761
0.485172,0.566857,0.534514,0.241960
0.552751,0.182071,0.096720,0.463724
0.705435,0.312687,0.202377,0.357712
0.165474,0.388823,0.270677,0.141866
0.463991,0.667699,0.386200,0.291412
0.364749,0.711632,0.370895,0.286336
0.206347,0.373079,0.237303,0.131879
0.148244,0.337895,0.261800,0.122602
0.050402,0.306383,0.252171,0.347039
0.516098,0.185598,0.324968,0.218373
0.695797,0.153699,0.061685,0.476107
0.330860,0.237148,0.846985,0.350475
0.327081,0.290917,0.383666,0.511551
0.037005,0.387820,0.317911,0.453968
0.063340,0.279118,0.239817,0.284359
0.765300,0.201553,0.104856,0.452655
0.403017,0.269702,0.699978,0.450219
0.029871,0.172842,0.350198,0.517151
0.811402,0.076060,0.317739,0.454333
0.590720,0.402401,0.485036,0.280958
0.035503,0.241039,0.398827,0.597373
0.299739,0.630892,0.479850,0.542428
0.558338,0.881609,0.407754,0.346504
0.375377,0.290594,0.600949,0.282061
0.774694,0.251625,0.214671,0.312226
0.588194,0.617642,0.296155,0.427085
0.528387,0.857912,0.457249,0.312963
0.361097,0.417162,0.217479,0.419683
0.005537,0.238140,0.355079,0.488233
0.359944,0.156901,0.293662,0.315689
0.627386,0.287672,0.194761,0.301588
0.026749,0.219496,0.285388,0.441819
0.382024,0.300326,0.231758,0.218661
0.582566,0.383535,0.357054,0.510850
0.424465,0.165477,0.369304,0.493059
0.494789,0.310705,0.090119,0.457249
0.027613,0.234638,0.334221,0.590954
0.576676,0.291457,0.166598,0.452629
0.127706,0.199335,0.387749,0.587581
0.389635,0.684261,0.528363,0.462005
0.425731,0.369815,0.246283,0.420127
0.059386,0.265943,0.273471,0.489261
0.383090,0.493476,0.224577,0.364351
0.617365,0.278572,0.139390,0.470472
0.493389,0.241260,0.179947,0.402839
0.235955,0.599403,0.323049,0.451316
0.229967,0.601946,0.508000,0.513786
0.608217,0.564991,0.579496,0.212556
0.337479,0.292226,0.658770,0.580159
0.212116,0.656170,0.334919,0.446455
0.085193,0.354739,0.272154,0.248854
0.376194,0.315937,0.473581,0.624786
0.479958,0.722913,0.402976,0.210962
0.043873,0.256513,0.319521,0.578442
0.391461,0.317253,0.559061,0.179350
0.239390,0.317437,0.384218,0.263955
0.399291,0.166334,0.755139,0.255428
0.618447,0.083639,0.299275,0.321311
0.266605,0.399619,0.383302,0.633603
0.717856,0.120053,0.226459,0.344569
0.243671,0.379549,0.262923,0.106481
0.291540,0.689053,0.393624,0.278060
0.025045,0.359763,0.330598,0.351203
0.465556,0.410949,0.431821,0.184701
0.142831,0.362749,0.259177,0.097434
0.428614,0.844397,0.352884,0.503094
0.025401,0.264839,0.291824,0.412872
0.215563,0.350889,0.252911,0.087063
0.380303,0.637040,0.324477,0.432539
0.385617,0.385078,0.323979,0.249864
0.340917,0.407512,0.352731,0.175318
0.239563,0.417055,0.300532,0.136389
0.444481,0.116926,0.747821,0.253380
0.544237,0.261781,0.178920,0.252809
0.586892,0.855788,0.457711,0.298648
0.108333,0.286713,0.245267,0.235312
0.023480,0.261360,0.266966,0.426243
0.195192,0.356818,0.227702,0.110039
0.439046,0.289570,0.667178,0.426415
0.462305,0.259242,0.219489,0.425719
0.509672,0.241186,0.498549,0.224563
0.544648,0.550306,0.508802,0.217739
0.372790,0.131302,0.331115,0.341043
0.493666,0.740026,0.452560,0.361391
0.468251,0.717555,0.344903,0.386083
0.647587,0.705102,0.494349,0.263332
0.335520,0.290517,0.775630,0.285767
0.516949,0.147938,0.224218,0.322164
0.515820,0.853111,0.379809,0.445543
0.370281,0.397376,0.653714,0.185040
0.110339,0.390110,0.271805,0.287455
0.294219,0.612273,0.311318,0.623084
0.370362,0.261179,0.704339,0.539009
0.425210,0.247685,0.662806,0.406624
0.326918,0.427831,0.350080,0.131897
0.770891,0.247864,0.090670,0.465995
0.480746,0.266595,0.838158,0.291772
0.656408,0.363967,0.166035,0.507563
0.328534,0.728793,0.291802,0.343285
0.357939,0.336990,0.688732,0.458254
0.631706,0.159840,0.428907,0.381861
0.935850,0.114985,0.108078,0.450344
0.257515,0.381422,0.293585,0.090972
0.351161,0.183114,0.716813,0.210608
0.068085,0.270905,0.295003,0.294727
0.062518,0.308764,0.267797,0.318133
0.675595,0.274676,0.381192,0.481870
0.075786,0.288035,0.266249,0.612644
0.030182,0.255015,0.410225,0.664791
0.382065,0.356616,0.231893,0.351181
0.070988,0.216668,0.384171,0.535089
0.293652,0.725418,0.300440,0.511686
0.865766,0.103837,0.337934,0.590666
0.297270,0.710028,0.307659,0.644951
0.432195,0.453682,0.392575,0.259117
0.056250,0.177426,0.300981,0.458876
0.017827,0.226275,0.397154,0.599623
0.615128,0.185527,0.544849,0.593783
0.363822,0.359008,0.452604,0.178520
0.602976,0.161295,0.845883,0.578121
0.511273,0.743578,0.433333,0.266331
0.393679,0.519511,0.407080,0.226834
0.508575,0.763078,0.417854,0.290799
0.249418,0.401687,0.319253,0.087559
0.624609,0.685554,0.392323,0.315310
0.428679,0.661059,0.422302,0.355262
0.958321,0.102652,0.164482,0.357650
0.700969,0.221039,0.125690,0.309094
0.425378,0.238340,0.637480,0.509870
0.379219,0.704148,0.310717,0.344197
0.322339,0.313238,0.671327,0.285016
0.025333,0.278314,0.315341,0.430096
0.055810,0.143774,0.416627,0.683900
0.849183,0.321535,0.234508,0.409383
0.030911,0.239237,0.275222,0.443804
0.543611,0.138396,0.226901,0.361509
0.673245,0.228736,0.302286,0.320117
0.037703,0.326096,0.278501,0.382595
0.441968,0.717367,0.262640,0.555642
0.410805,0.169325,0.321790,0.201721
0.710073,0.323065,0.232074,0.348143
0.571613,0.640987,0.422784,0.264840
0.510135,0.158981,0.206694,0.336278
0.663373,0.192206,0.112502,0.334148
0.607935,0.345886,0.121849,0.516499
0.668880,0.301554,0.292744,0.267503
0.317728,0.699853,0.314963,0.368934
0.065721,0.299076,0.243067,0.322055
0.288166,0.694323,0.361170,0.314955
0.480302,0.728665,0.392943,0.611896
0.040154,0.310510,0.300389,0.531058
0.918667,0.194330,0.171383,0.569480
0.377793,0.435224,0.649692,0.384385
0.188457,0.303225,0.224716,0.394621
0.463625,0.884435,0.374972,0.350472
0.189609,0.334650,0.263682,0.086647
0.440515,0.412570,0.559366,0.572427
0.277525,0.319359,0.477104,0.484771
0.096630,0.362038,0.266894,0.187153
0.086656,0.225247,0.391556,0.722658
0.410393,0.161484,0.883648,0.281599
0.078896,0.333851,0.310597,0.305125
0.379648,0.737081,0.324512,0.331776
0.148450,0.314670,0.254845,0.116439
0.323730,0.654726,0.279010,0.696430
0.627468,0.656702,0.472981,0.301398
0.500717,0.223635,0.343193,0.378234
0.557679,0.199435,0.807526,0.234424
0.538693,0.790525,0.312215,0.476147
0.512942,0.836813,0.399779,0.348195
0.188468,0.388917,0.263689,0.088850
0.403246,0.247526,0.729802,0.163877
0.485023,0.718907,0.316416,0.465484
0.231616,0.622356,0.313211,0.656010
0.618311,0.735821,0.463449,0.362734
0.283901,0.251574,0.568533,0.318793
0.308335,0.735483,0.343268,0.477493
0.673827,0.329530,0.418140,0.293821
0.350941,0.581239,0.442005,0.285233
0.296121,0.573731,0.261818,0.322657
0.451348,0.260848,0.596612,0.183418
0.690651,0.278474,0.097864,0.272926
0.262112,0.397341,0.294913,0.094766
0.876542,0.167552,0.091589,0.443038
0.194909,0.383073,0.278590,0.138825
0.484596,0.266698,0.918339,0.385024
0.625494,0.183865,0.245495,0.338903
0.187048,0.305599,0.256522,0.110675
0.016911,0.188382,0.338035,0.586883
0.456831,0.724195,0.326165,0.315109
0.604731,0.296779,0.199816,0.440874
0.075403,0.377709,0.272828,0.258809
0.479986,0.283697,0.456179,0.576918
0.491818,0.527346,0.424571,0.495655
0.123523,0.332283,0.287558,0.113193
0.505042,0.859032,0.375810,0.415704
0.041394,0.159511,0.340253,0.568133
0.754747,0.288017,0.608208,0.408108
0.448397,0.722520,0.373038,0.354953
0.192609,0.261477,0.168827,0.303414
0.600128,0.292494,0.858421,0.489903
0.541251,0.252077,0.528699,0.236112
0.687464,0.248593,0.226225,0.201439
0.238603,0.408943,0.430200,0.534016
0.681469,0.865786,0.534966,0.351026
0.288768,0.544222,0.436876,0.212665
0.533147,0.226653,0.142777,0.560198
0.426924,0.228905,0.707917,0.417248
0.281922,0.731480,0.315507,0.448156
0.034799,0.311036,0.368484,0.574639
0.523719,0.214091,0.737921,0.482437
0.628813,0.260733,0.611446,0.164315
0.167115,0.293334,0.327761,0.627538
0.584643,0.256051,0.740376,0.366440
0.277071,0.360898,0.737477,0.505791
0.175666,0.295458,0.294527,0.207172
0.425616,0.328405,0.899808,0.461040
0.347752,0.726262,0.351141,0.305942
0.251021,0.513161,0.398199,0.374164
0.379140,0.282919,0.651836,0.228229
0.141671,0.525374,0.367416,0.661181
0.485428,0.102390,0.164982,0.538098
0.357473,0.503673,0.434329,0.233668
0.305116,0.328404,0.542280,0.297882
0.245275,0.613805,0.285685,0.271165
0.082696,0.366566,0.254728,0.260772
0.289497,0.737262,0.429803,0.569588
0.612516,0.247972,0.498029,0.220295
0.308096,0.363771,0.607179,0.319583
0.582654,0.221387,0.861446,0.330567
0.216801,0.318150,0.333752,0.437541
0.341381,0.303075,0.627661,0.189371
0.458205,0.245665,0.599080,0.195219
0.429756,0.844865,0.334691,0.591949
0.517305,0.282112,0.326838,0.359833
0.530418,0.167306,0.120533,0.443608
0.463239,0.146501,0.839978,0.345431
0.111248,0.303717,0.512956,0.649232
0.465912,0.313535,0.699826,0.518271
0.436106,0.378873,0.506575,0.273050
0.163070,0.282284,0.381879,0.694284
0.158830,0.321187,0.248166,0.122153
0.331264,0.668448,0.336279,0.324284
0.125289,0.411561,0.263596,0.160445
0.431053,0.265591,0.708038,0.373911
0.480607,0.392316,0.703035,0.586373
0.659885,0.264901,0.863959,0.435002
0.082082,0.315350,0.250328,0.289898
0.349953,0.349026,0.196016,0.408629
0.485307,0.788410,0.256462,0.512217
0.174666,0.318309,0.359934,0.313534
0.325883,0.626998,0.256054,0.557103
0.022598,0.175583,0.338233,0.558786
0.468247,0.198912,0.626421,0.218300
0.640503,0.393512,0.103049,0.520971
0.366176,0.306328,0.693939,0.223633
0.852841,0.373803,0.540325,0.213861
0.281455,0.366511,0.295382,0.080502
0.271434,0.608934,0.263741,0.492733
0.105535,0.372245,0.262235,0.151790
0.104434,0.314357,0.360227,0.585334
0.559131,0.417116,0.132418,0.474754
0.467578,0.384884,0.484675,0.146886
0.282844,0.735967,0.353470,0.415720
0.673810,0.268056,0.212407,0.633484
0.263124,0.389548,0.262567,0.105700
0.283465,0.531197,0.290938,0.681570
0.047369,0.290624,0.368071,0.527119
0.777040,0.207483,0.175161,0.613298
0.578597,0.311124,0.164283,0.377015
0.686448,0.126659,0.151725,0.454435
0.470573,0.175458,0.294613,0.379272
0.264062,0.566098,0.357046,0.304249
0.345015,0.397018,0.479998,0.103443
0.312030,0.275451,0.678787,0.467333
0.207054,0.240439,0.498186,0.593764
0.705983,0.072183,0.187872,0.474073
0.062731,0.279558,0.269546,0.271224
0.492285,0.152740,0.707974,0.258133
0.756616,0.169857,0.279116,0.439164
0.017451,0.348773,0.323063,0.509108
0.358533,0.381322,0.653786,0.222863
0.404947,0.270175,0.207008,0.277432
0.153450,0.298210,0.246045,0.198565
0.487098,0.212430,0.593299,0.103728
0.482924,0.735983,0.340045,0.350285
0.587270,0.254833,0.085010,0.493218
0.272339,0.333209,0.498536,0.228459
0.633285,0.137990,0.118396,0.303073
0.037055,0.332851,0.352380,0.666364
0.886206,0.187191,0.142269,0.482435
0.283966,0.536141,0.543656,0.249340
0.055811,0.264675,0.276273,0.425943
0.381969,0.610780,0.265247,0.731790
0.277267,0.297277,0.543500,0.620948
0.820604,0.221435,0.100072,0.389644
0.367430,0.470626,0.565098,0.270550
0.443020,0.116638,0.196084,0.385033
0.161635,0.376101,0.245331,0.126656
0.070661,0.332321,0.283505,0.274088
0.434358,0.507781,0.666377,0.444505
0.403494,0.819017,0.298786,0.558931
0.541586,0.126346,0.798410,0.350524
0.411617,0.553866,0.354287,0.286321
0.414965,0.685749,0.308353,0.679464
0.475361,0.310339,0.185721,0.608345
0.258779,0.370864,0.577483,0.231701
0.185182,0.424575,0.285191,0.080944
0.660230,0.338061,0.163519,0.392135
0.605621,0.095471,0.267477,0.476010
0.563433,0.246992,0.327929,0.348548
0.330375,0.254928,0.765690,0.504610
0.300122,0.207859,0.346488,0.424392
0.158874,0.315512,0.375217,0.545996
0.134659,0.552642,0.290308,0.431001
0.744127,0.357107,0.093296,0.397294
0.427211,0.295395,0.325765,0.188352
0.399150,0.343468,0.661265,0.643939
0.484252,0.148513,0.315599,0.243638
0.539079,0.189980,0.133116,0.339868
0.517625,0.658292,0.358141,0.470645
0.137677,0.343060,0.231062,0.187730
0.557671,0.119605,0.190611,0.430315
0.697761,0.122539,0.232836,0.261572
0.520581,0.368142,0.196163,0.393394
0.670923,0.710024,0.428874,0.320009
0.069350,0.287449,0.269576,0.415280
0.720367,0.473264,0.500642,0.366793
0.310119,0.445597,0.246436,0.375363
0.192760,0.529113,0.323514,0.516883
0.080193,0.418646,0.301675,0.337022
0.320424,0.265501,0.620558,0.431114
0.560479,0.265104,0.361037,0.564680
0.352641,0.247795,0.763283,0.374104
0.447840,0.578118,0.402390,0.306668
0.487200,0.636533,0.349954,0.377879
0.774238,0.695819,0.522099,0.349071
0.482661,0.266580,0.228483,0.339785
0.218010,0.365017,0.264820,0.104354
0.451600,0.308978,0.686619,0.091747
0.360200,0.268643,0.222328,0.277130
0.279810,0.546240,0.260866,0.614428
0.400924,0.256844,0.652758,0.445425
0.448192,0.306855,0.524398,0.104344
0.596501,0.822888,0.376094,0.505596
0.153428,0.356001,0.235395,0.177423
0.663783,0.217009,0.149053,0.418187
0.032533,0.349517,0.369002,0.614036
0.282479,0.351090,0.709003,0.245381
0.426838,0.222483,0.680144,0.267533
0.354499,0.251582,0.687578,0.453060
0.213383,0.323644,0.499705,0.348191
0.023228,0.255730,0.339908,0.630168
0.069087,0.304161,0.287384,0.373126
0.347986,0.730686,0.330714,0.619634
0.860546,0.005723,0.213649,0.426451
0.018642,0.218923,0.355111,0.654949
0.386133,0.607016,0.352192,0.272030
0.415041,0.190179,0.748579,0.294976
0.555560,0.295489,0.639903,0.593621
0.060442,0.337608,0.291358,0.317014
0.140114,0.364484,0.231201,0.177439
0.176398,0.327760,0.244991,0.340389
0.508178,0.144750,0.666399,0.225930
0.167863,0.340935,0.320686,0.495577
0.428088,0.338724,0.631946,0.600149
0.692584,0.145814,0.269429,0.458105
0.061451,0.291272,0.271133,0.269236
0.460197,0.201341,0.250010,0.392016
0.475641,0.368347,0.752246,0.502307
0.757748,0.069287,0.201108,0.350775
0.420456,0.679103,0.237727,0.641728
0.483653,0.292033,0.620175,0.689993
0.378415,0.366234,0.482097,0.514017
0.423941,0.592421,0.385806,0.287513
0.026756,0.347475,0.332072,0.489158
0.703665,0.211933,0.099968,0.384754
0.473013,0.743713,0.256558,0.505420
0.456618,0.304467,0.246745,0.283731
0.126571,0.153487,0.374278,0.392993
0.324152,0.626975,0.292177,0.602596
0.402807,0.625928,0.257071,0.610043
0.604840,0.705496,0.346204,0.303973
0.579078,0.351817,0.870086,0.530454
0.280125,0.402848,0.285644,0.088969
0.583844,0.249253,0.059005,0.426765
0.232840,0.402321,0.593206,0.264355
0.617454,0.224535,0.161558,0.370290
0.589325,0.593884,0.399829,0.358513
0.739980,0.135185,0.267060,0.372807
0.745651,0.050125,0.817692,0.382391
0.038246,0.254592,0.334847,0.605665
0.368565,0.752396,0.312766,0.539598
0.638800,0.618666,0.440195,0.349196
0.386206,0.495775,0.470614,0.371338
0.177727,0.368096,0.246194,0.118262
0.677527,0.226092,0.153956,0.385668
0.463017,0.232287,0.605364,0.296358
0.166876,0.383703,0.273097,0.131587
0.034504,0.193615,0.361447,0.549281
0.378299,0.244746,0.536905,0.108368
0.534726,0.189036,0.722585,0.406031
0.515097,0.384493,0.576854,0.529824
0.102734,0.369899,0.272233,0.237613
0.762971,0.207992,0.163704,0.437389
0.671145,0.293380,0.091844,0.381469
0.265132,0.654945,0.394513,0.528893
0.591445,0.843410,0.437136,0.302337
0.243771,0.318651,0.253715,0.123262
0.217423,0.381018,0.516826,0.121807
0.049382,0.349171,0.264844,0.288021
0.054321,0.172560,0.405531,0.620958
0.242451,0.300652,0.317706,0.073392
0.036149,0.244817,0.310572,0.548451
0.562739,0.294464,0.232698,0.337439
0.039164,0.195173,0.377947,0.577505
0.614264,0.245177,0.292960,0.497127
0.198313,0.397889,0.255829,0.097446
0.445593,0.127004,0.188810,0.526898
0.020361,0.333100,0.335962,0.497727
0.389550,0.339030,0.641955,0.423464
0.056928,0.268121,0.289166,0.363614
0.585900,0.845765,0.506455,0.398390
0.497225,0.370804,0.853262,0.452085
0.028270,0.300557,0.373596,0.527482
0.606273,0.458011,0.238092,0.323182
0.590570,0.262366,0.118159,0.329993
0.151499,0.293209,0.232904,0.154158
0.050645,0.310209,0.345099,0.576439
0.400778,0.343630,0.792229,0.375903
0.410949,0.315968,0.750075,0.449929
0.053300,0.241723,0.291912,0.335385
0.695418,0.130255,0.147631,0.387744
0.034563,0.258569,0.309101,0.569222
0.368251,0.394128,0.594485,0.089673
0.251953,0.394026,0.288522,0.074397
0.285286,0.281074,0.179021,0.427793
0.262521,0.379671,0.394825,0.620455
0.671667,0.103881,0.177484,0.390426
0.240418,0.476733,0.370750,0.542870
0.382684,0.377064,0.405349,0.305023
0.389854,0.354487,0.357227,0.107024
0.389408,0.220182,0.679918,0.286112
0.369705,0.350179,0.254484,0.206788
0.217801,0.386426,0.250071,0.093214
0.608809,0.158369,0.301440,0.318623
0.599412,0.144835,0.763997,0.304106
0.064565,0.273602,0.333655,0.555477
0.991746,0.104572,0.343672,0.497260
0.453016,0.644777,0.230945,0.642149
0.395529,0.639516,0.333932,0.595416
0.414826,0.576649,0.390059,0.337036
0.087361,0.329002,0.247364,0.285110
0.529945,0.263248,0.052546,0.293633
0.455665,0.640977,0.226057,0.313182
0.429471,0.335739,0.727922,0.388822
0.569887,0.740815,0.459886,0.302036
0.349464,0.293835,0.515827,0.749242
0.303056,0.376389,0.743230,0.278081
0.123107,0.357836,0.257801,0.141450
0.359610,0.677476,0.359617,0.382058
0.628783,0.238860,0.763508,0.542797
0.257213,0.321683,0.683109,0.212955
0.794141,0.186453,0.174554,0.314002
0.508418,0.203991,0.444095,0.252573
0.403915,0.809924,0.346614,0.537980
0.026512,0.259405,0.318553,0.471954
0.640304,0.880026,0.475742,0.367051
0.595120,0.771780,0.537031,0.278262
0.454341,0.566876,0.388398,0.299394
0.516553,0.389584,0.562160,0.636916
0.530591,0.738540,0.390017,0.333263
0.446363,0.265076,0.752286,0.472110
0.022110,0.321414,0.330358,0.460565
0.810385,0.162735,0.128290,0.412402
0.417354,0.227430,0.190830,0.313317
0.387393,0.227988,0.647505,0.187960
0.351549,0.211132,0.737340,0.346305
0.121791,0.343655,0.241153,0.246316
0.341653,0.636739,0.391760,0.594913
0.951987,0.036787,0.255022,0.410141
0.224157,0.470142,0.317197,0.609850
0.224615,0.633183,0.321032,0.214316
0.605182,0.186981,0.719639,0.485022
0.554586,0.768933,0.437166,0.347104
0.388015,0.278367,0.180247,0.370955
0.441196,0.613970,0.495044,0.204391
1.000000,0.226112,0.265812,0.426295
0.407108,0.681057,0.323527,0.533670
0.026241,0.283066,0.315070,0.514125
0.294135,0.230425,0.218203,0.337283
0.238316,0.419903,0.265388,0.118455
0.540408,0.426995,0.784259,0.576518
0.041988,0.362708,0.335013,0.503642
0.737353,0.080481,0.221484,0.417758
0.432377,0.355690,0.572522,0.181874
0.055720,0.329746,0.292193,0.496743
0.364701,0.750196,0.376645,0.277687
0.627058,0.153438,0.224733,0.413182
0.517000,0.303163,0.195925,0.382872
0.326293,0.716448,0.297742,0.495979
0.216091,0.402585,0.283680,0.099477
0.635199,0.687673,0.328906,0.697632
0.620145,0.371904,0.197269,0.405694
0.479876,0.202267,0.276100,0.401774
0.097953,0.400013,0.434228,0.552639
0.381414,0.549484,0.238866,0.617374
0.623080,0.675810,0.416907,0.244336
0.619861,0.792242,0.286042,0.418288
0.738551,0.159422,0.315757,0.398202
0.292056,0.748582,0.380648,0.466739
0.145244,0.276596,0.429584,0.591833
0.688609,0.125733,0.280214,0.415884
0.524874,0.101340,0.165543,0.511712
0.372216,0.256686,0.750751,0.397696
0.387805,0.327381,0.718362,0.344090
0.326064,0.262596,0.647106,0.310085
0.153109,0.326135,0.401596,0.540701
0.144208,0.367625,0.280107,0.139045
0.076434,0.350363,0.251798,0.242190
0.239391,0.392001,0.277865,0.094286
0.427950,0.381183,0.390723,0.086118
0.565999,0.885738,0.328001,0.451848
0.280820,0.336952,0.483780,0.172132
0.670350,0.219627,0.117693,0.360091
0.043190,0.291851,0.253196,0.332328
0.166790,0.410591,0.280751,0.104439
0.610394,0.301122,0.592192,0.259519
0.405899,0.205993,0.836417,0.329148
0.478816,0.815216,0.300288,0.463277
0.196058,0.369733,0.250461,0.090818
0.156410,0.352177,0.238247,0.132489
0.409987,0.840616,0.418019,0.426255
0.478744,0.886927,0.382726,0.392596
0.269371,0.399900,0.289476,0.111413
0.209298,0.252645,0.321799,0.316281
0.355010,0.594531,0.615061,0.421620
0.596262,0.786255,0.337274,0.330561
0.031193,0.159876,0.359085,0.599241
0.312115,0.327835,0.644921,0.340023
0.604288,0.238656,0.314319,0.307981
0.459362,0.212300,0.166455,0.273325
0.036558,0.374343,0.343614,0.479872
0.050071,0.269937,0.320136,0.530781
0.407756,0.267023,0.560606,0.185804
0.162593,0.245450,0.324383,0.263940
0.719413,0.126143,0.318903,0.347193
0.031101,0.206096,0.380612,0.628255
0.564830,0.127141,0.143632,0.386744
0.065370,0.346363,0.273798,0.260557
0.419520,0.275593,0.705081,0.172585
0.455779,0.280609,0.622261,0.217843
0.472307,0.321785,0.830796,0.381999
0.278712,0.569110,0.387713,0.554500
0.282551,0.530674,0.272609,0.176484
0.365859,0.339220,0.616771,0.279478
0.275781,0.428812,0.308334,0.107788
0.156195,0.314623,0.241068,0.149625
0.265299,0.258141,0.298304,0.294996
0.598066,0.154084,0.423858,0.325742
0.060800,0.277331,0.266472,0.302064
0.549465,0.889557,0.404626,0.431682
0.147631,0.340177,0.257814,0.157246
0.421236,0.495015,0.704136,0.440333
0.738796,0.330328,0.088568,0.480059
0.409556,0.264114,0.882095,0.303778
0.590820,0.322383,0.173396,0.421470
0.866518,0.116779,0.191180,0.502415
0.469823,0.505269,0.611726,0.571231
0.449836,0.653239,0.457175,0.224948
0.479436,0.820988,0.357999,0.366962
0.206328,0.357664,0.234132,0.125972
0.131869,0.402584,0.281074,0.111450
0.487369,0.388503,0.694734,0.450764
0.805191,0.000000,0.109694,0.487373
0.678507,0.518947,0.402321,0.285293
0.374338,0.239746,0.798337,0.380396
0.068872,0.312537,0.316968,0.356000
0.036918,0.307177,0.317942,0.461796
0.382654,0.848613,0.334784,0.547889
0.769400,0.261066,0.242643,0.447308
0.302775,0.314758,0.648761,0.095963
0.037853,0.282247,0.316632,0.520626
0.737201,0.327513,0.209638,0.457353
0.073764,0.287156,0.318102,0.481871
0.298719,0.509849,0.298406,0.515610
0.552657,0.339751,0.462712,0.156735
0.642467,0.173121,0.709226,0.247380
0.572849,0.820278,0.391788,0.333489
0.184968,0.238968,0.397332,0.867408
0.234505,0.305173,0.383641,0.637043
0.546849,0.324612,0.830217,0.161315
0.145565,0.385805,0.278496,0.116323
0.666809,0.349217,0.186167,0.385283
0.025273,0.291676,0.321129,0.536433
0.541083,0.138913,0.309646,0.330121
0.469557,0.304643,0.477676,0.450593
0.508421,0.033538,0.309271,0.338227
0.444453,0.110711,0.854154,0.357534
0.406570,0.198053,0.480079,0.282850
0.389360,0.295771,0.439775,0.216353
0.479899,0.216671,0.228007,0.527030
0.321248,0.364809,0.347089,0.234561
0.037968,0.372505,0.347735,0.535468
0.329356,0.259906,0.247322,0.395633
0.039206,0.317288,0.285235,0.334414
0.614837,0.155734,0.651571,0.229981
0.044165,0.345954,0.305638,0.488314
0.575236,0.302410,0.446298,0.521945
0.596139,0.690708,0.461424,0.304160
0.454755,0.766500,0.344024,0.340193
0.170844,0.330680,0.260978,0.100808
0.794484,0.276758,0.022057,0.444549
0.313505,0.343363,0.709923,0.532846
0.376847,0.402161,0.684430,0.236505
0.389222,0.296847,0.688270,0.442529
0.265916,0.215121,0.236888,0.596729
0.057788,0.194325,0.377011,0.694747
0.106306,0.321393,0.367511,0.608757
0.083967,0.311798,0.232073,0.263864
0.520181,0.208340,0.492554,0.328197
0.186404,0.409713,0.269147,0.127415
0.514569,0.151578,0.682403,0.170398
0.645416,0.135476,0.569591,0.197817
0.917603,0.080885,0.149132,0.511529
0.251189,0.284632,0.638246,0.317277
0.124023,0.402685,0.276998,0.214119
0.395186,0.558307,0.565852,0.350776
0.246827,0.319706,0.422683,0.619368
0.497525,0.863647,0.392879,0.378648
0.742441,0.096602,0.130414,0.521782
0.284464,0.724691,0.368849,0.638791
0.365268,0.591734,0.302413,0.533101
0.459963,0.583088,0.447915,0.561237
0.116798,0.221023,0.420486,0.656741
0.467860,0.286493,0.165210,0.322263
0.047712,0.349116,0.315939,0.439116
0.557303,0.143829,0.591019,0.380130
0.305208,0.243262,0.770169,0.310988
0.083917,0.304466,0.239767,0.254103
0.383153,0.341389,0.879623,0.389370
0.440008,0.124102,0.622431,0.350308
0.105203,0.344540,0.234836,0.172831
0.087893,0.340317,0.226825,0.291798
0.239504,0.569522,0.282720,0.596917
0.574713,0.704095,0.444213,0.323571
0.531752,0.851967,0.374678,0.356870
0.415174,0.191801,0.697526,0.411836
0.366856,0.598643,0.597372,0.313596
0.168435,0.410598,0.246254,0.128290
0.343068,0.641532,0.279156,0.282250
0.427530,0.772075,0.429852,0.272017
0.640955,0.915444,0.493103,0.381898
0.725884,0.218064,0.213958,0.513809
0.244344,0.376047,0.598680,0.286093
0.369837,0.770784,0.391791,0.487271
0.016584,0.279554,0.317732,0.451878
0.142037,0.346076,0.255067,0.118338
0.373800,0.623327,0.245774,0.530155
0.423628,0.646327,0.405459,0.268674
0.458883,0.301867,0.779452,0.459386
0.019475,0.325782,0.334064,0.362368
0.377754,0.235807,0.656828,0.265156
0.118181,0.392196,0.275796,0.119440
0.760145,0.156902,0.215743,0.324602
0.464576,0.561720,0.401857,0.239058
0.299158,0.305462,0.151563,0.311318
0.074787,0.409493,0.290870,0.284303
0.063494,0.327876,0.299949,0.405647
0.443423,0.340567,0.658509,0.513303
0.199003,0.390635,0.293190,0.068911
0.404299,0.702610,0.449796,0.209230
0.035703,0.367641,0.336153,0.393652
0.035572,0.245713,0.265903,0.351742
0.400475,0.339177,0.513102,0.619517
0.169586,0.409006,0.253216,0.125381
0.692579,0.256477,0.275553,0.346280
0.407757,0.558413,0.348748,0.744964
0.625979,0.226120,0.170625,0.384251
0.382708,0.748596,0.308905,0.543461
0.664694,0.054415,0.134583,0.432140
0.497320,0.173578,0.747494,0.388388
0.454144,0.179321,0.243216,0.534648
0.658981,0.325157,0.176928,0.443841
0.435120,0.264135,0.632319,0.235633
0.049726,0.288219,0.265578,0.333309
0.728083,0.626073,0.558346,0.484110
0.046438,0.245051,0.259899,0.356749
0.047553,0.282940,0.293958,0.416836
0.139504,0.373342,0.249062,0.145495
0.554219,0.324868,0.735828,0.209104
0.181916,0.146731,0.373984,0.683686
0.681365,0.439967,0.282397,0.342351
0.571755,0.825702,0.423605,0.337213
0.336255,0.480943,0.627876,0.194631
0.522085,0.789280,0.376429,0.268213
0.083735,0.223755,0.407913,0.702492
0.662990,0.211477,0.161062,0.401934
0.595220,0.284006,0.825436,0.560037
0.294649,0.482443,0.509078,0.207518
0.009110,0.217136,0.334029,0.586831
0.405714,0.142001,0.239870,0.475618
0.398044,0.578925,0.310269,0.294109
0.178690,0.377635,0.254278,0.085480
0.438813,0.239778,0.782929,0.413816
0.351697,0.569033,0.245883,0.405899
0.122592,0.376401,0.260843,0.142434
0.397694,0.345974,0.854659,0.403326
0.411310,0.338852,0.676328,0.335690
0.489134,0.269398,0.211150,0.452102
0.049167,0.363259,0.264629,0.253164
0.389361,0.741003,0.340628,0.421455
0.387190,0.272212,0.716586,0.425829
0.072059,0.289585,0.215715,0.266839
0.499633,0.631776,0.405752,0.399958
0.132181,0.416137,0.373938,0.262521
0.240301,0.431823,0.391749,0.715782
0.721383,0.215115,0.299153,0.402929
0.316531,0.395521,0.314586,0.097173
0.466444,0.646230,0.394062,0.278053
0.384897,0.736782,0.354670,0.720135
0.728350,0.245588,0.113325,0.362051
0.414405,0.232822,0.448852,0.454873
0.398333,0.188336,0.214837,0.283185
0.600865,0.713638,0.368754,0.418917
0.616250,0.437466,0.186336,0.411805
0.439592,0.213471,0.737031,0.293138
0.245668,0.655359,0.333203,0.684450
0.658068,0.185346,0.373516,0.261942
0.718829,0.011083,0.329977,0.403905
0.345411,0.270019,0.654510,0.371901
0.061055,0.312958,0.247181,0.309837
0.280650,0.356777,0.615033,0.407131
0.040196,0.337631,0.275766,0.341736
0.460652,0.194052,0.690476,0.178550
0.410174,0.319661,0.768963,0.326791
0.388094,0.636101,0.278624,0.632648
0.467216,0.864073,0.404688,0.418932
0.356461,0.691436,0.336077,0.294712
0.347429,0.338711,0.643148,0.209962
0.054930,0.317296,0.283136,0.288212
0.253077,0.312475,0.599876,0.514600
0.566582,0.810822,0.471241,0.340305
0.393693,0.780596,0.379973,0.333332
0.475048,0.817648,0.336004,0.629385
0.479490,0.753795,0.411973,0.307463
0.812815,0.368141,0.126428,0.472817
0.452704,0.818317,0.330995,0.313887
0.713975,0.358635,0.132108,0.381583
0.542215,0.728947,0.429142,0.387185
0.668730,0.152886,0.240241,0.291947
0.346654,0.671726,0.289849,0.421581
0.032712,0.272856,0.352905,0.506598
0.434665,0.674781,0.286058,0.770123
0.459491,0.692116,0.452017,0.266619
0.654154,0.324687,0.134950,0.520479
0.342246,0.618214,0.259301,0.562148
0.434980,0.393337,0.706088,0.364482
0.653198,0.168367,0.329417,0.328606
0.332883,0.260375,0.352871,0.409249
0.813193,0.378784,0.050793,0.483413
0.631533,0.119447,0.107702,0.460027
0.462793,0.867653,0.355899,0.433897
0.604122,0.449274,0.931802,0.470856
0.437528,0.245359,0.599150,0.240343
0.060277,0.313785,0.338316,0.626750
0.578108,0.223129,0.765214,0.419537
0.432683,0.818644,0.413510,0.362810
0.824645,0.153298,0.115455,0.525273
0.046092,0.356184,0.296554,0.321973
0.420450,0.276580,0.632580,0.239023
0.624444,0.357507,0.736970,0.175301
0.181918,0.392503,0.268867,0.089437
0.294076,0.666129,0.321046,0.437812
0.369353,0.825787,0.346821,0.516699
0.324181,0.290011,0.608971,0.152742
0.657488,0.289194,0.117752,0.391558
0.145018,0.354442,0.351618,0.764533
0.171369,0.374111,0.236583,0.133224
0.781854,0.372641,0.111484,0.463360
0.126711,0.265080,0.447331,0.605857
0.925553,0.102848,0.107638,0.487789
0.828028,0.093068,0.301278,0.388225
0.048769,0.344997,0.297851,0.252094
0.505998,0.207313,0.133602,0.446131
0.637852,0.036371,0.268303,0.410462
0.028125,0.222000,0.378428,0.541080
0.131152,0.310987,0.221123,0.178551
0.408817,0.290059,0.758312,0.370439
0.507115,0.207333,0.177785,0.535201
0.156413,0.518134,0.295657,0.289407
0.401870,0.690943,0.413579,0.299109
0.515965,0.649830,0.407454,0.265830
0.544403,0.080009,0.311803,0.367115
0.439439,0.178257,0.800884,0.437895
0.288864,0.359371,0.471253,0.152050
0.436064,0.187647,0.570667,0.278291
0.497882,0.809721,0.330646,0.479573
0.271203,0.403514,0.260409,0.117429
0.102517,0.252239,0.405192,0.586724
0.022375,0.239761,0.329927,0.547918
0.541255,0.764476,0.405367,0.251237
0.189649,0.392096,0.340300,0.316155
0.251953,0.406624,0.297150,0.140821
0.661706,0.256163,0.184773,0.435675
0.501273,0.340033,0.936484,0.351425
0.407305,0.843280,0.332578,0.407684
0.559117,0.424325,0.138871,0.419245
0.506096,0.663634,0.430753,0.326838
0.306490,0.289390,0.836723,0.382659
0.871643,0.236154,0.028099,0.505653
0.370672,0.188099,0.543659,0.287581
0.065200,0.344501,0.249141,0.274199
0.035213,0.283241,0.338665,0.478527
0.613684,0.796300,0.484104,0.264835
0.184331,0.388995,0.249064,0.108816
0.197892,0.568857,0.295260,0.228542
0.068524,0.291703,0.306622,0.429603
0.167359,0.552394,0.281936,0.512882
0.396077,0.225887,0.668040,0.206135
0.393875,0.702865,0.306481,0.650158
0.319007,0.256780,0.717213,0.349279
0.016565,0.238034,0.350505,0.576792
0.436781,0.659418,0.431574,0.244565
0.179766,0.385234,0.237888,0.118216
0.038851,0.328168,0.350359,0.561454
0.693928,0.220391,0.188607,0.417423
0.742338,0.154183,0.197579,0.455385
0.281531,0.587055,0.330367,0.711584
0.649339,0.313635,0.153298,0.329376
0.490834,0.691163,0.351530,0.335402
0.627785,0.362771,0.678410,0.398976
0.106769,0.312609,0.266531,0.181207
0.429646,0.477050,0.605228,0.220068
0.263036,0.397308,0.284734,0.085779
0.632729,0.875936,0.457323,0.325537
0.517278,0.260769,0.195519,0.423957
0.523030,0.858931,0.463001,0.315594
0.051798,0.351178,0.267409,0.380667
0.350330,0.315597,0.688865,0.425478
0.380417,0.372251,0.604450,0.463143
0.618789,0.750073,0.426998,0.322568
0.390577,0.672542,0.459115,0.463536
0.389364,0.352404,0.745763,0.406048
0.789527,0.194680,0.390876,0.486133
0.336097,0.735382,0.312940,0.458012
0.450384,0.402723,0.196321,0.301851
0.062135,0.362282,0.321259,0.349485
0.497269,0.936348,0.416049,0.526981
0.017979,0.259146,0.346873,0.571554
0.064283,0.381456,0.275835,0.311544
0.383342,0.735839,0.324399,0.422319
0.341822,0.538721,0.366533,0.558569
0.084069,0.319652,0.363482,0.544017
0.577615,0.773875,0.358907,0.424523
0.768683,0.304932,0.197083,0.443393
0.742234,0.073463,0.190598,0.374006
0.422273,0.378409,0.640053,0.522699
0.331740,0.521564,0.395164,0.750252
0.398371,0.260306,0.190595,0.321514
0.357043,0.336347,0.530386,0.146215
0.194023,0.401047,0.271841,0.096213
0.079229,0.343594,0.276712,0.329972
0.185267,0.337392,0.256244,0.091222
0.544585,0.291367,0.095248,0.375631
0.095940,0.285530,0.373907,0.635971
0.446064,0.445279,0.460474,0.145665
0.335150,0.317726,0.312419,0.076870
0.363854,0.368849,0.541006,0.248048
0.419565,0.192747,0.373819,0.420164
0.089224,0.343982,0.267186,0.190760
0.493856,0.478737,0.400168,0.239086
0.371183,0.742576,0.246481,0.610825
0.638905,0.752849,0.382866,0.278612
0.055220,0.217811,0.400256,0.687559
0.395398,0.577428,0.647537,0.318406
0.577129,0.118903,0.793550,0.534954
0.190083,0.530239,0.314700,0.334913
0.506332,0.380615,0.939243,0.352492
0.278028,0.528616,0.396468,0.309539
0.498393,0.842175,0.290074,0.545110
0.402386,0.175598,0.178002,0.402709
0.735565,0.286427,0.121243,0.458410
0.434133,0.721353,0.317545,0.232507
0.461053,0.254585,0.849324,0.433288
0.526039,0.309262,0.260825,0.359449
0.689696,0.191216,0.036680,0.413385
0.392314,0.349528,0.337062,0.221575
0.457654,0.287055,0.137467,0.390394
0.013185,0.279987,0.321213,0.494998
0.650425,0.261572,0.078683,0.406450
0.029850,0.172847,0.356440,0.541532
0.139873,0.438242,0.251280,0.192605
0.068121,0.298761,0.262858,0.378729
0.041336,0.294894,0.301369,0.484532
0.505916,0.212394,0.529132,0.561297
0.436068,0.719542,0.269925,0.511626
0.356642,0.796726,0.319806,0.477470
0.569307,0.275566,0.332701,0.442819
0.518667,0.152658,0.148560,0.552629
0.418750,0.236009,0.744188,0.139846
0.501734,0.564351,0.433302,0.256557
0.032699,0.304368,0.284405,0.344021
0.539486,0.124516,0.647682,0.250870
0.491639,0.908082,0.401367,0.401909
0.690536,0.224008,0.163148,0.383228
0.533710,0.870004,0.386940,0.322564
0.081780,0.341688,0.256199,0.254336
0.511452,0.258476,0.622598,0.652573
0.442486,0.728147,0.376903,0.368380
0.349225,0.154511,0.190669,0.432919
0.493789,0.239535,0.643477,0.635762
0.236174,0.403702,0.271702,0.083654
0.033635,0.299061,0.290470,0.411516
0.435000,0.209284,0.671114,0.496301
0.693553,0.123517,0.320656,0.429774
0.039676,0.319924,0.267714,0.392522
0.205982,0.576434,0.330712,0.449839
0.255840,0.574457,0.264043,0.501401
0.547168,0.246712,0.241535,0.258811
0.331865,0.320034,0.601297,0.199625
0.120382,0.397569,0.296347,0.165227
0.301600,0.358259,0.186517,0.272673
0.395873,0.725773,0.256646,0.601933
0.224871,0.687503,0.352701,0.462317
0.261895,0.499604,0.371192,0.456489
0.152138,0.341355,0.318839,0.099775
0.708646,0.353692,0.244122,0.311052
0.358866,0.361777,0.484749,0.130541
0.027502,0.330801,0.348982,0.561005
0.458524,0.621438,0.556942,0.380102
0.037744,0.284107,0.357290,0.677848
0.452308,0.663301,0.567914,0.555160
0.688702,0.112673,0.340479,0.406169
0.353132,0.433474,0.722322,0.202241
0.799561,0.157258,0.310133,0.374679
0.672488,0.172370,0.326021,0.596229
0.444391,0.319124,0.564972,0.185554
0.051302,0.360619,0.328984,0.553366
0.415021,0.739506,0.361367,0.321562
0.640229,0.393222,0.130456,0.459954
0.403660,0.555068,0.300214,0.604770
0.084217,0.333336,0.312543,0.600485
0.393639,0.244234,0.784519,0.472224
0.047860,0.323958,0.298615,0.316749
0.755775,0.024368,0.440258,0.355100
0.385567,0.289410,0.710270,0.161044
0.364644,0.312356,0.796650,0.244526
0.127789,0.375102,0.247356,0.151813
0.651086,0.262091,0.782343,0.618963
0.354975,0.571598,0.333498,0.337671
0.576122,0.765281,0.396769,0.400084
0.674821,0.114930,0.365485,0.299892
0.238863,0.269272,0.225257,0.349670
0.423067,0.544304,0.311423,0.334152
0.275537,0.312578,0.731836,0.414836
0.492189,0.793035,0.279781,0.539764
0.595428,0.283055,0.214602,0.327070
0.666552,0.171097,0.290881,0.392604
0.355862,0.256585,0.769369,0.345732
0.570686,0.082442,0.172408,0.500147
0.425936,0.790571,0.420622,0.309932
0.644171,0.389720,0.120272,0.390071
0.920666,0.293839,0.116461,0.387666
0.125523,0.294903,0.391225,0.737775
0.034901,0.273112,0.353978,0.684672
0.412979,0.816145,0.318979,0.348692
0.077174,0.168325,0.441745,0.778301
0.121979,0.352304,0.263019,0.128508
0.013217,0.251557,0.326363,0.465013
0.394350,0.335509,0.606007,0.052926
0.196143,0.518170,0.325535,0.479457
0.534555,0.713585,0.397240,0.303266
0.030111,0.256364,0.306618,0.576718
0.147857,0.338764,0.312930,0.122763
0.641897,0.751414,0.355738,0.362953
0.045313,0.259044,0.405349,0.693334
0.514660,0.363149,0.809517,0.482513
