-31.61765, -38.04233, -34.44416, -41.55657, -37.44128, -45.28549, -33.01544, -34.84528, -27.31553, -26.92241
-40.12967, -39.90237, -54.77375, -46.85612, -38.81525, -43.34788, -33.84459, -50.13818, -29.30643, -39.42940
-37.21224, -42.77842, -44.40640, -52.83699, -36.60311, -46.68185, -26.78372, -41.21709, -26.34724, -25.05272
-38.12103, -44.51549, -54.92024, -49.14484, -39.87076, -53.65358, -33.84531, -52.94923, -30.52993, -43.88711
-38.54515, -40.12661, -55.21419, -47.70849, -39.18304, -43.28391, -33.55792, -54.97555, -30.49455, -50.74828
-43.34425, -42.32047, -43.97297, -65.42766, -39.86863, -44.65292, -28.61619, -47.42105, -27.65905, -40.89856
-44.38985, -41.73529, -49.96963, -54.03999, -37.39975, -42.63964, -35.47861, -52.27009, -33.44838, -34.99423
-34.48700, -38.68746, -61.80225, -43.21592, -38.09068, -42.47850, -30.53625, -50.11024, -26.65737, -38.44232
-41.40721, -56.27854, -44.21353, -63.58379, -45.98642, -45.68407, -32.18021, -58.23947, -35.67710, -41.16009
-41.46000, -41.81994, -52.94392, -54.46388, -37.36639, -65.68626, -28.66664, -53.63583, -27.98440, -35.12884
-33.88972, -46.71323, -39.85996, -48.83779, -33.52711, -50.43608, -26.60540, -41.45419, -22.91142, -31.61068
-35.47591, -44.05360, -35.34428, -47.92169, -38.69430, -44.33430, -31.75996, -32.69134, -27.28561, -26.39544
-29.59485, -31.48216, -41.33090, -38.29665, -29.94949, -36.62443, -29.57751, -44.95365, -23.03448, -29.28428
-51.26764, -62.69249, -61.46196, -66.58523, -53.19709, -62.59775, -44.60903, -66.55167, -43.81321, -53.77706
-43.73794, -38.94676, -53.23880, -54.77140, -34.11236, -51.49232, -28.33892, -60.76190, -25.77078, -34.88025
-40.40533, -40.19761, -52.63982, -48.91531, -37.88352, -42.65109, -31.73053, -52.95547, -29.26205, -45.83186
-32.78554, -39.82377, -42.03951, -46.48588, -42.88273, -50.51643, -37.03621, -41.87784, -35.86411, -33.03402
-36.67888, -45.72823, -36.78576, -51.75047, -39.16400, -45.36994, -33.16221, -32.85157, -28.92301, -25.47486
-34.01983, -33.95969, -47.58532, -41.69995, -31.43198, -38.54454, -25.72149, -53.85899, -21.63884, -27.26952
-30.85669, -42.52736, -33.20473, -53.88884, -33.92038, -44.94750, -30.80171, -31.53847, -33.93468, -22.33295
-47.48238, -51.95379, -59.90203, -57.76545, -45.72736, -50.88217, -36.19851, -47.17388, -33.99162, -29.57532
-45.12983, -45.47316, -64.29938, -52.85324, -49.44777, -59.36735, -37.05450, -62.04702, -40.19103, -44.26520
-57.21453, -53.33853, -61.87900, -59.00367, -46.58446, -44.95232, -49.05020, -40.92531, -47.84147, -24.23136
-34.32945, -35.54631, -45.15556, -48.95777, -30.74414, -56.60899, -21.61592, -57.74303, -21.13044, -29.89181
-40.20680, -38.70162, -48.24419, -51.87424, -34.21077, -41.83502, -28.95926, -51.11615, -27.39816, -39.33151
-37.63469, -40.63133, -34.45648, -45.86141, -36.60508, -45.25953, -32.45737, -33.73689, -28.68353, -26.53861
-35.68774, -35.20024, -45.99384, -41.93353, -34.31155, -40.57387, -34.39797, -49.76723, -26.38237, -33.29394
-33.37657, -34.71807, -49.84557, -42.03568, -34.21282, -39.96413, -31.81163, -51.01653, -25.81569, -30.27742
-31.97111, -30.60170, -43.98567, -41.13351, -25.97717, -39.95823, -21.41235, -51.52068, -17.80496, -26.54873
-33.14949, -37.22909, -51.75761, -42.99487, -35.74350, -40.19545, -28.58864, -50.60290, -25.49881, -36.37488
-40.83722, -38.86431, -47.76790, -55.73329, -34.92968, -54.66650, -26.23196, -60.80307, -25.93830, -35.46234
-41.05872, -49.29397, -52.84885, -55.67493, -41.15870, -60.93843, -30.33439, -55.23137, -30.11175, -38.17398
-37.12716, -36.74433, -50.00406, -47.66721, -32.65402, -41.87212, -27.51246, -53.38889, -24.89171, -37.18518
-31.54006, -44.57889, -48.21062, -42.67890, -36.63013, -43.55352, -25.13994, -50.36648, -23.00502, -33.48751
-35.62654, -35.68248, -49.62670, -43.43835, -33.70063, -39.18367, -28.02838, -50.47518, -24.60620, -39.32290
-32.19420, -49.21958, -36.64415, -53.32601, -35.07415, -50.55052, -30.20982, -39.58806, -27.82418, -26.95674
-42.55847, -39.23352, -45.12605, -54.86550, -35.15771, -52.04263, -29.62891, -44.29554, -28.39948, -28.15338
-36.78662, -42.53689, -48.62614, -48.88595, -38.02953, -51.63030, -34.63370, -49.29055, -30.23000, -35.12758
-39.02686, -47.05698, -49.01648, -55.29801, -39.33517, -51.42372, -27.96771, -60.20455, -28.51856, -40.30037
-37.44669, -34.27065, -35.41696, -43.34392, -30.19078, -41.53787, -33.45567, -38.97790, -25.99564, -23.72721
-52.82217, -64.36090, -48.34757, -53.66675, -46.01325, -43.72161, -43.68562, -48.39600, -44.54315, -38.15470
-35.50476, -53.86139, -54.22352, -47.43791, -39.06012, -51.89089, -27.69669, -54.24842, -26.08636, -36.84466
-38.65363, -53.95740, -44.04380, -53.05212, -44.87138, -48.18750, -32.46482, -45.73550, -30.13201, -43.13819
-31.83991, -34.90018, -50.54138, -41.03988, -36.80449, -42.41580, -32.44658, -49.15785, -28.14178, -37.55910
-58.80591, -46.14375, -43.27628, -51.32668, -45.51595, -43.88988, -32.44421, -37.76349, -28.85724, -27.14608
-33.40281, -42.67808, -47.44823, -47.25449, -33.45268, -49.81425, -22.85714, -50.60528, -21.90208, -29.73821
-40.61680, -49.91396, -37.78395, -51.25373, -41.91295, -46.36173, -29.45372, -31.90005, -26.00658, -24.32795
-28.43277, -41.57441, -32.45551, -50.87771, -30.32976, -53.91540, -26.25973, -34.20018, -26.16719, -21.15801
-47.40777, -52.25342, -44.34167, -62.46625, -59.37745, -45.31024, -34.56730, -36.85623, -31.26359, -26.07543
-34.53935, -35.26023, -45.23053, -41.30504, -35.43049, -38.10025, -27.80451, -38.17365, -22.60836, -22.76532
-43.49071, -44.73083, -68.13342, -52.80114, -44.24662, -47.91181, -41.18828, -60.33993, -35.49236, -35.28444
-45.31251, -45.85449, -65.40727, -53.34446, -43.48286, -47.26301, -43.72855, -47.51924, -36.93974, -31.78432
-34.70487, -47.22767, -38.90257, -49.38342, -40.06608, -47.38937, -38.29469, -39.25822, -30.75615, -30.96127
-41.20998, -36.00215, -47.70064, -50.02035, -31.99865, -42.49274, -25.25179, -53.45505, -23.72379, -35.71374
-41.92026, -45.06818, -77.89662, -53.25707, -47.95223, -43.29036, -36.46171, -44.10714, -31.66871, -24.68933
-36.14715, -33.51431, -35.90333, -38.88065, -31.90745, -37.50013, -28.61836, -34.24438, -21.07962, -22.87672
-29.15017, -38.31401, -34.81697, -54.14664, -28.87603, -51.43618, -22.64206, -36.18779, -21.13286, -24.03933
-36.64687, -59.48217, -59.34541, -48.89539, -39.24036, -52.16200, -28.54404, -54.34983, -27.10083, -35.45490
-35.76201, -36.02818, -41.71396, -41.29426, -34.63813, -39.02167, -25.56468, -35.11633, -21.40788, -23.43133
-43.98587, -44.85040, -47.69800, -59.76275, -45.04164, -45.93910, -31.28354, -46.52653, -31.99020, -42.55973
-33.14102, -33.34539, -37.54609, -41.46685, -29.99331, -36.93016, -32.11517, -39.72402, -25.70004, -27.86397
-40.48356, -34.66026, -46.85287, -50.68200, -31.26022, -74.59752, -23.90039, -54.65456, -23.01809, -28.59699
-30.44731, -31.32169, -47.07861, -37.43856, -31.13241, -37.30165, -26.78016, -46.08356, -20.87345, -27.73976
-47.89375, -48.86650, -68.85077, -55.67718, -51.27588, -51.09536, -49.24842, -51.62407, -43.41158, -35.00424
-35.80756, -37.54523, -54.94277, -44.40251, -37.76939, -41.33553, -32.34481, -53.99740, -28.43588, -41.25615
-31.94688, -43.04286, -38.91579, -48.87385, -35.76200, -43.96040, -29.45689, -36.84231, -28.41978, -27.62835
-29.34791, -30.15883, -42.26839, -38.19241, -26.70227, -35.92771, -24.40894, -46.23375, -19.37316, -25.61110
-37.42388, -31.55229, -39.09072, -45.46857, -27.05449, -43.38540, -23.25991, -39.85584, -19.54199, -21.62178
-40.84718, -38.26325, -41.54121, -43.82408, -36.71224, -42.19151, -32.08355, -38.66386, -25.54140, -26.85810
-40.83431, -50.79101, -53.13501, -49.64436, -47.54058, -45.71981, -33.25634, -53.83395, -31.31748, -40.45581
-35.69605, -31.77660, -36.82708, -42.08961, -27.96313, -39.10802, -24.13723, -44.39282, -21.06817, -26.87372
-38.65995, -37.23816, -48.01173, -44.61379, -37.15042, -42.37327, -32.94796, -40.25319, -26.82782, -27.17239
-35.83554, -53.85191, -49.54886, -49.63313, -39.00174, -69.44328, -29.39880, -49.96855, -28.12530, -36.16520
-35.78368, -32.51163, -48.44838, -45.39137, -27.84924, -41.20537, -22.57256, -50.05314, -19.03118, -23.46611
-42.28848, -56.05244, -40.06720, -55.36435, -44.43285, -46.09742, -28.28303, -32.17724, -26.21814, -25.82283
-36.88140, -39.55396, -63.81096, -45.51126, -38.87708, -45.43806, -34.72818, -54.06443, -29.51731, -41.27086
-38.96933, -47.16703, -50.85094, -51.82592, -46.43580, -54.34554, -33.32940, -62.21436, -33.57481, -47.07261
-39.49087, -39.82224, -46.16714, -43.94543, -42.94317, -40.12118, -30.81293, -43.04882, -26.72546, -32.65492
-31.52401, -31.38292, -43.51796, -39.28730, -27.89700, -37.44969, -26.22053, -52.92527, -20.41525, -26.75674
-43.20504, -72.16048, -46.60785, -58.80831, -49.37113, -47.26044, -48.15345, -45.67479, -47.52859, -40.00983
-49.67045, -45.80437, -42.34767, -46.42692, -52.98140, -41.07701, -38.20369, -47.12726, -33.53078, -42.14281
-33.58186, -36.78211, -51.37948, -41.26971, -37.79935, -39.68034, -29.23248, -46.86654, -25.33517, -39.48239
-49.04394, -53.81894, -51.23796, -59.52735, -52.13076, -52.34522, -40.69357, -52.40552, -56.50838, -49.82257
-40.26627, -42.02178, -67.89558, -48.60327, -43.09957, -46.54460, -40.21253, -52.61251, -33.88207, -34.36699
-53.72935, -53.12758, -44.86129, -53.48651, -43.74720, -43.20447, -39.55878, -50.05692, -40.91658, -33.95464
-26.65014, -28.67609, -58.94987, -35.30755, -26.58124, -35.53260, -22.34067, -42.73984, -17.34342, -28.27707
-58.56461, -42.95486, -38.70988, -46.09420, -46.42699, -38.12195, -29.54411, -35.07122, -25.24627, -24.57281
-44.45142, -45.76215, -66.72860, -52.58005, -45.64548, -48.97731, -45.01051, -51.40913, -37.22468, -34.74830
-35.06928, -34.15774, -38.34197, -43.30764, -30.26985, -37.47467, -30.23853, -40.05507, -26.29530, -29.74801
-33.57475, -33.03491, -55.10682, -43.62234, -28.55940, -38.76462, -23.78544, -52.94952, -20.38302, -30.78335
-34.90976, -37.32316, -70.10215, -43.07661, -37.28464, -42.38402, -32.52763, -50.26613, -27.44627, -39.85133
-37.26806, -34.29601, -47.07871, -44.89568, -29.69551, -43.23509, -25.21062, -52.40617, -20.89780, -28.45560
-42.81208, -44.74183, -45.04597, -49.85014, -44.80077, -49.39872, -40.11840, -43.14349, -35.79096, -42.30354
-39.71431, -39.31898, -52.16823, -48.19683, -36.47159, -42.49164, -30.23841, -53.82219, -27.68697, -43.45518
-40.95944, -39.57273, -54.71513, -49.70896, -36.50186, -43.13896, -32.54548, -44.40558, -26.39758, -24.73772
-52.36805, -49.21519, -65.52162, -62.17579, -48.27917, -45.77169, -42.49923, -42.01619, -37.15638, -25.76842
-40.39947, -43.34627, -52.57952, -49.04755, -44.07888, -42.40514, -31.70479, -41.11913, -27.57066, -24.54731
-53.47122, -46.60451, -62.05076, -69.11741, -42.15902, -60.52958, -36.04105, -73.98454, -33.96573, -42.08782
-40.19833, -39.38590, -42.70121, -43.78587, -39.35253, -40.26139, -28.91432, -38.40330, -24.47782, -27.22101
-35.16486, -36.72673, -71.08527, -44.25443, -36.83129, -41.53023, -33.27216, -54.37434, -27.09662, -27.43387
-35.15504, -42.46190, -46.69408, -47.83985, -41.17393, -46.49045, -30.47753, -51.62234, -29.44564, -41.34205
-50.87633, -47.94403, -56.22610, -69.45239, -44.04262, -57.13150, -38.16584, -57.40784, -35.24338, -46.40853
-38.56454, -33.51439, -42.45447, -43.82526, -28.72820, -42.88977, -25.01835, -46.65075, -20.12539, -30.61640
-40.50028, -44.45621, -51.84356, -52.73895, -40.65794, -57.60712, -38.04687, -55.30183, -33.71676, -39.09569
-45.98011, -41.46178, -54.49755, -51.17100, -39.69788, -61.00570, -30.94744, -45.84581, -30.32326, -28.87873
-44.00161, -48.19274, -58.08765, -55.12440, -45.13759, -59.40379, -43.76260, -59.20338, -37.95404, -37.31119
-30.74252, -63.51658, -41.16162, -46.70420, -34.50919, -46.37580, -23.31081, -43.15775, -23.02897, -29.68733
-51.27807, -60.82413, -53.32621, -76.32969, -53.03794, -49.05036, -33.31102, -40.79658, -33.62808, -46.80772
-36.11629, -30.45376, -41.17656, -46.66265, -25.83540, -43.26407, -20.39577, -48.29885, -17.99315, -23.54532
-40.13162, -41.15650, -63.88616, -49.04952, -37.44952, -48.49926, -33.02518, -56.02742, -28.54750, -38.81854
-38.93881, -42.04392, -44.84211, -46.65711, -45.20882, -47.80982, -37.57438, -43.35782, -33.15838, -38.12757
-50.13647, -52.33197, -56.85472, -64.06421, -49.52524, -50.61944, -43.93689, -63.16619, -44.13136, -66.79679
-45.18153, -44.65294, -47.87479, -53.01746, -42.72167, -46.65691, -62.56494, -44.05689, -37.34696, -32.88275
-36.17417, -35.31708, -53.23148, -45.44406, -30.69772, -44.10170, -25.77221, -51.54041, -22.11410, -31.71290
-33.84118, -34.64862, -40.81746, -49.78698, -30.19033, -55.88965, -22.35546, -44.01172, -22.45571, -28.51224
-38.76171, -41.59339, -50.09740, -47.85555, -45.13855, -49.00192, -36.78512, -47.78030, -35.98339, -43.74355
-51.35110, -55.88173, -48.67508, -56.75178, -55.91528, -46.27616, -30.57861, -39.83158, -28.92206, -31.96407
-32.96599, -29.38264, -36.91554, -42.14926, -24.78241, -39.84921, -20.97178, -42.31941, -18.16707, -22.78517
-38.16593, -44.47766, -44.56795, -48.79293, -52.68288, -52.02358, -37.43829, -44.13255, -34.34575, -35.00190
-38.48035, -41.19172, -52.96355, -49.50709, -39.74366, -51.27347, -36.77008, -50.98649, -32.50853, -39.51220
-27.87939, -29.16960, -52.84088, -35.80208, -28.55402, -35.14669, -24.78786, -54.74559, -18.80099, -24.83782
-32.33109, -33.30413, -37.21994, -47.89096, -29.01983, -53.30313, -22.07754, -38.44343, -22.92413, -24.93409
-37.28852, -40.01011, -49.11672, -47.44132, -37.69374, -44.58136, -37.79141, -42.53081, -31.83830, -31.09901
-33.10611, -34.98800, -44.98028, -39.26799, -37.92503, -36.49296, -27.48659, -44.76152, -23.37200, -32.68375
-49.82726, -50.19197, -69.52936, -59.84814, -49.67717, -52.01662, -48.20222, -56.55036, -41.10300, -36.44033
-53.15209, -55.64133, -49.64816, -62.74376, -50.51124, -48.83365, -40.56259, -42.00979, -37.55732, -32.41505
-36.65947, -50.52693, -44.23108, -50.67560, -37.35707, -49.83217, -29.70951, -42.82572, -26.24065, -35.09899
-43.36055, -37.38618, -50.78012, -55.23474, -32.70088, -51.62501, -26.71430, -63.16613, -24.49937, -33.37058
-54.10942, -54.37162, -52.59785, -58.37784, -48.66685, -46.88354, -34.92223, -38.07154, -33.89566, -26.58030
-53.32425, -51.20395, -61.37884, -59.90372, -50.19322, -52.53171, -49.76915, -60.58164, -42.25682, -39.93557
-32.32380, -31.38043, -37.18949, -39.86276, -28.01178, -37.81782, -29.95303, -37.13562, -21.80467, -23.22811
-32.83617, -39.12882, -49.80750, -43.59956, -37.30837, -45.33956, -29.61716, -44.77289, -26.51641, -33.14576
-28.82608, -35.91430, -36.76036, -47.22822, -28.61829, -52.34132, -19.75144, -37.44534, -19.94211, -24.19172
-34.25613, -35.39648, -46.28893, -40.38978, -34.45310, -40.48398, -28.35267, -47.55799, -23.32847, -37.16798
-37.57689, -33.17358, -36.54424, -44.74673, -29.32629, -40.99038, -25.98914, -39.70969, -23.61003, -26.46069
-77.45556, -62.34525, -50.42129, -55.99447, -51.18011, -48.47680, -46.22070, -52.99388, -46.63174, -40.29100
-30.58074, -32.38419, -56.87386, -38.60270, -32.14293, -37.87860, -27.57222, -63.61334, -22.05347, -28.92223
-39.91274, -40.32304, -53.56506, -49.07883, -37.82882, -43.02154, -32.02854, -55.06040, -29.40829, -46.79150
-31.46681, -38.90311, -53.55183, -41.69772, -36.65137, -42.99003, -26.28740, -49.55055, -23.78340, -35.14981
-41.07643, -36.23989, -34.83796, -42.06650, -33.42844, -40.55284, -30.21382, -32.08881, -23.30551, -22.73435
-41.15865, -45.60111, -51.69497, -54.97764, -39.54945, -52.51168, -29.36474, -49.15817, -28.60496, -31.11323
-38.50205, -35.62019, -41.70924, -47.08575, -31.36395, -40.45619, -28.32039, -44.92523, -26.31319, -32.00145
-49.78873, -47.09631, -48.86108, -53.76288, -46.97249, -57.56027, -31.38223, -46.78274, -30.80277, -42.02968
-43.02375, -54.45973, -58.01568, -56.16809, -43.57827, -57.96762, -32.97845, -60.02471, -31.88642, -41.71777
-36.59429, -41.54079, -45.52197, -49.28534, -49.80569, -50.00458, -35.72450, -50.14525, -38.13453, -40.88121
-30.36629, -32.17686, -66.44157, -39.35974, -32.59940, -37.53371, -28.49140, -48.10354, -22.35810, -22.70840
-35.90158, -45.61798, -46.17682, -50.98507, -40.89602, -65.94919, -33.65450, -45.69745, -31.88691, -35.13669
-33.29380, -32.25517, -40.17582, -38.46946, -32.04045, -36.61011, -32.86110, -45.94451, -23.47366, -30.73410
-52.10998, -43.29653, -44.58851, -49.98639, -42.68859, -45.91788, -35.85392, -40.34021, -30.37048, -27.23943
-41.36525, -44.08001, -38.77662, -49.16439, -39.74668, -47.73978, -35.73759, -38.41981, -35.26550, -30.57858
-34.83479, -35.96780, -42.11820, -42.40579, -34.08677, -41.61321, -39.71768, -44.00247, -27.83392, -28.67699
-35.92738, -33.31182, -44.03162, -41.87655, -29.34202, -41.02545, -26.02543, -45.08165, -20.29292, -27.85752
-48.51460, -50.75821, -71.44386, -57.55542, -50.10079, -52.92882, -46.09953, -79.08061, -41.19786, -49.04232
-45.47315, -44.75686, -44.99404, -47.18057, -43.52183, -47.02350, -31.59277, -41.47706, -28.07771, -35.96482
-44.95176, -39.79357, -39.24616, -45.42382, -37.10058, -41.78862, -31.18731, -35.44256, -25.72623, -28.13791
-35.23072, -35.82531, -55.93332, -44.11917, -31.90437, -43.62567, -27.27412, -51.02383, -23.08813, -33.23400
-79.49345, -55.12582, -61.32913, -62.54745, -49.92223, -47.39488, -44.22208, -45.10649, -40.56670, -27.36436
-36.58740, -43.66079, -38.94547, -59.40767, -36.12102, -54.97579, -34.28036, -39.18713, -32.79250, -30.04016
-51.66711, -43.44212, -47.47643, -50.71213, -43.87697, -40.83456, -38.48481, -40.81755, -30.66760, -23.94514
-45.72606, -48.63799, -48.43198, -56.01228, -58.39831, -49.89775, -36.29978, -55.90966, -46.10267, -45.59324
-30.81644, -30.11590, -42.04514, -37.00149, -27.61803, -37.15232, -25.98834, -45.72328, -18.86791, -27.59458
-46.14527, -45.07183, -47.93464, -67.40744, -43.09050, -48.47167, -32.99382, -54.22370, -33.79011, -38.36228
-35.49052, -43.60266, -41.31934, -52.06863, -39.40711, -46.71493, -41.04437, -35.65191, -34.71023, -28.88290
-37.65553, -32.98422, -40.38090, -45.43722, -28.99625, -41.10713, -23.46883, -54.00770, -21.58021, -29.71663
-38.44402, -35.83407, -52.54784, -48.49066, -31.19649, -44.30422, -25.95057, -54.73962, -22.24420, -25.96495
-42.34209, -42.28496, -38.82200, -48.55828, -39.57549, -49.12975, -35.55764, -35.81168, -34.03511, -25.70339
-37.18302, -40.83174, -52.41124, -47.71903, -40.93123, -53.11190, -36.19398, -54.23307, -32.38416, -40.57837
-44.96349, -36.96684, -44.16617, -50.87551, -31.89076, -49.10357, -27.76015, -47.78406, -23.53778, -34.08597
-35.27131, -34.00419, -42.90619, -42.93882, -30.53779, -39.61326, -25.44980, -59.69482, -22.28847, -32.57088
-41.17078, -42.17648, -44.15057, -44.20894, -43.59207, -40.18529, -28.45920, -41.23475, -25.38647, -38.38017
-37.30431, -32.63066, -42.49312, -44.06966, -27.94149, -41.72796, -24.10991, -49.44973, -19.56789, -26.63772
-41.03431, -44.19125, -59.96744, -51.74984, -41.28834, -55.64400, -39.81465, -47.25912, -34.21440, -38.37575
-31.93687, -32.87999, -45.73514, -40.18611, -30.64062, -37.86931, -26.12638, -52.98140, -21.96492, -33.81739
-35.47577, -40.98710, -48.21295, -48.45588, -38.69882, -52.59358, -34.11787, -46.40583, -30.70069, -35.03150
-34.65690, -38.58933, -36.08306, -56.09810, -32.05844, -51.08768, -32.19582, -37.47746, -26.06619, -27.25660
-30.87841, -33.48205, -57.42604, -39.08489, -34.03053, -37.78217, -27.74165, -44.05556, -23.20253, -33.33659
-38.68418, -40.48955, -68.93458, -47.41045, -37.69376, -47.23397, -33.50561, -55.56759, -28.55641, -39.01868
-37.37737, -37.00504, -49.78045, -43.35304, -36.50964, -43.12425, -33.90943, -52.15681, -27.20516, -38.76949
-35.47761, -34.61536, -48.66561, -42.46039, -30.86590, -42.37810, -27.21701, -50.33604, -21.99105, -31.58091
-34.20606, -33.45690, -50.90399, -43.40247, -28.94138, -42.40279, -23.95682, -49.97839, -20.29667, -30.00617
-48.05701, -42.91764, -46.59904, -60.33927, -39.27459, -45.32008, -29.05713, -47.35250, -27.97641, -36.31043
-41.66659, -56.04100, -45.78469, -63.73499, -46.55998, -46.25774, -31.33158, -52.24146, -33.47316, -47.84409
-45.88049, -54.21462, -61.87179, -63.41783, -55.98468, -47.31969, -37.42107, -45.62239, -34.85500, -27.59417
-37.18619, -39.88992, -46.23378, -50.79182, -38.07460, -42.76095, -35.15371, -44.92798, -33.22275, -32.12963
-51.85367, -55.15475, -49.71277, -55.11174, -52.58983, -49.30151, -37.52486, -50.89308, -42.59454, -41.13436
-34.39662, -34.10749, -39.68556, -40.84867, -31.92513, -38.25604, -39.63200, -42.18759, -26.09384, -26.11407
-30.13675, -29.64513, -41.83323, -36.11016, -29.07807, -36.02030, -27.68157, -41.82364, -20.00245, -25.55259
-59.28334, -56.84991, -58.15890, -63.44513, -58.56886, -58.79626, -45.71852, -64.11394, -44.95197, -35.19046
-34.66465, -46.78990, -35.87198, -53.70201, -39.26256, -51.06138, -35.54604, -33.23808, -34.73203, -24.01556
-41.84403, -52.40166, -37.09453, -47.25096, -57.56423, -42.71662, -36.36282, -45.48665, -35.67424, -38.28958
-35.94276, -35.23280, -44.05805, -43.93589, -31.94424, -40.75046, -31.94250, -44.90001, -25.21415, -29.00198
-37.22113, -35.17506, -38.17133, -53.46716, -30.25071, -51.63486, -27.06969, -41.57838, -23.26172, -28.14116
-39.90185, -33.35326, -43.36261, -51.27342, -28.97147, -49.81409, -23.27619, -55.80828, -21.57027, -28.98449
-36.27744, -42.37784, -39.22791, -57.15412, -36.26663, -58.90715, -29.83493, -39.91065, -33.76098, -29.00597
-32.91127, -33.77751, -45.49063, -38.92090, -33.78808, -37.80544, -28.74948, -48.68444, -23.07234, -33.27699
-33.14160, -33.59970, -39.43392, -52.84749, -28.61293, -68.13058, -21.42180, -44.44580, -19.81140, -28.42666
-47.52778, -48.90223, -68.00490, -57.05536, -48.47343, -51.00028, -45.08059, -67.17994, -39.70807, -39.89200
-60.39297, -55.25661, -50.91977, -61.83236, -48.66369, -47.70354, -40.00088, -54.97146, -36.99494, -34.95990
-37.50664, -35.54056, -44.22539, -50.52199, -31.90986, -59.28683, -24.55756, -47.02809, -24.42954, -30.97238
-32.77183, -43.12635, -34.89840, -51.34586, -33.10253, -51.28121, -35.73313, -36.60063, -27.13725, -25.34039
-40.44553, -51.53153, -36.22971, -49.29760, -42.29734, -44.38687, -27.14936, -32.92046, -24.44772, -28.75806
-31.51925, -31.71283, -50.87093, -40.46920, -27.81815, -38.26754, -22.90398, -47.21252, -19.11604, -29.80381
-38.68656, -42.40897, -45.10132, -53.73355, -46.57561, -51.32114, -33.13443, -53.44299, -35.27960, -46.12750
-32.45594, -32.71651, -45.86783, -39.27147, -29.12662, -39.05752, -25.25775, -50.01289, -19.79328, -32.21275
-30.19304, -32.47166, -55.54126, -37.84642, -31.81964, -36.81653, -25.29548, -47.40240, -21.17380, -38.57457
-49.26279, -68.93992, -49.32609, -62.95437, -84.52889, -50.13834, -51.20801, -60.23195, -44.96544, -42.83446
-43.21968, -47.30719, -49.77225, -59.92340, -41.95936, -62.72074, -33.24703, -49.25782, -32.94113, -32.35120
-36.13992, -43.83527, -60.36847, -46.15381, -39.60690, -45.47997, -30.38704, -49.72935, -27.38923, -35.29574
-39.67556, -44.74040, -51.10263, -54.95674, -38.40941, -68.81190, -28.10676, -62.25193, -27.79600, -38.41591
-36.57489, -37.55776, -61.87757, -45.60765, -34.66683, -43.82004, -30.36234, -73.58663, -25.28782, -29.96322
-36.37293, -36.53267, -46.42369, -50.57323, -32.13983, -63.83606, -23.25075, -62.25818, -22.84061, -31.68521
-32.92724, -34.87746, -52.39213, -40.38780, -36.42832, -39.11133, -29.95734, -45.96510, -25.26456, -36.63206
-29.92660, -30.92028, -43.95570, -36.27645, -32.64153, -34.28402, -26.41132, -45.88559, -20.96365, -29.46961
-44.67002, -43.69903, -55.85598, -57.70788, -38.98426, -45.26952, -34.14035, -63.28716, -31.68278, -39.64016
-32.75706, -34.42924, -43.83599, -40.36669, -34.21862, -39.38005, -32.51285, -50.01394, -25.64170, -32.47850
-30.12385, -30.34471, -50.58505, -39.55596, -26.38033, -38.01417, -21.53706, -50.45755, -17.66142, -25.76612
-29.96114, -37.21416, -34.82081, -55.04018, -29.91278, -51.69757, -23.19342, -34.88215, -23.74893, -23.61050
-30.80392, -29.63302, -38.31215, -36.87044, -26.45431, -37.32019, -26.47451, -47.64874, -18.82941, -24.62529
-33.00169, -33.64656, -53.08080, -41.01843, -33.74690, -38.63337, -30.18738, -43.34297, -23.38598, -23.03596
-34.64687, -31.32981, -46.11291, -44.29473, -26.54034, -42.15973, -21.02143, -56.82163, -17.83150, -24.39144
-54.43868, -49.23300, -58.48701, -71.07331, -45.95532, -60.41830, -38.65064, -74.09305, -38.05586, -44.23654
-54.21985, -47.17196, -48.96285, -61.45560, -48.32835, -47.30139, -31.21764, -39.20077, -29.90238, -26.89067
-47.15977, -48.06695, -43.00877, -51.10630, -50.25337, -46.20211, -42.69156, -40.97163, -41.28810, -28.99430
-45.56266, -66.24200, -49.64229, -54.39848, -53.86028, -44.38642, -34.40752, -53.24127, -34.38963, -40.10136
-36.29862, -36.25888, -44.98974, -50.51503, -32.16667, -59.48529, -23.90048, -50.19417, -23.93467, -30.80347
-39.31269, -45.62923, -50.49360, -56.48483, -37.35703, -53.73177, -30.33814, -44.37895, -28.64776, -36.21398
-31.15559, -32.01635, -54.70449, -40.65789, -28.26776, -37.81483, -23.78359, -49.50902, -19.86762, -30.91760
-38.33020, -34.96405, -42.94424, -57.52151, -30.41789, -59.12850, -23.98440, -48.42643, -22.06479, -31.24503
-45.23588, -67.76484, -47.96903, -64.10332, -52.01631, -63.79443, -51.53341, -49.11273, -44.53771, -35.70337
-41.95612, -44.37782, -56.53517, -52.25211, -40.67698, -55.41655, -41.33077, -45.32501, -34.64526, -34.53754
-37.59987, -40.11381, -41.88549, -44.08359, -37.55266, -39.52442, -31.26738, -48.90240, -25.98145, -31.58594
-42.88309, -45.20253, -66.25536, -52.18729, -44.47434, -48.94108, -39.70444, -62.48426, -35.85313, -51.23000
-41.32885, -51.30246, -57.30846, -53.67650, -43.26666, -59.82865, -35.17791, -47.96033, -32.33903, -34.00914
-36.31043, -41.05220, -38.79820, -56.70465, -35.23613, -52.62286, -30.47624, -40.82826, -32.27495, -26.69818
-30.54211, -39.30799, -34.76470, -62.94807, -30.83817, -48.69563, -25.57662, -33.53073, -25.45697, -22.40988
-39.81461, -43.15744, -48.58446, -51.98395, -44.98630, -47.97361, -37.44464, -67.48223, -39.39649, -49.16587
-31.43635, -39.17448, -43.41114, -41.36163, -36.80002, -42.57036, -28.42694, -44.25848, -24.27115, -33.49302
-36.96778, -33.08893, -44.59928, -46.36412, -28.30106, -43.43435, -23.55888, -54.43703, -20.31498, -27.89558
-40.93059, -49.37102, -37.93215, -50.90767, -44.55255, -44.57532, -33.96507, -34.98753, -28.42911, -29.31037
-31.97829, -45.11439, -34.59439, -49.77172, -34.85883, -45.32540, -46.39499, -32.85403, -29.02429, -24.64677
-47.40349, -49.72172, -68.13917, -57.46030, -48.75292, -50.99783, -43.64000, -66.13222, -40.75635, -61.50714
-34.18144, -35.33286, -49.84601, -41.11885, -34.68274, -40.55721, -29.58090, -53.89067, -24.28470, -32.85224
-41.90585, -43.60233, -54.18467, -52.05405, -42.87385, -44.68210, -36.56534, -57.59210, -34.82889, -54.80496
-45.58701, -44.01634, -43.25873, -45.59103, -50.97014, -39.66591, -30.73800, -40.90732, -27.56948, -36.71695
-36.98912, -35.03247, -39.45403, -39.84881, -34.11746, -39.48279, -27.04376, -37.80849, -22.12209, -30.96318
-34.81621, -37.37152, -53.71994, -42.55941, -38.43368, -40.45727, -31.11038, -48.28431, -27.09116, -40.62910
-34.22922, -34.30657, -46.06377, -40.12871, -34.15565, -37.52089, -28.39515, -45.30813, -23.65600, -39.97254
-38.22044, -43.13743, -46.59121, -44.86373, -49.38112, -40.19508, -31.12188, -49.40237, -28.32259, -32.96243
-33.31121, -37.17103, -49.16292, -43.03910, -40.32793, -44.45738, -35.22010, -46.71685, -30.80082, -37.00898
-42.07863, -37.17002, -39.28669, -42.83118, -35.23419, -40.39257, -28.48865, -34.90415, -23.62101, -26.26445
-33.18448, -31.75485, -45.02470, -42.88075, -27.21888, -38.30477, -23.24690, -53.56409, -19.84375, -27.23860
-40.92896, -53.97586, -37.07700, -50.47537, -52.59289, -41.97577, -27.30733, -33.35194, -24.19499, -28.81683
-41.48849, -35.23828, -45.68902, -52.20463, -30.82530, -45.79773, -25.15316, -48.61548, -22.93825, -28.04031
-33.92417, -45.86945, -34.34786, -50.64558, -40.24339, -47.45524, -29.44951, -32.81968, -37.73423, -22.62322
-36.98723, -33.11431, -38.08194, -43.12622, -29.31529, -39.98749, -26.59278, -43.78998, -22.62522, -27.96866
-44.18212, -36.74298, -50.85629, -53.53924, -32.71275, -51.40647, -26.05240, -51.75744, -24.62891, -30.38678
-36.29004, -57.55381, -53.72166, -48.25792, -39.62481, -49.10531, -28.02575, -54.76562, -26.46010, -36.63914
-42.21045, -41.15543, -51.72345, -50.44621, -38.47866, -42.90166, -32.05251, -52.80635, -30.11655, -51.17120
-34.14831, -32.01095, -44.78260, -42.28790, -27.41291, -41.12850, -23.21306, -68.94113, -19.09191, -28.43497
-66.58385, -84.52641, -63.37122, -73.84526, -60.59673, -58.36502, -69.74819, -75.25814, -60.97519, -63.71482
-42.50966, -43.85539, -59.41668, -50.68564, -46.35861, -47.43809, -38.64437, -48.74674, -34.58029, -30.71717
-30.47697, -37.47681, -33.70830, -60.88059, -29.98734, -49.16536, -26.31451, -33.08271, -25.34730, -22.51369
-32.63513, -47.19872, -45.47767, -46.31387, -37.14419, -45.12225, -25.68994, -44.67949, -24.42664, -30.28345
-49.83317, -52.62299, -75.34468, -58.40824, -52.60223, -68.32160, -47.79670, -69.97286, -42.37925, -54.53897
-61.85276, -50.24904, -47.31166, -58.38930, -50.59952, -44.43978, -33.98648, -38.18159, -30.93509, -26.19112
-35.99398, -46.66109, -36.19027, -49.64354, -39.70727, -45.15570, -30.45029, -33.06556, -26.59499, -27.31018
-54.12736, -51.47116, -49.35398, -58.87696, -50.87104, -47.88910, -36.70478, -54.21785, -38.67627, -43.07941
-42.58058, -57.34750, -58.36921, -54.97808, -43.44739, -53.52650, -32.94625, -51.95993, -31.40777, -35.14417
-39.69822, -47.47931, -40.46371, -57.56775, -39.90579, -47.13955, -39.37679, -35.20938, -33.54769, -27.27057
-43.12249, -45.01293, -65.90859, -52.56481, -44.23317, -48.29468, -40.24398, -70.35970, -35.69548, -42.09653
-36.08964, -38.70865, -48.18735, -50.55056, -33.38650, -56.92030, -23.94129, -57.12030, -23.34444, -32.25517
-36.69546, -34.84648, -43.33316, -49.77443, -30.87014, -55.21880, -23.22633, -48.64295, -22.92582, -27.75084
-40.59703, -35.56983, -36.83796, -42.22759, -33.43801, -40.39477, -33.50975, -34.31336, -24.74201, -23.91118
-31.23535, -36.25173, -42.76339, -43.01663, -35.28661, -43.12726, -31.34108, -39.22141, -27.66967, -30.14664
-42.45779, -47.13825, -52.31972, -53.71893, -42.75274, -56.05105, -40.89721, -54.62495, -35.88592, -40.62927
-32.12069, -42.98217, -34.16112, -52.04829, -36.45845, -47.80623, -33.11917, -31.67168, -35.16169, -22.50284
-46.51337, -40.10350, -39.16492, -45.10431, -37.34406, -42.39193, -31.13011, -37.00343, -25.79167, -28.76198
-57.23701, -54.86643, -50.73979, -57.85457, -61.12448, -50.66282, -39.39325, -52.17737, -43.71709, -54.20382
-40.57120, -36.14467, -35.06364, -41.65274, -33.10337, -42.19822, -34.08346, -36.82966, -25.49851, -25.16236
-34.99595, -39.86694, -59.51222, -44.56857, -39.86749, -40.42485, -27.84209, -43.67318, -24.52986, -24.93169
-48.18719, -44.11091, -60.11548, -53.84287, -41.72462, -52.49513, -33.92787, -45.89072, -32.16987, -28.04748
-36.67667, -38.90796, -65.71536, -44.56860, -39.41338, -42.46804, -34.09953, -49.58701, -29.13531, -43.98201
-36.67871, -31.82983, -38.47396, -40.26168, -27.54352, -40.66873, -26.29000, -42.66618, -19.49488, -27.96205
-48.49386, -44.98576, -47.19090, -51.73659, -42.00021, -45.83697, -43.59031, -41.33721, -37.69819, -36.00771
-40.73501, -39.75763, -47.77848, -54.42468, -36.02874, -56.45253, -28.63570, -50.13850, -28.67328, -34.54347
-59.45823, -61.71083, -72.33529, -70.67515, -59.12068, -56.04290, -54.76660, -68.73960, -53.99113, -67.67740
-27.78551, -29.78352, -46.15441, -35.44980, -30.51958, -34.58866, -25.51468, -43.04333, -20.26305, -32.01823
-35.75179, -37.24114, -64.61639, -44.55291, -33.96401, -44.32631, -29.72616, -51.95746, -24.99612, -35.27369
-36.20358, -40.50478, -47.61947, -51.59599, -34.18139, -55.20324, -24.57546, -59.22061, -23.83113, -32.90763
-50.35813, -45.06096, -57.93475, -60.42483, -42.14832, -66.44794, -34.87608, -68.62689, -34.27220, -42.17739
-41.23280, -46.59888, -55.69953, -52.75078, -45.05972, -53.21986, -36.52195, -68.81501, -34.72725, -49.21847
-42.71352, -44.30439, -46.95672, -55.39594, -45.14185, -44.23579, -35.91930, -40.03894, -34.31251, -30.16412
-40.34279, -40.46388, -41.55240, -47.67922, -36.99817, -44.16212, -45.07581, -41.77899, -34.07510, -34.51849
-40.49261, -43.22376, -53.91497, -50.68120, -46.48180, -50.36896, -37.75640, -60.44435, -39.42599, -53.60436
-50.64199, -48.56481, -50.96680, -68.46932, -48.70823, -44.71764, -29.44972, -37.79605, -28.09719, -25.08417
-36.00470, -32.25323, -44.23987, -47.33694, -28.81866, -62.80690, -20.94291, -49.81366, -20.19682, -25.30626
-39.42343, -39.85735, -58.69286, -47.48095, -39.60677, -42.18522, -34.27177, -52.21893, -31.06141, -51.27772
-35.89285, -37.62813, -71.35729, -44.44606, -36.95766, -42.35770, -34.02101, -50.12056, -27.94191, -31.64402
-37.21010, -48.22726, -59.81702, -47.82135, -42.78711, -48.81193, -30.97371, -52.95706, -28.99211, -40.00665
-60.82786, -61.36032, -50.80769, -55.99314, -54.40748, -48.31160, -43.51026, -51.13721, -51.23196, -43.57441
-55.76847, -48.77143, -57.10914, -58.70155, -47.70446, -46.61448, -41.38298, -47.25047, -36.41743, -28.44153
-44.87791, -52.18265, -39.78385, -51.89743, -49.58760, -43.74139, -28.29962, -34.33386, -26.14971, -32.28819
-32.37717, -33.49869, -44.90623, -39.78809, -32.93093, -38.66778, -32.01488, -50.69708, -24.53669, -31.56405
-35.01980, -37.96615, -50.65827, -42.79835, -39.35757, -39.54075, -30.38569, -47.24514, -27.14939, -41.50984
-44.84072, -44.44304, -37.13723, -46.71156, -40.40541, -45.17725, -29.77489, -35.43509, -26.49066, -32.89076
-36.06968, -39.06569, -49.36976, -46.51429, -41.99462, -49.10444, -33.67730, -60.90831, -34.06281, -47.25848
-40.99648, -43.60095, -61.04862, -49.16898, -50.04867, -51.38659, -39.91668, -53.24886, -38.68578, -52.45837
-42.53774, -48.00984, -42.58516, -52.89337, -43.66325, -43.56499, -41.09465, -42.45961, -37.49972, -30.74168
-31.80377, -33.69839, -47.45385, -38.84880, -36.09668, -36.99002, -28.25112, -43.57939, -23.99789, -34.85150
-68.12581, -81.58117, -63.03294, -73.83564, -61.32685, -58.27316, -76.37843, -74.04786, -62.86881, -69.84897
-40.78378, -46.05198, -48.75874, -52.49169, -40.65054, -49.88472, -38.92704, -50.52351, -34.38887, -37.07051
-39.10159, -36.02804, -51.17699, -48.88817, -31.17484, -47.53881, -25.63080, -56.45212, -22.59038, -30.09050
-46.45047, -49.99701, -42.91444, -56.09911, -61.99430, -46.64154, -28.32469, -36.65786, -27.35107, -33.31779
-36.19977, -35.75173, -46.61826, -41.51540, -36.67332, -40.36005, -33.67040, -50.48304, -26.34814, -32.95093
-40.07518, -39.33946, -38.83057, -49.10099, -36.21118, -46.69470, -29.57994, -43.26403, -29.93233, -30.73454
-56.85492, -53.37250, -50.83861, -64.94648, -49.15685, -44.54143, -38.01656, -40.16409, -34.85688, -25.50390
-56.66545, -51.06068, -60.13438, -70.69855, -45.69657, -47.09320, -51.27898, -45.96609, -46.74956, -28.95852
-42.11294, -41.25689, -53.82512, -48.45534, -40.45288, -45.37376, -37.16295, -54.56679, -31.41162, -37.26624
-39.30151, -42.05588, -51.27092, -52.22184, -36.64369, -51.02489, -27.17596, -47.34698, -26.15057, -28.71485
-40.85753, -46.36489, -48.45595, -55.85602, -42.40762, -52.24978, -56.74162, -41.93712, -41.27466, -35.26160
-39.82407, -42.42679, -68.99199, -48.42413, -41.98668, -48.74308, -37.66396, -56.42082, -32.37535, -43.03797
-48.31743, -58.48449, -53.90747, -56.19074, -67.14243, -44.68882, -36.09792, -51.16372, -35.74813, -57.60036
-52.03237, -52.20304, -56.89369, -60.43121, -46.70125, -54.37945, -38.08608, -61.25653, -35.70397, -51.33668
-37.84485, -36.73405, -40.27853, -43.03036, -34.73509, -43.55440, -46.12662, -43.24229, -28.47000, -28.05854
-47.61945, -44.29948, -45.70385, -56.47736, -40.65166, -45.86423, -30.52349, -47.75572, -29.14484, -36.34310
-46.02874, -46.36851, -66.13286, -56.04640, -46.04726, -48.54798, -45.02141, -51.74888, -37.38426, -32.35228
-37.28867, -39.57223, -47.38545, -50.30542, -37.82420, -44.72358, -33.44835, -57.33241, -32.44487, -45.00221
-48.06618, -50.26080, -50.91261, -62.19197, -48.26229, -53.90000, -34.46103, -57.37232, -36.34962, -58.54842
-55.88095, -69.15565, -70.52000, -64.81383, -56.31538, -58.74472, -49.73388, -59.60087, -46.04197, -44.04094
-38.81320, -42.50132, -43.39070, -42.95389, -43.44459, -39.01667, -26.80532, -41.48118, -24.04874, -42.08948
-33.30165, -41.82371, -32.57540, -47.01425, -35.37036, -44.25817, -30.54782, -30.24859, -26.43394, -22.55747
-38.16023, -39.99447, -59.68305, -47.19184, -39.70355, -43.89549, -35.40189, -61.06991, -30.95819, -40.25075
-30.95540, -32.02933, -50.84566, -40.78617, -28.58918, -37.28496, -24.01132, -50.36800, -20.37996, -32.59082
-35.83852, -33.07299, -41.24990, -40.55858, -29.69850, -39.09221, -28.01512, -40.99132, -20.63562, -25.68707
-42.48247, -44.14799, -62.85400, -50.76286, -43.48401, -48.54701, -40.99974, -57.67553, -34.34186, -35.34904
-49.51431, -59.59815, -58.31262, -55.63962, -48.87334, -45.99370, -38.60682, -41.77093, -35.59413, -24.82157
-54.68525, -46.40753, -47.75046, -53.90042, -44.14812, -48.12226, -35.44211, -38.36824, -31.84348, -28.70612
-37.07524, -32.65879, -41.22554, -44.85685, -28.51620, -40.86195, -22.55830, -60.85572, -20.43492, -29.95568
-36.78502, -38.59908, -57.12364, -45.71280, -38.72023, -42.37318, -33.20081, -54.43211, -29.55136, -42.82938
-36.15352, -36.06034, -48.37073, -42.42259, -35.75049, -39.44629, -31.37393, -48.65023, -26.35078, -40.42470
-30.24696, -31.72455, -48.94033, -38.15466, -30.13944, -36.88247, -24.83011, -43.56591, -20.46324, -33.27341
-53.89690, -57.16088, -70.41257, -66.43502, -50.97033, -62.97560, -42.45398, -63.22897, -41.36804, -47.37396
-34.00480, -35.89927, -51.35415, -42.62166, -35.21085, -40.01484, -29.55144, -49.36217, -25.98108, -42.65748
-32.61191, -33.10960, -37.18818, -47.21913, -28.96197, -58.46415, -21.93856, -38.22667, -22.58450, -24.17282
-42.04645, -45.08333, -47.89873, -57.66539, -45.67399, -46.43186, -35.79199, -52.71520, -41.81393, -39.84506
-36.29049, -40.31410, -54.96306, -46.35753, -38.11799, -54.26890, -33.53647, -55.22849, -28.90413, -37.73684
-40.62052, -43.53033, -38.57347, -46.09480, -42.98184, -48.25636, -31.51944, -37.86064, -29.42718, -42.48012
-31.44045, -33.38166, -47.42575, -38.71432, -35.81294, -35.96966, -27.86082, -46.80113, -23.30035, -29.50000
-42.11456, -44.55715, -53.65731, -53.27382, -45.14452, -45.52060, -35.60332, -46.24158, -33.35909, -29.65421
-37.31313, -52.77803, -48.30417, -53.83032, -40.79443, -47.25312, -28.53129, -50.69307, -27.95677, -32.71818
-36.87462, -37.17095, -57.56015, -45.95245, -33.21216, -44.62519, -28.64587, -54.62705, -24.43110, -33.73555
-31.55057, -32.03160, -51.72262, -40.58079, -28.16464, -39.49588, -23.39097, -47.87730, -19.42398, -29.41869
-40.93324, -39.28890, -50.81568, -53.09332, -35.58028, -63.70015, -27.21190, -53.92732, -26.51347, -31.96415
-48.50567, -48.73735, -50.19163, -61.83647, -53.19446, -50.25286, -31.45757, -36.97984, -31.34805, -27.82613
-35.30281, -36.65633, -33.61014, -46.46724, -31.81602, -44.61082, -36.25177, -32.50841, -27.79016, -23.36565
-37.59603, -39.63877, -46.34182, -43.39332, -45.96123, -39.21446, -32.21530, -47.57976, -28.67968, -33.53602
-34.66402, -37.35240, -46.91782, -42.46505, -37.64130, -38.00255, -26.49556, -37.41405, -22.33782, -21.56512
-38.62990, -40.86364, -75.34214, -47.28644, -40.75712, -45.76973, -36.23325, -54.97908, -31.26872, -40.85796
-42.59680, -45.21680, -51.63603, -55.01529, -48.32419, -49.49067, -35.97575, -60.49702, -40.51125, -44.58787
-43.92021, -41.46270, -45.15153, -46.98508, -41.14628, -42.03837, -31.49490, -49.22946, -30.05902, -45.20242
-43.38957, -46.98564, -54.42776, -53.12954, -41.39268, -46.01503, -31.31917, -41.80790, -29.21998, -24.38804
-41.96317, -42.44358, -61.04572, -49.62095, -41.77730, -46.88218, -38.59752, -63.43370, -33.16275, -41.71147
-44.19995, -52.65444, -41.26921, -55.03053, -43.97387, -46.88011, -32.53466, -37.45435, -29.72351, -34.71432
-42.57331, -37.83775, -42.82138, -46.20175, -35.35920, -41.37679, -27.53443, -51.24510, -25.31720, -27.65601
-43.28108, -40.53939, -41.02722, -48.97624, -37.97465, -44.72116, -32.61237, -47.23494, -33.08408, -38.18829
-42.62487, -39.19863, -45.59240, -46.76849, -37.76541, -42.91819, -40.74816, -44.73095, -30.89275, -35.71190
-50.89792, -47.15210, -47.79591, -54.22923, -45.93824, -47.45220, -37.51935, -65.20090, -37.91587, -43.36592
-35.47127, -39.71020, -52.18000, -46.50371, -38.06199, -53.84049, -33.96292, -48.09935, -29.37688, -38.21213
-36.32873, -59.15915, -42.72473, -53.10738, -39.38536, -44.02818, -33.66556, -42.34635, -34.03994, -33.46016
-36.74844, -58.85236, -54.14356, -49.32212, -39.66711, -46.38065, -28.22280, -47.05841, -26.31316, -28.67694
-40.85539, -43.42009, -41.54740, -54.16607, -41.08103, -41.30089, -42.42399, -39.67833, -35.89176, -31.19710
-44.78231, -46.45625, -48.37775, -61.44832, -46.41704, -46.73807, -33.91981, -50.07718, -35.32685, -39.83172
-42.31326, -39.73934, -46.65046, -46.78194, -39.04487, -40.76927, -30.37077, -51.71113, -27.45934, -28.44461
-33.34873, -35.01763, -56.58309, -41.64687, -33.01069, -40.85375, -28.25231, -48.77471, -23.54008, -35.06358
-32.75640, -35.60443, -49.38551, -42.60335, -36.77310, -43.34994, -33.46140, -38.61455, -29.79575, -32.91976
-53.77602, -56.44564, -61.13182, -60.55391, -54.29608, -55.61466, -53.54031, -61.48726, -45.95736, -46.94485
-33.81210, -33.29556, -32.39632, -43.21303, -29.39441, -40.94394, -26.94548, -37.04227, -25.74030, -23.20644
-38.10518, -41.10620, -55.08630, -48.48608, -39.22351, -51.39178, -36.86043, -48.11443, -31.97911, -40.11627
-35.48121, -37.28084, -46.47293, -41.76338, -40.66530, -37.46408, -29.21467, -46.49644, -24.65346, -26.84570
-56.02928, -63.96932, -54.60221, -60.67634, -59.71977, -54.24473, -46.58875, -45.39753, -56.71147, -29.87058
-44.88469, -41.37083, -51.17321, -52.57018, -39.08836, -50.61849, -30.33985, -55.87439, -31.31266, -43.10317
-27.05325, -29.44265, -54.41792, -35.78192, -28.83457, -35.22008, -24.81528, -43.55049, -19.76771, -29.53706
-44.97710, -41.31577, -37.68835, -46.45970, -38.46265, -42.40323, -31.00858, -33.44679, -25.55640, -24.96888
-32.87681, -39.77353, -37.97511, -55.99603, -33.26013, -52.93284, -24.68224, -41.35616, -25.78671, -29.28021
-37.23041, -40.24109, -48.64980, -50.87803, -34.85908, -48.44666, -24.96125, -46.57427, -23.99106, -26.31025
-40.21642, -43.68596, -52.15781, -54.02735, -42.88188, -53.06846, -37.12009, -44.78562, -39.16239, -39.70243
-30.13332, -32.83944, -54.85177, -38.29697, -33.18074, -36.94683, -26.92984, -44.08073, -22.50429, -36.29870
-47.10150, -44.25874, -42.86930, -52.71193, -40.43710, -52.24378, -54.15972, -40.20876, -33.45362, -26.52225
-35.47446, -47.73583, -55.87524, -46.33847, -40.93534, -47.31866, -28.71844, -51.76177, -26.85160, -37.57450
-44.27775, -51.09965, -60.08052, -56.32001, -46.31172, -60.16734, -34.71576, -58.71216, -34.61124, -44.10438
-34.44244, -41.39221, -33.73811, -47.21461, -36.01193, -43.48974, -29.52422, -33.87766, -33.31167, -23.40403
-49.03343, -50.72148, -57.06848, -65.35216, -45.89007, -52.62768, -35.70212, -65.30697, -35.45147, -41.84697
-38.06099, -38.76256, -60.09862, -47.61328, -35.25332, -46.19195, -30.30881, -54.10406, -26.24031, -31.30343
-34.61574, -36.37942, -58.62244, -42.93266, -34.74054, -42.15174, -29.93088, -50.25647, -25.19386, -36.94650
-38.69358, -45.40073, -67.62760, -47.95772, -44.38521, -50.38111, -34.63251, -55.04543, -31.86127, -36.80720
-50.38906, -42.89020, -56.70265, -60.79798, -39.03530, -51.97051, -32.31234, -51.79693, -30.43409, -31.86733
-47.87020, -43.14189, -56.39062, -55.66574, -40.26543, -54.81032, -32.84280, -49.13645, -31.56229, -30.84343
-44.02293, -43.43239, -39.88962, -45.95120, -46.87115, -43.28796, -42.51424, -42.11185, -35.33254, -29.07017
-41.51197, -55.63387, -38.99201, -52.37382, -44.34321, -45.54289, -28.59576, -32.41258, -25.96018, -27.38905
-33.03341, -35.19084, -57.84045, -41.05454, -35.92250, -40.68856, -30.35707, -48.30924, -25.47751, -35.22702
-32.41976, -31.82130, -44.89084, -42.01909, -27.50726, -37.39009, -23.92057, -53.78027, -20.27643, -28.06657
-45.44141, -50.32138, -50.51273, -56.98632, -49.09399, -52.40828, -39.62370, -51.46551, -50.53654, -51.97954
-34.08827, -39.82990, -41.71010, -52.75878, -33.40036, -72.59804, -24.80782, -43.14228, -25.08816, -29.16485
-48.35297, -60.28601, -44.45206, -58.76735, -49.74580, -50.32684, -38.73862, -45.52707, -32.39074, -35.27172
-41.22355, -37.58076, -41.73844, -47.93332, -33.65869, -40.80672, -31.33097, -43.04367, -30.95900, -33.77111
-43.15590, -45.55591, -66.55929, -52.29803, -44.85848, -49.48687, -40.30982, -63.32019, -36.00447, -49.94448
-38.06651, -44.64666, -39.68995, -58.54817, -37.37595, -48.04385, -41.59068, -35.85016, -33.75539, -26.30369
-38.29189, -46.78707, -42.22650, -58.48404, -45.18620, -49.18839, -35.48792, -47.68960, -40.72080, -36.42913
-48.50181, -41.96345, -37.24860, -44.99110, -37.56788, -45.47792, -30.27074, -35.56160, -25.11461, -32.30909
-50.92273, -52.49093, -47.94840, -56.77358, -51.52567, -47.26639, -36.69051, -49.23119, -42.16654, -50.94893
-52.71114, -48.80933, -60.90758, -60.72604, -47.07094, -71.10363, -38.64576, -57.77408, -39.56547, -47.33440
-36.11570, -35.37350, -34.23798, -45.58026, -31.10748, -43.60412, -34.20412, -33.10485, -27.61327, -22.75378
-61.03006, -60.33791, -58.74627, -55.69856, -47.94289, -52.38706, -54.14275, -44.18881, -57.66344, -30.28668
-62.14055, -56.07667, -71.43358, -71.89789, -53.23335, -72.26278, -46.18477, -70.42208, -44.82741, -52.64465
-50.01031, -39.90541, -39.91490, -45.69541, -37.99806, -43.49594, -32.91330, -37.83268, -27.18525, -28.94536
-34.98741, -44.82608, -44.59657, -51.99607, -38.41256, -62.19851, -33.79295, -42.25313, -31.17170, -31.71054
-30.71778, -32.92288, -67.27029, -39.36015, -31.91116, -39.56567, -27.59985, -49.56779, -22.32427, -30.70200
-41.56574, -46.80832, -44.95885, -53.40754, -53.02842, -48.90063, -41.97286, -49.94880, -38.93015, -48.27477
-50.65848, -48.10607, -59.41743, -55.75005, -49.99480, -45.96209, -45.32530, -45.80428, -37.17155, -27.37608
-39.53136, -52.49965, -47.65369, -53.06596, -46.71272, -60.28170, -43.58114, -48.61572, -38.30355, -33.45710
-56.68117, -62.25403, -51.87324, -60.97776, -58.13874, -50.92026, -49.37822, -66.75875, -51.30920, -52.48292
-60.51193, -56.52341, -60.35298, -59.98663, -47.73929, -50.08834, -61.69386, -46.12462, -61.79302, -30.37515
-36.73186, -32.65631, -36.52811, -39.70855, -30.94165, -38.74661, -36.93877, -35.28191, -23.90396, -24.04758
-40.22664, -41.85510, -71.25006, -49.12578, -41.38932, -46.35544, -37.14474, -62.70880, -32.48543, -40.28688
-51.19939, -48.47627, -59.78113, -62.82967, -45.19426, -70.97932, -36.83673, -64.10331, -36.18493, -40.68456
-37.12098, -39.42311, -48.42380, -49.08106, -38.28812, -46.19182, -33.25937, -58.00796, -31.60486, -47.69581
-32.31208, -30.06273, -34.87387, -38.28991, -26.63295, -37.04022, -30.66298, -35.55157, -20.47444, -22.36429
-36.75060, -33.10708, -44.59383, -49.21793, -29.48280, -60.85872, -21.67330, -67.53004, -21.14514, -29.54708
-35.60003, -46.65708, -37.26793, -55.07043, -38.79028, -46.83145, -35.87112, -33.13335, -30.93571, -25.59490
-29.94057, -32.12716, -59.96834, -38.64013, -31.86238, -38.36084, -28.30138, -55.05009, -22.41310, -27.37398
-41.10143, -40.57871, -50.75590, -54.57564, -36.49288, -60.62720, -27.59460, -62.86747, -27.32739, -35.88351
-38.31599, -49.23978, -38.20696, -49.41924, -44.71418, -47.86400, -34.83056, -37.74692, -29.57445, -36.46365
-40.03020, -40.91074, -59.41881, -48.04285, -40.69194, -43.01956, -34.24659, -51.18358, -31.39460, -52.17555
-30.44153, -37.76157, -38.20350, -49.92242, -30.08322, -50.98127, -21.87483, -38.64243, -21.69769, -25.47745
-46.13522, -38.80765, -49.63414, -54.44450, -35.36316, -46.97443, -27.80538, -58.05327, -27.10322, -38.61080
-33.24486, -39.89993, -43.51161, -49.50148, -36.62301, -69.18463, -34.87236, -39.39605, -30.17231, -28.28892
-39.84616, -40.05801, -45.70035, -45.81378, -40.47235, -40.20757, -28.10029, -35.88887, -24.50931, -23.44677
-37.59486, -41.37606, -46.81809, -47.15959, -39.42962, -43.51826, -34.04752, -57.75996, -30.30438, -38.96520
-33.29545, -33.35536, -44.04611, -42.47828, -29.38756, -38.55689, -26.87640, -49.93170, -22.62215, -29.77043
-52.36203, -46.73752, -45.99427, -53.61660, -48.32219, -42.23956, -31.61609, -36.45334, -28.40315, -24.04144
-72.69075, -50.81627, -50.25643, -58.32737, -49.89472, -44.34597, -41.77431, -41.53390, -35.91318, -26.59817
-47.31157, -45.32288, -47.46105, -53.13538, -41.94792, -49.47221, -36.79757, -59.18109, -34.81619, -43.46005
-31.04584, -32.50349, -50.30946, -40.25126, -29.51573, -37.43218, -26.09692, -56.13982, -21.58887, -32.15988
-42.33542, -50.58418, -62.21289, -52.07228, -47.20706, -50.65607, -36.17639, -59.60264, -33.68940, -44.34138
-35.49275, -30.95909, -37.85051, -44.82712, -26.44317, -42.33228, -22.46205, -43.38000, -20.18082, -24.37206
-29.63938, -29.72040, -40.07127, -37.85697, -26.31432, -36.24008, -23.01840, -46.25304, -18.28876, -25.64871
-31.81526, -33.70840, -64.83628, -40.53668, -31.10913, -40.60783, -26.95389, -47.74670, -21.98311, -32.63875
-34.41283, -40.49797, -44.67692, -49.26736, -37.23703, -67.68693, -33.86008, -43.29619, -29.68154, -31.69305
-37.53365, -43.61282, -40.34702, -62.77269, -36.78516, -53.80681, -33.09330, -43.24615, -32.92852, -28.01710
-33.49055, -36.50223, -57.12312, -41.83819, -35.75393, -41.23260, -28.86983, -62.04552, -24.27217, -28.39969
-42.05081, -46.70026, -54.44415, -54.08891, -40.20015, -49.15829, -30.44649, -45.63776, -28.95051, -27.87107
-32.54339, -37.54470, -45.98921, -44.12236, -37.62343, -45.67050, -30.98217, -44.96428, -27.99320, -35.55496
-36.64431, -38.67742, -73.04455, -44.98494, -37.77622, -43.80512, -34.68135, -49.03321, -28.92109, -35.97404
-34.01341, -32.08158, -41.65263, -48.12762, -28.24579, -61.13910, -20.42329, -49.55717, -19.55411, -27.25688
-37.69887, -33.81889, -49.38072, -48.25818, -29.10050, -44.17226, -23.42838, -51.86819, -20.44160, -25.39040
-39.83393, -42.90120, -50.56447, -51.26759, -45.59708, -51.38861, -36.34273, -65.70786, -39.79971, -48.77794
-44.45777, -40.25715, -52.05149, -58.05194, -36.25572, -59.13145, -28.75533, -71.78696, -28.00737, -36.77920
-31.11517, -36.20164, -31.37255, -46.96179, -29.41909, -46.39360, -34.76590, -33.31946, -24.72976, -21.56541
-46.83937, -48.08315, -59.69372, -60.01319, -43.21631, -60.53146, -34.33954, -57.83084, -33.39765, -37.75126
-39.66641, -37.18622, -48.84054, -49.81018, -33.93563, -53.08748, -25.54556, -45.63390, -24.57081, -25.99469
-28.32251, -49.05574, -34.84566, -49.38157, -33.86769, -50.78342, -24.54782, -33.51815, -26.49415, -23.30827
-43.70041, -40.34968, -40.73909, -45.66013, -38.25563, -41.24314, -26.28455, -33.06460, -23.22825, -24.23023
-39.24068, -39.94214, -41.98617, -47.26139, -37.19196, -38.38059, -39.64677, -42.97415, -35.31942, -34.97919
-40.03797, -57.80552, -42.00723, -63.29757, -51.10244, -56.04268, -38.63604, -44.02581, -49.92166, -34.08298
-37.27424, -53.50850, -49.09277, -51.72381, -38.22941, -45.93615, -27.74085, -45.53537, -26.07450, -28.56205
-37.27685, -33.48488, -39.20479, -44.95736, -29.50333, -41.16537, -25.29542, -44.94189, -22.91178, -28.52459
-36.64347, -46.17194, -37.21150, -48.53427, -40.64146, -51.02062, -37.33307, -38.34103, -31.56166, -28.46631
-33.16463, -36.03771, -36.10276, -59.95599, -30.07775, -53.44799, -26.29528, -39.56095, -23.62923, -25.12924
-41.98329, -34.96768, -45.90144, -51.03759, -31.02746, -44.65628, -23.92363, -54.69384, -22.59708, -33.17504
-46.83411, -45.30036, -47.44261, -63.07770, -41.64815, -42.19546, -51.51775, -41.31538, -40.43819, -27.05597
-43.02924, -42.11286, -53.81851, -50.52362, -38.35395, -43.27846, -38.66227, -57.02348, -31.94988, -33.75083
-45.21329, -39.57007, -51.49688, -60.51453, -35.20827, -57.59966, -28.21170, -67.38624, -26.92358, -35.76716
-31.58815, -33.47305, -59.27891, -39.73577, -33.66048, -37.72659, -27.96576, -58.08947, -22.99359, -28.53287
-62.46576, -66.27242, -69.69699, -71.34404, -65.30382, -58.52229, -60.78714, -62.91508, -55.56048, -51.04282
-44.49880, -50.80755, -48.24988, -53.42745, -42.94473, -43.57666, -29.84948, -49.10108, -28.76999, -38.46280
-35.06781, -42.24946, -32.43929, -45.84740, -36.01554, -44.26076, -28.82675, -30.43446, -24.43651, -23.31407
-41.72488, -39.33067, -47.70905, -52.26886, -36.77832, -53.69603, -27.36597, -57.20736, -27.98318, -39.57208
-42.91806, -52.59736, -44.05193, -60.24664, -49.79849, -46.62349, -32.03986, -48.74803, -32.05266, -45.39140
-50.85940, -47.68944, -57.67796, -56.85753, -48.50984, -48.11999, -38.01044, -43.07964, -39.09598, -26.89420
-37.39783, -33.64801, -46.01381, -48.27167, -30.44433, -72.60597, -22.62770, -52.09226, -22.02892, -27.72859
-39.39255, -40.51013, -77.48516, -48.14772, -40.50911, -43.74780, -38.84292, -46.35931, -32.40139, -30.04559
-32.67240, -33.00648, -42.79323, -39.62750, -32.08138, -37.28691, -29.56478, -56.94880, -23.48820, -32.50957
-45.78975, -43.87891, -47.48943, -50.44608, -42.17606, -48.72887, -45.96732, -52.07554, -34.79449, -33.31245
-34.72695, -35.57978, -52.26560, -41.83722, -35.94034, -38.91848, -29.99026, -48.75312, -25.83244, -43.55985
-36.18020, -33.79590, -43.35000, -43.94720, -30.08220, -39.65656, -24.30015, -58.78117, -21.68340, -32.14873
-34.18361, -36.59531, -50.83973, -43.91232, -35.37427, -41.02275, -30.60202, -54.06754, -27.02777, -41.31230
-40.27208, -34.33793, -42.27907, -49.48646, -30.10000, -46.03214, -25.42484, -41.08654, -22.76022, -22.77196
-36.27350, -37.67077, -44.87969, -41.65559, -42.97786, -37.32192, -30.22957, -47.02786, -25.84180, -29.43543
-30.15665, -44.37578, -38.07858, -50.31029, -31.95294, -53.17359, -23.87350, -37.41304, -23.89655, -25.58181
-37.05291, -38.18272, -43.42811, -50.51859, -33.84306, -50.18609, -25.84181, -40.45640, -25.41597, -24.63086
-37.30031, -40.17278, -54.57975, -47.70175, -38.38763, -51.26652, -35.18333, -54.05112, -30.21439, -38.92963
-50.58824, -46.94447, -60.59336, -57.92375, -44.54498, -55.85322, -35.99354, -49.43310, -34.05720, -30.79788
-52.03793, -55.10013, -50.96835, -65.99582, -52.07177, -50.11874, -39.23485, -55.91194, -41.49343, -42.52251
-41.91048, -36.69506, -48.98047, -54.15398, -32.71158, -56.35093, -25.51017, -51.89126, -24.25285, -29.37607
-31.51992, -45.91524, -41.24957, -47.47218, -37.07791, -52.57053, -27.60421, -39.91983, -27.34743, -29.12852
-59.73187, -57.50957, -48.56324, -54.28433, -47.75077, -45.07986, -44.96355, -50.96273, -47.35480, -39.78991
-35.97055, -41.43774, -43.00610, -54.92379, -33.66872, -54.65517, -26.02568, -46.70716, -23.71972, -32.22225
-40.50212, -42.56190, -72.31813, -49.67859, -42.12431, -46.48225, -38.06445, -65.42115, -32.98625, -40.09927
-37.65200, -39.15840, -51.65924, -46.45855, -39.44358, -41.49179, -33.18821, -52.39716, -30.65989, -60.46369
-42.76755, -38.33716, -41.31397, -44.61708, -38.34840, -39.32250, -32.19541, -35.88375, -25.48962, -23.08661
-31.24098, -36.51737, -40.99161, -41.05362, -37.13934, -43.15062, -34.63113, -41.04654, -27.60193, -31.36334
-46.94373, -58.85854, -71.12502, -56.24717, -48.94942, -54.38204, -41.02132, -53.92336, -38.03577, -43.72560
-42.97044, -43.85006, -63.68988, -51.66494, -48.15292, -48.01640, -40.55904, -49.45986, -40.68902, -32.43937
-60.75933, -55.54890, -66.15066, -68.68599, -53.32280, -51.04741, -57.07852, -46.69850, -46.74022, -30.01059
-31.62274, -32.70023, -52.87003, -39.20416, -31.31788, -39.41278, -27.80724, -52.46851, -21.86141, -30.47654
-37.36646, -40.31279, -49.24102, -48.93290, -40.07379, -50.55430, -35.19975, -50.40568, -33.73533, -41.61133
-29.65296, -30.80010, -45.37954, -36.45275, -30.38333, -36.72569, -25.32245, -45.46176, -19.83656, -29.36276
-48.53088, -42.01758, -42.98939, -52.01466, -38.27817, -43.65301, -35.35276, -39.90474, -28.13781, -26.86476
-31.19291, -35.27122, -36.82741, -50.45500, -29.74798, -58.16330, -21.99248, -38.19612, -22.84308, -25.86611
-34.46696, -34.42705, -49.76893, -45.28615, -30.28029, -38.71430, -25.44840, -53.29560, -22.57436, -34.85975
-50.51242, -46.33502, -41.60201, -46.21457, -59.23069, -40.61796, -32.98532, -41.60598, -28.32873, -34.52591
-38.88675, -41.26413, -51.47582, -48.10786, -41.03353, -42.18657, -33.00792, -52.56920, -31.23739, -61.08018
-38.19309, -43.48377, -41.22087, -59.78977, -35.47435, -59.63044, -31.70139, -43.59633, -27.15002, -31.95041
-36.02125, -46.06155, -49.76755, -50.42234, -36.36213, -53.41892, -26.54059, -47.05566, -25.81457, -31.56806
-32.84658, -34.93334, -65.95275, -41.63832, -35.06037, -40.80080, -30.70963, -75.91956, -25.04917, -28.69982
-37.78149, -41.70795, -67.10699, -46.88147, -39.36317, -43.92674, -33.90019, -46.87288, -29.42804, -31.72701
-31.58379, -34.10712, -47.72687, -38.97598, -36.12214, -36.83176, -27.66057, -44.75436, -23.54455, -33.09005
-38.68167, -32.90212, -41.50256, -48.91115, -28.47326, -44.98739, -23.63337, -42.69269, -21.30890, -24.80608
-34.02593, -31.31189, -47.39127, -44.05634, -26.46176, -41.49141, -21.09109, -50.54740, -18.10405, -27.60248
-39.72240, -40.78944, -43.56108, -44.74096, -40.75597, -40.06786, -26.55292, -35.67660, -23.36615, -24.83817
-36.38806, -38.57376, -47.77557, -50.98991, -33.48961, -54.14080, -24.25897, -50.66856, -23.68328, -28.67179
-38.12041, -49.58537, -38.38359, -55.74649, -41.08381, -46.86133, -32.38301, -32.87825, -28.62298, -26.13725
-50.53476, -50.64887, -48.87562, -61.48199, -49.71799, -46.97103, -36.26398, -55.32221, -39.10868, -40.87539
-40.42915, -36.31613, -47.01136, -46.87076, -31.53759, -45.97168, -27.34952, -52.03804, -22.94220, -32.67950
-39.56972, -47.79612, -53.58402, -53.19894, -39.34439, -52.90908, -28.76168, -49.38855, -27.44075, -30.12091
-39.77220, -49.75142, -39.94498, -54.64450, -42.00508, -55.56160, -40.12841, -40.76599, -39.40929, -32.28937
-33.11702, -40.53126, -40.87450, -47.39504, -39.14660, -46.64079, -32.84951, -42.51190, -32.54163, -31.24300
-57.86414, -64.11422, -70.55266, -69.19710, -58.69604, -56.37236, -56.59359, -64.33089, -51.15031, -54.51164
-38.07285, -57.06175, -41.69876, -57.23084, -50.98332, -45.15918, -31.72029, -51.57931, -32.47074, -65.44645
-39.01015, -41.46421, -50.28758, -53.82188, -36.15932, -59.92049, -26.71460, -64.28591, -26.15815, -35.05207
-33.35084, -32.54486, -41.03188, -38.88032, -32.21585, -36.61311, -29.48956, -37.62418, -21.77298, -22.61877
-45.36421, -51.98148, -60.51765, -59.05870, -44.34245, -62.04985, -34.46965, -63.21396, -33.53124, -42.79167
-33.65659, -31.18358, -47.51165, -43.45090, -26.30512, -41.20441, -21.03055, -49.14616, -17.87527, -27.21612
-32.39549, -36.94206, -44.07621, -42.86742, -36.90368, -45.64824, -35.91456, -43.37421, -29.53522, -32.18976
-41.82428, -44.68873, -53.12227, -53.07686, -47.05558, -50.41719, -38.32407, -66.14732, -41.94072, -48.52304
-33.36281, -32.10330, -40.41560, -46.90248, -28.35589, -55.30984, -20.54418, -45.93297, -20.52217, -27.43473
-44.14643, -43.56955, -53.05232, -58.05563, -39.52338, -71.28497, -30.99455, -69.86163, -30.63492, -38.06840
-37.87322, -31.74789, -38.86947, -46.36280, -27.85292, -43.08736, -21.95819, -48.47299, -20.66193, -28.10665
-30.91810, -32.57906, -49.39997, -38.25139, -34.62906, -36.38171, -28.00009, -45.62468, -23.05970, -29.84163
-34.31639, -32.92215, -53.92208, -44.75272, -28.18612, -38.71001, -23.20846, -54.29871, -20.19886, -30.81308
-40.83060, -37.85371, -44.88946, -44.32956, -35.53242, -43.69972, -33.52667, -46.71607, -26.20670, -37.61378
-27.16932, -28.56413, -45.56575, -36.14550, -25.52897, -34.36925, -22.25251, -48.65461, -17.48185, -27.05369
-29.42638, -29.15386, -49.84718, -39.04898, -24.76933, -35.83929, -19.95915, -47.22715, -16.44529, -26.96403
-31.96108, -46.31456, -39.24209, -51.55021, -34.31545, -50.13312, -25.09707, -36.63060, -25.51115, -25.46099
-36.17517, -34.85159, -45.02821, -41.45999, -33.02071, -41.47855, -32.59757, -46.21240, -24.36395, -33.60037
-36.55597, -50.49192, -40.21303, -53.06262, -45.90939, -60.30302, -52.44080, -39.90121, -36.72858, -31.83022
-39.77055, -34.50055, -49.16004, -51.30174, -29.62668, -46.15937, -23.86277, -55.37402, -21.38007, -29.78626
-35.13075, -36.34405, -50.40234, -45.02422, -33.51307, -41.16660, -28.59851, -52.46146, -25.44164, -39.26806
-38.51249, -42.11066, -38.31468, -45.45037, -44.54178, -46.17339, -30.04222, -36.68898, -28.16861, -35.04397
-36.68154, -40.08920, -52.11874, -46.25807, -40.70945, -41.41128, -31.22546, -60.58305, -28.31037, -31.89653
-39.08552, -36.93325, -46.62920, -45.14841, -37.21863, -39.66747, -33.85068, -38.26593, -26.50507, -22.79275
-39.69280, -32.68983, -39.79369, -45.93569, -29.03401, -41.12611, -21.78808, -58.78434, -20.44535, -28.73729
-34.28533, -41.87085, -43.48373, -50.60515, -33.08503, -51.89658, -24.43515, -48.65654, -22.58455, -32.12707
-31.57723, -36.85536, -50.16879, -41.22248, -35.71917, -39.14504, -26.23163, -49.68487, -23.57656, -36.81763
-43.76417, -54.41445, -46.55949, -63.47171, -50.02654, -49.63184, -50.72530, -42.18081, -39.89992, -31.76058
-38.88583, -31.87706, -41.34450, -47.81956, -27.10976, -46.47328, -22.06929, -48.23811, -19.01551, -26.29238
-45.77960, -42.80362, -51.76972, -51.78824, -39.86223, -49.63534, -31.98462, -52.56988, -32.97275, -41.55440
-34.25816, -34.92054, -38.88092, -59.79597, -29.62804, -60.90441, -23.52763, -41.77929, -21.13454, -29.79434
-35.15856, -30.58886, -45.08311, -45.70806, -25.76016, -43.09349, -19.94788, -53.69009, -17.17019, -23.36448
-34.68146, -35.67692, -51.76469, -44.57214, -32.30730, -40.88094, -27.62914, -53.54868, -24.15492, -36.45697
-34.56340, -38.73564, -42.38784, -50.71361, -37.30649, -44.52586, -33.03209, -46.73574, -32.90036, -39.78048
-27.02090, -29.11256, -41.88177, -35.50601, -27.91969, -35.17555, -26.73487, -43.85082, -20.10313, -26.73532
-32.00360, -41.60836, -35.86121, -47.38921, -40.31561, -47.11592, -47.58265, -37.86629, -35.42694, -28.27520
-34.37523, -34.94553, -45.80014, -41.80292, -34.04565, -40.03705, -34.44319, -47.20408, -26.20875, -31.39242
-41.96287, -34.49786, -43.75739, -49.56657, -30.67552, -44.41834, -23.23951, -53.52371, -21.88942, -29.57387
-33.34539, -46.80662, -41.83976, -49.53739, -39.82451, -47.35500, -30.01586, -44.52841, -29.06616, -35.81076
-52.28582, -46.74764, -47.33624, -49.60309, -48.19648, -42.45200, -41.95115, -50.44942, -39.39101, -32.44690
-43.54013, -44.93290, -66.11630, -51.70437, -43.32338, -46.94501, -36.54553, -55.12088, -33.04484, -42.06093
-52.12197, -48.59475, -50.71833, -59.16183, -50.37886, -50.17606, -36.11733, -58.73855, -38.52818, -49.53965
-35.46871, -54.51073, -45.96577, -49.99079, -36.76088, -50.71229, -27.92908, -48.88901, -25.79892, -33.66188
-32.92384, -43.91776, -35.83204, -57.96125, -33.85970, -47.18640, -34.71620, -34.37786, -28.80995, -24.98803
-45.16555, -54.23025, -52.45258, -64.10400, -54.23567, -78.56514, -43.46045, -49.70743, -44.19589, -38.79511
-52.05850, -50.60245, -59.96736, -61.69066, -53.84250, -56.51987, -41.41547, -55.76898, -44.93871, -38.53054
-30.25321, -31.94073, -43.77853, -37.26674, -32.02561, -34.86990, -22.72941, -36.07632, -18.66553, -22.26982
-33.68103, -34.49130, -45.56912, -39.80832, -37.72345, -36.01244, -29.54272, -48.43986, -24.48776, -27.68234
-45.41080, -61.13468, -57.01578, -60.42783, -47.89179, -66.59531, -37.25869, -59.55980, -36.98989, -39.60789
-34.92052, -33.90611, -38.54269, -54.81707, -29.06754, -54.27415, -23.96161, -40.13430, -21.43521, -28.24185
-39.81976, -36.61232, -39.26248, -43.59308, -34.64391, -40.80931, -53.31971, -39.41538, -28.11938, -29.24548
-46.51785, -49.12493, -57.81439, -57.86647, -47.13571, -49.97159, -41.75155, -66.85387, -39.89704, -59.27736
-28.81937, -44.10305, -34.55659, -45.72527, -31.49640, -49.14724, -27.44306, -35.68055, -24.67425, -24.14980
-30.35513, -33.98646, -37.31895, -48.15097, -28.50213, -63.43902, -20.36108, -38.44006, -20.68147, -24.81928
-37.07602, -40.89715, -47.63136, -48.17697, -38.80001, -82.35678, -35.64444, -48.54472, -31.59697, -35.91274
-47.78792, -51.48963, -58.91198, -61.37080, -47.25272, -54.49998, -44.09796, -68.01082, -41.68959, -48.50189
-49.62256, -45.66788, -58.90622, -56.86265, -46.46646, -48.24049, -36.73193, -44.17724, -37.98657, -27.71867
-35.65561, -46.25792, -44.34557, -53.23898, -35.50504, -53.88757, -27.18650, -48.40425, -25.51648, -32.62221
-37.08001, -38.18055, -50.21031, -45.21308, -37.80137, -41.01600, -31.13209, -48.55782, -28.43362, -39.32549
-40.77529, -64.77948, -58.69197, -52.74470, -42.73773, -45.74623, -32.12141, -45.06224, -29.54019, -27.34067
-42.31052, -37.69569, -40.24258, -44.96580, -35.74193, -42.63962, -41.76331, -38.82242, -29.33856, -29.06651
-32.40133, -37.85996, -35.77101, -54.88621, -31.98608, -53.44675, -24.94287, -38.17018, -26.47037, -27.37721
-36.16162, -39.75499, -48.66059, -47.70091, -37.55005, -55.94857, -34.04711, -54.45426, -30.26169, -37.32706
-45.68633, -49.42628, -66.99991, -53.74014, -47.79212, -55.72445, -43.84480, -56.53187, -38.00879, -48.87501
-37.91628, -37.66016, -41.31624, -41.97111, -37.12760, -39.09819, -26.49133, -36.38053, -22.44614, -26.25810
-39.66236, -51.46347, -41.22762, -58.41317, -46.26637, -46.80366, -34.65741, -36.17493, -51.59810, -23.95171
-33.60889, -33.27407, -51.14028, -42.66805, -28.87917, -41.88624, -23.99870, -49.08486, -20.17739, -29.97950
-29.66658, -39.86804, -31.00003, -45.52268, -31.13785, -48.47954, -33.54266, -32.49499, -28.27909, -20.95211
-41.08335, -33.64262, -45.66208, -53.00398, -29.33023, -48.36588, -22.98345, -51.34647, -21.12540, -26.68800
-39.67079, -36.49239, -43.63704, -43.94201, -31.80819, -42.87137, -28.62670, -46.24575, -22.69685, -32.60262
-39.55540, -42.98121, -41.85999, -46.83661, -42.29472, -51.60159, -38.58094, -42.08370, -33.20107, -35.24870
-40.95463, -40.92121, -50.63224, -48.20465, -41.11626, -41.99157, -32.42205, -40.00955, -27.70420, -25.20718
-48.35811, -51.10846, -68.37532, -57.27463, -50.33671, -56.22597, -46.04241, -64.69624, -41.07361, -47.81395
-36.80487, -39.27048, -40.69434, -53.97739, -34.83442, -51.48718, -26.67543, -45.26418, -28.22035, -30.12135
-45.41131, -39.84900, -39.35630, -46.26989, -37.04363, -42.73658, -31.94452, -34.84992, -26.19972, -26.23857
-43.50795, -48.97087, -48.49387, -51.60641, -48.43382, -53.15291, -42.19380, -48.70047, -36.48148, -42.47893
-34.86473, -37.20608, -45.75986, -40.74569, -39.67428, -37.98126, -28.34223, -44.61428, -24.66060, -42.56197
-55.45582, -59.37552, -48.21370, -52.86888, -46.60083, -43.09224, -43.27286, -47.87654, -45.10295, -37.67548
-45.17451, -57.12989, -41.07982, -51.31524, -52.58976, -51.35060, -43.16035, -42.44308, -33.80960, -33.49178
-38.08421, -56.40004, -58.33702, -49.29691, -41.38439, -51.24366, -30.36252, -52.80333, -28.51470, -39.97324
-43.99539, -36.37899, -49.57168, -55.25129, -32.34034, -54.80907, -25.64945, -52.54854, -23.85383, -27.96483
-32.43638, -38.45426, -44.90391, -44.94320, -37.35668, -49.98080, -31.89694, -42.34802, -28.87145, -32.53182
-36.30712, -40.82077, -41.41275, -66.01851, -33.85330, -60.11931, -27.91784, -45.42613, -25.78403, -30.09752
-69.67402, -59.15245, -51.63559, -55.54750, -50.95846, -49.67765, -48.06199, -50.39524, -51.52287, -48.43197
-32.09290, -33.93120, -57.33740, -40.70111, -33.84962, -38.13307, -27.36602, -42.20611, -22.51554, -23.72193
-30.66029, -32.81865, -62.96590, -39.08703, -32.69291, -38.40961, -27.47642, -58.30050, -22.22642, -27.29221
-39.80801, -42.91543, -52.31331, -48.61333, -42.61373, -43.34349, -33.58782, -54.29429, -31.58402, -49.82386
-34.29039, -33.48054, -40.77970, -39.20053, -32.24842, -38.02868, -26.86938, -37.86112, -21.32089, -26.39227
-35.59326, -34.09020, -40.85260, -40.34991, -32.76271, -39.15393, -31.15719, -39.27360, -23.34196, -26.62878
-34.18875, -31.97194, -40.04784, -38.72168, -30.96546, -38.19383, -32.51404, -40.03934, -22.85072, -26.19602
-32.30261, -31.94694, -41.37724, -38.84674, -31.09968, -37.63743, -32.99580, -41.06740, -23.12799, -24.97319
-35.21865, -34.99550, -39.82477, -40.34509, -34.99500, -37.66872, -32.69683, -56.10037, -25.99508, -33.91446
-54.95011, -51.12576, -49.14451, -60.04763, -46.07458, -47.04743, -37.05921, -55.37507, -36.92926, -38.59093
-44.37543, -36.19398, -49.08906, -53.98312, -31.90483, -45.16248, -25.45976, -42.71801, -22.71427, -22.47872
-42.25465, -56.68669, -57.39183, -54.30113, -42.82683, -46.99029, -32.27468, -44.79971, -30.04533, -27.28012
-41.21952, -38.51806, -41.84463, -53.59435, -34.31149, -48.72158, -29.95817, -45.08342, -28.40522, -29.35667
-36.44412, -58.02211, -53.60203, -48.51320, -39.77702, -48.97584, -28.11055, -56.04334, -26.61104, -36.49176
-49.21294, -44.85796, -38.43318, -45.67323, -46.91441, -41.42777, -31.90975, -37.90512, -26.38315, -30.22378
-48.50869, -49.03545, -53.20547, -62.42762, -46.41127, -59.96891, -34.64334, -57.05366, -35.28364, -42.28556
-32.18174, -34.88617, -58.87486, -41.21327, -35.50144, -38.56685, -28.32261, -52.79971, -23.74574, -25.49182
-37.44630, -37.54095, -45.04055, -43.63146, -35.98702, -44.05201, -37.25570, -51.95154, -28.04780, -30.06162
-36.89423, -35.62131, -48.78841, -43.68377, -31.59955, -43.45933, -27.96552, -53.79046, -22.81787, -34.13894
-43.89066, -39.44267, -50.55280, -52.42431, -35.65134, -43.86724, -28.85360, -54.90815, -27.48757, -41.09363
-39.58848, -59.78732, -49.60820, -51.63546, -45.28284, -44.51394, -30.14738, -57.87546, -29.66111, -40.41295
-68.63471, -58.54087, -57.36498, -56.86938, -54.65341, -54.46223, -42.83201, -44.31623, -44.51577, -29.94501
-44.27856, -35.31953, -36.59659, -41.24173, -32.14674, -41.80720, -32.33059, -36.10259, -23.12265, -30.97645
-35.25140, -37.65746, -45.71247, -41.86682, -42.89618, -37.20283, -29.53529, -49.45568, -25.36281, -26.61836
-45.87793, -45.21432, -53.00631, -53.10531, -47.35827, -43.01994, -34.76324, -39.57695, -30.65831, -24.43704
-48.98640, -47.69280, -60.75224, -54.85477, -43.56863, -46.69571, -34.67145, -44.14711, -33.44181, -47.77428
-48.21981, -42.00278, -57.67432, -57.23934, -38.56692, -55.85410, -31.70590, -52.69898, -30.35738, -33.06852
-49.82916, -41.43172, -47.91001, -55.45281, -36.38179, -52.27844, -32.46176, -50.77476, -28.00101, -36.44624
-36.23066, -31.05796, -40.03232, -49.55120, -26.55495, -45.62212, -20.63738, -48.44574, -19.26196, -26.40838
-44.96799, -42.09707, -52.98800, -53.03996, -38.74981, -49.75682, -30.62829, -43.70731, -28.95186, -25.81899
-54.26872, -51.89656, -48.45269, -56.18321, -46.38361, -45.23025, -36.42213, -43.41322, -30.88053, -29.86174
-43.10398, -44.21231, -57.29948, -54.53321, -44.61348, -47.65229, -34.79084, -38.48660, -35.93801, -27.90191
-45.70726, -62.59488, -62.17566, -58.16942, -47.61769, -57.53475, -36.36617, -62.43800, -35.37714, -44.58530
-35.61120, -35.77269, -38.19499, -41.83821, -34.06930, -40.23209, -46.52087, -41.97968, -27.99554, -26.89119
-43.96445, -41.90326, -49.31399, -52.36717, -39.04224, -46.02828, -38.39811, -43.06617, -31.17154, -26.37580
-45.45806, -59.52565, -65.68480, -57.24221, -46.64938, -61.49960, -36.07191, -57.31506, -34.59382, -42.58566
-36.57754, -50.44432, -45.27290, -51.89546, -39.69270, -50.17161, -28.14698, -49.88475, -26.68225, -39.76337
-37.22093, -38.72857, -55.47114, -46.93086, -36.09074, -44.02276, -31.26066, -55.25138, -27.65828, -38.88780
-52.27807, -55.74696, -49.00461, -53.83532, -50.47546, -43.83534, -39.22012, -52.35696, -35.82257, -29.97282
-42.00819, -37.59221, -42.37873, -44.90642, -34.05527, -42.01706, -32.27825, -39.58869, -24.18420, -26.52549
-48.79538, -44.58103, -48.90078, -57.54664, -43.50526, -49.28287, -32.13952, -56.19124, -33.64895, -44.45595
-34.10866, -31.57618, -36.74189, -40.43339, -27.98317, -37.85832, -26.15615, -41.86607, -21.17607, -26.20070
-45.41487, -51.82396, -41.85013, -55.75727, -45.03800, -47.51096, -32.64820, -37.45811, -30.58598, -32.76777
-52.85420, -48.11496, -55.02823, -64.91749, -45.46915, -43.14090, -42.08062, -40.49842, -38.80729, -24.22108
-44.48307, -37.21203, -50.00006, -57.00063, -33.21550, -57.79610, -26.52193, -71.51023, -25.22253, -33.72852
-81.48852, -78.72924, -67.15263, -83.41417, -68.15532, -60.48852, -75.59899, -86.09090, -75.44454, -74.07764
-39.47378, -34.55464, -37.14168, -41.20239, -32.73070, -39.88647, -34.63057, -35.94994, -24.66901, -24.65873
-32.28380, -32.73945, -53.14891, -41.82898, -28.82670, -38.55272, -24.23348, -50.69665, -20.53371, -31.68591
-48.15684, -51.10360, -66.62311, -55.77743, -56.89651, -58.94183, -47.94832, -57.59292, -45.37666, -58.13394
-31.26861, -31.65206, -49.37983, -38.87957, -29.91082, -37.51690, -26.78523, -50.26474, -20.44250, -25.32861
-34.39451, -38.96094, -53.84904, -44.31061, -36.44207, -48.90359, -31.57468, -51.06251, -27.08864, -36.53708
-32.89748, -35.97643, -49.27816, -43.22043, -34.96002, -40.72163, -32.39033, -40.42376, -27.08663, -29.09626
-36.96781, -39.69341, -54.93523, -46.22335, -40.78228, -40.33598, -30.70659, -40.47593, -26.00646, -22.53259
-45.53714, -42.90551, -43.29277, -47.18666, -45.10746, -42.81584, -46.22738, -59.27371, -34.33259, -39.85166
-37.47337, -35.66525, -37.94523, -40.32707, -33.95612, -38.90899, -27.51247, -35.22805, -21.69250, -24.62736
-47.84182, -55.35764, -43.54032, -54.75292, -48.44741, -44.89392, -32.62740, -40.46734, -29.84712, -41.89265
-31.91537, -38.10623, -42.86655, -46.35796, -35.74656, -57.71478, -31.28265, -40.39468, -27.49411, -29.05460
-37.45943, -47.52368, -44.41053, -55.15281, -49.46115, -58.39071, -40.58267, -43.75007, -43.19526, -37.80416
-34.01775, -35.73990, -54.73792, -42.10175, -36.02201, -39.48462, -29.92422, -47.08871, -24.47657, -25.85506
-47.40199, -48.36099, -59.85349, -58.75850, -43.64641, -56.15714, -34.93533, -51.46307, -33.48997, -33.47905
-44.49774, -47.19028, -40.68602, -50.71309, -44.96947, -46.92572, -40.44632, -44.67283, -35.69553, -29.82349
-45.80614, -43.82964, -47.33234, -67.27904, -40.00563, -57.84369, -33.35038, -50.16155, -30.58285, -44.86316
-37.17021, -42.46290, -51.49529, -51.38567, -35.68050, -53.24960, -25.83580, -55.12158, -24.99142, -32.37672
-38.94851, -52.94274, -50.11520, -50.12712, -43.13160, -51.29838, -34.36181, -48.88133, -30.81395, -39.41502
-40.80486, -36.03429, -39.49717, -49.14823, -31.37470, -47.61763, -30.14993, -44.39269, -25.16308, -27.61429
-31.77869, -30.37736, -41.91057, -37.73778, -27.10209, -37.70078, -24.20019, -44.07586, -18.01918, -27.82627
-38.75950, -46.09543, -40.63233, -52.88522, -43.81569, -40.87050, -34.70888, -40.94169, -31.21068, -32.00258
-31.65010, -42.14712, -33.72114, -49.53292, -35.06439, -44.25606, -35.52370, -31.32114, -31.11351, -22.70926
-38.72733, -39.61381, -45.71101, -44.06651, -37.50534, -45.00133, -32.75424, -50.42488, -26.95315, -32.87335
-41.88292, -51.59507, -48.04883, -62.27854, -47.14999, -47.96403, -33.84853, -61.44977, -36.26364, -42.91604
-43.31501, -61.05710, -68.79180, -53.53445, -46.32601, -53.54105, -34.06886, -73.97446, -32.44066, -42.69033
-41.96418, -43.20006, -62.62255, -50.94984, -42.04896, -44.71719, -35.45206, -53.70823, -32.87881, -48.67633
-34.20256, -36.37203, -72.54262, -42.90822, -34.63629, -43.02684, -30.35824, -48.26471, -25.30737, -34.70941
-54.39307, -49.60816, -57.49942, -56.71141, -47.94434, -52.24365, -39.41749, -56.98678, -41.26606, -41.27148
-29.37615, -31.57588, -55.53177, -37.41349, -32.03747, -36.90815, -26.78466, -43.59049, -21.83995, -35.45783
-36.45151, -34.53198, -45.08659, -42.91265, -31.53972, -39.02493, -26.43532, -51.46339, -22.75655, -35.50234
-42.82469, -35.73051, -49.06885, -54.73045, -31.19001, -47.34638, -25.02780, -49.31639, -22.45742, -25.67141
-31.35424, -32.37131, -53.00131, -39.30510, -32.58991, -38.00717, -28.88752, -46.51671, -22.52635, -24.71305
-42.77495, -48.52954, -41.13191, -58.93840, -51.80546, -44.62105, -27.10383, -33.17979, -25.87835, -28.41169
-41.66612, -43.29897, -79.85223, -50.18198, -42.31258, -47.59267, -39.68282, -51.79365, -33.76944, -37.12610
-37.77855, -46.72610, -42.84610, -53.75728, -51.51354, -51.50511, -45.16789, -46.23311, -43.22335, -36.28225
-37.77597, -35.50439, -53.06146, -47.92754, -30.72707, -43.36534, -25.43261, -59.92372, -22.32631, -30.88172
-38.76680, -45.29172, -49.47290, -54.80878, -40.92433, -58.21535, -43.21261, -41.90110, -37.28936, -37.19224
-39.08312, -37.53616, -53.82847, -47.88598, -33.37872, -44.68518, -28.76042, -53.43915, -24.21299, -27.79305
-44.92874, -37.93756, -39.75564, -45.69888, -36.77013, -42.03882, -37.48719, -34.57483, -28.53544, -21.80591
-47.92554, -63.82174, -64.68824, -59.52364, -51.94389, -64.38175, -40.41176, -64.38685, -38.60730, -54.24678
-61.32461, -67.69629, -53.52986, -58.21062, -55.94025, -51.20116, -42.42815, -49.44050, -45.88101, -37.62896
-43.05778, -51.28106, -49.06537, -52.44872, -41.77137, -46.32271, -33.30138, -49.30882, -34.32232, -39.04640
-32.67385, -42.31292, -32.74497, -47.27732, -35.25108, -45.59239, -31.56172, -30.59640, -27.19784, -23.15460
-40.85175, -50.57534, -45.33293, -58.95395, -42.95375, -57.42950, -34.43360, -42.20470, -36.01881, -27.43530
-37.33217, -33.70337, -46.79201, -48.18378, -29.02371, -41.11038, -23.63332, -56.00380, -21.50135, -31.64655
-37.90857, -38.31243, -55.14575, -46.02343, -37.19772, -41.45049, -32.70631, -55.94652, -28.65409, -41.71977
-40.21717, -37.12542, -49.22001, -48.92801, -33.24492, -42.18408, -26.81396, -53.20958, -24.82404, -37.64439
-57.10854, -66.08237, -53.85089, -62.71119, -62.32118, -58.36650, -42.88489, -50.91298, -49.18343, -35.99009
-37.92430, -43.60276, -46.72153, -55.33678, -39.51560, -50.30642, -39.46209, -39.31914, -36.17792, -30.88235
-41.18911, -43.03099, -56.94053, -48.90115, -54.62885, -51.86935, -35.60214, -52.20582, -36.82445, -57.67150
-38.48479, -41.46452, -43.32013, -54.08380, -37.12163, -50.19761, -27.37834, -44.18820, -27.87110, -28.62137
-38.95440, -41.30494, -54.78730, -48.51962, -42.61446, -43.24049, -33.85189, -49.58318, -30.39833, -29.33668
-36.56212, -49.13832, -52.54016, -49.86549, -37.53635, -48.94542, -26.58437, -53.37009, -25.27980, -30.97582
-51.39058, -49.39520, -48.91826, -67.81152, -45.46163, -43.28315, -41.44865, -38.15347, -37.53254, -24.17620
-35.07196, -39.46440, -50.47057, -46.08994, -36.73762, -58.98554, -33.80525, -49.23633, -28.62803, -35.31443
-28.80394, -46.90038, -38.67079, -45.41921, -31.49912, -47.16316, -21.41430, -38.60320, -21.22650, -25.74598
-61.42838, -57.05996, -63.75902, -59.86553, -49.86715, -46.82811, -48.03132, -42.43375, -47.30413, -25.75301
-43.91616, -42.53950, -43.47466, -52.62586, -38.73345, -44.11558, -35.84152, -36.61199, -32.05498, -22.16931
-52.25950, -56.13046, -46.72992, -56.22986, -51.74873, -51.50046, -36.16509, -46.38295, -33.28910, -46.15820
-35.78643, -41.23530, -50.04002, -44.62126, -41.94752, -41.40459, -29.53804, -48.23622, -27.26934, -39.38546
-34.46492, -45.22545, -35.64246, -51.57766, -37.62384, -44.13852, -32.58457, -34.87332, -40.10705, -27.02877
-33.73938, -35.29831, -47.75469, -42.28238, -32.71889, -41.65580, -30.72709, -49.15285, -24.83379, -30.83193
-38.32918, -42.15184, -69.49074, -47.18087, -40.73549, -45.82075, -35.10574, -51.41926, -30.31680, -35.78398
-38.13763, -40.66642, -69.49962, -46.67035, -40.38741, -46.99464, -35.89913, -55.12225, -30.66832, -42.08180
-39.83658, -35.34590, -43.72019, -47.27593, -31.54896, -41.70245, -25.49110, -66.02115, -23.59923, -33.60782
-33.16632, -45.27253, -43.98098, -47.69121, -39.92683, -49.62768, -29.07317, -45.37150, -28.53377, -34.37587
-39.81544, -42.18755, -55.10391, -51.09301, -39.07093, -50.26378, -37.82399, -48.16561, -32.53440, -37.01815
-38.54190, -39.40896, -54.42401, -46.25694, -39.57775, -41.32838, -32.68232, -49.41960, -29.94387, -66.36790
-33.53970, -40.74935, -40.17259, -50.39761, -39.98284, -45.60002, -32.31894, -39.42224, -33.16078, -29.53048
-46.78931, -46.83458, -47.07293, -53.02190, -47.17370, -42.95755, -28.97894, -35.41423, -26.61280, -23.86549
-35.66044, -42.54533, -59.74606, -45.46896, -39.61643, -45.36245, -30.44938, -53.11113, -27.46115, -38.14706
-33.16815, -35.87938, -39.03746, -55.07427, -29.65183, -52.14957, -22.55689, -40.33256, -20.11260, -27.53083
-56.08626, -49.05094, -45.68204, -49.26477, -50.21997, -44.09736, -44.43894, -50.25041, -40.98674, -34.28537
-40.99361, -44.21957, -43.39428, -49.34963, -39.45782, -41.61466, -34.69738, -42.97709, -40.10226, -34.15906
-35.84593, -39.50098, -46.18188, -42.16348, -41.83027, -38.75307, -28.48193, -48.64774, -24.97968, -34.03286
-36.09668, -36.40633, -38.19841, -39.92548, -39.99376, -37.02098, -33.71123, -58.40345, -27.16130, -36.80283
-39.44343, -39.10684, -53.67342, -46.18113, -38.04229, -43.57513, -35.04013, -52.20889, -29.30505, -37.39772
-47.43051, -42.40944, -43.78755, -51.03086, -41.53659, -43.16874, -28.81191, -51.35947, -29.37452, -31.00368
-39.38120, -44.05552, -44.80416, -44.65715, -50.13608, -39.85895, -29.98262, -45.69102, -27.69483, -39.31586
-38.05297, -39.68370, -54.38866, -46.24350, -39.78633, -41.63641, -32.34369, -50.34392, -29.72304, -63.80718
-33.19601, -32.82585, -41.05600, -38.26730, -32.36380, -37.39439, -30.79764, -56.31873, -22.99343, -29.72913
-29.03854, -50.30167, -36.90476, -47.72831, -34.06426, -46.47348, -24.38984, -34.96471, -24.86250, -23.61955
-62.19248, -57.13053, -49.83774, -58.23916, -47.26164, -48.71257, -41.57299, -53.41998, -39.74918, -39.58249
-33.07010, -34.45519, -41.21812, -50.82813, -29.17509, -58.49008, -21.08297, -48.32282, -19.84904, -28.88843
-39.39303, -39.77546, -35.21849, -44.66634, -37.91793, -44.07731, -32.56858, -33.95803, -30.86589, -22.60407
-42.99913, -41.31082, -51.67787, -48.35016, -40.31736, -45.78859, -38.75593, -53.54658, -31.88194, -38.59561
-34.54711, -32.73862, -43.72511, -47.53515, -29.01957, -59.01525, -20.63309, -60.71078, -20.26027, -28.54357
-29.78815, -31.99091, -49.09754, -39.03908, -31.10999, -37.27634, -26.29323, -48.31690, -22.40996, -36.83726
-47.62590, -50.25268, -42.56763, -50.82575, -46.16259, -44.38139, -37.27298, -45.56227, -30.92516, -34.63657
-45.97391, -42.71370, -41.26449, -47.16226, -40.11486, -42.06220, -28.92137, -34.74045, -25.33390, -27.24509
-38.67021, -43.92998, -51.72772, -49.78994, -46.37787, -52.04427, -39.38459, -49.27736, -36.41821, -37.72526
-34.57987, -31.29870, -41.32044, -48.46453, -27.32957, -59.01950, -19.81622, -55.06391, -19.22821, -26.58266
-39.17820, -37.95014, -42.35152, -45.79339, -34.92125, -45.60989, -39.96458, -42.08737, -28.60465, -26.89563
-43.98598, -48.13343, -53.55239, -56.10313, -46.22421, -52.66120, -41.01709, -55.12613, -42.39311, -47.83347
-34.29650, -38.52803, -46.08926, -47.10659, -37.65563, -48.63356, -33.54766, -48.32757, -30.35355, -35.92053
-45.97549, -50.15553, -54.82366, -58.27816, -54.39609, -57.03324, -43.49344, -60.18826, -49.95557, -48.31628
-40.77859, -41.55166, -67.13008, -49.56135, -40.33285, -44.69850, -39.12398, -47.58640, -32.33517, -30.23643
-40.24306, -45.24796, -36.10472, -48.87880, -39.54337, -44.86307, -29.42267, -32.40838, -25.72097, -25.82123
-47.75885, -58.14341, -65.11528, -60.50904, -47.95269, -62.76066, -37.74660, -64.77538, -36.52444, -46.08358
-33.64653, -39.46030, -33.44534, -48.40632, -33.10422, -47.33554, -33.85623, -33.74708, -30.50541, -23.50019
-40.04741, -40.39278, -46.45327, -51.76271, -36.39653, -50.12843, -28.50830, -41.37421, -27.78810, -25.13781
-36.07075, -45.76361, -40.93643, -62.23512, -50.27705, -46.26490, -35.13296, -41.13456, -35.58850, -35.48682
-29.41059, -30.54717, -54.92368, -38.31928, -27.58626, -37.40327, -23.15423, -55.53946, -18.25166, -23.97025
-31.88405, -42.77004, -37.14449, -42.67254, -34.58486, -45.28357, -31.06603, -38.18633, -24.08505, -28.64161
-36.91846, -39.16247, -77.08095, -45.57420, -37.22677, -45.68458, -33.15355, -53.10210, -27.96242, -38.79580
-35.18996, -33.54967, -44.33944, -48.21172, -29.79713, -61.47541, -21.32569, -63.36676, -20.95170, -29.39288
-38.35760, -66.29244, -52.59930, -52.11007, -41.60961, -51.73196, -29.27951, -59.01985, -28.45539, -40.41850
-46.78887, -49.06811, -45.33344, -52.45069, -46.01795, -44.63027, -48.29600, -45.99074, -41.42477, -33.26065
-34.78104, -41.51542, -45.30317, -50.92417, -34.31771, -59.36668, -24.86742, -47.46886, -24.51202, -30.67984
-44.42742, -44.94593, -50.13277, -59.91983, -45.38953, -48.85923, -33.50603, -54.86500, -35.34557, -40.79430
-33.78413, -29.84366, -43.73961, -43.58480, -25.13066, -40.37913, -19.31047, -48.90098, -16.66459, -26.22654
-30.37244, -33.94421, -51.68820, -39.78966, -32.91605, -38.60300, -26.55010, -48.70079, -22.87257, -35.03531
-53.53389, -46.55756, -61.08766, -64.77977, -42.17058, -49.84545, -36.74340, -47.60752, -32.34324, -28.66483
-37.58772, -37.84068, -52.11578, -44.69532, -37.51788, -40.67681, -32.65027, -51.17831, -28.26690, -41.77066
-44.66428, -56.46163, -43.81457, -49.67983, -45.75210, -43.75356, -32.55769, -49.43831, -28.56885, -40.12079
-32.42933, -32.43961, -49.95316, -41.52073, -28.38379, -40.50328, -23.83904, -53.71601, -19.73958, -28.04443
-46.60703, -47.03209, -48.04900, -49.33162, -43.78172, -46.74479, -32.62524, -45.26742, -29.69302, -37.95910
-34.04734, -36.32900, -46.02609, -40.55523, -39.62224, -37.31989, -28.99995, -46.85929, -24.99379, -32.50670
-27.70719, -30.64457, -54.89875, -36.49930, -30.01848, -36.34143, -24.86442, -44.49850, -20.22405, -31.88879
-51.56485, -52.19879, -66.14781, -59.88460, -46.63967, -56.20819, -52.59646, -46.81181, -43.50506, -33.49581
-33.85647, -41.07857, -38.30138, -46.71312, -46.91413, -46.33746, -40.07846, -42.06037, -32.94023, -32.55471
-61.55936, -43.00344, -40.21354, -48.56723, -43.56732, -40.22382, -29.94784, -34.20029, -26.20355, -23.55990
-47.90127, -53.44377, -56.06743, -63.69076, -47.56657, -49.63460, -35.66186, -68.63885, -35.49727, -42.56415
-36.74491, -37.95176, -58.28459, -44.79084, -38.06513, -41.31158, -32.31064, -52.02958, -28.58010, -45.33598
-42.66567, -37.29036, -44.26976, -46.71816, -32.35612, -45.99830, -29.06246, -47.13290, -23.57822, -35.56356
-40.44599, -42.40468, -50.71877, -47.51107, -42.62928, -43.03735, -32.12190, -43.11575, -27.71962, -27.60610
-50.07140, -57.13085, -53.73416, -57.74357, -47.16763, -48.79526, -40.77469, -58.78540, -42.25319, -41.91100
-33.57587, -36.11358, -35.55453, -53.19056, -30.63345, -51.19710, -27.81426, -36.33674, -25.46563, -24.18719
-34.09044, -36.00806, -40.12277, -39.27152, -35.47046, -36.63063, -22.98555, -34.74702, -19.50887, -24.69371
-36.90621, -40.95470, -48.89845, -49.01231, -40.51522, -49.73542, -35.03588, -55.90940, -33.28413, -43.15374
-56.22603, -58.45636, -67.55917, -66.94778, -57.93542, -60.08514, -52.63263, -74.48132, -49.23574, -50.51372
-42.90273, -63.79452, -56.73941, -56.85512, -47.36752, -56.95431, -35.28507, -58.52466, -34.53587, -46.64195
-30.39791, -32.41265, -48.67428, -40.16195, -30.49161, -37.07537, -25.91548, -49.90172, -22.29214, -36.67813
-31.21783, -42.81162, -49.27187, -42.21186, -35.95085, -43.52738, -25.48470, -49.61579, -23.05885, -33.12921
-81.51009, -83.68201, -65.92263, -76.35788, -64.97736, -58.09044, -65.90058, -64.10456, -76.00520, -48.12917
-43.11442, -44.78466, -55.20205, -53.22635, -43.99205, -46.00029, -38.23394, -58.56967, -36.60514, -56.18509
-51.35249, -48.33595, -51.15542, -66.97228, -45.36841, -47.11448, -33.65003, -50.47615, -33.12183, -39.76120
-29.68076, -29.46898, -42.55365, -38.38864, -25.49001, -35.69888, -22.46755, -50.94565, -17.96405, -25.19978
-49.42298, -42.10016, -44.40402, -50.64788, -41.48482, -44.72313, -29.45657, -48.82871, -30.77106, -45.67533
-35.56021, -34.89805, -43.75910, -44.34559, -30.67002, -42.25140, -27.88339, -48.11276, -23.58430, -28.51188
-41.95552, -57.14143, -53.67130, -57.95820, -42.07913, -54.81990, -37.82851, -44.75256, -35.60925, -40.36911
-46.92974, -56.51755, -63.70218, -59.32439, -47.47242, -51.25317, -36.12485, -49.66281, -33.67950, -30.42982
-30.39187, -38.82248, -33.22790, -42.12419, -35.96570, -47.65578, -35.61659, -33.88622, -27.95657, -24.26559
-56.21485, -57.85055, -59.21753, -71.49877, -53.35701, -53.71195, -49.68769, -66.62708, -51.55692, -58.73172
