0.00196, 0.00736, 0.01678, 0.02613, 0.04693, 0.06054, 0.04053, 0.08311, 0.01447, 0.01178
0.00018, 0.01025, 0.00387, 0.00859, 0.01076, 0.02151, 0.08837, 0.11787, 0.07715, 0.06452
0.00099, 0.00022, 0.00526, 0.01173, 0.00363, 0.03811, 0.01450, 0.00776, 0.04269, 0.02622
0.02148, 0.02561, 0.00587, 0.05357, 0.03334, 0.01986, 0.02101, 0.05343, 0.00585, 0.02048
0.00322, 0.02737, 0.00738, 0.00058, 0.01021, 0.03071, 0.11875, 0.06122, 0.04280, 0.10114
0.00731, 0.00167, 0.00936, 0.01526, 0.08475, 0.03983, 0.40597, 0.14719, 0.36371, 0.25210
0.00997, 0.01542, 0.05333, 0.04159, 0.03263, 0.00018, 0.10111, 0.18684, 0.25630, 0.35463
0.01225, 0.00230, 0.01495, 0.01128, 0.03964, 0.44061, 0.08284, 0.06013, 0.58163, 0.59426
0.03575, 0.01495, 0.00563, 0.03858, 0.01028, 0.01865, 0.07134, 0.03303, 0.00538, 0.01815
0.00008, 0.00343, 0.01018, 0.02111, 0.01311, 0.03138, 0.00678, 0.01993, 0.00555, 0.21623
0.00673, 0.02840, 0.04921, 0.05384, 0.06031, 0.04356, 0.00219, 0.04948, 0.03627, 0.00559
0.00048, 0.00184, 0.00233, 0.00038, 0.02748, 0.03631, 0.01284, 0.09119, 0.02271, 0.17245
0.00017, 0.00131, 0.02546, 0.00729, 0.03036, 0.01383, 0.25911, 0.29815, 0.51874, 0.12525
0.00623, 0.00358, 0.00363, 0.01388, 0.00193, 0.04738, 0.01398, 0.01134, 0.00812, 0.02604
0.00190, 0.00563, 0.00603, 0.01111, 0.00695, 0.10164, 0.02435, 0.04182, 0.16867, 0.28525
0.00326, 0.03380, 0.00238, 0.00156, 0.01167, 0.01578, 0.08891, 0.12391, 0.00438, 0.01167
0.05223, 0.03656, 0.01514, 0.07378, 0.01915, 0.02868, 0.02055, 0.06921, 0.02271, 0.06608
0.00130, 0.00465, 0.00263, 0.00245, 0.02331, 0.03401, 0.01756, 0.07494, 0.02044, 0.13034
0.00616, 0.00891, 0.02524, 0.00118, 0.02758, 0.20378, 0.16938, 0.02989, 0.39159, 0.15340
0.01204, 0.01332, 0.00103, 0.02485, 0.00021, 0.01099, 0.03502, 0.11029, 0.00144, 0.05074
0.00454, 0.00129, 0.00869, 0.00032, 0.02112, 0.03177, 0.01275, 0.00443, 0.01473, 0.02099
0.00123, 0.00159, 0.00726, 0.00810, 0.05372, 0.06596, 0.00147, 0.03349, 0.17197, 0.19760
0.00002, 0.00145, 0.00267, 0.00051, 0.00708, 0.08499, 0.01734, 0.02534, 0.14465, 0.14162
0.00528, 0.07526, 0.13078, 0.08720, 0.05145, 0.05695, 0.05025, 0.02418, 0.06884, 0.10574
0.02983, 0.01282, 0.00662, 0.02056, 0.00580, 0.22500, 0.06697, 0.03830, 0.04842, 0.11077
0.00064, 0.00004, 0.00114, 0.00608, 0.00453, 0.00815, 0.04016, 0.05616, 0.03588, 0.00885
0.00016, 0.00963, 0.00442, 0.00151, 0.00721, 0.03202, 0.14635, 0.15740, 0.05834, 0.01830
0.00121, 0.00026, 0.01851, 0.00412, 0.01115, 0.00862, 0.09397, 0.07554, 0.15912, 0.07079
0.00099, 0.00247, 0.00793, 0.00281, 0.04149, 0.09736, 0.08685, 0.04311, 0.70948, 0.48205
0.00571, 0.00310, 0.01757, 0.00475, 0.06727, 0.02225, 0.13771, 0.09373, 0.30952, 0.04182
0.01429, 0.00544, 0.02887, 0.05411, 0.00412, 0.26313, 0.06577, 0.08094, 0.19765, 0.23386
0.01473, 0.00974, 0.01148, 0.03933, 0.00469, 0.09509, 0.02119, 0.02824, 0.02314, 0.01154
0.03064, 0.00533, 0.00730, 0.01621, 0.00186, 0.17769, 0.07676, 0.03768, 0.08095, 0.08615
0.02587, 0.04070, 0.00608, 0.09091, 0.07870, 0.06790, 0.00926, 0.10959, 0.00974, 0.00016
0.00560, 0.02765, 0.00913, 0.00027, 0.02558, 0.03969, 0.12076, 0.09504, 0.05865, 0.01234
0.00851, 0.01074, 0.00150, 0.02699, 0.00856, 0.00303, 0.00693, 0.05622, 0.02957, 0.04942
0.00005, 0.00177, 0.00379, 0.00001, 0.00122, 0.00434, 0.01797, 0.02943, 0.01210, 0.02436
0.04881, 0.04702, 0.03213, 0.11514, 0.03755, 0.14164, 0.07864, 0.03040, 0.00958, 0.01740
0.00886, 0.02839, 0.00714, 0.03244, 0.01817, 0.06564, 0.05443, 0.02594, 0.00904, 0.00974
0.00024, 0.00122, 0.00062, 0.00305, 0.02757, 0.03438, 0.19975, 0.24344, 0.21776, 0.09280
0.00924, 0.00911, 0.04764, 0.04153, 0.03977, 0.05737, 0.25290, 0.13128, 0.32776, 0.12482
0.03751, 0.03501, 0.01616, 0.10414, 0.02288, 0.06842, 0.00989, 0.08530, 0.01199, 0.05882
0.02482, 0.00664, 0.01222, 0.02055, 0.03769, 0.04822, 0.05129, 0.02296, 0.02155, 0.01209
0.08072, 0.04312, 0.01121, 0.11709, 0.05189, 0.05893, 0.04272, 0.12216, 0.05362, 0.05865
0.00012, 0.00145, 0.00448, 0.00131, 0.02547, 0.02807, 0.01735, 0.00479, 0.11869, 0.07632
0.00511, 0.02320, 0.05517, 0.09065, 0.05705, 0.04472, 0.00273, 0.07623, 0.00051, 0.16257
0.00179, 0.00095, 0.00222, 0.00483, 0.04307, 0.02923, 0.10480, 0.04763, 0.32507, 0.13640
0.00987, 0.01400, 0.03729, 0.04665, 0.00005, 0.00212, 0.00161, 0.02301, 0.01547, 0.00238
0.00016, 0.00047, 0.00124, 0.00017, 0.02595, 0.04132, 0.00857, 0.01698, 0.15313, 0.10269
0.00056, 0.00162, 0.01415, 0.00404, 0.05823, 0.14913, 0.03432, 0.05632, 0.41326, 0.42300
0.00332, 0.00818, 0.03794, 0.00998, 0.02439, 0.00835, 0.15002, 0.20573, 0.39790, 0.26990
0.00346, 0.00243, 0.02115, 0.01887, 0.03947, 0.00558, 0.11573, 0.13147, 0.09446, 0.18579
0.01087, 0.00634, 0.01460, 0.01403, 0.02574, 0.01732, 0.02761, 0.01041, 0.00667, 0.00586
0.00979, 0.04364, 0.00336, 0.00073, 0.01722, 0.04554, 0.10776, 0.10503, 0.01070, 0.05289
0.00143, 0.00130, 0.00194, 0.00196, 0.01685, 0.10958, 0.01421, 0.02388, 0.16467, 0.17246
0.00205, 0.00093, 0.00309, 0.00771, 0.03282, 0.03082, 0.03339, 0.16795, 0.17211, 0.02443
0.01279, 0.02577, 0.05023, 0.05049, 0.00595, 0.00409, 0.00135, 0.02524, 0.02097, 0.01521
0.00325, 0.02230, 0.05074, 0.08536, 0.07079, 0.02517, 0.08974, 0.07939, 0.03414, 0.16449
0.00047, 0.00263, 0.03454, 0.00134, 0.09289, 0.03996, 0.26684, 0.09038, 1.09318, 0.14165
0.02511, 0.01086, 0.02719, 0.02482, 0.03704, 0.01378, 0.07037, 0.04588, 0.02146, 0.11908
0.00107, 0.00418, 0.01161, 0.00997, 0.00944, 0.01808, 0.20747, 0.24368, 0.21145, 0.17781
0.00566, 0.02326, 0.05180, 0.02861, 0.01459, 0.10095, 0.04836, 0.02213, 0.18691, 0.18466
0.00262, 0.00260, 0.01862, 0.01956, 0.04995, 0.12365, 0.01301, 0.05988, 0.55554, 0.35616
0.00295, 0.00032, 0.00201, 0.00301, 0.03179, 0.12846, 0.02306, 0.00948, 0.06367, 0.06784
0.00064, 0.01295, 0.00397, 0.00346, 0.00960, 0.02798, 0.07730, 0.02171, 0.05277, 0.05529
0.02644, 0.01295, 0.00041, 0.04733, 0.02180, 0.02862, 0.01178, 0.01954, 0.01260, 0.01081
0.00070, 0.00077, 0.00968, 0.00354, 0.02408, 0.02280, 0.15741, 0.25094, 0.34981, 0.25850
0.00323, 0.00007, 0.01403, 0.01598, 0.00529, 0.00245, 0.00756, 0.03046, 0.13864, 0.06482
0.00148, 0.00019, 0.00147, 0.00319, 0.02513, 0.04268, 0.00866, 0.04632, 0.07617, 0.07134
0.00638, 0.00621, 0.00810, 0.03121, 0.03245, 0.14980, 0.05009, 0.01119, 0.12547, 0.12387
0.01824, 0.02062, 0.02219, 0.02796, 0.02097, 0.04738, 0.21917, 0.17194, 0.17080, 0.01664
0.00019, 0.00579, 0.05737, 0.00261, 0.05546, 0.04850, 0.23774, 0.05066, 0.76834, 0.31908
0.01159, 0.03505, 0.01695, 0.05816, 0.02382, 0.05855, 0.00970, 0.05095, 0.00094, 0.01121
0.01082, 0.00098, 0.00712, 0.00439, 0.00666, 0.01623, 0.03610, 0.02477, 0.13560, 0.12627
0.00292, 0.00080, 0.00399, 0.00530, 0.06265, 0.03986, 0.17134, 0.04179, 0.40172, 0.13028
0.00018, 0.00601, 0.07532, 0.00715, 0.06530, 0.09082, 0.23644, 0.05085, 0.82149, 0.69930
0.02775, 0.02328, 0.00496, 0.03206, 0.03099, 0.10162, 0.04022, 0.04166, 0.02168, 0.01400
0.00418, 0.00021, 0.00314, 0.00180, 0.00835, 0.00542, 0.06708, 0.02140, 0.01019, 0.00793
0.00392, 0.00102, 0.00224, 0.00294, 0.03320, 0.01503, 0.05885, 0.19495, 0.17839, 0.02617
0.01488, 0.00812, 0.01053, 0.01769, 0.02434, 0.04144, 0.13757, 0.03876, 0.11078, 0.01508
0.04758, 0.01187, 0.01941, 0.03463, 0.01730, 0.01460, 0.14587, 0.06766, 0.00584, 0.02358
0.00057, 0.00119, 0.00014, 0.01113, 0.01724, 0.02705, 0.05759, 0.00497, 0.09261, 0.03080
0.00273, 0.01165, 0.00280, 0.01099, 0.02024, 0.02907, 0.09510, 0.05738, 0.02585, 0.04147
0.00840, 0.00174, 0.03333, 0.04152, 0.11445, 0.06012, 0.39954, 0.33451, 0.34414, 0.15496
0.02800, 0.00531, 0.01209, 0.02318, 0.03663, 0.08351, 0.08427, 0.02919, 0.04106, 0.03490
0.00435, 0.00393, 0.06737, 0.00693, 0.05417, 0.25140, 0.23304, 0.00123, 0.95119, 0.88516
0.00114, 0.00071, 0.01703, 0.00117, 0.03580, 0.05173, 0.03187, 0.00937, 0.00038, 0.01068
0.00238, 0.00095, 0.02245, 0.02517, 0.09866, 0.10034, 0.14016, 0.07138, 0.24845, 0.12980
0.00362, 0.00605, 0.02508, 0.03104, 0.00964, 0.01914, 0.26732, 0.25850, 0.22108, 0.22025
0.02194, 0.01955, 0.02561, 0.02061, 0.03054, 0.03311, 0.06061, 0.11766, 0.06942, 0.10421
0.01106, 0.00079, 0.02861, 0.00114, 0.00992, 0.33931, 0.14154, 0.04753, 0.31452, 0.59095
0.00515, 0.01043, 0.02713, 0.02733, 0.03070, 0.17348, 0.02042, 0.10405, 0.58316, 0.45420
0.00066, 0.00752, 0.02980, 0.01816, 0.04310, 0.02609, 0.01880, 0.00577, 0.01169, 0.02157
0.00380, 0.03425, 0.00415, 0.00029, 0.00675, 0.02003, 0.14515, 0.11320, 0.02618, 0.02051
0.00132, 0.00176, 0.00820, 0.00260, 0.01551, 0.12754, 0.00758, 0.04223, 0.24012, 0.24973
0.00034, 0.00053, 0.00027, 0.00174, 0.00355, 0.02136, 0.00356, 0.00586, 0.03030, 0.03374
0.00049, 0.00555, 0.04244, 0.00456, 0.07223, 0.04736, 0.19561, 0.04527, 0.73506, 0.25483
0.00064, 0.00537, 0.00417, 0.00432, 0.00184, 0.00468, 0.00125, 0.00480, 0.01483, 0.16787
0.00055, 0.00065, 0.00280, 0.00756, 0.04988, 0.09588, 0.01206, 0.04720, 0.17663, 0.21224
0.00024, 0.00233, 0.01709, 0.00077, 0.02017, 0.00509, 0.09512, 0.07216, 0.25860, 0.15981
0.03546, 0.01594, 0.00294, 0.04869, 0.02420, 0.02253, 0.02516, 0.02626, 0.02264, 0.02375
0.01191, 0.04587, 0.05012, 0.10491, 0.06939, 0.08657, 0.00270, 0.07250, 0.10615, 0.03185
0.01298, 0.01609, 0.02817, 0.04345, 0.04973, 0.13764, 0.01476, 0.04193, 0.30368, 0.27321
0.02999, 0.02422, 0.01768, 0.08302, 0.03339, 0.14550, 0.05889, 0.01946, 0.00230, 0.05171
0.01629, 0.00300, 0.00716, 0.00864, 0.02394, 0.16245, 0.06719, 0.01089, 0.09211, 0.13774
0.00245, 0.00504, 0.01364, 0.01186, 0.02390, 0.01121, 0.20864, 0.20387, 0.14635, 0.18710
0.02853, 0.04460, 0.00069, 0.08451, 0.03269, 0.02584, 0.01949, 0.11992, 0.02904, 0.04139
0.00249, 0.00359, 0.00641, 0.01449, 0.03448, 0.01608, 0.03638, 0.05137, 0.06202, 0.09824
0.00233, 0.00384, 0.02158, 0.01663, 0.00753, 0.01540, 0.10144, 0.07127, 0.31164, 0.29173
0.00043, 0.00020, 0.00488, 0.00224, 0.00406, 0.01444, 0.00766, 0.00036, 0.08205, 0.12337
0.00053, 0.00846, 0.02760, 0.04174, 0.05592, 0.05470, 0.02724, 0.03958, 0.02150, 0.01225
0.00196, 0.02404, 0.01332, 0.02899, 0.01123, 0.01432, 0.05143, 0.08193, 0.06648, 0.15882
0.00297, 0.00667, 0.01074, 0.00308, 0.00568, 0.03183, 0.10888, 0.15031, 0.05950, 0.05094
0.01547, 0.02353, 0.02354, 0.06403, 0.02992, 0.19263, 0.04335, 0.03969, 0.26964, 0.31870
0.01007, 0.02412, 0.03469, 0.06532, 0.02058, 0.01821, 0.01260, 0.15175, 0.00352, 0.30848
0.01601, 0.01223, 0.00581, 0.02238, 0.02239, 0.01466, 0.01655, 0.05480, 0.01511, 0.06126
0.00010, 0.00329, 0.01034, 0.00695, 0.06131, 0.04209, 0.11639, 0.02433, 0.29802, 0.12412
0.00280, 0.01147, 0.01167, 0.00383, 0.03528, 0.03557, 0.28959, 0.27640, 0.33715, 0.27322
0.00561, 0.00311, 0.00094, 0.03003, 0.02010, 0.03530, 0.01758, 0.05150, 0.05679, 0.09438
0.03679, 0.01854, 0.00888, 0.05561, 0.03130, 0.11738, 0.03785, 0.03179, 0.01973, 0.01462
0.00141, 0.00026, 0.03104, 0.00727, 0.05839, 0.13828, 0.09572, 0.04039, 0.88395, 0.31013
0.00958, 0.01334, 0.00880, 0.04093, 0.00320, 0.00970, 0.02429, 0.18457, 0.00737, 0.13999
0.01611, 0.01153, 0.01440, 0.02978, 0.01089, 0.00530, 0.02114, 0.04966, 0.00224, 0.02079
0.00449, 0.00211, 0.00783, 0.00865, 0.01247, 0.01378, 0.13683, 0.06537, 0.09313, 0.02468
0.00575, 0.01942, 0.06875, 0.02747, 0.04724, 0.01642, 0.13024, 0.13188, 0.45197, 0.24707
0.00260, 0.00069, 0.00005, 0.00060, 0.00387, 0.00296, 0.01473, 0.00203, 0.00457, 0.00189
0.00077, 0.03384, 0.01026, 0.02746, 0.07131, 0.05153, 0.01938, 0.10507, 0.00675, 0.01524
0.00069, 0.00316, 0.00360, 0.00272, 0.00555, 0.03756, 0.01960, 0.01417, 0.10104, 0.17860
0.00217, 0.00005, 0.00053, 0.00075, 0.02846, 0.02486, 0.07626, 0.00445, 0.06814, 0.03582
0.00468, 0.01834, 0.05050, 0.02723, 0.03272, 0.00839, 0.10406, 0.13354, 0.36240, 0.24803
0.00106, 0.00012, 0.01076, 0.00927, 0.01560, 0.06503, 0.23284, 0.40652, 0.21398, 0.08919
0.03710, 0.02883, 0.00424, 0.07844, 0.04124, 0.01319, 0.00518, 0.11127, 0.00663, 0.11711
0.02035, 0.03671, 0.04244, 0.09101, 0.02262, 0.00437, 0.00380, 0.12759, 0.00190, 0.14094
0.00359, 0.00760, 0.01983, 0.03259, 0.04236, 0.07186, 0.02351, 0.01517, 0.31109, 0.21121
0.01490, 0.01413, 0.01221, 0.02905, 0.01227, 0.04220, 0.16352, 0.19382, 0.09050, 0.01041
0.00829, 0.00532, 0.00278, 0.00449, 0.01211, 0.02817, 0.03625, 0.00944, 0.02154, 0.00885
0.00175, 0.00036, 0.00976, 0.00554, 0.03616, 0.02921, 0.03174, 0.03475, 0.28645, 0.05633
0.00308, 0.03128, 0.00323, 0.00122, 0.00512, 0.02223, 0.10669, 0.06443, 0.02002, 0.06290
0.05673, 0.04711, 0.00099, 0.13182, 0.06084, 0.04495, 0.03004, 0.11088, 0.03458, 0.00410
0.00011, 0.00049, 0.00615, 0.00124, 0.01830, 0.02172, 0.03649, 0.15846, 0.25146, 0.07550
0.00093, 0.00184, 0.00563, 0.01759, 0.00393, 0.06014, 0.01539, 0.02339, 0.02555, 0.18486
0.01039, 0.00930, 0.00329, 0.02736, 0.00101, 0.01215, 0.10767, 0.08515, 0.04125, 0.05082
0.00017, 0.00162, 0.00406, 0.00972, 0.05050, 0.04199, 0.08633, 0.03938, 0.21357, 0.14130
0.01244, 0.05979, 0.10158, 0.08807, 0.09228, 0.05264, 0.04704, 0.04698, 0.20389, 0.27695
0.03038, 0.01420, 0.01164, 0.05442, 0.02303, 0.01781, 0.05030, 0.04177, 0.02253, 0.11248
0.00019, 0.00450, 0.05292, 0.00242, 0.04906, 0.06658, 0.19134, 0.03514, 0.60408, 0.38144
0.02733, 0.02951, 0.00473, 0.03674, 0.02217, 0.05623, 0.02715, 0.03321, 0.00836, 0.02251
0.00516, 0.00892, 0.02749, 0.00350, 0.01668, 0.03014, 0.21085, 0.17655, 0.16871, 0.02858
0.00013, 0.00212, 0.01958, 0.00186, 0.02567, 0.00328, 0.08267, 0.05079, 0.24724, 0.03966
0.00006, 0.00016, 0.00048, 0.00287, 0.00410, 0.00446, 0.03342, 0.04379, 0.04618, 0.03033
0.00010, 0.00050, 0.00770, 0.00138, 0.00641, 0.01243, 0.07452, 0.13618, 0.15915, 0.01887
0.00128, 0.00059, 0.01011, 0.00504, 0.02152, 0.11566, 0.02147, 0.05727, 0.43088, 0.29093
0.00676, 0.02231, 0.04157, 0.03027, 0.02150, 0.02088, 0.11532, 0.18129, 0.22025, 0.38995
0.00052, 0.00319, 0.00980, 0.01633, 0.05436, 0.09481, 0.00808, 0.03487, 0.24843, 0.24401
0.00227, 0.00092, 0.00087, 0.00637, 0.02280, 0.01253, 0.01404, 0.10487, 0.01711, 0.02726
0.00465, 0.02296, 0.00910, 0.05580, 0.01829, 0.02929, 0.04792, 0.01823, 0.21323, 0.13746
0.00006, 0.00091, 0.00028, 0.00049, 0.01665, 0.07533, 0.02728, 0.00469, 0.07385, 0.08642
0.01107, 0.00782, 0.00246, 0.01912, 0.00074, 0.00721, 0.01189, 0.04248, 0.00123, 0.01671
0.00089, 0.00205, 0.00084, 0.00427, 0.01084, 0.08298, 0.03156, 0.02528, 0.11457, 0.11359
0.00003, 0.00236, 0.00664, 0.00979, 0.04428, 0.02246, 0.34449, 0.27320, 0.21797, 0.21630
0.00030, 0.00050, 0.01871, 0.00223, 0.04295, 0.09719, 0.03580, 0.05312, 0.79770, 0.29411
0.01760, 0.00383, 0.02750, 0.01116, 0.05712, 0.09887, 0.08372, 0.04885, 0.00012, 0.05673
0.00486, 0.01606, 0.00274, 0.00301, 0.01391, 0.00809, 0.01568, 0.08945, 0.00610, 0.08848
0.01349, 0.03987, 0.00926, 0.00930, 0.01552, 0.03724, 0.20569, 0.16203, 0.07154, 0.02994
0.00861, 0.00024, 0.01114, 0.00100, 0.00553, 0.12973, 0.01031, 0.05148, 0.22785, 0.32030
0.00051, 0.00036, 0.00043, 0.00503, 0.00720, 0.00869, 0.01694, 0.00412, 0.07277, 0.01015
0.02952, 0.01775, 0.00315, 0.03820, 0.02220, 0.02771, 0.02995, 0.03026, 0.00694, 0.01175
0.01121, 0.03418, 0.04269, 0.05896, 0.03303, 0.01213, 0.01058, 0.01269, 0.05667, 0.02589
0.01134, 0.02876, 0.02196, 0.00528, 0.01886, 0.04792, 0.24026, 0.12801, 0.16794, 0.03122
0.00598, 0.00196, 0.00728, 0.00627, 0.02131, 0.04755, 0.06461, 0.06430, 0.00296, 0.00203
0.00449, 0.01942, 0.03068, 0.01661, 0.01132, 0.00635, 0.05586, 0.01145, 0.14011, 0.03115
0.02082, 0.00961, 0.03116, 0.03725, 0.01779, 0.03211, 0.14222, 0.17742, 0.11121, 0.13625
0.00655, 0.01999, 0.02770, 0.00117, 0.02094, 0.03568, 0.25964, 0.14281, 0.23059, 0.05331
0.00601, 0.02629, 0.00508, 0.03202, 0.04412, 0.02752, 0.12967, 0.10531, 0.04668, 0.10558
0.00092, 0.00340, 0.01769, 0.00093, 0.01191, 0.00165, 0.00492, 0.00871, 0.00538, 0.00018
0.00162, 0.00301, 0.00843, 0.00109, 0.01876, 0.00467, 0.24533, 0.23380, 0.15718, 0.14891
0.00259, 0.00116, 0.03015, 0.00099, 0.01364, 0.28770, 0.01625, 0.11119, 0.53605, 0.61840
0.00340, 0.01382, 0.01743, 0.03249, 0.02255, 0.02037, 0.03052, 0.00173, 0.19538, 0.06302
0.00840, 0.03824, 0.03345, 0.07857, 0.03306, 0.03959, 0.02805, 0.03484, 0.23960, 0.06651
0.00327, 0.01011, 0.00580, 0.02090, 0.01927, 0.07420, 0.08471, 0.01888, 0.31150, 0.28690
0.00445, 0.00214, 0.01931, 0.00303, 0.09519, 0.11829, 0.14453, 0.05045, 0.06921, 0.10185
0.04203, 0.01445, 0.01064, 0.05853, 0.02501, 0.15708, 0.10766, 0.04598, 0.03897, 0.04198
0.00093, 0.00906, 0.04524, 0.00225, 0.08451, 0.05568, 0.24446, 0.10350, 0.57973, 0.26930
0.03492, 0.01140, 0.00242, 0.02900, 0.02562, 0.02941, 0.03533, 0.02014, 0.01927, 0.01786
0.01311, 0.01125, 0.00066, 0.00716, 0.00383, 0.03053, 0.06622, 0.01486, 0.00493, 0.00311
0.00070, 0.00053, 0.00951, 0.00680, 0.02822, 0.02391, 0.17350, 0.28159, 0.21341, 0.10832
0.00007, 0.00334, 0.02250, 0.00135, 0.03184, 0.03998, 0.03999, 0.05984, 0.59766, 0.10516
0.00507, 0.00064, 0.00547, 0.00599, 0.02985, 0.00676, 0.28697, 0.16187, 0.20002, 0.10906
0.00265, 0.01168, 0.00786, 0.01455, 0.00202, 0.00024, 0.01917, 0.02650, 0.00071, 0.00425
0.03448, 0.00997, 0.02069, 0.03931, 0.03056, 0.01337, 0.13034, 0.05001, 0.01766, 0.01730
0.00015, 0.00077, 0.00147, 0.00018, 0.00315, 0.02922, 0.09619, 0.18466, 0.06347, 0.08084
0.00571, 0.01743, 0.03869, 0.01821, 0.01362, 0.00326, 0.01405, 0.01252, 0.01763, 0.00110
0.00034, 0.00328, 0.01141, 0.00247, 0.00461, 0.05009, 0.00939, 0.03520, 0.20822, 0.33187
0.00022, 0.00442, 0.01086, 0.00718, 0.00012, 0.00043, 0.00083, 0.00254, 0.00431, 0.00203
0.00250, 0.00068, 0.00158, 0.00456, 0.03015, 0.00100, 0.13417, 0.17672, 0.07205, 0.07750
0.00461, 0.02964, 0.10331, 0.03379, 0.01151, 0.00952, 0.03049, 0.00984, 0.02359, 0.00179
0.00509, 0.01399, 0.02818, 0.02049, 0.01400, 0.01966, 0.12002, 0.19363, 0.20180, 0.20566
0.00029, 0.00486, 0.00666, 0.00602, 0.01323, 0.01410, 0.02971, 0.00563, 0.00521, 0.00069
0.00139, 0.00332, 0.00881, 0.02205, 0.00137, 0.00638, 0.02529, 0.05774, 0.01227, 0.18766
0.00010, 0.00201, 0.01763, 0.00466, 0.01172, 0.00117, 0.00350, 0.02102, 0.00816, 0.00273
0.00216, 0.00042, 0.00142, 0.00158, 0.05666, 0.07580, 0.02805, 0.13124, 0.08230, 0.27691
0.02277, 0.01536, 0.01398, 0.02391, 0.01933, 0.28129, 0.12337, 0.03440, 0.37156, 0.44785
0.02200, 0.00781, 0.00906, 0.03427, 0.04812, 0.02654, 0.15541, 0.03216, 0.15751, 0.13269
0.01376, 0.00782, 0.01435, 0.03551, 0.07194, 0.13786, 0.01185, 0.04080, 0.24213, 0.20513
0.01031, 0.00160, 0.00150, 0.02211, 0.04644, 0.06618, 0.04705, 0.09448, 0.16708, 0.03820
0.00029, 0.00021, 0.00072, 0.00102, 0.00203, 0.00107, 0.04729, 0.05493, 0.01699, 0.03121
0.00349, 0.00210, 0.03733, 0.02224, 0.02166, 0.02785, 0.05306, 0.00398, 0.14185, 0.21769
0.01292, 0.01567, 0.03437, 0.06466, 0.07321, 0.02489, 0.03096, 0.08084, 0.02070, 0.19404
0.00664, 0.03788, 0.00858, 0.01859, 0.00789, 0.03948, 0.02447, 0.04371, 0.00293, 0.01765
0.00018, 0.00022, 0.01074, 0.00026, 0.01161, 0.13102, 0.00761, 0.07508, 0.32558, 0.34208
0.00151, 0.01717, 0.03173, 0.03222, 0.00391, 0.20231, 0.02101, 0.06524, 0.21178, 0.36154
0.00107, 0.00024, 0.00254, 0.00079, 0.00750, 0.00659, 0.10388, 0.02779, 0.10330, 0.04572
0.00809, 0.00054, 0.02804, 0.00807, 0.03261, 0.00690, 0.20798, 0.06091, 0.38904, 0.05780
0.00601, 0.02080, 0.02430, 0.03164, 0.03531, 0.01630, 0.01645, 0.07140, 0.03289, 0.10371
0.00017, 0.00099, 0.01685, 0.00219, 0.01529, 0.01175, 0.12019, 0.11444, 0.20789, 0.05136
0.01112, 0.00108, 0.02997, 0.01226, 0.02745, 0.14567, 0.21135, 0.04214, 0.60167, 0.41465
0.01973, 0.03147, 0.00146, 0.04919, 0.00797, 0.00306, 0.01233, 0.13481, 0.00636, 0.04955
0.00175, 0.00420, 0.00096, 0.00923, 0.03608, 0.01774, 0.21425, 0.14598, 0.30783, 0.09682
0.00173, 0.00308, 0.01112, 0.00555, 0.01617, 0.12147, 0.01856, 0.04782, 0.36575, 0.26602
0.00684, 0.00682, 0.03128, 0.00158, 0.01073, 0.02096, 0.03914, 0.01255, 0.29916, 0.13347
0.00042, 0.00340, 0.00818, 0.01329, 0.04802, 0.01740, 0.25416, 0.17795, 0.38424, 0.15814
0.00054, 0.00104, 0.00830, 0.00050, 0.09767, 0.08411, 0.17907, 0.03215, 0.46338, 0.14772
0.00685, 0.00291, 0.01188, 0.01624, 0.00579, 0.01502, 0.06113, 0.05076, 0.03735, 0.01749
0.01043, 0.01267, 0.00868, 0.01257, 0.01891, 0.08897, 0.06106, 0.01613, 0.02984, 0.01389
0.00179, 0.01131, 0.01609, 0.01691, 0.00664, 0.01290, 0.00960, 0.05246, 0.00090, 0.03811
0.02530, 0.01780, 0.00004, 0.01839, 0.01683, 0.05187, 0.03595, 0.04122, 0.00408, 0.01782
0.01825, 0.00128, 0.01082, 0.00007, 0.00591, 0.07885, 0.11436, 0.02933, 0.20477, 0.22786
0.00133, 0.01043, 0.03093, 0.00687, 0.01349, 0.03986, 0.01182, 0.02117, 0.18809, 0.11511
0.00168, 0.00036, 0.00505, 0.00480, 0.00827, 0.01173, 0.00625, 0.01878, 0.09436, 0.09233
0.02430, 0.01093, 0.01278, 0.03290, 0.02347, 0.04171, 0.07138, 0.04546, 0.03839, 0.03038
0.00076, 0.00037, 0.00898, 0.00227, 0.03319, 0.00992, 0.21637, 0.31865, 0.21829, 0.12735
0.00451, 0.01876, 0.02813, 0.02582, 0.01578, 0.01440, 0.09997, 0.16060, 0.21018, 0.24929
0.00527, 0.00950, 0.01654, 0.04091, 0.01458, 0.09168, 0.02876, 0.00426, 0.00366, 0.02707
0.00022, 0.00137, 0.00814, 0.00333, 0.00560, 0.00516, 0.03173, 0.04626, 0.05114, 0.02947
0.01184, 0.02038, 0.00971, 0.03082, 0.00535, 0.00409, 0.00489, 0.11655, 0.00206, 0.07805
0.01680, 0.00621, 0.01288, 0.01643, 0.02349, 0.02191, 0.03399, 0.00988, 0.00975, 0.01025
0.03531, 0.03190, 0.00299, 0.08698, 0.09024, 0.06172, 0.01105, 0.11814, 0.00599, 0.03638
0.00148, 0.00512, 0.00473, 0.00518, 0.01589, 0.03431, 0.04934, 0.01697, 0.25615, 0.21824
0.00806, 0.00432, 0.01117, 0.00838, 0.01833, 0.00253, 0.01754, 0.05601, 0.00068, 0.03273
0.00054, 0.01407, 0.00485, 0.00373, 0.01018, 0.00303, 0.00676, 0.08381, 0.01483, 0.08362
0.00408, 0.02425, 0.02439, 0.02135, 0.01430, 0.02436, 0.10936, 0.16227, 0.15843, 0.25247
0.00192, 0.00143, 0.00528, 0.00421, 0.02421, 0.01201, 0.01199, 0.04388, 0.10695, 0.01591
0.00037, 0.02389, 0.00090, 0.00661, 0.01077, 0.01882, 0.05867, 0.07762, 0.01727, 0.07081
0.01593, 0.00294, 0.01655, 0.00837, 0.02537, 0.02434, 0.09873, 0.06796, 0.01515, 0.00334
0.00113, 0.00261, 0.01627, 0.00627, 0.03742, 0.09950, 0.01062, 0.05337, 0.38767, 0.33031
0.00783, 0.00386, 0.00112, 0.00446, 0.00734, 0.14681, 0.06316, 0.01163, 0.14309, 0.11920
0.00176, 0.02058, 0.00715, 0.00225, 0.02425, 0.02113, 0.11456, 0.18061, 0.03542, 0.00440
0.00217, 0.00056, 0.00606, 0.00013, 0.01503, 0.06639, 0.07001, 0.00556, 0.06887, 0.04097
0.02855, 0.00907, 0.00702, 0.05562, 0.03704, 0.03647, 0.01949, 0.02587, 0.00066, 0.02803
0.00071, 0.00184, 0.01554, 0.00042, 0.05199, 0.04526, 0.06851, 0.06289, 0.36444, 0.14390
0.00190, 0.01126, 0.02009, 0.01003, 0.01516, 0.01011, 0.07068, 0.21264, 0.12695, 0.16705
0.00701, 0.00176, 0.01642, 0.00052, 0.06626, 0.06732, 0.04836, 0.10343, 0.02638, 0.16760
0.00133, 0.00337, 0.00342, 0.00352, 0.00241, 0.00163, 0.08336, 0.07507, 0.06627, 0.10927
0.00265, 0.00280, 0.00683, 0.01168, 0.00177, 0.01609, 0.07124, 0.11045, 0.01968, 0.00983
0.01314, 0.02519, 0.01433, 0.01310, 0.01262, 0.04397, 0.19864, 0.21879, 0.08066, 0.01128
0.00947, 0.00426, 0.01855, 0.03747, 0.00043, 0.18174, 0.02890, 0.07523, 0.11392, 0.30383
0.00778, 0.00713, 0.01733, 0.04470, 0.04082, 0.16680, 0.00365, 0.04484, 0.14457, 0.09344
0.00346, 0.03925, 0.00085, 0.00355, 0.01381, 0.01655, 0.06974, 0.11034, 0.00076, 0.01339
0.00090, 0.00291, 0.00516, 0.00695, 0.03198, 0.09460, 0.04873, 0.02235, 0.48055, 0.25025
0.00649, 0.04223, 0.05715, 0.05883, 0.04523, 0.01597, 0.05210, 0.09179, 0.19555, 0.24503
0.00597, 0.00021, 0.00633, 0.00509, 0.01819, 0.05825, 0.21386, 0.12011, 0.08704, 0.15358
0.00390, 0.01265, 0.00398, 0.01867, 0.00132, 0.00443, 0.01032, 0.12546, 0.00390, 0.05963
0.03441, 0.02231, 0.01487, 0.07148, 0.02600, 0.04588, 0.02313, 0.03578, 0.02996, 0.02892
0.01496, 0.04901, 0.08160, 0.07185, 0.05544, 0.03283, 0.09909, 0.13190, 0.18891, 0.41575
0.00011, 0.00110, 0.00105, 0.00006, 0.02170, 0.03729, 0.01708, 0.00892, 0.10913, 0.09567
0.00018, 0.00187, 0.00190, 0.00151, 0.02658, 0.02282, 0.02578, 0.08321, 0.03940, 0.17628
0.00897, 0.00508, 0.00817, 0.00842, 0.01383, 0.00869, 0.03032, 0.02511, 0.01066, 0.04115
0.00049, 0.00205, 0.01400, 0.02002, 0.01978, 0.03876, 0.01331, 0.00876, 0.00737, 0.19023
0.00023, 0.00466, 0.00042, 0.00070, 0.00461, 0.00213, 0.00615, 0.06354, 0.00026, 0.03682
0.00322, 0.01853, 0.02869, 0.02556, 0.01929, 0.01000, 0.08751, 0.13543, 0.23501, 0.22682
0.00120, 0.01854, 0.03088, 0.01705, 0.01002, 0.03712, 0.02528, 0.03089, 0.02261, 0.22883
0.00084, 0.00865, 0.02263, 0.04058, 0.00088, 0.00931, 0.02573, 0.03367, 0.02194, 0.02836
0.00012, 0.00033, 0.00505, 0.00049, 0.00765, 0.01651, 0.04654, 0.16337, 0.12109, 0.02179
0.05575, 0.03568, 0.00532, 0.09855, 0.02987, 0.03014, 0.01616, 0.06874, 0.01266, 0.00638
0.02144, 0.03398, 0.00924, 0.03244, 0.01844, 0.03310, 0.03578, 0.04176, 0.01566, 0.04197
0.00351, 0.01852, 0.00313, 0.00194, 0.00322, 0.00269, 0.00379, 0.04818, 0.00152, 0.05997
0.00066, 0.00060, 0.00341, 0.00017, 0.02378, 0.02383, 0.00779, 0.09123, 0.07157, 0.09624
0.00204, 0.00763, 0.01580, 0.00548, 0.02977, 0.03627, 0.19791, 0.12406, 0.19186, 0.08851
0.00024, 0.00004, 0.00050, 0.00091, 0.01341, 0.01877, 0.08180, 0.17898, 0.06494, 0.01424
0.00041, 0.00359, 0.02214, 0.00041, 0.09828, 0.14255, 0.23922, 0.01040, 0.50658, 0.41567
0.01177, 0.00080, 0.00367, 0.00330, 0.02039, 0.06294, 0.00337, 0.01832, 0.03970, 0.05886
0.00291, 0.00021, 0.00478, 0.00340, 0.00108, 0.00539, 0.11301, 0.08875, 0.08134, 0.09100
0.00634, 0.01189, 0.01756, 0.01945, 0.03236, 0.00553, 0.03539, 0.04048, 0.14626, 0.00651
0.01122, 0.00407, 0.00881, 0.00977, 0.00890, 0.00817, 0.04357, 0.02749, 0.05808, 0.01587
0.00214, 0.00550, 0.00641, 0.01217, 0.00308, 0.00390, 0.02122, 0.09012, 0.00964, 0.21363
0.00716, 0.02905, 0.03982, 0.04206, 0.01975, 0.01394, 0.07289, 0.13179, 0.17428, 0.25878
0.00144, 0.00465, 0.02943, 0.00153, 0.05125, 0.01453, 0.23101, 0.05778, 0.57295, 0.18517
0.00200, 0.00077, 0.01888, 0.00117, 0.00685, 0.16326, 0.00272, 0.09352, 0.33992, 0.37750
0.00525, 0.05491, 0.07558, 0.07314, 0.01636, 0.01571, 0.01859, 0.01475, 0.02036, 0.03277
0.00596, 0.03396, 0.02941, 0.07368, 0.03734, 0.07284, 0.01018, 0.03451, 0.22657, 0.09141
0.02663, 0.01504, 0.00948, 0.04087, 0.01408, 0.03812, 0.01456, 0.02653, 0.01283, 0.03625
0.01604, 0.00472, 0.01428, 0.01116, 0.03289, 0.01509, 0.02199, 0.02832, 0.00451, 0.05793
0.00209, 0.00273, 0.00184, 0.00602, 0.00257, 0.00572, 0.06381, 0.02796, 0.06203, 0.03026
0.01569, 0.00958, 0.00583, 0.04371, 0.02925, 0.02224, 0.04968, 0.02399, 0.01475, 0.05831
0.00047, 0.00434, 0.01187, 0.00055, 0.15639, 0.17270, 0.30941, 0.02645, 0.59137, 0.34816
0.01004, 0.00503, 0.03815, 0.04701, 0.00848, 0.07373, 0.01777, 0.03043, 0.08328, 0.26300
0.00125, 0.02568, 0.00175, 0.00417, 0.01305, 0.02466, 0.08586, 0.10503, 0.01301, 0.02567
0.02295, 0.01190, 0.08771, 0.10968, 0.18749, 0.07298, 0.39211, 0.35243, 0.26644, 0.33417
0.01599, 0.04587, 0.00054, 0.04547, 0.03341, 0.03598, 0.01864, 0.08706, 0.01338, 0.03637
0.00823, 0.01256, 0.02078, 0.01387, 0.02125, 0.03357, 0.06366, 0.01757, 0.14522, 0.11369
0.00221, 0.00025, 0.00597, 0.00767, 0.00111, 0.07834, 0.01676, 0.02834, 0.06846, 0.11729
0.00757, 0.00084, 0.00463, 0.00241, 0.05188, 0.05397, 0.04446, 0.08443, 0.03899, 0.12698
0.00056, 0.00861, 0.01665, 0.00102, 0.02177, 0.03178, 0.22569, 0.15469, 0.19712, 0.04275
0.01230, 0.00794, 0.00230, 0.01863, 0.00863, 0.09969, 0.07687, 0.00830, 0.08484, 0.04184
0.00372, 0.00166, 0.00840, 0.00686, 0.05262, 0.05790, 0.01430, 0.07158, 0.07686, 0.16002
0.03033, 0.01909, 0.01262, 0.03386, 0.03658, 0.05697, 0.07663, 0.02056, 0.00515, 0.00594
0.00882, 0.00217, 0.00375, 0.02841, 0.04551, 0.02724, 0.02977, 0.04430, 0.09413, 0.09895
0.00372, 0.00625, 0.01493, 0.01005, 0.00874, 0.00519, 0.11200, 0.20759, 0.07763, 0.11453
0.00499, 0.00051, 0.01070, 0.00473, 0.01289, 0.04594, 0.19245, 0.01005, 0.21222, 0.10606
0.00565, 0.04497, 0.06229, 0.06426, 0.05139, 0.03290, 0.04120, 0.05964, 0.17055, 0.22700
0.01732, 0.02149, 0.02189, 0.04793, 0.03661, 0.09154, 0.17432, 0.04223, 0.10644, 0.00462
0.00691, 0.00231, 0.01430, 0.00535, 0.00528, 0.14443, 0.03062, 0.06458, 0.26869, 0.34398
0.00110, 0.00088, 0.00386, 0.00306, 0.06064, 0.03815, 0.17601, 0.06775, 0.26817, 0.16307
0.00070, 0.00025, 0.00075, 0.00090, 0.00841, 0.00331, 0.05620, 0.04992, 0.06387, 0.03357
0.01478, 0.00376, 0.00405, 0.03232, 0.00961, 0.03405, 0.05724, 0.01546, 0.04834, 0.00218
0.00101, 0.00034, 0.00198, 0.00153, 0.03076, 0.08953, 0.02426, 0.01070, 0.06827, 0.08084
0.00201, 0.00085, 0.00447, 0.00251, 0.01635, 0.11804, 0.07249, 0.00690, 0.09501, 0.06874
0.00171, 0.00814, 0.01538, 0.01139, 0.01336, 0.00644, 0.08186, 0.11562, 0.22363, 0.14696
0.00073, 0.00180, 0.00863, 0.01165, 0.00589, 0.03522, 0.01024, 0.01269, 0.01466, 0.11113
0.01262, 0.00489, 0.00962, 0.01988, 0.00768, 0.01995, 0.08034, 0.08083, 0.05785, 0.07307
0.00002, 0.00354, 0.03086, 0.00050, 0.04340, 0.05333, 0.05438, 0.00328, 0.41280, 0.24804
0.00300, 0.00094, 0.00055, 0.00299, 0.01176, 0.00352, 0.13431, 0.09431, 0.02199, 0.04879
0.00257, 0.00488, 0.00184, 0.00012, 0.01618, 0.07101, 0.01386, 0.02308, 0.04788, 0.06816
0.00007, 0.00020, 0.00008, 0.00442, 0.00729, 0.00206, 0.03059, 0.04618, 0.08456, 0.01334
0.00815, 0.00689, 0.03627, 0.00210, 0.10001, 0.09813, 0.08680, 0.06771, 0.00031, 0.07756
0.00226, 0.00343, 0.02553, 0.00547, 0.01533, 0.01763, 0.14101, 0.19425, 0.23886, 0.19702
0.04796, 0.02301, 0.00773, 0.06752, 0.04990, 0.08335, 0.09391, 0.03424, 0.03209, 0.02595
0.00810, 0.01931, 0.00565, 0.01020, 0.00629, 0.16585, 0.06859, 0.04461, 0.05505, 0.07377
0.00722, 0.04696, 0.09453, 0.07209, 0.10962, 0.07201, 0.04348, 0.02049, 0.38391, 0.10785
0.00498, 0.00090, 0.01614, 0.01064, 0.04616, 0.08984, 0.08634, 0.05486, 0.00239, 0.03035
0.00007, 0.00354, 0.00158, 0.00110, 0.01044, 0.01423, 0.00574, 0.11446, 0.02336, 0.12180
0.00001, 0.01983, 0.00570, 0.00597, 0.01498, 0.03991, 0.15217, 0.13855, 0.09536, 0.06619
0.01135, 0.00056, 0.02757, 0.00688, 0.01215, 0.11941, 0.16763, 0.00782, 0.28096, 0.46210
0.00552, 0.00049, 0.00209, 0.00559, 0.03726, 0.01878, 0.01242, 0.07307, 0.07770, 0.01528
0.00322, 0.00362, 0.05735, 0.05025, 0.11898, 0.04145, 0.35948, 0.28731, 0.31414, 0.18119
0.00694, 0.00220, 0.00163, 0.00157, 0.01241, 0.08711, 0.04200, 0.00486, 0.07390, 0.06239
0.00068, 0.00007, 0.00422, 0.00220, 0.01675, 0.01397, 0.04880, 0.00582, 0.15476, 0.04321
0.01935, 0.02723, 0.02040, 0.02027, 0.02230, 0.11147, 0.22049, 0.06986, 0.21941, 0.03548
0.00066, 0.02171, 0.00559, 0.00238, 0.01368, 0.04568, 0.14956, 0.12895, 0.07698, 0.05489
0.00221, 0.02224, 0.00649, 0.00125, 0.01552, 0.03226, 0.13128, 0.15795, 0.02840, 0.00291
0.00734, 0.00106, 0.00574, 0.00582, 0.02721, 0.07605, 0.18585, 0.02252, 0.31943, 0.08214
0.00850, 0.05483, 0.08243, 0.07786, 0.07469, 0.03607, 0.04357, 0.04107, 0.23199, 0.18001
0.01258, 0.00341, 0.00602, 0.00260, 0.00673, 0.14559, 0.06728, 0.01913, 0.12031, 0.08386
0.00135, 0.00320, 0.01433, 0.01909, 0.00011, 0.00912, 0.01531, 0.07777, 0.02837, 0.07214
0.02305, 0.02423, 0.01648, 0.00736, 0.04149, 0.05798, 0.07843, 0.04149, 0.03858, 0.02341
0.04405, 0.02873, 0.00878, 0.09242, 0.03267, 0.07192, 0.02389, 0.05253, 0.02051, 0.02370
0.00477, 0.01848, 0.03252, 0.07780, 0.07794, 0.05262, 0.00634, 0.04935, 0.02784, 0.06617
0.00145, 0.00254, 0.00423, 0.00323, 0.01421, 0.02707, 0.13819, 0.02547, 0.22364, 0.05112
0.00013, 0.00198, 0.01153, 0.00203, 0.01368, 0.01167, 0.20515, 0.17160, 0.25586, 0.11214
0.02491, 0.01425, 0.00337, 0.05646, 0.01857, 0.04747, 0.03997, 0.02727, 0.02329, 0.02014
0.00279, 0.00507, 0.00396, 0.01589, 0.01156, 0.04867, 0.02466, 0.01099, 0.13704, 0.11583
0.01654, 0.00574, 0.02595, 0.00598, 0.02643, 0.48299, 0.07405, 0.13846, 0.57897, 0.72549
0.00150, 0.00056, 0.00985, 0.01525, 0.00323, 0.05744, 0.01090, 0.02199, 0.05500, 0.21426
0.00137, 0.00442, 0.03568, 0.01200, 0.07705, 0.02666, 0.38731, 0.21003, 1.01193, 0.24956
0.00013, 0.00016, 0.00006, 0.00400, 0.00524, 0.02421, 0.05073, 0.14755, 0.02573, 0.02106
0.00705, 0.00386, 0.00127, 0.00016, 0.01576, 0.08845, 0.13097, 0.01239, 0.09682, 0.03550
0.00011, 0.00777, 0.03707, 0.00062, 0.13834, 0.20811, 0.24650, 0.00123, 0.85760, 0.66734
0.00098, 0.01872, 0.00645, 0.01535, 0.01571, 0.03531, 0.14414, 0.13399, 0.10585, 0.07270
0.00636, 0.01134, 0.00446, 0.02173, 0.01188, 0.00754, 0.05526, 0.05276, 0.02566, 0.12083
0.01925, 0.01554, 0.00833, 0.01142, 0.01112, 0.02510, 0.13552, 0.04403, 0.04320, 0.00622
0.00061, 0.00031, 0.00644, 0.00941, 0.00729, 0.05715, 0.01489, 0.02168, 0.13051, 0.15421
0.00192, 0.01297, 0.01247, 0.01484, 0.01116, 0.02652, 0.11470, 0.16048, 0.13279, 0.12639
0.00257, 0.00039, 0.00063, 0.00348, 0.02710, 0.02225, 0.01171, 0.06774, 0.00227, 0.09861
0.01363, 0.00060, 0.00555, 0.03001, 0.02110, 0.07498, 0.19076, 0.02624, 0.23629, 0.03891
0.03524, 0.01867, 0.03971, 0.05460, 0.00547, 0.03877, 0.08902, 0.08311, 0.01915, 0.01474
0.00117, 0.01040, 0.00483, 0.00021, 0.00573, 0.03685, 0.11660, 0.13430, 0.04525, 0.03704
0.00215, 0.02248, 0.00123, 0.00138, 0.00582, 0.01425, 0.10206, 0.08323, 0.02037, 0.00671
0.04627, 0.03102, 0.01900, 0.08155, 0.03191, 0.02901, 0.05743, 0.06929, 0.01313, 0.03233
0.03766, 0.03973, 0.03154, 0.09320, 0.03115, 0.09609, 0.13416, 0.03904, 0.01060, 0.01384
0.00895, 0.01524, 0.02663, 0.04371, 0.01844, 0.00969, 0.00484, 0.01494, 0.00559, 0.01850
0.03799, 0.01034, 0.01802, 0.01757, 0.03650, 0.02409, 0.06357, 0.02282, 0.02338, 0.01849
0.02125, 0.00920, 0.03122, 0.01582, 0.03847, 0.02314, 0.05326, 0.04019, 0.03466, 0.03207
0.00822, 0.00325, 0.00032, 0.00368, 0.00678, 0.04110, 0.10836, 0.01768, 0.05068, 0.00488
0.00288, 0.00346, 0.02148, 0.00217, 0.01735, 0.17745, 0.04610, 0.05077, 0.42675, 0.38815
0.04720, 0.02193, 0.00040, 0.05185, 0.06940, 0.08912, 0.14958, 0.05191, 0.05098, 0.02122
0.00059, 0.00411, 0.03171, 0.01985, 0.06278, 0.02376, 0.12170, 0.08627, 0.12340, 0.09561
0.00347, 0.00007, 0.00052, 0.02629, 0.02794, 0.03796, 0.18099, 0.25019, 0.21668, 0.11690
0.03524, 0.01753, 0.00889, 0.04983, 0.02461, 0.03457, 0.06456, 0.04955, 0.01915, 0.03221
0.00085, 0.00074, 0.00386, 0.00287, 0.01382, 0.03249, 0.07277, 0.01468, 0.05043, 0.01985
0.00007, 0.00062, 0.00925, 0.00546, 0.01092, 0.01009, 0.09548, 0.09105, 0.07745, 0.07161
0.01640, 0.01985, 0.00129, 0.00241, 0.00863, 0.08263, 0.04488, 0.02152, 0.01318, 0.00419
0.00054, 0.00238, 0.03581, 0.00701, 0.06143, 0.00023, 0.25722, 0.23547, 0.64809, 0.05624
0.00164, 0.00101, 0.00080, 0.00476, 0.02007, 0.01866, 0.01267, 0.07740, 0.04168, 0.04702
0.04439, 0.03779, 0.00841, 0.08251, 0.01289, 0.02454, 0.02069, 0.09441, 0.01885, 0.03660
0.00027, 0.01614, 0.04736, 0.02856, 0.02384, 0.01988, 0.01262, 0.00828, 0.03205, 0.01975
0.03322, 0.01533, 0.00807, 0.02394, 0.02982, 0.06479, 0.05553, 0.04102, 0.02066, 0.02026
0.00878, 0.00463, 0.00359, 0.01446, 0.02206, 0.02708, 0.14496, 0.06460, 0.10486, 0.06207
0.00368, 0.00239, 0.00492, 0.00767, 0.00663, 0.00204, 0.00584, 0.01465, 0.00996, 0.00118
0.01848, 0.02708, 0.00029, 0.04340, 0.03326, 0.02783, 0.01458, 0.05690, 0.00902, 0.02379
0.00215, 0.00974, 0.00020, 0.00426, 0.01841, 0.04868, 0.00456, 0.03737, 0.00534, 0.02640
0.00053, 0.00586, 0.00377, 0.01370, 0.00790, 0.02399, 0.14522, 0.24496, 0.17339, 0.10163
0.00101, 0.00020, 0.00149, 0.00058, 0.02110, 0.03407, 0.04074, 0.01187, 0.08589, 0.07517
0.00614, 0.00339, 0.02444, 0.00918, 0.00645, 0.09388, 0.04266, 0.01892, 0.11052, 0.29251
0.00403, 0.00826, 0.00282, 0.02849, 0.01580, 0.04505, 0.06776, 0.00637, 0.15882, 0.09371
0.00234, 0.00945, 0.00881, 0.02511, 0.01843, 0.01460, 0.01442, 0.05134, 0.00521, 0.02648
0.00142, 0.00053, 0.00158, 0.00084, 0.00102, 0.00315, 0.00365, 0.01498, 0.00029, 0.04545
0.00390, 0.00268, 0.00414, 0.00236, 0.00396, 0.03400, 0.01177, 0.00653, 0.02756, 0.10328
0.00706, 0.00158, 0.00910, 0.01327, 0.02637, 0.01516, 0.16561, 0.07301, 0.12254, 0.05995
0.00659, 0.00265, 0.00272, 0.01051, 0.04937, 0.04851, 0.07158, 0.05802, 0.11357, 0.13168
0.00513, 0.00222, 0.03165, 0.00906, 0.01763, 0.28829, 0.08160, 0.07542, 0.50769, 0.40226
0.00073, 0.00460, 0.02546, 0.00988, 0.01823, 0.00384, 0.08855, 0.18721, 0.23934, 0.24887
0.01352, 0.01141, 0.00576, 0.02484, 0.02075, 0.03906, 0.13601, 0.08929, 0.07458, 0.08960
0.01106, 0.01629, 0.01226, 0.03700, 0.01110, 0.00410, 0.00787, 0.10841, 0.00191, 0.14146
0.00003, 0.00004, 0.00181, 0.00139, 0.00668, 0.00826, 0.00275, 0.01071, 0.00722, 0.03205
0.00455, 0.01405, 0.01669, 0.03381, 0.00773, 0.00495, 0.06632, 0.10033, 0.04621, 0.11616
0.00406, 0.02184, 0.01919, 0.03117, 0.00990, 0.01078, 0.05383, 0.08427, 0.08927, 0.24559
0.00060, 0.00437, 0.00079, 0.00130, 0.00078, 0.00448, 0.00242, 0.06717, 0.00033, 0.04334
0.02089, 0.02329, 0.00228, 0.01617, 0.00331, 0.00652, 0.05213, 0.05669, 0.00425, 0.00932
0.00136, 0.00123, 0.01621, 0.00191, 0.05179, 0.05568, 0.00648, 0.03751, 0.03214, 0.08462
0.00400, 0.00320, 0.00006, 0.01036, 0.03428, 0.03443, 0.31960, 0.20456, 0.21893, 0.20074
0.00360, 0.01064, 0.01278, 0.01913, 0.06132, 0.06701, 0.00619, 0.02825, 0.18878, 0.19584
0.00146, 0.00078, 0.00237, 0.01271, 0.00712, 0.03800, 0.11243, 0.22995, 0.05581, 0.01198
0.00129, 0.00189, 0.00499, 0.00371, 0.01294, 0.02004, 0.11534, 0.08979, 0.08886, 0.07305
0.00053, 0.00198, 0.00090, 0.00477, 0.00793, 0.02661, 0.00574, 0.01253, 0.06040, 0.07795
0.00063, 0.00212, 0.01293, 0.00153, 0.02534, 0.02160, 0.01383, 0.03054, 0.17036, 0.12353
0.03072, 0.04114, 0.00373, 0.04324, 0.02591, 0.06018, 0.03709, 0.04364, 0.00915, 0.03234
0.00331, 0.00790, 0.02653, 0.03338, 0.03616, 0.20219, 0.01891, 0.09142, 0.65253, 0.51888
0.01821, 0.00530, 0.02116, 0.01142, 0.02424, 0.02235, 0.03835, 0.00938, 0.00622, 0.00825
0.00283, 0.00353, 0.00034, 0.00446, 0.00129, 0.16254, 0.05074, 0.03212, 0.16042, 0.17228
0.00410, 0.00641, 0.00700, 0.01618, 0.01593, 0.03167, 0.00262, 0.07472, 0.02963, 0.10389
0.00102, 0.00110, 0.00229, 0.00444, 0.00099, 0.00704, 0.04342, 0.05278, 0.02220, 0.03943
0.00224, 0.00065, 0.00514, 0.01073, 0.00502, 0.08562, 0.03529, 0.01153, 0.03005, 0.09316
0.00014, 0.00034, 0.00396, 0.00211, 0.00756, 0.02662, 0.09467, 0.21199, 0.12055, 0.00117
0.00183, 0.01313, 0.01169, 0.01531, 0.01190, 0.02475, 0.11112, 0.15380, 0.14345, 0.14708
0.00068, 0.00112, 0.01893, 0.00646, 0.01309, 0.17069, 0.01767, 0.04685, 0.26426, 0.21970
0.04782, 0.02108, 0.00652, 0.06759, 0.05786, 0.09377, 0.09522, 0.02277, 0.02507, 0.02083
0.00035, 0.00065, 0.00677, 0.00872, 0.02053, 0.06063, 0.22597, 0.37770, 0.23435, 0.08441
0.00203, 0.01931, 0.03861, 0.01622, 0.00507, 0.09851, 0.02985, 0.03534, 0.19090, 0.32789
0.00128, 0.01106, 0.00406, 0.00310, 0.01352, 0.00958, 0.01643, 0.06209, 0.00185, 0.07581
0.00018, 0.00408, 0.04832, 0.00454, 0.04551, 0.01657, 0.23604, 0.12904, 0.60847, 0.29818
0.00202, 0.02091, 0.03994, 0.02563, 0.00358, 0.01522, 0.06631, 0.04331, 0.04355, 0.11252
0.00194, 0.00133, 0.00656, 0.00466, 0.03146, 0.01426, 0.00822, 0.04112, 0.00734, 0.09096
0.00090, 0.02555, 0.00212, 0.00555, 0.01347, 0.03707, 0.09885, 0.09720, 0.02871, 0.03999
0.01047, 0.03055, 0.01304, 0.04852, 0.01391, 0.00281, 0.00025, 0.11956, 0.01384, 0.08326
0.00727, 0.03072, 0.00228, 0.00253, 0.00792, 0.04479, 0.04506, 0.04136, 0.00475, 0.06108
0.04087, 0.03772, 0.02390, 0.06947, 0.04626, 0.07828, 0.20114, 0.05072, 0.03844, 0.01377
0.00012, 0.00167, 0.00746, 0.00169, 0.05938, 0.10572, 0.10035, 0.00673, 0.42308, 0.30207
0.00042, 0.00014, 0.00731, 0.00360, 0.01577, 0.00222, 0.12057, 0.09815, 0.25464, 0.03638
0.00094, 0.00064, 0.03892, 0.02590, 0.02428, 0.00636, 0.08724, 0.14063, 0.41310, 0.17251
0.00017, 0.00095, 0.00063, 0.00228, 0.03868, 0.06986, 0.03400, 0.01881, 0.14324, 0.13953
0.00137, 0.00064, 0.00127, 0.00264, 0.01572, 0.07861, 0.02249, 0.02111, 0.07603, 0.09218
0.00779, 0.00374, 0.00129, 0.00887, 0.00155, 0.01065, 0.02151, 0.00816, 0.00056, 0.00020
0.00043, 0.00027, 0.03806, 0.01130, 0.01536, 0.01317, 0.20111, 0.16656, 0.35157, 0.51586
0.00161, 0.00259, 0.00325, 0.01537, 0.03252, 0.12068, 0.02564, 0.02381, 0.20400, 0.17921
0.00177, 0.01747, 0.02208, 0.00638, 0.01588, 0.00704, 0.13811, 0.14274, 0.19550, 0.18082
0.00163, 0.00275, 0.03387, 0.01288, 0.05173, 0.03878, 0.21708, 0.07192, 0.75633, 0.22269
0.00293, 0.01051, 0.02822, 0.01501, 0.02887, 0.09989, 0.02103, 0.01393, 0.40920, 0.36059
0.05105, 0.04467, 0.01151, 0.07336, 0.04532, 0.10550, 0.07895, 0.03149, 0.00687, 0.02021
0.00188, 0.00739, 0.00757, 0.00387, 0.00170, 0.00438, 0.04174, 0.07066, 0.02609, 0.00710
0.00011, 0.00540, 0.04644, 0.00424, 0.05083, 0.00530, 0.20668, 0.11696, 0.83705, 0.06893
0.00040, 0.00093, 0.00482, 0.00662, 0.00411, 0.02482, 0.00645, 0.00846, 0.01621, 0.08485
0.05203, 0.03503, 0.00299, 0.07466, 0.04735, 0.08232, 0.04089, 0.04696, 0.02017, 0.03409
0.03019, 0.00899, 0.02657, 0.06639, 0.10179, 0.03222, 0.22338, 0.30193, 0.19136, 0.35681
0.00514, 0.04592, 0.11865, 0.04175, 0.01329, 0.01687, 0.03628, 0.01101, 0.03661, 0.03881
0.00739, 0.00134, 0.01308, 0.02109, 0.00561, 0.08148, 0.07327, 0.03697, 0.24741, 0.34510
0.03435, 0.01849, 0.01603, 0.04628, 0.02267, 0.03027, 0.02965, 0.03594, 0.01852, 0.04298
0.00274, 0.02498, 0.01948, 0.03498, 0.00393, 0.03148, 0.01198, 0.02071, 0.04056, 0.21820
0.00031, 0.00010, 0.01742, 0.01002, 0.02124, 0.00150, 0.01652, 0.04697, 0.02691, 0.01074
0.00687, 0.05078, 0.09063, 0.07348, 0.09141, 0.08107, 0.02952, 0.01197, 0.22880, 0.14309
0.00292, 0.00162, 0.02002, 0.02975, 0.00891, 0.07783, 0.01348, 0.02815, 0.10298, 0.26029
0.04371, 0.07449, 0.00117, 0.07866, 0.02423, 0.00772, 0.01123, 0.12432, 0.02474, 0.08346
0.00056, 0.00236, 0.02605, 0.00006, 0.07984, 0.04551, 0.24304, 0.04624, 0.92452, 0.18784
0.00451, 0.00462, 0.05797, 0.04059, 0.02266, 0.05864, 0.41974, 0.39382, 0.34686, 0.27374
0.00328, 0.00211, 0.00380, 0.00919, 0.00083, 0.00389, 0.01005, 0.01272, 0.00050, 0.01929
0.00231, 0.00127, 0.00821, 0.01174, 0.00912, 0.01086, 0.01001, 0.00210, 0.00788, 0.00044
0.01448, 0.02671, 0.01423, 0.01536, 0.01219, 0.03493, 0.20849, 0.21499, 0.09060, 0.02498
0.00019, 0.00084, 0.00502, 0.00464, 0.00774, 0.00184, 0.00311, 0.02893, 0.00655, 0.01164
0.00103, 0.01446, 0.04858, 0.00676, 0.00865, 0.00062, 0.00259, 0.01819, 0.02062, 0.01193
0.00860, 0.03287, 0.00445, 0.00183, 0.01347, 0.05831, 0.09803, 0.06635, 0.02761, 0.06782
0.00879, 0.00218, 0.00235, 0.00356, 0.01705, 0.00755, 0.02806, 0.00050, 0.00560, 0.00074
0.00160, 0.00647, 0.02419, 0.00912, 0.05045, 0.01508, 0.04792, 0.09426, 0.13514, 0.05446
0.00032, 0.00058, 0.00578, 0.00602, 0.00325, 0.09587, 0.00972, 0.03943, 0.15303, 0.26367
0.00369, 0.00062, 0.00675, 0.01213, 0.03441, 0.06164, 0.03248, 0.02062, 0.25473, 0.09767
0.01057, 0.02752, 0.05719, 0.04267, 0.02730, 0.02963, 0.11928, 0.16218, 0.22249, 0.32529
0.00152, 0.00039, 0.00459, 0.00459, 0.04529, 0.04161, 0.20000, 0.06449, 0.12289, 0.06455
0.00050, 0.00061, 0.00069, 0.00067, 0.01879, 0.01986, 0.00796, 0.11311, 0.05795, 0.09724
0.02207, 0.02035, 0.01706, 0.02762, 0.00693, 0.29127, 0.08282, 0.09473, 0.10550, 0.17757
0.02156, 0.00577, 0.01600, 0.01292, 0.03592, 0.07787, 0.08345, 0.03071, 0.04046, 0.00846
0.00080, 0.00368, 0.00986, 0.00635, 0.07169, 0.03930, 0.16604, 0.06696, 0.23304, 0.07781
0.00708, 0.00524, 0.03165, 0.02036, 0.00858, 0.06351, 0.01614, 0.02523, 0.07325, 0.25066
0.01192, 0.00243, 0.04262, 0.05390, 0.13805, 0.08897, 0.81933, 0.76033, 0.75819, 0.51182
0.00701, 0.01905, 0.02974, 0.00223, 0.02076, 0.03978, 0.24834, 0.17679, 0.18036, 0.01564
0.00414, 0.01286, 0.00260, 0.03010, 0.00601, 0.00846, 0.07887, 0.06733, 0.02105, 0.01614
0.00216, 0.02502, 0.00688, 0.00167, 0.01859, 0.03766, 0.14568, 0.13407, 0.04417, 0.00766
0.00904, 0.03355, 0.01431, 0.00278, 0.02362, 0.04954, 0.19072, 0.11601, 0.10797, 0.02692
0.00910, 0.00619, 0.01260, 0.01407, 0.02366, 0.07544, 0.02513, 0.01127, 0.10844, 0.11658
0.00178, 0.00003, 0.00479, 0.01089, 0.00211, 0.00023, 0.02021, 0.02340, 0.06346, 0.08261
0.00300, 0.00089, 0.00517, 0.00071, 0.01513, 0.04198, 0.11266, 0.00522, 0.11521, 0.03329
0.02320, 0.05509, 0.00510, 0.05314, 0.02370, 0.00404, 0.00768, 0.13609, 0.01977, 0.05415
0.00153, 0.00450, 0.01394, 0.01114, 0.00187, 0.00909, 0.00129, 0.01109, 0.00832, 0.06004
0.04561, 0.02704, 0.01161, 0.07174, 0.03114, 0.10669, 0.02806, 0.04509, 0.02157, 0.02218
0.00390, 0.00046, 0.01405, 0.01762, 0.01465, 0.08536, 0.02978, 0.00465, 0.03628, 0.23473
0.01048, 0.00302, 0.00726, 0.00732, 0.01388, 0.03483, 0.03379, 0.01387, 0.01569, 0.00465
0.00125, 0.00273, 0.01337, 0.02732, 0.00250, 0.05161, 0.02235, 0.03738, 0.07072, 0.34766
0.02732, 0.05065, 0.00364, 0.07159, 0.03911, 0.00704, 0.00913, 0.11084, 0.01028, 0.07093
0.00052, 0.00990, 0.01556, 0.01636, 0.03934, 0.03813, 0.16696, 0.15447, 0.15361, 0.28541
0.00428, 0.03394, 0.08127, 0.06075, 0.03646, 0.01729, 0.02719, 0.02483, 0.04816, 0.00203
0.00314, 0.01213, 0.01859, 0.01110, 0.01172, 0.01961, 0.12680, 0.19420, 0.16418, 0.30577
0.00335, 0.03161, 0.00319, 0.00173, 0.01320, 0.02410, 0.09301, 0.10599, 0.00894, 0.01612
0.00043, 0.00109, 0.00133, 0.00020, 0.01295, 0.02977, 0.00861, 0.01840, 0.13370, 0.06236
0.03193, 0.01278, 0.00284, 0.08345, 0.05794, 0.06530, 0.00978, 0.07695, 0.00791, 0.06210
0.00066, 0.00576, 0.00807, 0.01102, 0.02751, 0.02005, 0.00864, 0.02516, 0.00317, 0.10063
0.00034, 0.00041, 0.01358, 0.01521, 0.11655, 0.08062, 0.36156, 0.21736, 0.34572, 0.10224
0.00038, 0.00025, 0.01844, 0.00700, 0.02212, 0.03056, 0.11152, 0.10526, 0.08344, 0.24134
0.00014, 0.00126, 0.01514, 0.00077, 0.02547, 0.06438, 0.00460, 0.04543, 0.45636, 0.18197
0.03712, 0.01917, 0.00243, 0.05971, 0.05779, 0.08932, 0.12630, 0.02918, 0.01957, 0.00695
0.00611, 0.00745, 0.02500, 0.04581, 0.07893, 0.17785, 0.01245, 0.08146, 0.64071, 0.49896
0.00249, 0.00093, 0.00208, 0.00887, 0.01264, 0.03038, 0.01087, 0.00672, 0.03432, 0.02751
0.02731, 0.03249, 0.01546, 0.07741, 0.01759, 0.00385, 0.00218, 0.12714, 0.00394, 0.13818
0.00681, 0.00460, 0.01206, 0.00927, 0.00298, 0.03629, 0.10074, 0.05197, 0.08491, 0.24408
0.00679, 0.00332, 0.01824, 0.00954, 0.01960, 0.03685, 0.09496, 0.05883, 0.01232, 0.00473
0.00166, 0.03546, 0.00021, 0.01216, 0.01468, 0.01863, 0.05328, 0.07568, 0.00012, 0.01820
0.00100, 0.01337, 0.03208, 0.01716, 0.00654, 0.00106, 0.00307, 0.00648, 0.01672, 0.00150
0.00224, 0.02130, 0.00585, 0.02418, 0.02245, 0.02180, 0.00476, 0.06063, 0.00541, 0.03888
0.00249, 0.00773, 0.03334, 0.02232, 0.03865, 0.15410, 0.03089, 0.03339, 0.48879, 0.45452
0.00921, 0.01214, 0.02948, 0.05459, 0.08277, 0.01474, 0.06088, 0.08477, 0.01948, 0.14896
0.00365, 0.00046, 0.00035, 0.00788, 0.01376, 0.09536, 0.14362, 0.00243, 0.20900, 0.11197
0.00062, 0.00165, 0.00516, 0.01333, 0.00178, 0.00027, 0.05443, 0.09842, 0.11280, 0.24227
0.01950, 0.01099, 0.02159, 0.00503, 0.01230, 0.38369, 0.11437, 0.12843, 0.45650, 0.74735
0.00024, 0.00263, 0.00875, 0.00022, 0.09672, 0.14028, 0.13959, 0.01249, 0.50327, 0.36065
0.00233, 0.01212, 0.02671, 0.02814, 0.02150, 0.02486, 0.00249, 0.02177, 0.00223, 0.04514
0.00410, 0.00340, 0.00560, 0.00620, 0.02218, 0.01964, 0.01948, 0.05938, 0.02322, 0.12453
0.01021, 0.01918, 0.00817, 0.00377, 0.02092, 0.03223, 0.05560, 0.04141, 0.02326, 0.04442
0.00433, 0.01661, 0.01274, 0.03122, 0.01246, 0.01536, 0.03201, 0.00193, 0.08127, 0.03012
0.00005, 0.00532, 0.02944, 0.04660, 0.01507, 0.08353, 0.01451, 0.00514, 0.01340, 0.25482
0.00178, 0.00466, 0.00777, 0.00728, 0.00083, 0.00031, 0.00862, 0.00181, 0.00310, 0.00114
0.01329, 0.00712, 0.01069, 0.02896, 0.00362, 0.01201, 0.01160, 0.01989, 0.00915, 0.00376
0.01180, 0.03348, 0.04988, 0.04520, 0.02687, 0.01829, 0.09386, 0.16574, 0.17002, 0.41053
0.04030, 0.02367, 0.01845, 0.03183, 0.05583, 0.04919, 0.06513, 0.03737, 0.04080, 0.03046
0.00025, 0.00359, 0.02295, 0.01117, 0.01861, 0.17893, 0.01617, 0.05159, 0.27030, 0.28597
0.00002, 0.00198, 0.01418, 0.00258, 0.01919, 0.01970, 0.03789, 0.03695, 0.35943, 0.04029
0.00962, 0.06028, 0.09508, 0.08625, 0.08424, 0.05316, 0.03937, 0.04127, 0.20023, 0.24977
0.02108, 0.00784, 0.03396, 0.01635, 0.01414, 0.40369, 0.07988, 0.14275, 0.53550, 0.90079
0.04653, 0.02969, 0.00147, 0.10008, 0.01914, 0.03126, 0.01824, 0.04740, 0.01805, 0.01236
0.00942, 0.01001, 0.00589, 0.03192, 0.03060, 0.03512, 0.05589, 0.02181, 0.01275, 0.02716
0.02346, 0.02669, 0.01956, 0.08600, 0.00230, 0.12384, 0.03897, 0.10473, 0.05571, 0.26318
0.00127, 0.00917, 0.00842, 0.00868, 0.00223, 0.01167, 0.00627, 0.00547, 0.02936, 0.08849
0.01732, 0.03081, 0.00653, 0.02295, 0.01076, 0.04272, 0.19087, 0.12764, 0.09240, 0.06448
0.00207, 0.00285, 0.00849, 0.00219, 0.01603, 0.01761, 0.16582, 0.03074, 0.26394, 0.06695
0.00056, 0.01384, 0.06696, 0.03808, 0.02458, 0.03878, 0.05989, 0.07321, 0.26658, 0.47675
0.00812, 0.02304, 0.01534, 0.06154, 0.01971, 0.01501, 0.01827, 0.00934, 0.06281, 0.01612
0.00555, 0.00041, 0.02303, 0.00634, 0.02570, 0.00384, 0.23672, 0.15907, 0.55675, 0.25085
0.02807, 0.00328, 0.01410, 0.00078, 0.00928, 0.07377, 0.23033, 0.07253, 0.35317, 0.31499
0.01897, 0.02950, 0.01166, 0.06609, 0.01526, 0.00627, 0.00502, 0.09486, 0.00771, 0.04409
0.00017, 0.00052, 0.01100, 0.00126, 0.01654, 0.05501, 0.00875, 0.04569, 0.32766, 0.15715
0.00430, 0.00218, 0.00007, 0.01322, 0.01594, 0.02367, 0.02512, 0.00605, 0.09709, 0.03654
0.00587, 0.02050, 0.03239, 0.01524, 0.01119, 0.00289, 0.03029, 0.02224, 0.04446, 0.11343
0.01972, 0.00255, 0.00931, 0.01527, 0.00385, 0.09197, 0.06439, 0.02448, 0.08642, 0.03983
0.01075, 0.00598, 0.01394, 0.00024, 0.09097, 0.05171, 0.04662, 0.07352, 0.00023, 0.06712
0.00077, 0.00448, 0.00464, 0.00093, 0.01596, 0.04257, 0.03948, 0.00218, 0.06410, 0.09466
0.00000, 0.00070, 0.00413, 0.00126, 0.00845, 0.03123, 0.00430, 0.01904, 0.13660, 0.08930
0.02498, 0.02754, 0.00506, 0.02068, 0.02398, 0.11720, 0.23220, 0.04586, 0.14041, 0.00563
0.00396, 0.01902, 0.04320, 0.03080, 0.06009, 0.07419, 0.00285, 0.04498, 0.10108, 0.02794
0.00303, 0.00124, 0.00967, 0.00157, 0.04942, 0.14164, 0.14972, 0.00016, 0.36826, 0.32153
0.00038, 0.00159, 0.00296, 0.00097, 0.00375, 0.00042, 0.00129, 0.01699, 0.00609, 0.03954
0.00579, 0.01277, 0.03855, 0.00732, 0.00410, 0.00658, 0.05736, 0.01556, 0.08485, 0.03592
0.01648, 0.01009, 0.00090, 0.00962, 0.00622, 0.07418, 0.02847, 0.02366, 0.01329, 0.02722
0.00527, 0.02157, 0.05308, 0.02092, 0.01800, 0.00644, 0.00302, 0.02514, 0.01575, 0.01186
0.02162, 0.00235, 0.03757, 0.06116, 0.00284, 0.29694, 0.09612, 0.09568, 0.61490, 1.12352
0.01626, 0.00246, 0.00304, 0.00362, 0.00363, 0.10168, 0.05545, 0.02323, 0.09024, 0.06773
0.07243, 0.03166, 0.01735, 0.05175, 0.04941, 0.07518, 0.10079, 0.04869, 0.02984, 0.04314
0.00018, 0.00217, 0.03305, 0.00975, 0.03806, 0.01446, 0.30417, 0.31411, 0.60322, 0.15649
0.05050, 0.02254, 0.01140, 0.06196, 0.00819, 0.01951, 0.02606, 0.04082, 0.01956, 0.03760
0.00081, 0.00729, 0.01106, 0.00005, 0.01107, 0.03744, 0.18013, 0.18589, 0.09911, 0.03566
0.01986, 0.01920, 0.01243, 0.02149, 0.01192, 0.20417, 0.16166, 0.05481, 0.15981, 0.10830
0.06107, 0.04072, 0.02069, 0.06578, 0.03880, 0.05063, 0.04447, 0.09567, 0.05861, 0.07290
0.01771, 0.00252, 0.00898, 0.01667, 0.02259, 0.09150, 0.10178, 0.02421, 0.12262, 0.05623
0.00267, 0.01393, 0.01694, 0.02794, 0.01649, 0.01070, 0.07025, 0.09650, 0.16777, 0.13629
0.00709, 0.00735, 0.01017, 0.01706, 0.03956, 0.03505, 0.10523, 0.07243, 0.05566, 0.06152
0.01014, 0.03953, 0.00678, 0.03225, 0.01729, 0.00799, 0.00309, 0.06193, 0.00242, 0.02476
0.00125, 0.01001, 0.00185, 0.00684, 0.00451, 0.00017, 0.00226, 0.07706, 0.01757, 0.07561
0.00104, 0.00016, 0.00943, 0.00899, 0.00962, 0.08902, 0.05039, 0.02719, 0.02264, 0.12710
0.00210, 0.00050, 0.00813, 0.00456, 0.06665, 0.05097, 0.21224, 0.13242, 0.14297, 0.06715
0.00127, 0.00268, 0.03176, 0.00432, 0.10977, 0.09132, 0.30537, 0.04458, 1.02041, 0.29297
0.00380, 0.00008, 0.00216, 0.00142, 0.02799, 0.08084, 0.15644, 0.01083, 0.24487, 0.08122
0.00360, 0.03580, 0.00921, 0.02979, 0.00264, 0.00835, 0.03565, 0.03617, 0.00415, 0.02082
0.00209, 0.01894, 0.03329, 0.01144, 0.01089, 0.00804, 0.00978, 0.02688, 0.01293, 0.00454
0.00445, 0.00431, 0.01110, 0.00816, 0.00829, 0.02721, 0.12782, 0.15016, 0.07918, 0.01754
0.00335, 0.02254, 0.02872, 0.03607, 0.02036, 0.00666, 0.05535, 0.08566, 0.17448, 0.20300
0.04559, 0.03749, 0.00389, 0.10296, 0.01202, 0.01810, 0.00809, 0.06527, 0.02130, 0.02166
0.00938, 0.02404, 0.03011, 0.06423, 0.01392, 0.00282, 0.00541, 0.10043, 0.00239, 0.13278
0.04178, 0.03882, 0.00518, 0.05199, 0.04105, 0.10728, 0.04917, 0.05742, 0.00894, 0.04120
0.00723, 0.01138, 0.00159, 0.03136, 0.01494, 0.02444, 0.02487, 0.01680, 0.00768, 0.09408
0.00004, 0.00705, 0.03055, 0.01399, 0.14455, 0.05549, 0.77826, 0.50101, 1.03891, 0.33254
0.00419, 0.00444, 0.01302, 0.00873, 0.01821, 0.02749, 0.00078, 0.01453, 0.06098, 0.02055
0.00955, 0.00128, 0.00565, 0.00767, 0.00239, 0.00494, 0.10527, 0.07089, 0.03596, 0.03087
0.00006, 0.00217, 0.01557, 0.01534, 0.03571, 0.03866, 0.00485, 0.00731, 0.03485, 0.02887
0.00020, 0.00035, 0.00111, 0.00038, 0.00494, 0.01923, 0.07821, 0.11533, 0.05352, 0.01657
0.03236, 0.02268, 0.00510, 0.07032, 0.00611, 0.03093, 0.03538, 0.04930, 0.00313, 0.01600
0.04989, 0.03640, 0.00572, 0.09904, 0.06451, 0.16258, 0.11477, 0.03639, 0.01386, 0.01156
0.00640, 0.01587, 0.00998, 0.02261, 0.02318, 0.01346, 0.00081, 0.04576, 0.03641, 0.12608
0.00043, 0.00154, 0.00603, 0.00213, 0.06807, 0.11746, 0.04527, 0.04772, 0.27293, 0.29200
0.00004, 0.00080, 0.00162, 0.00207, 0.00059, 0.00059, 0.00997, 0.01050, 0.00320, 0.00694
0.00113, 0.00767, 0.01462, 0.01294, 0.02511, 0.08398, 0.01176, 0.06250, 0.47468, 0.30705
0.00202, 0.00324, 0.02172, 0.02336, 0.00234, 0.00148, 0.00444, 0.01558, 0.01610, 0.00592
0.00163, 0.00969, 0.02524, 0.00239, 0.00651, 0.01509, 0.05345, 0.02192, 0.13537, 0.13978
0.01074, 0.02411, 0.04353, 0.03979, 0.07752, 0.06870, 0.00062, 0.07786, 0.13725, 0.09217
0.00055, 0.00461, 0.02549, 0.01214, 0.03894, 0.03271, 0.00564, 0.01341, 0.02484, 0.03728
0.00000, 0.00136, 0.00776, 0.00001, 0.02162, 0.03218, 0.03362, 0.00049, 0.12780, 0.11556
0.00050, 0.00373, 0.01434, 0.00232, 0.01794, 0.00340, 0.08985, 0.08942, 0.24080, 0.20657
0.00192, 0.01911, 0.00568, 0.00428, 0.00682, 0.00780, 0.09591, 0.10086, 0.06664, 0.03729
0.00027, 0.00029, 0.00056, 0.00124, 0.00848, 0.01207, 0.00818, 0.09685, 0.05352, 0.04878
0.00008, 0.00290, 0.00564, 0.00534, 0.01694, 0.02328, 0.01154, 0.02139, 0.01150, 0.01561
0.00481, 0.00139, 0.00575, 0.00745, 0.01225, 0.02602, 0.08641, 0.09727, 0.02349, 0.02011
0.01090, 0.01503, 0.06710, 0.09799, 0.04297, 0.20831, 0.34347, 0.18905, 0.23086, 0.39495
0.00104, 0.00453, 0.01611, 0.00743, 0.00656, 0.01082, 0.01391, 0.00081, 0.00055, 0.00001
0.00500, 0.00976, 0.00921, 0.03730, 0.03571, 0.02152, 0.00607, 0.05340, 0.00932, 0.11282
0.00979, 0.00001, 0.01199, 0.00945, 0.00209, 0.19696, 0.04865, 0.05992, 0.24025, 0.47109
0.03485, 0.03976, 0.00427, 0.07353, 0.04862, 0.01426, 0.08648, 0.14438, 0.03184, 0.15853
0.00018, 0.01034, 0.03144, 0.01185, 0.00518, 0.00163, 0.00574, 0.00910, 0.01700, 0.00154
0.01238, 0.00241, 0.01568, 0.02990, 0.01173, 0.26161, 0.10623, 0.04774, 0.12904, 0.23679
0.00030, 0.00355, 0.03782, 0.00030, 0.05627, 0.05192, 0.18847, 0.03195, 0.54242, 0.26225
0.00131, 0.00285, 0.02981, 0.01276, 0.04832, 0.11440, 0.06584, 0.01296, 0.54030, 0.39628
0.01556, 0.01332, 0.00300, 0.00057, 0.01674, 0.30668, 0.07766, 0.05222, 0.18751, 0.24128
0.00027, 0.00240, 0.01234, 0.00022, 0.03437, 0.02108, 0.04025, 0.10844, 0.30558, 0.04270
0.00079, 0.00041, 0.00342, 0.00240, 0.01631, 0.01262, 0.02637, 0.13130, 0.07804, 0.00488
0.00024, 0.00144, 0.01625, 0.00009, 0.01758, 0.00568, 0.08094, 0.12625, 0.41101, 0.01893
0.00004, 0.00081, 0.01194, 0.00238, 0.01157, 0.03057, 0.14003, 0.21038, 0.16208, 0.08659
0.00534, 0.00330, 0.00406, 0.01940, 0.01679, 0.00991, 0.16818, 0.21798, 0.12504, 0.10307
0.00897, 0.00421, 0.01118, 0.01117, 0.01756, 0.05088, 0.06889, 0.00913, 0.00986, 0.02329
0.00425, 0.00033, 0.00708, 0.01200, 0.00156, 0.06445, 0.01919, 0.03264, 0.13900, 0.25991
0.00023, 0.00040, 0.00837, 0.01459, 0.02112, 0.12452, 0.02093, 0.01890, 0.14560, 0.21394
0.00051, 0.00567, 0.00673, 0.00393, 0.00713, 0.00691, 0.06434, 0.05934, 0.03996, 0.01878
0.01119, 0.02050, 0.02084, 0.04405, 0.03806, 0.06952, 0.00218, 0.04434, 0.03905, 0.02748
0.00497, 0.00309, 0.01076, 0.00751, 0.01785, 0.02661, 0.05934, 0.06659, 0.01186, 0.00711
0.00855, 0.00152, 0.01991, 0.03532, 0.00264, 0.28034, 0.05939, 0.08123, 0.16883, 0.26908
0.00010, 0.00257, 0.02700, 0.00028, 0.02943, 0.04438, 0.14729, 0.02963, 0.36493, 0.22410
0.00083, 0.00115, 0.00064, 0.00175, 0.00856, 0.00113, 0.03410, 0.06093, 0.05812, 0.00139
0.00805, 0.01733, 0.01462, 0.05088, 0.02884, 0.07282, 0.01297, 0.02414, 0.16435, 0.13805
0.00347, 0.04380, 0.00071, 0.00479, 0.01204, 0.01672, 0.07428, 0.10582, 0.00009, 0.02178
0.00479, 0.00006, 0.00050, 0.00018, 0.05478, 0.19562, 0.12753, 0.00537, 0.21541, 0.26516
0.00022, 0.00476, 0.03836, 0.00393, 0.05566, 0.02927, 0.29178, 0.19014, 0.56194, 0.26670
0.00224, 0.00614, 0.01546, 0.01136, 0.01776, 0.02539, 0.00585, 0.01802, 0.12884, 0.07760
0.00157, 0.00074, 0.00206, 0.00033, 0.01646, 0.00797, 0.20105, 0.06598, 0.05858, 0.06496
0.00328, 0.00168, 0.00056, 0.00336, 0.02747, 0.13495, 0.02443, 0.02062, 0.14602, 0.16732
0.00411, 0.00454, 0.00692, 0.01670, 0.02495, 0.01445, 0.01363, 0.02913, 0.02109, 0.02444
0.00486, 0.00354, 0.00610, 0.00370, 0.00621, 0.04483, 0.01522, 0.01012, 0.02527, 0.14221
0.00695, 0.03752, 0.02721, 0.06724, 0.00817, 0.00287, 0.02595, 0.01564, 0.00734, 0.01838
0.00010, 0.01331, 0.03630, 0.01895, 0.00664, 0.02637, 0.09970, 0.08736, 0.27449, 0.25043
0.00234, 0.00041, 0.00260, 0.00347, 0.00081, 0.01753, 0.00238, 0.01233, 0.03329, 0.08222
0.00816, 0.00111, 0.00490, 0.00586, 0.02428, 0.04442, 0.01785, 0.02162, 0.00881, 0.01240
0.00115, 0.00002, 0.00807, 0.00348, 0.04244, 0.02899, 0.27862, 0.13981, 0.37658, 0.09645
0.00052, 0.00570, 0.03473, 0.01072, 0.07511, 0.07409, 0.25007, 0.06248, 0.82799, 0.34573
0.00031, 0.00049, 0.00273, 0.00123, 0.01972, 0.04760, 0.22685, 0.31238, 0.19909, 0.06641
0.00012, 0.00059, 0.00094, 0.00174, 0.00175, 0.00093, 0.00995, 0.00633, 0.03512, 0.03976
0.00004, 0.00151, 0.00962, 0.01177, 0.02256, 0.00955, 0.01302, 0.01520, 0.00912, 0.06801
0.01143, 0.01305, 0.00648, 0.00746, 0.06202, 0.10108, 0.04720, 0.02446, 0.01765, 0.02686
0.00833, 0.00011, 0.01507, 0.01244, 0.00140, 0.11816, 0.06642, 0.00405, 0.11286, 0.22750
0.00101, 0.00239, 0.00424, 0.00187, 0.01403, 0.06409, 0.05693, 0.00581, 0.04207, 0.02891
0.00399, 0.00066, 0.00183, 0.00535, 0.02659, 0.02439, 0.01015, 0.03251, 0.02826, 0.03681
0.00193, 0.00292, 0.00600, 0.02146, 0.05459, 0.01471, 0.32478, 0.22492, 0.70683, 0.42885
0.01253, 0.01306, 0.02566, 0.02056, 0.02384, 0.04928, 0.26051, 0.24092, 0.21854, 0.02546
0.00007, 0.00069, 0.01062, 0.00202, 0.02897, 0.01516, 0.03845, 0.04298, 0.12593, 0.14747
0.00082, 0.00132, 0.00300, 0.00131, 0.02870, 0.11241, 0.03804, 0.01620, 0.08282, 0.09637
0.00543, 0.00329, 0.03183, 0.00862, 0.01355, 0.27432, 0.04545, 0.09561, 0.45543, 0.52390
0.00671, 0.04147, 0.05635, 0.06090, 0.04103, 0.01479, 0.05884, 0.08711, 0.22020, 0.19588
0.00021, 0.00060, 0.00659, 0.00108, 0.01114, 0.01585, 0.04185, 0.16528, 0.18025, 0.04602
0.02040, 0.00340, 0.00475, 0.00457, 0.01934, 0.03204, 0.06941, 0.07706, 0.10095, 0.00534
0.00176, 0.00435, 0.00454, 0.00851, 0.02471, 0.03651, 0.00288, 0.02468, 0.03854, 0.09618
0.00026, 0.00076, 0.01286, 0.00073, 0.03213, 0.04036, 0.02077, 0.03421, 0.39874, 0.11571
0.02833, 0.04330, 0.00509, 0.08706, 0.06759, 0.02364, 0.03827, 0.11146, 0.01262, 0.09548
0.04440, 0.02489, 0.00765, 0.07805, 0.03595, 0.03738, 0.02138, 0.04100, 0.00315, 0.00139
0.00013, 0.00260, 0.02476, 0.00164, 0.07496, 0.11985, 0.12809, 0.00122, 0.49400, 0.39426
0.00608, 0.02394, 0.00635, 0.00002, 0.01333, 0.01627, 0.13443, 0.11408, 0.02920, 0.00409
0.00072, 0.00093, 0.00221, 0.00097, 0.04051, 0.09403, 0.01414, 0.07991, 0.28880, 0.19641
0.00034, 0.00276, 0.00029, 0.00314, 0.01751, 0.00029, 0.01127, 0.07358, 0.00209, 0.06872
0.06037, 0.03982, 0.04242, 0.11905, 0.06671, 0.11793, 0.26720, 0.10758, 0.06916, 0.03979
0.02104, 0.01490, 0.00422, 0.03330, 0.01892, 0.02884, 0.06590, 0.03179, 0.04490, 0.04315
0.00144, 0.00216, 0.01074, 0.01018, 0.03167, 0.06645, 0.02273, 0.00729, 0.20218, 0.18785
0.00175, 0.00244, 0.00830, 0.00622, 0.01605, 0.07478, 0.02210, 0.00382, 0.03702, 0.15572
0.00244, 0.00050, 0.00030, 0.00627, 0.01076, 0.00308, 0.09244, 0.10147, 0.05283, 0.04955
0.00759, 0.00128, 0.00843, 0.00244, 0.03210, 0.07466, 0.02191, 0.00817, 0.03536, 0.04292
0.00008, 0.01145, 0.02219, 0.03551, 0.04451, 0.03270, 0.00441, 0.04001, 0.00041, 0.08658
0.00616, 0.03972, 0.00059, 0.02844, 0.01891, 0.01444, 0.00695, 0.06499, 0.01483, 0.02787
0.00419, 0.01880, 0.01888, 0.02869, 0.01486, 0.00961, 0.09173, 0.03707, 0.05758, 0.02393
0.00335, 0.00555, 0.02776, 0.02366, 0.06032, 0.19712, 0.00923, 0.11161, 0.81368, 0.62888
0.02926, 0.00818, 0.02244, 0.02308, 0.06393, 0.04630, 0.07900, 0.02591, 0.03885, 0.01549
0.00231, 0.01406, 0.00406, 0.00609, 0.00267, 0.00009, 0.00280, 0.06455, 0.01503, 0.08404
0.00034, 0.00075, 0.00215, 0.00055, 0.01386, 0.01806, 0.00572, 0.02818, 0.13135, 0.04558
0.01611, 0.02257, 0.00207, 0.01170, 0.02261, 0.06400, 0.06893, 0.02363, 0.02285, 0.01599
0.00006, 0.00398, 0.01994, 0.00550, 0.06087, 0.06231, 0.09896, 0.00930, 0.58204, 0.21547
0.00003, 0.01869, 0.00146, 0.00928, 0.01142, 0.02069, 0.05759, 0.07824, 0.02448, 0.07646
0.00041, 0.00300, 0.00419, 0.00409, 0.01044, 0.00463, 0.03460, 0.01383, 0.12347, 0.06814
0.00605, 0.00190, 0.00783, 0.00845, 0.01764, 0.01854, 0.07629, 0.04038, 0.02625, 0.05669
0.00088, 0.00107, 0.01381, 0.00100, 0.02448, 0.01597, 0.14502, 0.03744, 0.29653, 0.08743
0.00517, 0.03244, 0.00990, 0.00011, 0.03207, 0.03247, 0.14443, 0.12786, 0.05934, 0.00600
0.00520, 0.00025, 0.00897, 0.01146, 0.00137, 0.13833, 0.04350, 0.04886, 0.22171, 0.41416
0.00016, 0.00524, 0.05877, 0.00337, 0.05520, 0.04083, 0.23492, 0.06498, 0.72374, 0.28780
0.00805, 0.00035, 0.00084, 0.00110, 0.08691, 0.04447, 0.17914, 0.04122, 0.35805, 0.20739
0.01007, 0.00105, 0.02954, 0.03134, 0.08492, 0.03830, 0.33811, 0.34105, 0.31313, 0.19082
0.01185, 0.00797, 0.00941, 0.01910, 0.00797, 0.00472, 0.01112, 0.02122, 0.01580, 0.03731
0.00875, 0.00603, 0.01576, 0.00563, 0.00079, 0.03761, 0.11584, 0.02189, 0.12970, 0.26080
0.03224, 0.01723, 0.01275, 0.03998, 0.01411, 0.03708, 0.04584, 0.03218, 0.01767, 0.02477
0.00349, 0.00184, 0.00305, 0.00371, 0.00818, 0.07046, 0.00855, 0.01929, 0.12604, 0.12975
0.00002, 0.00212, 0.01861, 0.00173, 0.01865, 0.00006, 0.09246, 0.08128, 0.33066, 0.01600
0.01360, 0.03934, 0.06169, 0.06039, 0.03126, 0.03018, 0.08567, 0.11890, 0.11964, 0.39188
0.00081, 0.00294, 0.00504, 0.00304, 0.01108, 0.00971, 0.09487, 0.08051, 0.07006, 0.06996
0.03593, 0.02466, 0.01621, 0.06769, 0.01444, 0.18795, 0.05636, 0.03997, 0.02305, 0.00946
0.00038, 0.00740, 0.00114, 0.00002, 0.00722, 0.01686, 0.00671, 0.09626, 0.03074, 0.09636
0.00158, 0.00283, 0.03892, 0.03550, 0.01549, 0.00902, 0.12322, 0.11956, 0.14185, 0.23706
0.02318, 0.00828, 0.00930, 0.04261, 0.00094, 0.10551, 0.14735, 0.02991, 0.14019, 0.03633
0.00136, 0.02570, 0.00243, 0.00286, 0.01069, 0.01703, 0.09746, 0.13016, 0.01451, 0.01171
0.00580, 0.04244, 0.00335, 0.00257, 0.01345, 0.04584, 0.10571, 0.08623, 0.01705, 0.05630
0.00112, 0.01042, 0.07456, 0.01459, 0.10772, 0.03524, 0.84473, 0.71227, 1.20904, 0.42786
0.02646, 0.01387, 0.00961, 0.03249, 0.01600, 0.03119, 0.03540, 0.02252, 0.01325, 0.01529
0.00263, 0.00677, 0.01919, 0.02894, 0.10699, 0.12933, 0.00516, 0.06951, 0.10744, 0.12327
0.01427, 0.00486, 0.01252, 0.04110, 0.00335, 0.10218, 0.04938, 0.03637, 0.07453, 0.13424
0.00027, 0.00049, 0.00502, 0.00022, 0.00675, 0.02522, 0.09159, 0.03295, 0.07599, 0.09862
0.00019, 0.00945, 0.02543, 0.02831, 0.04871, 0.04037, 0.00553, 0.02085, 0.00786, 0.04298
0.00065, 0.00039, 0.00004, 0.00030, 0.01083, 0.02023, 0.00264, 0.01200, 0.03641, 0.04030
0.02679, 0.03646, 0.02978, 0.09297, 0.07296, 0.07377, 0.29006, 0.26689, 0.17359, 0.24866
0.03441, 0.06251, 0.01392, 0.11421, 0.03772, 0.01047, 0.00301, 0.14940, 0.01216, 0.07087
0.00096, 0.00124, 0.00016, 0.00311, 0.01880, 0.11172, 0.02553, 0.01873, 0.14171, 0.13079
0.00036, 0.00085, 0.00181, 0.00442, 0.01031, 0.01399, 0.03378, 0.00529, 0.15222, 0.03396
0.00601, 0.00173, 0.00803, 0.00394, 0.03397, 0.04123, 0.02536, 0.02293, 0.00948, 0.05014
0.00036, 0.00035, 0.00271, 0.00175, 0.01741, 0.00217, 0.14658, 0.09968, 0.19056, 0.04476
0.00300, 0.01732, 0.00458, 0.01090, 0.00203, 0.00164, 0.04928, 0.06697, 0.04305, 0.04951
0.00009, 0.00091, 0.00658, 0.00042, 0.01622, 0.02237, 0.13330, 0.16872, 0.18923, 0.15866
0.00202, 0.00947, 0.01755, 0.04851, 0.10493, 0.08558, 0.02294, 0.04589, 0.00967, 0.06304
0.00131, 0.00337, 0.00349, 0.01907, 0.01853, 0.09697, 0.02467, 0.03173, 0.22025, 0.17087
0.00861, 0.03920, 0.00729, 0.00270, 0.01797, 0.02776, 0.13648, 0.13223, 0.02464, 0.01496
0.06474, 0.04804, 0.01205, 0.09230, 0.02466, 0.02582, 0.01515, 0.11538, 0.03969, 0.06478
0.01221, 0.01023, 0.00588, 0.03976, 0.03298, 0.04233, 0.09103, 0.03453, 0.01245, 0.01053
0.00438, 0.02958, 0.00471, 0.00108, 0.01456, 0.03846, 0.09770, 0.09992, 0.01030, 0.00739
0.02156, 0.00991, 0.00226, 0.03001, 0.02898, 0.03121, 0.02134, 0.01289, 0.01019, 0.01305
0.00011, 0.00348, 0.02992, 0.00086, 0.09177, 0.06900, 0.24955, 0.02541, 0.93779, 0.28826
0.00035, 0.00493, 0.04593, 0.00846, 0.08057, 0.16976, 0.29469, 0.04583, 0.99250, 0.65178
0.00176, 0.02351, 0.09048, 0.02166, 0.02535, 0.00410, 0.02023, 0.00942, 0.03404, 0.00202
0.01416, 0.00166, 0.00539, 0.00719, 0.02447, 0.02165, 0.09221, 0.00728, 0.04937, 0.00977
0.02062, 0.01673, 0.04258, 0.07817, 0.01441, 0.05553, 0.19226, 0.13843, 0.07657, 0.07452
0.00189, 0.00123, 0.00646, 0.01404, 0.02544, 0.04445, 0.08059, 0.01893, 0.02016, 0.01741
0.03049, 0.00394, 0.02221, 0.02980, 0.01755, 0.00140, 0.26376, 0.17028, 0.09280, 0.09437
0.00044, 0.00879, 0.00419, 0.00799, 0.00762, 0.01685, 0.08595, 0.11555, 0.09641, 0.07569
0.02624, 0.00615, 0.00728, 0.03690, 0.01881, 0.15006, 0.12641, 0.03324, 0.12972, 0.06304
0.01014, 0.00159, 0.01406, 0.00487, 0.01644, 0.01059, 0.10884, 0.05047, 0.00458, 0.00707
0.00146, 0.02922, 0.00246, 0.00540, 0.01747, 0.04081, 0.10038, 0.09132, 0.02013, 0.01894
0.00203, 0.00038, 0.00256, 0.00679, 0.03413, 0.00650, 0.13383, 0.23792, 0.11647, 0.10385
0.03401, 0.06761, 0.01102, 0.07166, 0.02549, 0.00500, 0.00496, 0.11146, 0.01160, 0.03058
0.00747, 0.00270, 0.00604, 0.00659, 0.01288, 0.02163, 0.02714, 0.00863, 0.01264, 0.00421
0.00221, 0.02853, 0.09069, 0.03843, 0.00957, 0.01611, 0.01864, 0.01907, 0.01904, 0.01103
0.00011, 0.00037, 0.00242, 0.00396, 0.01018, 0.01847, 0.09193, 0.13682, 0.10812, 0.04846
0.00155, 0.01085, 0.00564, 0.01526, 0.00849, 0.02878, 0.10435, 0.13602, 0.08945, 0.09206
0.00314, 0.02055, 0.08051, 0.01767, 0.01342, 0.02499, 0.02808, 0.01126, 0.05140, 0.09067
0.01069, 0.00277, 0.01379, 0.00214, 0.02360, 0.16630, 0.12259, 0.03110, 0.28461, 0.10945
0.00356, 0.00084, 0.00073, 0.00535, 0.01444, 0.00304, 0.08149, 0.08770, 0.01191, 0.02774
0.00539, 0.00372, 0.00193, 0.01684, 0.03967, 0.06229, 0.03552, 0.07851, 0.06668, 0.08866
0.01201, 0.00410, 0.00180, 0.02618, 0.01792, 0.02949, 0.00006, 0.04735, 0.06542, 0.10407
0.00304, 0.05348, 0.10395, 0.03300, 0.00937, 0.01424, 0.03957, 0.02739, 0.08546, 0.14142
0.00009, 0.00042, 0.00166, 0.00310, 0.00842, 0.00281, 0.01297, 0.01070, 0.12166, 0.00831
0.01050, 0.01192, 0.00410, 0.01959, 0.01368, 0.02252, 0.08890, 0.06570, 0.04065, 0.07132
0.04942, 0.02898, 0.00372, 0.05178, 0.04468, 0.07585, 0.06880, 0.04421, 0.02142, 0.03408
0.00250, 0.00287, 0.00618, 0.00812, 0.00725, 0.00168, 0.00760, 0.00973, 0.00133, 0.06112
0.00572, 0.00691, 0.06528, 0.05883, 0.07663, 0.02080, 0.21401, 0.21289, 0.14678, 0.26433
0.00116, 0.00041, 0.00046, 0.00222, 0.02653, 0.04543, 0.01188, 0.09874, 0.07995, 0.17543
0.00949, 0.05509, 0.10450, 0.08027, 0.09547, 0.07473, 0.05764, 0.03871, 0.27374, 0.27431
0.00070, 0.00008, 0.00507, 0.01045, 0.01118, 0.00962, 0.04314, 0.05485, 0.06522, 0.03505
0.00154, 0.00320, 0.00847, 0.00488, 0.00291, 0.00332, 0.00024, 0.00766, 0.00189, 0.03377
0.02736, 0.01875, 0.01229, 0.01968, 0.03499, 0.03640, 0.17438, 0.05892, 0.07213, 0.11271
0.00174, 0.00175, 0.02547, 0.00272, 0.02758, 0.13555, 0.04127, 0.07454, 0.85450, 0.44893
0.00271, 0.01699, 0.05028, 0.06048, 0.04981, 0.03698, 0.01724, 0.05794, 0.05086, 0.00677
0.00265, 0.00743, 0.01283, 0.02022, 0.01853, 0.09608, 0.00703, 0.04155, 0.26477, 0.21651
0.00142, 0.03119, 0.08520, 0.02007, 0.01533, 0.03653, 0.02464, 0.01226, 0.10694, 0.10366
0.01720, 0.02937, 0.00159, 0.03753, 0.01445, 0.02760, 0.01999, 0.05121, 0.01431, 0.03603
0.00048, 0.00453, 0.00930, 0.00735, 0.00711, 0.00728, 0.13301, 0.16645, 0.09944, 0.11593
0.01020, 0.02229, 0.02272, 0.03215, 0.01870, 0.01133, 0.01096, 0.09625, 0.00256, 0.19535
0.00946, 0.00663, 0.02307, 0.00397, 0.03902, 0.03475, 0.05067, 0.04282, 0.00161, 0.05104
0.01859, 0.01457, 0.02173, 0.00327, 0.02853, 0.28826, 0.15634, 0.06583, 0.41768, 0.57558
0.00136, 0.00088, 0.02850, 0.00678, 0.06327, 0.02708, 0.23998, 0.08758, 0.67692, 0.09608
0.00155, 0.00003, 0.00298, 0.00301, 0.00201, 0.03390, 0.00502, 0.00566, 0.03329, 0.15312
0.00235, 0.01805, 0.00555, 0.00051, 0.01160, 0.03668, 0.11447, 0.13337, 0.02543, 0.01860
0.00299, 0.00042, 0.00545, 0.00098, 0.02797, 0.01374, 0.05766, 0.04371, 0.02269, 0.00090
0.00318, 0.00022, 0.02565, 0.00549, 0.02098, 0.12842, 0.05832, 0.05253, 0.47063, 0.31743
0.00154, 0.00014, 0.00182, 0.00107, 0.02158, 0.00883, 0.07248, 0.04088, 0.07232, 0.01205
0.00222, 0.00201, 0.00094, 0.00336, 0.02179, 0.06313, 0.12982, 0.01378, 0.13417, 0.03818
0.00698, 0.00007, 0.02465, 0.00497, 0.05644, 0.10391, 0.10955, 0.02529, 0.47969, 0.17843
0.00477, 0.00220, 0.01842, 0.01196, 0.01066, 0.01611, 0.08725, 0.10236, 0.08923, 0.06740
0.00206, 0.00060, 0.03634, 0.00594, 0.01769, 0.02506, 0.03027, 0.00023, 0.00092, 0.00006
0.00008, 0.00079, 0.00112, 0.00099, 0.02705, 0.06018, 0.01159, 0.03483, 0.09620, 0.11412
0.00720, 0.00405, 0.00700, 0.01127, 0.03691, 0.09456, 0.05962, 0.00898, 0.07428, 0.09942
0.00024, 0.02443, 0.00315, 0.00782, 0.01529, 0.04217, 0.12955, 0.11226, 0.05231, 0.03204
0.00629, 0.01236, 0.01204, 0.03741, 0.02958, 0.06675, 0.00720, 0.02064, 0.14346, 0.12735
0.00049, 0.00425, 0.01648, 0.01110, 0.04701, 0.06201, 0.07406, 0.00385, 0.23300, 0.18013
0.00174, 0.01484, 0.03240, 0.03667, 0.03867, 0.02034, 0.11188, 0.10089, 0.05369, 0.14656
0.00032, 0.00249, 0.00980, 0.01512, 0.00168, 0.00693, 0.01510, 0.06782, 0.03430, 0.02125
0.00199, 0.00313, 0.00801, 0.00165, 0.17329, 0.28451, 0.19446, 0.07230, 0.65218, 0.60831
0.00817, 0.01750, 0.00298, 0.02325, 0.03489, 0.04131, 0.10100, 0.03357, 0.01638, 0.02664
0.00344, 0.02011, 0.01276, 0.03078, 0.00566, 0.00396, 0.01971, 0.03102, 0.04031, 0.11265
0.00325, 0.00692, 0.00420, 0.02221, 0.01470, 0.00374, 0.00674, 0.03833, 0.01776, 0.10182
0.01088, 0.00069, 0.04095, 0.01300, 0.01505, 0.14637, 0.16371, 0.00306, 0.39664, 0.43848
0.04622, 0.06909, 0.00150, 0.11226, 0.06158, 0.03888, 0.01536, 0.17411, 0.03895, 0.02107
0.00620, 0.04558, 0.06538, 0.06978, 0.05851, 0.02105, 0.04225, 0.05742, 0.24065, 0.12662
0.00025, 0.03381, 0.00685, 0.01243, 0.01058, 0.03203, 0.09370, 0.07939, 0.07860, 0.12349
0.00788, 0.02163, 0.01360, 0.00197, 0.04777, 0.04127, 0.04796, 0.05372, 0.00802, 0.04942
0.01002, 0.00365, 0.00506, 0.00214, 0.03414, 0.00756, 0.14616, 0.26973, 0.21104, 0.12448
0.02957, 0.01664, 0.00522, 0.02478, 0.01253, 0.08225, 0.11387, 0.02831, 0.02786, 0.00679
0.00086, 0.00536, 0.00440, 0.00246, 0.02035, 0.02386, 0.16419, 0.18571, 0.20297, 0.17972
0.02183, 0.01539, 0.00575, 0.02360, 0.00911, 0.01453, 0.00630, 0.03572, 0.01117, 0.01443
0.00628, 0.00097, 0.01531, 0.01155, 0.03533, 0.03640, 0.04604, 0.01068, 0.00504, 0.05010
0.00404, 0.00471, 0.01379, 0.03299, 0.01855, 0.03001, 0.00930, 0.07562, 0.00731, 0.03381
0.00497, 0.03198, 0.03095, 0.05145, 0.02302, 0.00918, 0.04277, 0.07590, 0.10841, 0.17660
