,Losses,Training Accuracy,Validation Accuracy
0,0.6871801163189045,16.09375,15.875
1,0.6207922899588194,17.09375,17.25
2,0.5953922592466487,20.78125,21.0
3,0.5815169856098948,29.9375,30.875000000000004
4,0.5679058228433288,31.53125,33.0
5,0.5578356606934622,34.5625,35.625
6,0.5492618674553196,34.875,36.125
7,0.5413815631056087,35.4375,36.625
8,0.533493665841148,36.6875,39.625
9,0.5252244587548189,37.03125,39.0
10,0.5162791863581657,38.65625,41.25
11,0.50696605727174,42.03125,45.0
12,0.4963581922896958,48.375,51.0
13,0.48456143801131174,55.46875,56.00000000000001
14,0.4713179496771277,63.15625,62.875
15,0.45658236483965053,66.84375,67.5
16,0.44171325144410534,71.5,71.875
17,0.42784758794418254,77.59375,76.625
18,0.4151127149801507,81.8125,80.125
19,0.4049511668513032,84.03125,82.75
20,0.39657217796681715,86.09375,85.0
21,0.3901063939186761,86.5,85.25
22,0.3847801774152891,88.0625,86.625
23,0.3805881419037428,88.65625,86.5
24,0.37692839902886005,89.09375,86.625
25,0.37392998232289626,89.875,87.375
26,0.3710878776188364,90.0,87.0
27,0.36863608017037514,90.125,87.125
28,0.3663693050749203,90.78125,87.625
29,0.36421010654374286,91.03125,88.5
30,0.3621673084914799,91.0,88.375
31,0.36033901957338216,91.0625,88.5
32,0.3585379004308219,91.125,89.0
33,0.356848789519304,91.09375,88.375
34,0.355147624154989,91.40625,89.0
35,0.3536745037952738,91.4375,88.75
36,0.3521338405486202,91.1875,88.375
37,0.3507021270947584,91.53125,88.75
38,0.34938239888046513,91.3125,88.875
39,0.3479537727375269,91.3125,89.0
40,0.34679487509877127,91.5625,89.125
41,0.34560896856008183,91.4375,89.0
42,0.34438355536158766,91.375,89.0
43,0.34328337566023864,91.46875,89.25
44,0.34225770782252485,91.53125,89.25
45,0.34123469165335557,91.25,88.875
46,0.34027011750693953,91.6875,89.75
47,0.33916356306704537,91.59375,89.125
48,0.33817807648126086,91.46875,89.25
49,0.3373212715252933,91.625,89.25
50,0.3364574301951074,91.71875,89.875
51,0.3354252054454962,91.4375,88.875
52,0.33458398441158854,91.9375,90.125
53,0.3337301912677998,91.4375,89.125
54,0.3328766827808587,91.9375,90.125
55,0.3319668856317087,91.25,89.125
56,0.33126393348611116,91.875,90.0
57,0.3304689498493916,91.53125,89.5
58,0.32957388255894843,91.65625,89.5
59,0.3291351289204558,91.6875,89.875
60,0.3280496709055726,91.5,89.375
61,0.3275161790124082,91.875,90.125
62,0.32669850095616226,91.59375,89.5
63,0.32603443465578735,91.8125,89.75
64,0.3253951454946138,91.96875,90.125
65,0.3247051447480726,92.0,90.25
66,0.32412717600861407,92.03125,90.125
67,0.3235593154234017,92.0,89.875
68,0.32304334614776276,92.03125,90.0
69,0.3225132480400813,92.1875,89.875
70,0.32174267435435183,92.0,89.75
71,0.3210440387936636,92.21875,90.0
72,0.32047381326630886,92.15625,89.875
73,0.3198829773315349,92.84375,91.0
74,0.3193209353744125,92.34375,89.875
75,0.31861961291627483,92.84375,90.75
76,0.317928451608963,92.84375,90.875
77,0.31725714091020313,93.25,91.0
78,0.31673117037391246,93.0,91.0
79,0.31600757437339955,93.03125,91.0
80,0.3151655600046859,92.78125,90.375
81,0.31463765537226623,93.03125,90.625
82,0.3139512675768154,93.1875,91.0
83,0.3133738244304442,93.15625,90.875
84,0.3124618449306758,93.53125,91.375
85,0.3117331914825949,93.4375,91.0
86,0.31104900967681093,94.0,92.375
87,0.3102161072242566,94.0625,92.375
88,0.30961941316924185,93.59375,91.375
89,0.3090952520595205,94.5,93.125
90,0.30814131450827614,94.375,92.875
91,0.3074340448757043,94.375,92.875
92,0.30661217465843243,94.46875,92.875
93,0.30591622224891624,94.5,92.875
94,0.30521917978680074,94.9375,93.75
95,0.30448050288530676,94.71875,93.25
96,0.30375928565726384,95.15625,94.25
97,0.303133931065626,94.90625,93.375
98,0.3024166247284817,95.625,94.0
99,0.3017547154691438,95.84375,94.625
100,0.3010522070617603,96.21875,95.25
101,0.3004463326319552,96.1875,95.0
102,0.2998120904295006,96.75,95.5
103,0.2992285955712772,96.40625,95.375
104,0.2987545391041174,96.90625,95.75
105,0.298230020441902,96.9375,95.875
106,0.2976060040732,97.1875,96.125
107,0.2969701539853765,97.375,96.25
108,0.29635455041078423,97.59375,96.375
109,0.295847370125666,97.5625,96.25
110,0.2951739783304338,97.46875,96.25
111,0.29455957816688544,97.71875,96.875
112,0.2940254021784965,98.0,97.25
113,0.2934784203502179,97.84375,97.125
114,0.2929696483497791,98.34375,97.75
115,0.29240384294960553,98.34375,97.625
116,0.2919380885721334,98.40625,97.875
117,0.29137391215219005,98.46875,98.375
118,0.29084726609975314,98.375,98.125
119,0.29038623137572617,98.40625,98.0
120,0.2899707615014702,98.4375,98.125
121,0.289517574992016,98.9375,98.75
122,0.2889756795702547,98.8125,98.625
123,0.2885256610874568,99.03125,98.875
124,0.28821388591430164,98.9375,98.75
125,0.2877353891297159,98.875,98.75
126,0.28741406771309086,98.96875,98.75
127,0.28706151461302354,99.0625,99.0
128,0.2866145093979347,99.09375,99.0
129,0.28629668735014935,99.15625,99.0
130,0.2859864733749343,99.25,99.125
131,0.285730748730169,99.25,99.25
132,0.2854914511073968,99.28125,99.25
133,0.28525630875724134,99.34375,99.25
134,0.2849928348669881,99.21875,99.25
135,0.2846855174971492,99.3125,99.25
136,0.28453576327179236,99.3125,99.25
137,0.2843436437317737,99.3125,99.25
138,0.284051324962115,99.3125,99.25
139,0.28398802659019007,99.3125,99.25
140,0.28375950351726636,99.25,99.125
141,0.2837146408114124,99.25,99.125
142,0.28353306817708573,99.34375,99.25
143,0.28335895922923493,99.34375,99.375
144,0.2833294896662642,99.28125,99.25
145,0.2832390517651124,99.375,99.375
146,0.2830289442429659,99.28125,99.25
147,0.2829526597285093,99.375,99.375
148,0.2828228252436421,99.3125,99.25
149,0.2827907080518373,99.375,99.375
150,0.28275858569178997,99.375,99.375
151,0.28262907703553247,99.375,99.375
152,0.28248870241675816,99.34375,99.375
153,0.28234305956076483,99.40625,99.375
154,0.28216639739944277,99.4375,99.375
155,0.28208348467384153,99.375,99.375
156,0.281989159582563,99.4375,99.375
157,0.28191354836880206,99.4375,99.375
158,0.28180396961185844,99.375,99.375
159,0.28185664236795577,99.4375,99.375
160,0.2816453069649907,99.4375,99.375
161,0.28157930185599744,99.5,99.375
162,0.28142070932015584,99.40625,99.375
163,0.2813163385875394,99.40625,99.375
164,0.28127930962237085,99.4375,99.375
165,0.2811511369438472,99.375,99.375
166,0.2811848026226433,99.5,99.375
167,0.2809981978061785,99.34375,99.375
168,0.28086150836196716,99.5,99.375
169,0.2809181941410529,99.46875,99.375
170,0.2807709555073183,99.5,99.375
171,0.28069186354960485,99.5,99.375
172,0.2805960313530609,99.40625,99.375
173,0.28052016269127483,99.5,99.375
174,0.28035665867690945,99.46875,99.375
175,0.280250575496721,99.4375,99.375
176,0.2802001714393331,99.46875,99.375
177,0.2801272000572932,99.5,99.375
178,0.2799972159832598,99.40625,99.375
179,0.2799417903242272,99.5,99.5
180,0.27990577018686785,99.5,99.5
181,0.27977633835258486,99.4375,99.375
182,0.27971790889915205,99.5,99.5
183,0.2797395369220457,99.5,99.5
184,0.2795584960768445,99.46875,99.5
185,0.27954984051194987,99.46875,99.5
186,0.2794764880416449,99.46875,99.5
187,0.27937843875019075,99.46875,99.5
188,0.2792895866856341,99.5625,99.5
189,0.27914929089001556,99.46875,99.5
190,0.2791203511789541,99.5625,99.625
191,0.2790242003741621,99.46875,99.5
192,0.27892625526877035,99.46875,99.5
193,0.27888107092124065,99.53125,99.625
194,0.27882445984680104,99.46875,99.5
195,0.2787067124835166,99.5,99.5
196,0.2786567794854848,99.5,99.375
197,0.2785589065816956,99.5625,99.625
198,0.2784765374946605,99.5625,99.625
199,0.27837725886871983,99.5625,99.625
