0.164873,0.425979,0.029802,0.110446,0.102602,0.048602,0.176605,0.224780
0.369735,0.086541,0.344393,0.530736,0.068034,0.136248,0.374432,0.268208
0.336940,0.117882,0.326864,0.304106,0.042433,0.323462,0.490727,0.294587
1.000000,0.227238,0.438523,0.138429,0.338978,0.628967,0.034621,0.470565
0.151125,0.305867,0.310695,0.511937,0.157329,0.573641,0.082269,0.536491
0.265881,0.194179,0.146566,0.492840,0.157663,0.558297,0.050276,0.393891
0.215597,0.349643,0.015844,0.180816,0.079053,0.065363,0.126733,0.204212
0.337312,0.066741,0.314724,0.533180,0.113083,0.198650,0.475781,0.231437
0.112285,0.390186,0.061107,0.246491,0.093485,0.129092,0.115779,0.185112
0.257820,0.306143,0.179166,0.118762,0.604033,0.559026,0.188220,0.416797
0.269163,0.389928,0.170246,0.384999,0.083430,0.605893,0.076597,0.435113
0.235462,0.137815,0.048370,0.434616,0.092431,0.151530,0.156852,0.063659
0.612904,0.482954,0.091863,0.434085,0.032006,0.231353,0.620779,0.183876
0.262218,0.076571,0.308643,0.417004,0.136744,0.260164,0.424613,0.148886
0.650702,0.584773,0.089676,0.438863,0.109046,0.219175,0.532453,0.127920
0.230168,0.501191,0.029268,0.052842,0.126396,0.156097,0.117143,0.169043
0.610223,0.383605,0.230889,0.207541,0.468350,0.534190,0.031466,0.359169
0.335496,0.166019,0.337805,0.427398,0.048415,0.169601,0.572759,0.276211
0.268476,0.371705,0.042623,0.103273,0.421245,0.650225,0.092920,0.453912
0.090675,0.067813,0.013382,0.407947,0.174080,0.108771,0.253314,0.043836
0.225019,0.078328,0.028773,0.280873,0.156537,0.055115,0.218302,0.085915
0.502179,0.564672,0.041915,0.067666,0.132292,0.651855,0.118690,0.211902
0.341068,0.080127,0.329471,0.412291,0.047313,0.280557,0.421872,0.141565
0.193729,0.523043,0.036149,0.165680,0.115482,0.114954,0.120733,0.177691
0.190815,0.447422,0.002604,0.112226,0.100522,0.105075,0.086959,0.305178
0.211689,0.385644,0.183710,0.631843,0.112886,0.652804,0.075648,0.425995
0.623738,0.608533,0.092072,0.045353,0.103093,0.549907,0.079383,0.239216
0.572376,0.517818,0.442273,0.054269,0.341264,0.631014,0.027167,0.560692
0.631821,0.501540,0.156435,0.509593,0.025438,0.373969,0.610331,0.139502
0.849119,0.249542,0.338601,0.162133,0.428414,0.497972,0.039314,0.637864
0.536442,0.579583,0.041658,0.017395,0.047504,0.733731,0.080995,0.302350
0.110079,0.439968,0.014404,0.180379,0.164988,0.047485,0.169063,0.127357
0.367972,0.072164,0.366427,0.405133,0.039425,0.208388,0.443102,0.229269
0.244018,0.542867,0.026401,0.147915,0.141189,0.147441,0.042217,0.229536
0.167716,0.188991,0.230048,0.455856,0.012577,0.574623,0.008824,0.439807
0.593570,0.586920,0.142582,0.468462,0.073276,0.245439,0.664798,0.086180
0.228929,0.324897,0.203744,0.539155,0.120543,0.589574,0.120332,0.244670
0.160327,0.131189,0.001044,0.361454,0.161337,0.162114,0.280577,0.071896
0.189428,0.552724,0.047449,0.183421,0.046541,0.069122,0.130944,0.126188
0.316758,0.078105,0.413707,0.497369,0.062938,0.360448,0.324673,0.091053
0.354968,0.118836,0.402813,0.374946,0.063347,0.255756,0.368733,0.157319
0.238702,0.184743,0.093915,0.098350,0.330226,0.796749,0.117784,0.539667
0.227743,0.198353,0.168183,0.131911,0.577023,0.580434,0.174746,0.476043
0.771496,0.517089,0.105623,0.640367,0.074376,0.288122,0.497550,0.187529
0.414458,0.692301,0.059666,0.098771,0.104937,0.725964,0.092033,0.155806
0.664044,0.736420,0.038150,0.047073,0.087599,0.617795,0.078250,0.191775
0.257602,0.089816,0.276353,0.344843,0.060841,0.230361,0.311598,0.174579
0.526565,0.752968,0.103591,0.591417,0.038367,0.235367,0.720537,0.204301
0.139465,0.059693,0.053650,0.730352,0.151810,0.132293,0.247932,0.110559
0.755227,0.567654,0.090209,0.423850,0.086527,0.229737,0.646066,0.043329
0.150108,0.405711,0.251452,0.305059,0.095348,0.573218,0.030450,0.451320
0.224999,0.299503,0.342291,0.352186,0.094393,0.533657,0.015398,0.313544
0.286591,0.336930,0.298479,0.601549,0.066792,0.644224,0.032884,0.352499
0.161301,0.078939,0.062393,0.532869,0.065111,0.095129,0.296418,0.045808
0.192915,0.110232,0.056286,0.550439,0.073181,0.212414,0.241363,0.048736
0.209897,0.280673,0.196854,0.436287,0.031278,0.611526,0.020716,0.442651
0.548443,0.257316,0.563557,0.187358,0.347530,0.415277,0.024557,0.382492
0.179291,0.108793,0.034578,0.425975,0.169461,0.124737,0.194499,0.037002
0.121063,0.081104,0.005613,0.168048,0.128022,0.166681,0.272559,0.070622
0.211616,0.368067,0.101582,0.135657,0.510933,0.569852,0.229857,0.502473
0.274477,0.097565,0.251366,0.443833,0.044185,0.242965,0.568914,0.272481
0.133469,0.312493,0.110320,0.106516,0.434937,0.676747,0.246968,0.539689
0.087606,0.082255,0.089068,0.353293,0.121452,0.128394,0.266102,0.114333
0.368424,0.149069,0.279131,0.397413,0.035537,0.232072,0.391760,0.224355
0.369314,0.326889,0.009367,0.126978,0.088774,0.095614,0.111572,0.081355
0.737686,0.371670,0.112212,0.609306,0.035270,0.152351,0.617538,0.046475
0.845990,0.506828,0.155278,0.470409,0.062850,0.141657,0.684464,0.225859
0.234753,0.369433,0.180144,0.376862,0.069246,0.542122,0.078557,0.299503
0.294557,0.561131,0.049023,0.164921,0.520210,0.676037,0.226571,0.382198
0.390411,0.110704,0.364673,0.374717,0.030162,0.214074,0.304858,0.274786
0.362958,0.069710,0.395690,0.349608,0.081641,0.159001,0.440284,0.322368
0.157169,0.505883,0.004488,0.099984,0.064577,0.058036,0.165333,0.227466
0.702200,0.253434,0.342950,0.197734,0.340418,0.361285,0.078767,0.441165
0.328632,0.062325,0.322145,0.301643,0.090735,0.223293,0.551759,0.284957
0.177268,0.139687,0.031863,0.535929,0.101581,0.191733,0.260475,0.069468
0.725756,0.609233,0.087879,0.056743,0.041641,0.708999,0.052435,0.111035
0.176082,0.096973,0.031985,0.564641,0.093110,0.234419,0.264384,0.102883
0.730723,0.537782,0.036354,0.060305,0.132199,0.581999,0.055424,0.219364
0.284115,0.291410,0.329124,0.501514,0.141230,0.535615,0.067772,0.308352
0.679195,0.661118,0.036396,0.048928,0.110997,0.360298,0.100038,0.168353
0.204579,0.431079,0.061662,0.192327,0.103782,0.068035,0.101407,0.209967
0.737058,0.395356,0.042362,0.047124,0.153956,0.677563,0.047238,0.334633
0.088848,0.141917,0.037201,0.496416,0.130873,0.108005,0.192472,0.061780
0.856169,0.458251,0.248406,0.547528,0.100970,0.306806,0.517335,0.172079
0.274819,0.259807,0.098633,0.066769,0.605305,0.582876,0.166111,0.378331
0.214702,0.389269,0.040405,0.182201,0.081255,0.067172,0.092104,0.228185
0.686919,0.631458,0.055092,0.097001,0.059845,0.623923,0.068051,0.162073
0.373238,0.443957,0.044287,0.130098,0.089322,0.069418,0.087754,0.224928
0.435722,0.285532,0.556053,0.269551,0.474697,0.561392,0.031208,0.414797
0.187805,0.391805,0.010019,0.110287,0.092196,0.075175,0.111977,0.144382
0.181397,0.208981,0.170826,0.432261,0.098764,0.783147,0.023431,0.239478
0.146137,0.083457,0.044225,0.464234,0.126607,0.169731,0.184906,0.024983
0.297750,0.116565,0.343308,0.382882,0.056038,0.156729,0.525646,0.221157
0.511454,0.403082,0.293492,0.610351,0.114542,0.151020,0.481961,0.176590
0.597906,0.261698,0.484486,0.166960,0.371857,0.530991,0.075938,0.503316
0.233565,0.392735,0.009309,0.149520,0.051831,0.106394,0.096643,0.176967
0.189938,0.456147,0.047191,0.190900,0.148584,0.087655,0.124329,0.103291
0.232943,0.378462,0.060597,0.240591,0.113689,0.095969,0.065470,0.130218
0.813513,0.541931,0.235365,0.631181,0.060153,0.256414,0.492482,0.159518
0.175350,0.057836,0.006993,0.336562,0.056122,0.185582,0.291768,0.088087
0.346012,0.118779,0.444832,0.459343,0.131768,0.259536,0.346330,0.190581
0.373397,0.089757,0.373055,0.411948,0.057715,0.178667,0.460024,0.190874
0.302519,0.335990,0.097518,0.098659,0.697880,0.701429,0.125397,0.515724
0.193547,0.386121,0.048022,0.155596,0.070192,0.064857,0.074380,0.214777
0.071672,0.287176,0.179026,0.353757,0.030768,0.449581,0.033460,0.523493
0.679303,0.350296,0.124980,0.415704,0.083244,0.183577,0.623277,0.125624
0.438517,0.178223,0.533488,0.161673,0.411927,0.730259,0.026997,0.460727
0.212845,0.338611,0.033095,0.181272,0.077570,0.026394,0.109186,0.188973
0.562316,0.350785,0.163938,0.457181,0.088585,0.175394,0.479306,0.136654
0.397612,0.632325,0.047755,0.058433,0.057612,0.562016,0.090984,0.211790
0.151864,0.501456,0.023397,0.198737,0.028808,0.112945,0.085895,0.113493
0.737476,0.469234,0.191730,0.501201,0.041043,0.302678,0.562595,0.160532
0.487202,0.294079,0.032503,0.110469,0.595508,0.563270,0.138931,0.395024
0.585879,0.359353,0.351135,0.198867,0.396728,0.542673,0.030330,0.426805
0.280645,0.386957,0.045640,0.166938,0.113623,0.061028,0.103482,0.170620
0.125517,0.069130,0.015605,0.467608,0.098979,0.120712,0.165006,0.013441
0.479075,0.683093,0.106200,0.000000,0.123785,0.404153,0.059118,0.181525
0.389566,0.092265,0.369494,0.479033,0.065132,0.355662,0.346647,0.205026
0.183777,0.417381,0.026288,0.141448,0.088769,0.056278,0.128539,0.161183
0.165213,0.281321,0.151648,0.376466,0.092047,0.497974,0.031493,0.329690
0.331097,0.209198,0.127075,0.105208,0.392007,0.702898,0.209763,0.274373
0.172193,0.040945,0.029285,0.445585,0.136207,0.175921,0.319615,0.077618
0.637403,0.464253,0.173924,0.357300,0.060975,0.273794,0.471099,0.158399
0.197416,0.142765,0.453119,0.344179,0.146078,0.229798,0.434217,0.184664
0.347414,0.052974,0.304021,0.326497,0.102235,0.199814,0.418921,0.232970
0.290854,0.372562,0.074364,0.141063,0.496096,0.972551,0.154923,0.380534
0.270540,0.270791,0.358937,0.432658,0.197464,0.636915,0.076923,0.527191
0.273615,0.526237,0.002419,0.121847,0.122975,0.168625,0.206319,0.229839
0.724731,0.345728,0.407195,0.193527,0.400762,0.494612,0.058457,0.443605
0.239599,0.251642,0.083825,0.076572,0.457924,0.532121,0.183631,0.364011
0.762633,0.493687,0.044057,0.042943,0.081103,0.674524,0.057050,0.262778
0.821870,0.353864,0.133594,0.493760,0.028167,0.381757,0.550871,0.111777
0.257257,0.063883,0.352808,0.440282,0.029460,0.172365,0.401734,0.296953
0.676657,0.257975,0.265237,0.259004,0.323077,0.432733,0.026469,0.357811
0.560582,0.453090,0.436305,0.066332,0.454991,0.565328,0.041327,0.540399
0.246073,0.071442,0.048946,0.263718,0.135970,0.177491,0.275377,0.060127
0.178561,0.429179,0.032110,0.075360,0.077160,0.090646,0.132884,0.149197
0.509177,0.611359,0.039054,0.071755,0.106681,0.557480,0.097316,0.251468
0.199333,0.231739,0.167576,0.466723,0.171701,0.779984,0.108292,0.368947
0.178899,0.395427,0.047001,0.134062,0.132917,0.044021,0.160000,0.185271
0.108470,0.057601,0.052516,0.339201,0.036394,0.074056,0.343466,0.027056
0.279647,0.418475,0.203948,0.389130,0.089260,0.587455,0.061808,0.534514
0.681490,0.325982,0.361807,0.114179,0.478802,0.707137,0.034382,0.421741
0.789609,0.371750,0.165184,0.546976,0.040589,0.249607,0.572143,0.166958
0.218515,0.099998,0.068260,0.378190,0.225991,0.140102,0.143240,0.025007
0.114118,0.125680,0.038566,0.282339,0.147741,0.096376,0.358883,0.033585
0.246797,0.500110,0.053964,0.048018,0.544482,0.740658,0.141296,0.399534
0.608554,0.395101,0.467547,0.125734,0.344837,0.520022,0.054944,0.563838
0.133699,0.250798,0.161416,0.369698,0.115405,0.559283,0.032405,0.415354
0.201389,0.037041,0.036412,0.286863,0.151129,0.117115,0.233237,0.086784
0.269312,0.111133,0.408507,0.353305,0.019468,0.218352,0.369542,0.115013
0.078082,0.280358,0.283010,0.413334,0.076623,0.534168,0.021361,0.489917
0.175096,0.363203,0.023121,0.108638,0.082072,0.059890,0.123499,0.115400
0.734764,0.264660,0.333560,0.230941,0.307447,0.644009,0.042405,0.402219
0.731065,0.392538,0.154537,0.488633,0.109671,0.267475,0.544278,0.107657
0.720537,0.657708,0.041002,0.065059,0.178856,0.740190,0.070054,0.204302
0.338409,0.396223,0.182467,0.414075,0.237761,0.422602,0.055314,0.580355
0.572059,0.320674,0.468114,0.174994,0.526311,0.545122,0.063958,0.422618
0.191915,0.281926,0.079049,0.084371,0.290272,0.638571,0.116891,0.426579
0.687089,0.714815,0.060122,0.046733,0.060864,0.556345,0.022208,0.261811
0.214829,0.367341,0.298299,0.421474,0.158770,0.566676,0.050156,0.282032
0.239645,0.437578,0.215608,0.544449,0.092555,0.645369,0.051530,0.463483
0.258396,0.415240,0.055819,0.217649,0.088971,0.071335,0.038120,0.134792
0.201478,0.235452,0.121294,0.529231,0.122859,0.535025,0.065471,0.318609
0.316672,0.024100,0.215033,0.359456,0.079847,0.134979,0.478717,0.260213
0.170843,0.075102,0.055502,0.471977,0.190434,0.140225,0.182290,0.056408
0.146084,0.070262,0.006833,0.584002,0.131333,0.114067,0.200321,0.121102
0.375877,0.061798,0.238376,0.307886,0.017155,0.339450,0.427069,0.233108
0.703453,0.462308,0.105556,0.526037,0.087989,0.104709,0.539117,0.143297
0.743872,0.659903,0.053815,0.021586,0.155397,0.536643,0.079040,0.120904
0.780304,0.415351,0.367440,0.132767,0.456660,0.473107,0.046133,0.398120
0.197550,0.514771,0.042629,0.192995,0.074474,0.056959,0.105995,0.197646
0.511792,0.465740,0.350134,0.181056,0.365227,0.441491,0.037890,0.516890
0.514344,0.297774,0.357034,0.075256,0.395119,0.780387,0.042027,0.333429
0.316435,0.701394,0.043827,0.028932,0.019072,0.720967,0.075033,0.248245
0.689380,0.382599,0.509455,0.109504,0.373019,0.664975,0.026179,0.602677
0.239311,0.400870,0.066130,0.039859,0.562533,0.613443,0.183766,0.285860
0.533722,0.525589,0.098905,0.030166,0.089736,0.609151,0.046053,0.257305
0.751972,0.294458,0.312649,0.142660,0.446256,0.643021,0.039482,0.420969
0.121217,0.522614,0.028032,0.193138,0.058290,0.019508,0.152667,0.275863
0.249881,0.288822,0.122264,0.097863,0.616621,0.548926,0.095667,0.471123
0.234234,0.403615,0.272142,0.343110,0.068581,0.503945,0.023176,0.316440
0.548319,0.580091,0.026860,0.101030,0.094837,0.449593,0.087526,0.178323
0.138865,0.354821,0.185511,0.314157,0.208972,0.597627,0.021759,0.281580
0.161168,0.084604,0.040500,0.394404,0.135107,0.186542,0.329857,0.072889
0.186042,0.324124,0.305381,0.371997,0.101649,0.444079,0.058550,0.516064
0.503335,0.266342,0.282302,0.226800,0.258074,0.647102,0.081872,0.449882
0.751881,0.527761,0.117439,0.660132,0.114813,0.331217,0.516224,0.052209
0.792132,0.544216,0.146650,0.478118,0.017784,0.399393,0.587535,0.176763
0.688726,0.639146,0.209262,0.367690,0.027493,0.184888,0.596355,0.119213
0.178058,0.390174,0.055423,0.200803,0.096009,0.021967,0.175424,0.210215
0.192921,0.267785,0.066240,0.111521,0.418907,0.631343,0.119445,0.488982
0.189453,0.457816,0.053594,0.192010,0.081275,0.038920,0.193057,0.142891
0.197716,0.324069,0.039482,0.093703,0.085156,0.082502,0.051502,0.223821
0.687668,0.520946,0.221346,0.692378,0.017472,0.277273,0.876251,0.235680
0.180131,0.062624,0.013486,0.354747,0.057794,0.133816,0.250461,0.026631
0.531839,0.802225,0.073667,0.050676,0.123005,0.518414,0.061292,0.348751
0.773683,0.474431,0.035580,0.057521,0.123401,0.587397,0.079317,0.165003
0.579915,0.390292,0.214133,0.548910,0.058423,0.331785,0.475267,0.144412
0.376707,0.064297,0.280501,0.499433,0.078524,0.195920,0.364896,0.222323
0.141196,0.204205,0.184966,0.403877,0.187295,0.455570,0.076159,0.415402
0.747454,0.431032,0.124723,0.750444,0.051881,0.303404,0.587151,0.202652
0.327793,0.478290,0.031998,0.114168,0.062476,0.020659,0.205380,0.173009
0.585738,0.614918,0.038760,0.029092,0.089372,0.604232,0.048702,0.189954
0.445171,0.084868,0.403810,0.635756,0.113334,0.250050,0.555387,0.115074
0.286805,0.095372,0.305763,0.473976,0.101423,0.177032,0.612109,0.179342
0.259744,0.304357,0.159568,0.450652,0.061489,0.691332,0.052933,0.344918
0.048120,0.111760,0.088273,0.371594,0.104688,0.194674,0.313517,0.036155
0.785531,0.409926,0.238006,0.485773,0.058634,0.276305,0.512965,0.156854
0.090471,0.357275,0.055662,0.108074,0.544360,0.461472,0.153901,0.346948
0.251556,0.530877,0.072079,0.105062,0.053010,0.096770,0.140531,0.080319
0.593924,0.286928,0.434092,0.074048,0.545081,0.501642,0.045369,0.280108
0.524911,0.347790,0.086851,0.037555,0.088586,0.832091,0.063080,0.278738
0.708990,0.380866,0.181601,0.503614,0.026027,0.163836,0.620229,0.195783
0.421484,0.063717,0.314433,0.560488,0.071674,0.205179,0.381488,0.250801
0.725873,0.489662,0.140097,0.442729,0.056454,0.235939,0.608581,0.124905
0.272880,0.083091,0.350292,0.476913,0.119904,0.127093,0.485778,0.211748
0.497834,0.516553,0.029960,0.034405,0.059339,0.836505,0.101233,0.255203
0.188639,0.547266,0.087597,0.134534,0.072987,0.040796,0.045427,0.195479
0.859119,0.390127,0.331233,0.195206,0.344081,0.514499,0.035650,0.491859
0.283708,0.361618,0.100325,0.149784,0.325500,0.554759,0.266715,0.310765
0.451197,0.032409,0.379724,0.393922,0.064362,0.266540,0.464281,0.315815
0.587474,0.599926,0.117656,0.074725,0.158908,0.630912,0.025000,0.250902
0.224327,0.274666,0.072899,0.077459,0.646067,0.618971,0.183122,0.479560
0.201051,0.321609,0.142169,0.093584,0.604628,0.814050,0.181560,0.548376
0.113943,0.081706,0.067761,0.503355,0.098939,0.149026,0.245480,0.075522
0.616165,0.482576,0.040752,0.034561,0.098854,0.627070,0.062165,0.189158
0.564631,0.533256,0.050951,0.098245,0.092616,0.442635,0.070114,0.116708
0.680556,0.550177,0.072299,0.043660,0.052509,0.547349,0.116511,0.222570
0.665026,0.483071,0.131672,0.477665,0.069467,0.322406,0.565285,0.165983
0.167465,0.028956,0.254688,0.480563,0.106006,0.246272,0.399919,0.277956
0.779621,0.317809,0.077793,0.437488,0.120155,0.196818,0.686647,0.123271
0.147514,0.118571,0.054996,0.329786,0.089170,0.153317,0.206066,0.080536
0.715125,0.332619,0.132930,0.472394,0.022444,0.292282,0.556449,0.114860
0.312595,0.071352,0.192657,0.374017,0.128395,0.376093,0.397490,0.229507
0.174698,0.543665,0.022709,0.209965,0.100862,0.056785,0.099057,0.198731
0.140602,0.069282,0.052601,0.382044,0.067633,0.158687,0.297077,0.018971
0.187055,0.332211,0.378270,0.400678,0.223713,0.527825,0.035185,0.506850
0.709578,0.310628,0.433568,0.214499,0.475382,0.582953,0.057132,0.431592
0.661208,0.232080,0.529995,0.103553,0.394220,0.590692,0.068108,0.366212
0.668127,0.613150,0.277457,0.636647,0.089083,0.265281,0.392976,0.149917
0.298066,0.214229,0.120529,0.501512,0.213977,0.567752,0.047747,0.350474
0.790717,0.319551,0.382617,0.148968,0.437696,0.591128,0.030730,0.402255
0.405246,0.104591,0.393171,0.453986,0.042849,0.157637,0.548589,0.333984
0.168247,0.313295,0.210867,0.333661,0.101509,0.566316,0.035392,0.408196
0.296446,0.423980,0.048690,0.247412,0.170210,0.125081,0.104135,0.180153
0.402319,0.105905,0.291856,0.340662,0.060182,0.208048,0.577383,0.149700
0.780501,0.536358,0.180816,0.410643,0.036081,0.199668,0.668641,0.170025
0.569401,0.640356,0.128493,0.622782,0.049923,0.202455,0.723163,0.119086
0.179586,0.335231,0.092159,0.119394,0.432183,0.469066,0.152772,0.496348
0.625440,0.523822,0.027082,0.026596,0.109286,0.521529,0.144992,0.277655
0.174881,0.275846,0.190588,0.567454,0.089705,0.604141,0.015406,0.479752
0.270846,0.404716,0.097091,0.181786,0.182775,0.040140,0.039326,0.215796
0.176993,0.514237,0.056293,0.102759,0.126835,0.117668,0.114683,0.209473
0.345307,0.059932,0.385673,0.440843,0.077611,0.205305,0.336275,0.221095
0.157077,0.281002,0.059953,0.143886,0.054073,0.027644,0.076437,0.112707
0.586960,0.549568,0.082997,0.061232,0.194513,0.632310,0.170430,0.251964
0.245007,0.513011,0.064497,0.182981,0.380129,0.826040,0.176002,0.329699
0.303694,0.048592,0.258813,0.345737,0.121246,0.153415,0.470865,0.232066
0.934016,0.426292,0.185946,0.403228,0.026432,0.158637,0.614362,0.105987
0.208039,0.187469,0.229595,0.544001,0.161103,0.597205,0.030549,0.368449
0.757539,0.478765,0.062159,0.071510,0.071129,0.499405,0.072376,0.307044
0.741185,0.264951,0.541464,0.120609,0.274929,0.631203,0.030276,0.426561
0.225958,0.528809,0.021256,0.266564,0.141269,0.028317,0.143986,0.180664
0.254347,0.243063,0.043547,0.146587,0.490251,0.646718,0.208542,0.454988
0.196092,0.474108,0.018391,0.206989,0.068777,0.120645,0.077550,0.241045
0.182487,0.031607,0.282612,0.349690,0.031560,0.309796,0.393759,0.092040
0.206142,0.504883,0.003654,0.162687,0.055111,0.043871,0.150476,0.191026
0.186611,0.165633,0.171753,0.446769,0.140107,0.488287,0.047754,0.375933
0.701031,0.187237,0.472319,0.154634,0.354233,0.406067,0.029969,0.381740
0.703337,0.532288,0.081326,0.064167,0.091786,0.728054,0.085364,0.182300
0.633850,0.688022,0.077199,0.075891,0.161731,0.421594,0.106952,0.321010
0.468403,0.461602,0.127857,0.494770,0.029578,0.249705,0.621149,0.101664
0.226184,0.058518,0.018970,0.290324,0.128803,0.140850,0.331556,0.034353
0.468759,0.664540,0.055840,0.068802,0.100490,0.430169,0.073967,0.241479
0.722605,0.442155,0.135714,0.396734,0.074556,0.267661,0.667045,0.290870
0.746534,0.436385,0.067537,0.645877,0.061510,0.257853,0.763518,0.077042
0.157826,0.266379,0.378734,0.409210,0.097798,0.721122,0.058538,0.522647
0.336939,0.052070,0.393361,0.394858,0.149940,0.263229,0.567567,0.201578
0.307770,0.296767,0.420631,0.444676,0.113927,0.461683,0.051226,0.291380
0.395591,0.131684,0.356968,0.390177,0.112808,0.168216,0.428288,0.165725
0.322512,0.063699,0.289402,0.247460,0.075459,0.122268,0.448117,0.233465
0.392796,0.111060,0.420368,0.372732,0.066079,0.262583,0.371845,0.260553
0.253799,0.084044,0.006422,0.376324,0.079704,0.167442,0.279876,0.067781
0.188596,0.283300,0.177350,0.658511,0.091959,0.438709,0.045771,0.309533
0.150809,0.239151,0.257166,0.456203,0.099899,0.602001,0.052762,0.463699
0.124375,0.098640,0.065481,0.444246,0.092708,0.118024,0.208758,0.083422
0.868046,0.726859,0.046757,0.024618,0.141073,0.409511,0.098166,0.203485
0.492939,0.659168,0.077152,0.024189,0.121510,0.520370,0.048850,0.198565
0.590254,0.547945,0.058146,0.076283,0.059895,0.500209,0.024993,0.210200
0.646492,0.235407,0.371112,0.274761,0.624527,0.586139,0.019893,0.483876
0.407378,0.275677,0.158106,0.429340,0.161309,0.540958,0.065564,0.400253
0.100645,0.024277,0.003826,0.397158,0.121021,0.110469,0.225346,0.056772
0.182729,0.249604,0.077077,0.089955,0.651888,0.586530,0.097834,0.340275
0.706136,0.290079,0.362941,0.138463,0.284425,0.343136,0.032120,0.390486
0.664695,0.611596,0.162789,0.397049,0.150182,0.245581,0.522834,0.218789
0.212460,0.421350,0.054171,0.056281,0.447770,0.659883,0.218499,0.428524
0.295305,0.036944,0.395145,0.348726,0.053030,0.127055,0.403076,0.251820
0.209474,0.102880,0.014321,0.419753,0.154557,0.074614,0.315258,0.032406
0.152785,0.225902,0.196557,0.299485,0.089166,0.446130,0.024865,0.449226
0.306909,0.269594,0.076975,0.068490,0.523949,0.494419,0.149018,0.328562
0.617166,0.498123,0.052546,0.099345,0.023280,0.693377,0.021876,0.189680
0.432976,0.083841,0.506718,0.383450,0.092398,0.377022,0.509931,0.219581
0.122675,0.227677,0.237467,0.480223,0.117785,0.580084,0.102072,0.414497
0.275974,0.241088,0.039812,0.052284,0.490277,0.619901,0.264696,0.453113
0.176311,0.430310,0.054130,0.090862,0.367611,0.717772,0.204304,0.445565
0.562422,0.175530,0.434526,0.174132,0.503676,0.529241,0.016682,0.545921
0.310171,0.137804,0.428075,0.470534,0.170200,0.228459,0.475327,0.281236
0.132269,0.078814,0.033494,0.324586,0.056957,0.126217,0.245277,0.068106
0.214709,0.086866,0.444483,0.461788,0.183315,0.101349,0.424623,0.403341
0.241710,0.277933,0.071791,0.136369,0.421830,0.745172,0.165445,0.430895
0.275673,0.252474,0.040358,0.272071,0.060894,0.053405,0.141260,0.135213
0.552519,0.494375,0.057698,0.060412,0.089267,0.713718,0.035015,0.279749
0.593617,0.679367,0.039864,0.041354,0.093603,0.540666,0.143749,0.299793
0.593905,0.595187,0.023711,0.049214,0.041769,0.662537,0.079345,0.178593
0.712872,0.320343,0.147472,0.552836,0.082583,0.348557,0.684210,0.127677
0.306744,0.344355,0.078388,0.095469,0.365106,0.673003,0.057753,0.441802
0.247772,0.067850,0.061492,0.367189,0.138085,0.205731,0.189270,0.045990
0.249904,0.226877,0.255708,0.306078,0.118268,0.571150,0.069138,0.360193
0.241673,0.036816,0.306433,0.340000,0.121808,0.229599,0.369445,0.303550
0.209047,0.036356,0.029709,0.476780,0.124853,0.247181,0.200734,0.004030
0.173647,0.384261,0.103936,0.120942,0.570545,0.698666,0.116118,0.435242
0.284771,0.046746,0.453298,0.568035,0.033710,0.223580,0.431842,0.143547
0.220205,0.532005,0.007991,0.121987,0.077471,0.041651,0.121205,0.174700
0.186827,0.288718,0.089478,0.046224,0.614044,0.695683,0.223863,0.442678
0.542005,0.087022,0.410129,0.523409,0.092397,0.254340,0.588524,0.238767
0.129194,0.076668,0.044364,0.427107,0.153189,0.075202,0.233159,0.138473
0.201634,0.505398,0.050688,0.042888,0.106124,0.074561,0.099085,0.149773
0.305338,0.076438,0.317290,0.403999,0.109760,0.208329,0.350086,0.189103
0.687949,0.355529,0.528483,0.098007,0.457668,0.594899,0.066025,0.400282
0.201075,0.056933,0.090889,0.282992,0.189404,0.149615,0.283402,0.079584
0.167475,0.059253,0.017315,0.427061,0.096852,0.148206,0.172155,0.052712
0.230123,0.245108,0.194847,0.288397,0.119177,0.595499,0.020550,0.361773
0.166678,0.382503,0.030962,0.109561,0.092308,0.043417,0.149247,0.129743
0.117514,0.553860,0.088821,0.169360,0.043638,0.095095,0.090898,0.142993
0.188062,0.243362,0.166867,0.334426,0.086027,0.564310,0.055083,0.310080
0.582543,0.603087,0.164374,0.455891,0.035049,0.212779,0.380073,0.090495
0.286603,0.602491,0.027234,0.085633,0.108454,0.048977,0.062497,0.247493
0.131575,0.382537,0.044836,0.145291,0.109636,0.040067,0.175193,0.161701
0.345867,0.320316,0.180331,0.426355,0.056899,0.551489,0.019528,0.478976
0.156434,0.297780,0.133492,0.382599,0.040305,0.789317,0.031911,0.481372
0.252657,0.041433,0.338603,0.435316,0.024606,0.210501,0.338478,0.277724
0.145148,0.341651,0.219818,0.323489,0.112741,0.569548,0.007739,0.415146
0.381008,0.067961,0.259307,0.433633,0.053782,0.168795,0.421533,0.163695
0.181742,0.370087,0.077974,0.191107,0.415413,0.576059,0.153837,0.412416
0.249871,0.608341,0.122639,0.073451,0.466347,0.691601,0.158996,0.491846
0.241715,0.096248,0.374017,0.574679,0.110329,0.235622,0.385099,0.226545
0.562798,0.568886,0.153431,0.589021,0.056178,0.336993,0.719560,0.118339
0.630964,0.600849,0.051780,0.053669,0.072331,0.545853,0.116300,0.214780
0.153656,0.076385,0.025990,0.463669,0.072358,0.076370,0.163740,0.079908
0.180285,0.479601,0.082369,0.075901,0.614345,0.663683,0.099809,0.488780
0.678818,0.596988,0.147519,0.452189,0.044444,0.274060,0.466389,0.316300
0.563205,0.263663,0.410694,0.145812,0.495699,0.556015,0.072412,0.384901
0.315822,0.081758,0.323722,0.511476,0.062937,0.134784,0.358896,0.176947
0.257166,0.221968,0.068322,0.108205,0.325725,0.461022,0.145043,0.442801
0.249623,0.418516,0.046147,0.203138,0.059526,0.080227,0.042400,0.231946
0.170009,0.397950,0.081092,0.071392,0.500018,0.681728,0.251326,0.340929
0.830911,0.332256,0.183277,0.552965,0.075182,0.245252,0.695198,0.103921
0.169250,0.358262,0.083242,0.435127,0.113118,0.733069,0.051550,0.298498
0.458801,0.066241,0.354649,0.256072,0.104494,0.219920,0.435708,0.206612
0.682643,0.962254,0.080044,0.054532,0.116661,0.673130,0.078150,0.230345
0.242857,0.086367,0.502965,0.496054,0.134891,0.153580,0.270615,0.236952
0.124598,0.028406,0.039094,0.408798,0.053676,0.155273,0.236761,0.040562
0.165537,0.438227,0.031166,0.082307,0.121435,0.098621,0.139860,0.150366
0.707654,0.398984,0.521301,0.103039,0.407400,0.674836,0.026118,0.404776
0.236275,0.342725,0.061429,0.076678,0.528087,0.730260,0.120945,0.372101
0.607076,0.279216,0.326604,0.127801,0.432773,0.435172,0.018904,0.338133
0.676088,0.299173,0.479688,0.099089,0.496909,0.611303,0.026071,0.475073
0.116507,0.027239,0.029463,0.490941,0.143145,0.173704,0.318637,0.072487
0.139496,0.515364,0.026230,0.212049,0.054939,0.085313,0.164471,0.169805
0.213789,0.372492,0.047785,0.208232,0.536423,0.736156,0.220029,0.444309
0.636992,0.477099,0.148811,0.629461,0.121787,0.211946,0.485438,0.176534
0.565479,0.540391,0.120745,0.048128,0.097019,0.654375,0.046970,0.097785
0.698921,0.409509,0.108266,0.446075,0.118965,0.271475,0.565035,0.098669
0.161788,0.380796,0.035491,0.140669,0.150780,0.031173,0.058522,0.279942
0.587819,0.277689,0.371308,0.142104,0.556114,0.682954,0.056287,0.429729
0.176355,0.066722,0.046882,0.277223,0.146229,0.267928,0.216066,0.058579
0.233298,0.256990,0.202392,0.411687,0.051770,0.541638,0.045848,0.385048
0.684049,0.297113,0.399969,0.342531,0.450469,0.479567,0.025077,0.414880
0.438200,0.027029,0.415260,0.390381,0.087048,0.270315,0.442351,0.184453
0.132849,0.028221,0.040950,0.352146,0.203272,0.206640,0.320368,0.050578
0.220195,0.264976,0.223559,0.534756,0.077424,0.576510,0.010994,0.433075
0.773159,0.578582,0.120223,0.060323,0.055810,0.665420,0.091270,0.275574
0.761879,0.261639,0.423232,0.081378,0.380804,0.436765,0.015780,0.519069
0.121476,0.285545,0.191514,0.406904,0.180094,0.512326,0.036656,0.486324
0.127696,0.323467,0.168500,0.198913,0.531582,0.600800,0.099844,0.411094
0.744042,0.494221,0.142141,0.549081,0.077428,0.190870,0.564995,0.142041
0.831106,0.516284,0.068934,0.571834,0.054140,0.150735,0.666072,0.354206
0.175084,0.373651,0.058529,0.205963,0.143645,0.054046,0.020786,0.204303
0.766953,0.432597,0.139734,0.087126,0.146142,0.677237,0.042804,0.115123
0.106173,0.137037,0.025494,0.395248,0.053925,0.106547,0.223971,0.030625
0.589121,0.435166,0.188500,0.541262,0.084635,0.281559,0.643429,0.138513
0.787838,0.284084,0.307126,0.300632,0.357778,0.606808,0.053325,0.755267
0.609022,0.507970,0.037962,0.011955,0.185971,0.609942,0.102484,0.137673
0.862957,0.429034,0.180635,0.511679,0.120526,0.195505,0.736473,0.208286
0.510223,0.717338,0.112702,0.049963,0.069041,0.649117,0.106317,0.251882
0.263921,0.258685,0.166035,0.463779,0.077084,0.671386,0.073385,0.378336
0.337259,0.099578,0.322235,0.363354,0.088789,0.240433,0.379058,0.326815
0.158228,0.406578,0.137809,0.509677,0.047461,0.612573,0.077640,0.308681
0.127628,0.851144,0.054704,0.157150,0.038347,0.066137,0.080210,0.211530
0.178747,0.399449,0.135625,0.056696,0.512349,0.725686,0.112708,0.395697
0.663301,0.601188,0.127087,0.050946,0.075537,0.573140,0.094018,0.218472
0.787395,0.446208,0.148805,0.407954,0.060298,0.252848,0.603343,0.257602
0.192696,0.153486,0.017189,0.380384,0.083627,0.094952,0.297124,0.041060
0.262370,0.249765,0.111815,0.145466,0.681663,0.665938,0.141364,0.420386
0.617005,0.684842,0.056128,0.051654,0.085410,0.590766,0.026667,0.290522
0.322284,0.063617,0.267134,0.399560,0.052969,0.093364,0.462791,0.094700
0.167287,0.510730,0.089041,0.165113,0.060827,0.047403,0.057828,0.216792
0.120625,0.231479,0.151879,0.376914,0.171481,0.578069,0.086506,0.373487
0.821114,0.472779,0.044795,0.006901,0.100831,0.582068,0.067559,0.144165
0.878132,0.519790,0.152036,0.420973,0.067892,0.285537,0.593428,0.190838
0.714257,0.507807,0.080235,0.583382,0.082923,0.261057,0.802794,0.103494
0.302061,0.290520,0.016543,0.109918,0.101503,0.072060,0.092331,0.165183
0.198628,0.440076,0.058477,0.123651,0.400217,0.793059,0.228487,0.398601
0.247233,0.319553,0.235104,0.487281,0.076974,0.438722,0.061631,0.420521
0.123937,0.065732,0.067433,0.360191,0.089038,0.148806,0.289639,0.049049
0.203735,0.300254,0.020666,0.085520,0.454161,0.693885,0.161609,0.287351
0.702508,0.354165,0.340569,0.117089,0.446600,0.544366,0.005455,0.456351
0.882159,0.360229,0.454084,0.121145,0.435165,0.571026,0.052202,0.429499
0.374618,0.088083,0.398942,0.392450,0.040638,0.223583,0.414241,0.319172
0.157005,0.040084,0.046499,0.335843,0.090112,0.178324,0.271844,0.061467
0.568517,0.475730,0.598780,0.108471,0.363827,0.453274,0.027874,0.601141
0.593880,0.517458,0.089790,0.400828,0.077146,0.160335,0.549893,0.111657
0.474163,0.198464,0.411145,0.179355,0.281437,0.683723,0.083961,0.360555
0.291950,0.424984,0.097643,0.202320,0.078850,0.017939,0.062531,0.192360
0.167982,0.341326,0.036777,0.157411,0.097480,0.110500,0.029025,0.179990
0.153229,0.039242,0.046803,0.427317,0.048148,0.188425,0.327609,0.075131
0.297715,0.104617,0.340156,0.325707,0.075933,0.242007,0.406490,0.447373
0.540573,0.503691,0.105312,0.057520,0.096696,0.551560,0.159860,0.254156
0.099451,0.039433,0.042226,0.316127,0.070270,0.107906,0.156284,0.053742
0.131999,0.482464,0.017989,0.125745,0.076704,0.026445,0.249663,0.332444
0.142846,0.493553,0.021595,0.178702,0.104154,0.076370,0.069917,0.176322
0.151518,0.332360,0.251118,0.492381,0.082473,0.713934,0.018235,0.453219
0.171162,0.426462,0.117404,0.142037,0.501924,0.732697,0.199585,0.412975
0.287460,0.377418,0.062884,0.235684,0.077353,0.072488,0.107649,0.205031
0.095438,0.085592,0.033353,0.486123,0.158266,0.147808,0.272598,0.115213
0.721755,0.309210,0.322095,0.159398,0.463190,0.642838,0.039766,0.436678
0.265865,0.093418,0.247623,0.575539,0.093119,0.171136,0.490240,0.195616
0.285972,0.278584,0.247975,0.443324,0.142319,0.583779,0.078624,0.355390
0.160375,0.454947,0.049967,0.088791,0.064132,0.051812,0.109395,0.160517
0.287261,0.096229,0.362596,0.392078,0.086288,0.247544,0.311163,0.133468
0.544960,0.583099,0.078640,0.027977,0.130827,0.524752,0.046805,0.170780
0.140592,0.059066,0.028458,0.479513,0.117335,0.128112,0.203704,0.042345
0.657980,0.226061,0.481633,0.131620,0.383802,0.581465,0.050101,0.439406
0.530384,0.010745,0.404324,0.426521,0.086094,0.174497,0.567363,0.193769
0.689888,0.662897,0.031602,0.070363,0.112353,0.641359,0.051285,0.298179
0.242212,0.315851,0.041842,0.021934,0.418204,0.579051,0.171207,0.399735
0.350633,0.144414,0.390065,0.259210,0.072975,0.221502,0.513917,0.238638
0.830252,0.416279,0.179579,0.592931,0.090908,0.136320,0.683668,0.074317
0.465068,0.843185,0.043355,0.039378,0.097362,0.514549,0.025775,0.302109
0.485930,0.097997,0.253745,0.375440,0.080778,0.256424,0.448216,0.340450
0.164686,0.266194,0.037626,0.088090,0.415331,0.705838,0.091700,0.366123
0.360559,0.309970,0.075940,0.039569,0.544974,0.697978,0.143272,0.345536
0.397758,0.315627,0.081029,0.147710,0.571913,0.767428,0.234301,0.371011
0.257631,0.049523,0.337661,0.619324,0.117631,0.197717,0.327619,0.257696
0.124777,0.128570,0.019606,0.331802,0.078331,0.113011,0.283656,0.043728
0.871675,0.260634,0.611895,0.210547,0.796159,0.649726,0.013588,0.382541
0.217498,0.238468,0.218424,0.214059,0.065216,0.642011,0.035689,0.235133
0.591370,0.611879,0.031284,0.059418,0.114817,0.747096,0.060188,0.121122
0.656694,0.481205,0.228025,0.690801,0.045147,0.324644,0.679468,0.124644
0.185424,0.330860,0.123630,0.309678,0.140484,0.545371,0.086003,0.295465
0.584789,0.300162,0.448732,0.151425,0.406281,0.406284,0.082751,0.550168
0.201132,0.336218,0.239613,0.345021,0.162024,0.599563,0.037921,0.385603
0.537937,0.343304,0.490592,0.133047,0.428809,0.540663,0.078974,0.323446
0.265548,0.404291,0.030480,0.216868,0.038736,0.038031,0.092773,0.220078
0.845975,0.329293,0.312715,0.121656,0.477951,0.739760,0.042869,0.553760
0.475727,0.315474,0.315274,0.205042,0.397514,0.597005,0.018302,0.503334
0.217127,0.320113,0.041207,0.140404,0.433203,0.568949,0.222113,0.396555
0.100547,0.123474,0.037675,0.402413,0.076081,0.104362,0.312381,0.037870
0.244132,0.396454,0.192790,0.305841,0.133743,0.755876,0.041569,0.455951
0.795135,0.534518,0.173313,0.582519,0.080873,0.434936,0.660406,0.219128
0.285110,0.245993,0.121481,0.049326,0.401322,0.599644,0.170747,0.540458
0.768138,0.337028,0.446787,0.201885,0.413955,0.580765,0.057336,0.472066
0.754879,0.284127,0.353793,0.149471,0.530954,0.604009,0.045537,0.563556
0.316260,0.080432,0.226231,0.518909,0.034686,0.202789,0.397921,0.230295
0.674842,0.197928,0.459149,0.184818,0.356663,0.652053,0.112848,0.614295
0.752145,0.181692,0.486203,0.152249,0.371315,0.809865,0.057353,0.338808
0.298515,0.288630,0.176907,0.319357,0.131386,0.631035,0.066401,0.388744
0.810400,0.445139,0.161505,0.580262,0.029184,0.097891,0.502255,0.127001
0.228624,0.221481,0.217721,0.435589,0.116021,0.811878,0.053936,0.294824
0.660828,0.481458,0.209123,0.514230,0.059594,0.213167,0.673908,0.092972
0.546882,0.435757,0.033800,0.068195,0.075858,0.524255,0.059019,0.166137
0.585085,0.191591,0.635032,0.299991,0.304537,0.460019,0.050254,0.482992
0.767304,0.535616,0.045570,0.588168,0.085571,0.219616,0.673597,0.195468
0.154852,0.272175,0.052594,0.197773,0.063657,0.044234,0.142385,0.224280
0.489305,0.688499,0.055610,0.068461,0.069008,0.681555,0.068588,0.319197
0.636794,0.668890,0.232114,0.496080,0.030227,0.265177,0.616304,0.139049
0.157301,0.488533,0.083599,0.153159,0.090989,0.039151,0.096960,0.137837
0.145280,0.467546,0.050337,0.224784,0.078528,0.044677,0.122650,0.187906
0.807102,0.496724,0.139702,0.536047,0.051578,0.207902,0.444711,0.241140
0.219128,0.063341,0.090945,0.408374,0.074046,0.151245,0.117383,0.132714
0.229373,0.235615,0.175321,0.560223,0.106228,0.602589,0.056886,0.426023
0.242509,0.242411,0.053741,0.119950,0.410150,0.619759,0.175437,0.509842
0.201614,0.284671,0.073041,0.039102,0.455599,0.668839,0.123624,0.427900
0.611890,0.738482,0.067939,0.055309,0.045274,0.689039,0.038352,0.198724
0.292095,0.345169,0.046317,0.110650,0.064853,0.034140,0.098626,0.205533
0.545819,0.644238,0.012069,0.023729,0.111945,0.520532,0.026631,0.243105
0.279613,0.299689,0.083701,0.104765,0.667472,0.567095,0.154609,0.300458
0.250882,0.211559,0.101987,0.117823,0.413800,0.671168,0.161250,0.336801
0.181669,0.384586,0.027930,0.102824,0.083740,0.034569,0.065539,0.192482
0.517771,0.575210,0.066945,0.120745,0.090588,0.492889,0.133196,0.320884
0.099035,0.486786,0.034986,0.148362,0.682355,0.613540,0.262380,0.581282
0.241537,0.290446,0.208394,0.479064,0.093307,0.582042,0.014032,0.378236
0.529316,0.212692,0.457001,0.121808,0.451191,0.575470,0.021147,0.562477
0.260776,0.052302,0.315232,0.352224,0.031973,0.188992,0.410126,0.141907
0.095483,0.420456,0.099477,0.077985,0.452464,0.933491,0.151037,0.392152
0.597637,0.431059,0.055349,0.466774,0.041498,0.244123,0.741656,0.170112
0.222491,0.258345,0.211591,0.265822,0.132915,0.490602,0.031407,0.446868
0.227333,0.092117,0.035649,0.419801,0.059792,0.107600,0.162908,0.070386
0.333877,0.098746,0.480544,0.428025,0.098628,0.229799,0.520428,0.163936
0.146002,0.458341,0.023372,0.162300,0.071784,0.077079,0.126674,0.155947
0.223596,0.294760,0.088295,0.129627,0.505209,0.765986,0.101212,0.402547
0.620123,0.518087,0.104852,0.060036,0.137072,0.549254,0.128024,0.231936
0.888285,0.481993,0.081314,0.599134,0.107226,0.265445,0.839932,0.187603
0.456650,0.130645,0.412507,0.311062,0.100666,0.268753,0.211404,0.315108
0.326447,0.455022,0.063673,0.173034,0.118820,0.097941,0.089511,0.223093
0.132162,0.262406,0.234549,0.423478,0.140387,0.458917,0.075990,0.475088
0.688316,0.327594,0.229666,0.367408,0.038733,0.214794,0.654795,0.103695
0.120425,0.047896,0.036959,0.386718,0.107083,0.144058,0.197153,0.099887
0.138270,0.268526,0.190461,0.416837,0.118435,0.669310,0.046941,0.327412
0.187335,0.325296,0.042759,0.116191,0.433969,0.653564,0.202030,0.416190
0.554435,0.455508,0.137113,0.495415,0.032345,0.352571,0.403504,0.150350
0.744754,0.445173,0.122971,0.493129,0.159267,0.102763,0.524000,0.149229
0.191843,0.268947,0.367926,0.608708,0.151391,0.568778,0.027502,0.432555
0.123542,0.038875,0.073117,0.438177,0.213134,0.132100,0.272908,0.052690
0.137588,0.033920,0.074165,0.395841,0.064252,0.101727,0.259104,0.023030
0.144515,0.284108,0.139381,0.525349,0.157733,0.666926,0.017853,0.507918
0.366444,0.437746,0.409270,0.160751,0.471631,0.672956,0.036013,0.387272
0.688766,0.282638,0.462994,0.120819,0.503001,0.633139,0.042170,0.433335
0.290442,0.253606,0.326129,0.408099,0.111536,0.593884,0.054441,0.280028
0.214131,0.353740,0.028385,0.165634,0.076899,0.152272,0.108981,0.163348
0.103570,0.412514,0.104576,0.183046,0.049288,0.102619,0.201164,0.251220
0.579783,0.517227,0.059272,0.041015,0.031085,0.662798,0.121373,0.233449
0.292528,0.060024,0.428594,0.497460,0.086694,0.248187,0.387147,0.197584
0.252426,0.365448,0.032654,0.165993,0.044836,0.105423,0.222778,0.139541
0.226046,0.376107,0.058780,0.062273,0.510892,0.774972,0.155796,0.525044
0.236516,0.102646,0.074454,0.344318,0.076062,0.134581,0.161085,0.034772
0.383262,0.130826,0.201188,0.303197,0.042697,0.213026,0.486487,0.247025
0.806546,0.465688,0.182214,0.704481,0.108100,0.210731,0.522995,0.098889
0.204899,0.261509,0.355035,0.443630,0.078135,0.674393,0.065476,0.282146
0.797381,0.518983,0.255171,0.443940,0.131724,0.280489,0.627739,0.073022
0.751721,0.416840,0.085996,0.418963,0.100409,0.235803,0.693516,0.182355
0.798392,0.394737,0.274747,0.299021,0.227566,0.826820,0.074854,0.456405
0.646405,0.552186,0.047406,0.610153,0.064193,0.157359,0.681016,0.232584
0.264296,0.144165,0.072550,0.405172,0.116704,0.105558,0.215134,0.042890
0.366379,0.179786,0.305712,0.498749,0.049655,0.112870,0.362158,0.178598
0.705856,0.410489,0.507413,0.139718,0.424882,0.514510,0.024857,0.370478
0.490959,0.445560,0.060982,0.072038,0.143131,0.521698,0.064440,0.238500
0.670504,0.399605,0.156994,0.733797,0.044849,0.201519,0.642723,0.110067
0.736649,0.233630,0.261016,0.123882,0.386356,0.494685,0.028661,0.334522
0.811883,0.604494,0.219203,0.492383,0.038589,0.180473,0.626654,0.100133
0.190603,0.358045,0.246252,0.634153,0.064875,0.799452,0.056038,0.466935
0.216530,0.419853,0.121999,0.558055,0.046308,0.759282,0.122120,0.300821
0.429751,0.021789,0.391245,0.506537,0.039538,0.146415,0.374266,0.253724
0.704096,0.399152,0.245369,0.153100,0.276221,0.540481,0.044208,0.350056
0.236581,0.337147,0.195986,0.444014,0.133673,0.521884,0.010268,0.437153
0.796958,0.447393,0.131421,0.487425,0.082832,0.253271,0.780249,0.088467
0.654443,0.412072,0.462571,0.114057,0.380223,0.486647,0.079562,0.429888
0.186928,0.451631,0.030211,0.144980,0.125454,0.110512,0.055681,0.150217
0.317074,0.391046,0.015885,0.099051,0.148610,0.130516,0.084400,0.205152
0.747201,0.471623,0.092098,0.019665,0.188077,0.556060,0.084977,0.298840
0.113324,0.326452,0.048819,0.118241,0.103190,0.031960,0.069209,0.213355
0.637198,0.415478,0.165698,0.517876,0.100361,0.177676,0.734719,0.176920
0.576821,0.354746,0.318251,0.116026,0.405769,0.688359,0.017866,0.444743
0.864745,0.303307,0.492141,0.109634,0.519272,0.583992,0.010801,0.524870
0.265480,0.090549,0.365924,0.362448,0.080473,0.180273,0.598458,0.240608
0.633631,0.439142,0.132961,0.560573,0.093657,0.250459,0.702155,0.192481
0.269791,0.108001,0.269270,0.318912,0.058306,0.211639,0.306729,0.179265
0.116136,0.094022,0.031253,0.406355,0.176654,0.064620,0.296966,0.064239
0.607491,0.605218,0.055068,0.054635,0.099439,0.451423,0.099254,0.237317
0.241942,0.339842,0.336359,0.395808,0.136195,0.481624,0.051060,0.395207
0.578353,0.277831,0.372319,0.178812,0.421915,0.513096,0.033672,0.339677
0.702070,0.497245,0.132711,0.534072,0.011849,0.187118,0.761429,0.141274
0.600360,0.439453,0.175330,0.593173,0.067329,0.184880,0.513817,0.129649
0.170551,0.303687,0.149174,0.395852,0.073057,0.723276,0.057447,0.364877
0.642831,0.259189,0.384802,0.068452,0.479059,0.602186,0.046121,0.546868
0.400966,0.067094,0.294796,0.419466,0.083711,0.309783,0.528999,0.267339
0.146082,0.345884,0.050066,0.063393,0.520389,0.896847,0.178135,0.307206
0.632140,0.545555,0.044787,0.091427,0.095808,0.742446,0.071007,0.256454
0.555521,0.569907,0.040560,0.103476,0.072986,0.482627,0.079274,0.153115
0.220712,0.361005,0.145240,0.502843,0.133144,0.446577,0.042385,0.296757
0.590891,0.563564,0.068345,0.032221,0.095388,0.701992,0.053971,0.196395
0.956594,0.397531,0.108292,0.561708,0.046559,0.260808,0.608368,0.240704
0.254311,0.304690,0.118463,0.039809,0.494464,0.619209,0.257968,0.401092
0.214754,0.374329,0.110923,0.072068,0.308327,0.609407,0.158972,0.440345
0.894235,0.274495,0.472766,0.117455,0.357866,0.596955,0.010585,0.461774
0.263746,0.359756,0.060683,0.120263,0.533930,0.878840,0.134984,0.380209
0.568033,0.728612,0.068046,0.037217,0.073660,0.774670,0.041809,0.282422
0.100600,0.136941,0.018919,0.423655,0.090854,0.076179,0.417065,0.032953
0.214934,0.224226,0.013729,0.122883,0.533157,0.521951,0.138574,0.469996
0.449316,0.607678,0.092839,0.097666,0.062310,0.696248,0.101381,0.300506
0.142427,0.302831,0.148936,0.469392,0.073592,0.568085,0.036183,0.327688
0.219675,0.250448,0.210092,0.326498,0.145173,0.599129,0.041491,0.505880
0.473452,0.396518,0.062631,0.022126,0.155004,0.539045,0.053509,0.209692
0.197622,0.440152,0.040114,0.064145,0.476436,0.533913,0.204099,0.562356
0.162860,0.320510,0.154699,0.467725,0.096004,0.519908,0.053663,0.394879
0.723242,0.191034,0.339062,0.192878,0.380543,0.537674,0.065613,0.461439
0.477628,0.592505,0.061791,0.014312,0.039374,0.714272,0.062407,0.179301
0.158001,0.379445,0.349414,0.491883,0.084357,0.644708,0.074517,0.442685
0.738874,0.445340,0.133828,0.049179,0.160812,0.626317,0.053139,0.254211
0.464158,0.349431,0.473436,0.212768,0.572476,0.513734,0.069177,0.362297
0.667063,0.398086,0.197725,0.568959,0.021406,0.323597,0.616345,0.232872
0.165452,0.218256,0.102057,0.059462,0.484364,0.765943,0.139945,0.347216
0.136384,0.251837,0.053538,0.096240,0.563949,0.689173,0.126416,0.516559
0.302808,0.505888,0.054813,0.140043,0.089916,0.110223,0.086219,0.188507
0.280851,0.469173,0.018417,0.150860,0.037452,0.031393,0.091416,0.208115
0.339524,0.401430,0.071543,0.211128,0.047947,0.075675,0.131649,0.214956
0.769895,0.455369,0.198687,0.482545,0.048468,0.248601,0.882596,0.121916
0.291564,0.122725,0.338490,0.294407,0.032262,0.345771,0.605324,0.307380
0.767976,0.433143,0.153256,0.553399,0.060596,0.157229,0.561317,0.196992
0.182339,0.251286,0.210656,0.324391,0.062238,0.763787,0.126688,0.537330
0.283439,0.115197,0.403940,0.382290,0.065129,0.241430,0.404826,0.229329
0.203936,0.339327,0.078551,0.082162,0.528228,0.833371,0.183951,0.377511
0.613049,0.555556,0.249679,0.535500,0.026617,0.140131,0.827242,0.090767
0.628097,0.344371,0.444549,0.100330,0.466921,0.509572,0.147259,0.350889
0.126069,0.371148,0.231519,0.428677,0.053318,0.457976,0.044741,0.370382
0.393588,0.077935,0.208484,0.457102,0.126781,0.236291,0.402837,0.109614
0.553166,0.272444,0.505946,0.200350,0.543046,0.524322,0.014704,0.311538
0.235584,0.438207,0.040491,0.176196,0.098302,0.034805,0.055225,0.338591
0.151372,0.225578,0.118435,0.056047,0.381220,0.631926,0.191471,0.496245
0.249136,0.408500,0.056032,0.113627,0.090886,0.136222,0.168006,0.158324
0.832859,0.527484,0.141410,0.471565,0.115046,0.273832,0.534633,0.111120
0.690534,0.501467,0.101655,0.620809,0.062545,0.265673,0.915187,0.109877
0.561942,0.361189,0.446017,0.167074,0.472724,0.794125,0.058486,0.418573
0.177623,0.059354,0.084921,0.338352,0.180090,0.152763,0.260064,0.064019
0.263767,0.117514,0.306919,0.425416,0.038911,0.269252,0.513973,0.159311
0.168773,0.321901,0.069084,0.166636,0.416000,0.753668,0.181229,0.417469
0.180575,0.266006,0.088393,0.114254,0.349951,0.648838,0.080915,0.460657
0.596254,0.581690,0.039339,0.042524,0.075834,0.616460,0.036239,0.286436
0.767237,0.369739,0.143258,0.532018,0.050249,0.295401,0.616915,0.241078
0.202086,0.591252,0.027835,0.115774,0.178144,0.065185,0.079498,0.194173
0.620330,0.310828,0.461829,0.098394,0.426383,0.663635,0.101520,0.402203
0.368072,0.223084,0.075308,0.090203,0.505160,0.589491,0.143829,0.503266
0.196278,0.264052,0.035920,0.171544,0.524917,0.603730,0.192195,0.486479
0.180746,0.489527,0.091423,0.161835,0.089158,0.030820,0.128717,0.135458
0.240375,0.295653,0.071746,0.149607,0.119369,0.069830,0.133685,0.168947
0.601083,0.717304,0.049221,0.083929,0.061552,0.543147,0.079012,0.230182
0.167975,0.074335,0.018007,0.283808,0.173035,0.232394,0.302244,0.073696
0.700877,0.188770,0.378923,0.185936,0.504182,0.597206,0.030625,0.487367
0.499507,0.796607,0.070386,0.036419,0.108395,0.585584,0.128725,0.243919
