0.30567, 0.04391, 0.21528, 0.03672, 0.07781, 1.79988, 0.21811, 0.32587, 0.86073, 1.26847
0.06200, 0.07104, 0.06658, 0.00320, 0.02777, 0.07817, 0.29603, 0.40324, 0.14224, 0.30995
0.05049, 0.02092, 0.02905, 0.05845, 0.02687, 0.22978, 0.22467, 0.31566, 0.10158, 0.53085
0.00125, 0.02978, 0.00924, 0.02371, 0.00329, 0.16691, 0.05351, 0.30169, 0.22422, 0.21814
0.09761, 0.06309, 0.14232, 0.01266, 0.04844, 0.27104, 0.36889, 0.06928, 0.16244, 0.13765
0.23127, 0.20252, 0.15660, 0.23593, 0.10323, 0.22662, 0.28072, 0.02540, 1.19228, 4.91911
0.25779, 0.08218, 0.03500, 0.04605, 0.16997, 0.17796, 0.47360, 0.05818, 0.22821, 0.18724
0.02801, 0.02504, 0.05534, 0.06990, 0.08592, 0.78921, 0.17950, 0.19457, 0.42411, 0.36598
0.00142, 0.06041, 0.03552, 0.05508, 0.06884, 0.03432, 0.52249, 0.24737, 0.22548, 0.06784
0.00393, 0.05998, 0.02565, 0.10007, 0.01995, 0.33104, 0.00125, 0.00377, 0.08549, 0.47375
0.20509, 0.01525, 0.08638, 0.04077, 0.03943, 1.04018, 0.31018, 0.14970, 0.86189, 1.29195
0.10404, 0.00558, 0.04741, 0.00789, 0.09156, 0.24863, 0.71314, 1.56071, 0.17900, 0.43958
0.42756, 0.29293, 0.00806, 0.07096, 0.24713, 0.24952, 0.22729, 0.89995, 0.39201, 0.93461
0.00777, 0.05598, 0.01632, 0.04236, 0.01842, 0.00638, 0.05871, 0.09316, 0.00105, 0.00824
0.00085, 0.02956, 0.02302, 0.05554, 0.00019, 0.00257, 0.22688, 0.28055, 0.15172, 0.23860
0.07640, 0.08437, 0.12293, 0.03744, 0.04642, 0.01210, 0.28009, 0.39438, 0.16077, 0.03094
0.03938, 0.18006, 0.02037, 0.13715, 0.27783, 0.12973, 0.01204, 0.13485, 0.70333, 0.46622
0.03558, 0.00143, 0.05497, 0.00847, 0.06165, 0.10550, 0.90532, 1.62808, 0.14719, 0.25754
0.03751, 0.02895, 0.07896, 0.04299, 0.10786, 0.07280, 0.68433, 0.02874, 0.24891, 0.18900
0.11588, 0.04942, 0.05233, 0.03712, 0.13456, 0.19908, 0.36012, 0.61447, 0.06896, 0.16871
0.03331, 0.01673, 0.01184, 0.02549, 0.16897, 0.11528, 0.03070, 0.05298, 0.23386, 0.18685
0.13960, 0.01184, 0.02747, 0.14215, 0.13236, 0.36911, 0.07450, 0.39939, 0.01117, 0.48175
0.04328, 0.00732, 0.00325, 0.00595, 0.14763, 0.06266, 0.01962, 0.00986, 0.15486, 0.01527
0.16731, 0.03553, 0.17980, 0.01392, 0.06482, 0.26669, 0.25125, 0.27106, 0.52332, 2.19756
0.40797, 0.08847, 0.02303, 0.02214, 0.16703, 0.05104, 0.06905, 0.37814, 0.09101, 0.11878
0.08179, 0.00137, 0.04128, 0.04174, 0.11991, 0.01425, 0.08073, 0.00085, 0.03203, 0.02954
0.05881, 0.08412, 0.10949, 0.00918, 0.07772, 0.11949, 0.27312, 0.28096, 0.09272, 0.27349
0.10620, 0.02632, 0.11402, 0.00690, 0.01877, 0.23694, 0.02778, 0.13023, 0.11205, 0.66105
0.05479, 0.07835, 0.06484, 0.10945, 0.00837, 0.19443, 0.23967, 1.14796, 0.68517, 1.16190
0.12769, 0.08956, 0.02016, 0.02814, 0.00652, 0.30745, 0.18957, 0.03303, 0.06200, 0.40467
0.03220, 0.04611, 0.07609, 0.00713, 0.06448, 0.83049, 0.67802, 0.72380, 0.26959, 0.83241
0.03403, 0.06133, 0.00340, 0.00434, 0.04317, 0.12567, 0.12870, 0.27976, 0.02291, 0.20288
0.41403, 0.19273, 0.01133, 0.03179, 0.19276, 0.27045, 0.14848, 0.47572, 0.24715, 0.09159
0.16101, 0.11473, 0.06689, 0.12697, 0.02543, 0.49582, 0.08003, 0.19124, 0.26094, 1.67526
0.10299, 0.07526, 0.14394, 0.03058, 0.05328, 0.03649, 0.28984, 0.43538, 0.32400, 0.03786
0.08466, 0.04979, 0.02966, 0.03873, 0.07758, 0.29516, 0.01310, 0.26529, 0.33886, 0.69210
0.01071, 0.09213, 0.03845, 0.05820, 0.00836, 0.01448, 0.00366, 0.05264, 0.05171, 0.30917
0.12218, 0.28679, 0.04048, 0.12443, 0.15294, 0.57794, 0.09103, 0.91998, 0.75827, 0.07479
0.07242, 0.04121, 0.00311, 0.02187, 0.09510, 0.03324, 0.13847, 0.28683, 0.22912, 0.45069
0.05452, 0.09311, 0.14982, 0.14386, 0.12067, 0.17807, 0.03950, 1.30807, 0.12605, 0.35551
0.16907, 0.11869, 0.07120, 0.08119, 0.06458, 0.37171, 0.08922, 0.13216, 0.72623, 0.17060
0.01373, 0.10213, 0.01745, 0.10882, 0.11380, 0.19939, 0.10899, 0.10795, 0.17017, 0.39724
0.05457, 0.14782, 0.00710, 0.01817, 0.02848, 0.58072, 0.20615, 0.32117, 0.50413, 0.38523
0.14605, 0.16860, 0.02138, 0.15438, 0.08888, 0.32354, 0.04334, 0.31335, 0.43830, 0.95033
0.08270, 0.01652, 0.01099, 0.02246, 0.04349, 0.04475, 0.07269, 0.25508, 0.01370, 0.65855
0.02070, 0.04142, 0.02041, 0.05230, 0.03457, 0.88399, 0.02864, 0.20141, 0.30723, 1.58736
0.04638, 0.04945, 0.04241, 0.03887, 0.05503, 0.03503, 0.95775, 1.04628, 0.07919, 1.56179
0.57978, 0.01156, 0.43530, 0.11094, 0.17197, 0.15366, 0.53727, 0.70144, 0.07255, 0.93179
0.12055, 0.02403, 0.02262, 0.02193, 0.04586, 0.03468, 0.10147, 0.09711, 0.13383, 1.05691
0.03550, 0.04764, 0.02730, 0.01520, 0.18983, 0.43844, 0.18071, 0.21309, 0.64624, 0.87280
0.05093, 0.11558, 0.02788, 0.00042, 0.04022, 0.71637, 0.46111, 0.55190, 0.79784, 0.49204
0.05592, 0.03275, 0.02616, 0.00231, 0.14215, 0.39322, 0.28952, 0.11026, 0.49278, 0.00095
0.14538, 0.15712, 0.06308, 0.04112, 0.00396, 0.35307, 0.21788, 0.32625, 0.19806, 0.38884
0.10118, 0.11112, 0.11593, 0.08276, 0.06367, 0.02309, 0.28964, 0.54208, 0.43992, 0.38576
0.02528, 0.00150, 0.01026, 0.00117, 0.15123, 0.16067, 0.00528, 0.16707, 0.28185, 0.15558
0.04683, 0.02646, 0.00627, 0.02500, 0.04439, 0.23916, 0.30690, 0.61007, 0.20302, 0.84555
0.30953, 0.01107, 0.24821, 0.08439, 0.03904, 0.13616, 0.05537, 0.10666, 0.00868, 1.94167
0.02942, 0.01169, 0.12458, 0.00173, 0.04222, 0.18158, 0.41625, 0.08435, 0.11252, 0.60456
0.14409, 0.11821, 0.05172, 0.07652, 0.07586, 0.10350, 0.50919, 0.37316, 0.21013, 4.19840
0.08274, 0.07976, 0.13295, 0.15486, 0.09256, 0.36294, 0.07080, 0.14533, 0.56426, 1.39581
0.53563, 0.14595, 0.01955, 0.02107, 0.30917, 0.44919, 0.33261, 0.38177, 0.24134, 0.39125
0.08781, 0.01705, 0.08775, 0.01960, 0.08441, 0.06015, 0.14249, 0.09588, 0.58406, 1.20464
0.02132, 0.04762, 0.00463, 0.02428, 0.04122, 0.35760, 0.13456, 0.22329, 0.65643, 0.27031
0.04180, 0.01435, 0.01760, 0.06890, 0.14346, 0.11229, 0.05604, 0.03957, 0.13860, 0.13972
0.08124, 0.04111, 0.09323, 0.01041, 0.01661, 0.00719, 0.19842, 0.12590, 0.03610, 0.09248
0.23183, 0.06304, 0.01834, 0.03976, 0.02706, 0.15149, 0.10747, 0.17778, 0.15297, 0.29735
0.41726, 0.13426, 0.03967, 0.04008, 0.09167, 0.09456, 0.34274, 0.04363, 0.06126, 0.58474
0.08096, 0.10202, 0.22427, 0.14970, 0.05510, 0.09750, 0.45666, 0.01691, 1.05389, 1.17770
0.01746, 0.01892, 0.01031, 0.02186, 0.05225, 0.27304, 0.25329, 0.34818, 0.45105, 0.12688
0.00874, 0.01846, 0.03009, 0.04135, 0.01875, 0.86144, 0.20550, 0.09540, 0.31831, 0.30910
0.02925, 0.14061, 0.25234, 0.08267, 0.11821, 0.02955, 0.44545, 0.03654, 0.16123, 0.58439
0.01043, 0.12840, 0.06076, 0.18382, 0.01307, 0.36058, 0.21149, 0.35381, 0.73939, 1.39615
0.07304, 0.13671, 0.04639, 0.02413, 0.02461, 0.34118, 0.12873, 0.49228, 0.26955, 0.29325
0.11266, 0.05075, 0.06426, 0.07974, 0.06750, 0.10322, 0.11216, 0.16067, 0.85796, 0.83013
0.05316, 0.05751, 0.05838, 0.07224, 0.02560, 0.04496, 0.69786, 1.20309, 0.04573, 2.07945
0.05330, 0.10997, 0.02954, 0.03108, 0.06208, 0.59488, 0.34388, 0.41107, 1.17616, 0.69893
0.00321, 0.10844, 0.02616, 0.05393, 0.02115, 0.11697, 0.16594, 0.40270, 0.18073, 0.31077
0.00695, 0.04023, 0.00506, 0.16829, 0.07004, 0.22089, 0.24870, 0.07179, 0.07073, 0.64580
0.32078, 0.08813, 0.05388, 0.01629, 0.11129, 0.21697, 0.21021, 0.02329, 0.26363, 0.18480
0.07407, 0.40483, 0.06349, 0.23124, 0.17399, 0.11303, 0.14619, 0.94873, 0.88061, 0.41264
0.00334, 0.10023, 0.04405, 0.11942, 0.11481, 0.12353, 0.87738, 0.43257, 0.25528, 0.06521
0.00485, 0.01891, 0.00215, 0.03272, 0.03517, 0.48545, 0.22076, 0.36313, 0.15211, 0.41431
0.02343, 0.00371, 0.04190, 0.02936, 0.01247, 0.03888, 0.07305, 0.26064, 0.19241, 0.13743
0.10840, 0.06079, 0.12775, 0.06064, 0.21226, 0.22299, 0.50899, 0.17158, 0.91478, 0.42059
0.06929, 0.13768, 0.05260, 0.04300, 0.03289, 0.22533, 1.19984, 0.47840, 0.08555, 0.10239
0.19245, 0.09187, 0.01288, 0.07324, 0.07111, 0.48540, 0.17807, 2.04330, 0.76195, 1.19988
0.19896, 0.01917, 0.00306, 0.20326, 0.11892, 0.66423, 0.28640, 0.00418, 0.18152, 1.21286
0.11059, 0.02332, 0.08013, 0.05410, 0.24166, 0.05242, 0.22439, 0.16772, 0.43682, 0.20957
0.57014, 0.13413, 0.01744, 0.07343, 0.23627, 0.96231, 0.29208, 0.77282, 0.51021, 0.61437
0.42853, 0.02923, 0.00846, 0.09459, 0.06550, 0.22343, 0.14843, 0.01777, 0.41492, 0.39174
0.07032, 0.03083, 0.04751, 0.02875, 0.12842, 0.15683, 0.14749, 0.33026, 0.07838, 0.29002
0.04545, 0.02822, 0.03645, 0.02204, 0.02085, 0.18855, 0.34075, 0.27017, 1.01397, 0.33803
0.25074, 0.00695, 0.10897, 0.01704, 0.08152, 0.51600, 0.01666, 0.30067, 0.17037, 0.23333
0.08345, 0.08812, 0.14419, 0.02081, 0.05793, 0.14005, 0.33594, 0.09409, 0.12668, 0.13850
0.00182, 0.00553, 0.00065, 0.01806, 0.08981, 0.25411, 0.00112, 0.10013, 0.76787, 0.01178
0.01786, 0.00687, 0.00488, 0.00174, 0.06114, 0.03017, 0.01393, 0.24509, 0.06594, 0.05039
0.14762, 0.08085, 0.04142, 0.03039, 0.15238, 0.04549, 0.19418, 0.25866, 0.39696, 2.23026
0.00278, 0.03580, 0.00950, 0.06488, 0.03006, 0.10119, 0.05855, 0.34749, 0.11300, 0.10311
0.04585, 0.00477, 0.01654, 0.00743, 0.04717, 0.43548, 0.07516, 0.39632, 0.31744, 0.70105
0.02130, 0.15878, 0.00313, 0.02411, 0.02503, 0.44192, 0.20932, 0.47437, 0.35640, 0.34773
0.10719, 0.09701, 0.01304, 0.01909, 0.03036, 0.08262, 0.21406, 0.05045, 0.14887, 0.29368
0.00739, 0.01902, 0.03812, 0.07616, 0.01196, 0.63668, 0.50368, 0.39025, 0.44878, 0.24242
0.04541, 0.01680, 0.01957, 0.02263, 0.02381, 0.80577, 0.27566, 0.19138, 1.71528, 0.38269
0.01522, 0.09961, 0.08643, 0.06436, 0.02342, 0.35416, 0.10274, 0.23253, 0.45329, 0.01054
0.02825, 0.00893, 0.01056, 0.00015, 0.27093, 0.02429, 0.07360, 0.19090, 0.14560, 0.32891
0.01396, 0.01667, 0.01901, 0.01237, 0.03734, 0.26722, 0.53736, 0.06968, 0.54792, 0.09519
0.05367, 0.14239, 0.01065, 0.12954, 0.00837, 0.06087, 0.06210, 0.77555, 0.13417, 1.38943
0.02209, 0.01318, 0.02455, 0.02654, 0.00617, 0.13700, 0.32177, 1.08007, 0.14735, 0.24961
0.10547, 0.12113, 0.14170, 0.19747, 0.02579, 0.76005, 0.00231, 0.88233, 0.42731, 2.56312
0.00450, 0.02338, 0.01016, 0.01173, 0.01144, 0.07402, 0.01837, 0.71544, 0.23305, 0.15308
0.13291, 0.01253, 0.16073, 0.03094, 0.05501, 0.89479, 0.04275, 0.04843, 0.44056, 0.61577
0.04288, 0.06369, 0.04140, 0.01838, 0.00224, 0.10537, 0.33220, 0.30998, 0.15132, 0.04971
0.02938, 0.06165, 0.07835, 0.01482, 0.05756, 0.84370, 0.23538, 0.17857, 0.71997, 0.24610
0.02001, 0.03013, 0.00559, 0.04843, 0.03340, 0.46416, 0.32804, 0.13206, 0.91625, 0.19534
0.02511, 0.10978, 0.04543, 0.17904, 0.03049, 1.05464, 0.11610, 0.04975, 0.33843, 1.84376
0.06369, 0.04489, 0.02351, 0.06649, 0.02214, 0.16601, 0.08403, 0.38376, 0.17011, 0.35163
0.10991, 0.00369, 0.08767, 0.04228, 0.02227, 0.10891, 0.14446, 0.51968, 0.03493, 1.69835
0.09506, 0.12705, 0.18719, 0.17901, 0.07127, 0.22081, 0.14442, 0.91380, 0.00582, 1.95122
0.03035, 0.12680, 0.05882, 0.11924, 0.25630, 0.51309, 0.06409, 0.06078, 0.26333, 0.55048
0.01059, 0.13349, 0.05335, 0.05933, 0.01058, 0.12716, 0.09268, 0.21899, 0.27340, 0.11016
0.04518, 0.03118, 0.02393, 0.05349, 0.04515, 0.34322, 0.14615, 0.11804, 0.82408, 0.34970
0.01580, 0.14838, 0.08785, 0.20219, 0.04031, 0.17490, 0.06091, 0.36228, 0.05046, 1.63947
0.10858, 0.02189, 0.02169, 0.01341, 0.01955, 0.35692, 0.09647, 0.04899, 0.33077, 0.10019
0.01422, 0.07148, 0.00762, 0.20289, 0.11608, 0.49845, 0.79942, 0.32569, 0.15087, 0.88759
0.02107, 0.15826, 0.00902, 0.00469, 0.04871, 0.68477, 0.67273, 1.00327, 0.76935, 0.23854
0.01292, 0.00031, 0.00489, 0.04939, 0.01275, 0.00044, 0.01455, 0.01336, 0.02579, 0.17895
0.08210, 0.05139, 0.05149, 0.11176, 0.08389, 1.63286, 0.09896, 0.34624, 1.22562, 0.97021
0.00231, 0.04384, 0.03662, 0.06400, 0.00268, 0.00250, 0.12490, 0.10579, 0.16070, 0.36786
0.04100, 0.00937, 0.03951, 0.04970, 0.06720, 0.02396, 0.00846, 0.29811, 0.00531, 0.70821
0.03382, 0.11041, 0.01651, 0.00274, 0.03462, 0.39953, 0.60774, 0.61312, 0.47469, 0.27823
0.04314, 0.16895, 0.16876, 0.11819, 0.09159, 0.87424, 0.02559, 0.08390, 0.18880, 0.58457
0.11448, 0.04449, 0.00051, 0.13723, 0.05784, 0.44385, 0.12307, 0.04804, 0.51848, 0.43725
0.07988, 0.11822, 0.08464, 0.19999, 0.02791, 0.17579, 0.15244, 0.36974, 0.03693, 2.81532
0.03037, 0.03277, 0.02847, 0.00226, 0.00204, 0.10755, 0.39879, 0.47114, 0.05928, 0.65860
0.00155, 0.14370, 0.20794, 0.07990, 0.09273, 0.21622, 0.32878, 0.00077, 0.00867, 0.60141
0.01711, 0.03356, 0.05169, 0.00098, 0.00909, 0.02947, 0.40373, 0.09517, 0.03376, 0.00768
0.04638, 0.05539, 0.01766, 0.02240, 0.02464, 0.18249, 0.02389, 0.21788, 0.33743, 0.28559
0.10269, 0.06375, 0.12589, 0.03100, 0.04416, 0.08897, 0.29826, 0.13308, 0.09918, 0.08174
0.10358, 0.09148, 0.02709, 0.06137, 0.01513, 0.23437, 0.00821, 0.24990, 0.32556, 1.20159
0.04011, 0.06538, 0.00698, 0.02016, 0.11789, 0.05201, 0.78614, 0.83587, 0.07471, 0.80463
0.00779, 0.06312, 0.05604, 0.05180, 0.01824, 0.53543, 0.09552, 0.06882, 0.18300, 0.38261
0.46456, 0.19087, 0.06171, 0.18068, 0.20237, 0.17118, 0.15044, 0.86238, 0.02301, 0.39805
0.08547, 0.03778, 0.03952, 0.07045, 0.08287, 0.44853, 0.13109, 0.13860, 0.08840, 1.20911
0.02148, 0.12021, 0.05042, 0.00656, 0.04459, 0.42090, 0.73507, 0.81226, 0.25920, 0.28662
0.06893, 0.11302, 0.06449, 0.16298, 0.21240, 0.17189, 0.01558, 0.00510, 0.80276, 0.99409
0.04141, 0.06617, 0.00562, 0.10716, 0.03913, 0.97722, 0.06978, 0.50930, 1.00180, 1.26312
0.02652, 0.16609, 0.01577, 0.02842, 0.04012, 0.01637, 0.08705, 0.61721, 0.05496, 0.18662
0.04824, 0.06172, 0.18637, 0.03431, 0.07879, 0.06746, 0.33867, 0.09217, 0.04437, 0.39613
0.03758, 0.13803, 0.14161, 0.08997, 0.12491, 0.00698, 0.55341, 0.13374, 0.08691, 0.28786
0.02259, 0.22563, 0.03083, 0.13403, 0.07590, 0.33828, 0.76039, 1.63528, 0.75030, 0.31036
0.05878, 0.04075, 0.00618, 0.00698, 0.19254, 0.03220, 0.07604, 0.18840, 0.11405, 0.25113
0.05117, 0.00267, 0.02408, 0.06393, 0.01716, 0.24670, 0.15447, 0.09372, 0.85073, 0.18708
0.02995, 0.09639, 0.03020, 0.00123, 0.01420, 0.83642, 0.46516, 0.53829, 0.77496, 0.20217
0.01778, 0.04371, 0.07484, 0.06151, 0.04578, 0.51218, 0.05619, 0.12647, 0.25553, 0.37802
0.01025, 0.01500, 0.00264, 0.01402, 0.00879, 0.19917, 0.19506, 1.31564, 0.32043, 0.12987
0.02012, 0.08250, 0.00876, 0.01928, 0.01596, 0.01947, 0.46009, 0.61195, 0.05592, 0.24752
0.05964, 0.00694, 0.02871, 0.01041, 0.10284, 0.02814, 0.01084, 0.06352, 0.02025, 0.21473
0.01547, 0.03134, 0.02645, 0.01000, 0.12986, 0.06559, 0.10229, 0.03720, 0.01052, 0.10870
0.04754, 0.02203, 0.00836, 0.05947, 0.11191, 0.24874, 0.39739, 0.10544, 0.42086, 0.00131
0.05586, 0.01392, 0.07175, 0.10402, 0.01956, 0.03849, 0.18759, 0.29353, 0.41303, 0.62030
0.03066, 0.06987, 0.06003, 0.10793, 0.00852, 0.22202, 0.05963, 0.83867, 1.04224, 0.22064
0.00512, 0.26011, 0.04817, 0.11811, 0.01239, 1.11355, 0.22734, 0.18616, 0.34284, 0.74563
0.02836, 0.01058, 0.00969, 0.02506, 0.02977, 0.01293, 0.45645, 1.69617, 0.05403, 0.31503
0.07439, 0.15030, 0.19496, 0.07395, 0.10531, 0.01762, 0.39517, 0.18560, 0.23400, 0.70225
0.01868, 0.02729, 0.00592, 0.06354, 0.10078, 0.12314, 0.01436, 0.05824, 0.78957, 0.32277
0.17839, 0.06150, 0.09972, 0.28238, 0.02461, 0.16721, 0.33363, 1.59227, 0.56069, 0.10706
0.01744, 0.05187, 0.01853, 0.03676, 0.01122, 0.12970, 0.00216, 0.16716, 0.35653, 0.12833
0.04332, 0.05209, 0.06708, 0.01484, 0.01030, 0.33379, 0.25973, 0.23002, 0.62078, 0.43426
0.08844, 0.10469, 0.22441, 0.03603, 0.10392, 0.10784, 0.53213, 0.01142, 0.05720, 0.37998
0.01287, 0.01997, 0.00552, 0.02962, 0.05053, 0.85417, 0.14596, 0.21535, 0.44911, 0.69016
0.07544, 0.16097, 0.18048, 0.14162, 0.03651, 0.06309, 0.07459, 0.73886, 0.62131, 0.72357
0.01821, 0.00333, 0.01710, 0.03407, 0.01313, 0.89702, 0.09914, 0.01513, 1.16663, 0.08725
0.15721, 0.08822, 0.24302, 0.03601, 0.09584, 0.11339, 0.41611, 0.05393, 0.03363, 0.30649
0.01068, 0.04980, 0.00622, 0.04429, 0.01208, 0.46347, 0.71396, 0.51447, 0.79606, 0.05864
0.17024, 0.03654, 0.10223, 0.04528, 0.03513, 0.38582, 0.00624, 0.10668, 0.47822, 0.46378
0.04870, 0.08003, 0.00092, 0.04156, 0.07432, 0.08006, 0.09150, 0.20161, 0.00518, 0.76520
0.02116, 0.02561, 0.00909, 0.01380, 0.01323, 0.06799, 0.05722, 0.65908, 0.38437, 0.08639
0.00572, 0.08088, 0.00080, 0.00811, 0.00228, 0.01964, 0.44889, 0.41520, 0.01838, 0.09619
0.01794, 0.11586, 0.03311, 0.03159, 0.03755, 0.17344, 0.41839, 1.11502, 0.30909, 0.14083
0.02814, 0.07358, 0.04467, 0.06304, 0.00425, 0.01132, 0.27859, 0.25845, 0.24689, 0.47803
0.09445, 0.12371, 0.13082, 0.18770, 0.01016, 1.36564, 0.07736, 0.03099, 0.36467, 2.66853
0.00647, 0.16245, 0.06109, 0.00910, 0.06984, 0.01207, 0.85472, 0.31727, 0.09438, 0.09614
0.06372, 0.05908, 0.07028, 0.01737, 0.18140, 0.00002, 0.21080, 0.27308, 0.08278, 0.81634
0.08142, 0.05592, 0.00155, 0.11639, 0.01354, 0.15200, 0.24190, 0.19109, 0.44623, 0.06096
0.00931, 0.01921, 0.01239, 0.05290, 0.09304, 0.01062, 0.29747, 0.13036, 0.09977, 0.03400
0.18736, 0.13740, 0.06542, 0.00291, 0.18595, 0.00038, 0.56991, 0.07305, 0.04261, 0.12709
0.00050, 0.08355, 0.01730, 0.07368, 0.01810, 0.20583, 0.05061, 0.29292, 0.65944, 0.36577
0.00097, 0.16999, 0.14310, 0.04125, 0.08763, 0.01278, 1.32467, 0.23569, 0.10054, 0.27189
0.01912, 0.03999, 0.02392, 0.00491, 0.04679, 0.09148, 0.99787, 0.84963, 0.04725, 0.07174
0.04750, 0.15674, 0.09311, 0.07654, 0.03320, 0.03464, 1.44714, 0.92038, 0.13865, 0.20762
0.05353, 0.13059, 0.06660, 0.06773, 0.03447, 0.20929, 0.13790, 0.31392, 0.00699, 0.17315
0.15604, 0.00665, 0.15979, 0.03264, 0.02744, 0.55762, 0.02150, 0.13025, 0.64358, 0.83389
0.04843, 0.04340, 0.05962, 0.08156, 0.01379, 0.14694, 0.05353, 0.74331, 0.45387, 1.17450
0.12383, 0.11993, 0.20136, 0.04341, 0.02348, 0.04141, 0.63530, 0.92203, 0.22056, 0.22331
0.01302, 0.05586, 0.01416, 0.05829, 0.01894, 0.31221, 0.11516, 0.03590, 0.18350, 0.25542
0.28331, 0.00027, 0.26629, 0.10891, 0.05718, 0.56072, 0.04054, 0.16132, 1.07148, 2.38190
0.02645, 0.09305, 0.02221, 0.00602, 0.03909, 0.74336, 0.45176, 0.59941, 0.80685, 0.28760
0.03924, 0.00811, 0.02567, 0.00477, 0.02827, 0.16101, 0.05620, 0.06966, 0.12545, 0.21858
0.00970, 0.08696, 0.05919, 0.15474, 0.00015, 0.19311, 0.00212, 0.02790, 0.05082, 0.99047
0.21739, 0.01844, 0.13304, 0.02545, 0.05731, 0.45289, 0.06793, 0.05251, 0.30106, 0.52776
0.08887, 0.02237, 0.03415, 0.00384, 0.08022, 0.49645, 0.72706, 1.72501, 0.20847, 1.02162
0.18986, 0.03191, 0.05175, 0.06775, 0.10133, 0.32952, 0.28192, 0.09562, 0.98814, 0.28577
0.08040, 0.24620, 0.10796, 0.21747, 0.18511, 0.09455, 0.08205, 0.09881, 1.10505, 2.30239
0.03405, 0.01813, 0.00608, 0.03866, 0.02530, 1.21899, 0.06510, 0.27371, 1.83932, 0.02435
0.21887, 0.15889, 0.01193, 0.02910, 0.07081, 1.45292, 0.05796, 0.07871, 0.79392, 0.27442
0.00834, 0.00011, 0.00316, 0.00210, 0.00352, 0.02153, 0.03798, 0.02686, 0.17268, 0.05936
0.06152, 0.09099, 0.14843, 0.03259, 0.09746, 0.95618, 0.29867, 1.75474, 1.52432, 0.40652
0.06511, 0.01376, 0.01433, 0.04015, 0.08555, 0.55669, 0.10099, 0.06539, 0.44836, 0.36545
0.00543, 0.05298, 0.03432, 0.00305, 0.03069, 0.29042, 0.31385, 0.00670, 0.10366, 0.43164
0.00029, 0.00985, 0.00330, 0.01369, 0.01446, 0.07596, 0.07536, 0.27357, 0.33235, 0.12886
0.05284, 0.02180, 0.00542, 0.02440, 0.01501, 0.29811, 0.30475, 0.30696, 0.15374, 1.29645
0.02093, 0.03651, 0.00044, 0.13490, 0.07960, 0.15445, 0.32625, 0.38632, 0.04501, 0.29173
0.02095, 0.03962, 0.04239, 0.30220, 0.10830, 0.29418, 0.98529, 0.55139, 0.07192, 0.93339
0.11049, 0.01970, 0.00454, 0.08939, 0.02339, 0.15942, 0.24371, 0.15566, 0.16334, 0.05321
0.04905, 0.02178, 0.14657, 0.02694, 0.02868, 0.17717, 0.14452, 0.22580, 0.10613, 0.40813
0.32020, 0.01348, 0.05496, 0.05314, 0.10024, 0.38345, 0.10228, 0.06740, 0.27690, 0.90169
0.02256, 0.11122, 0.06785, 0.11900, 0.05026, 0.06530, 0.15472, 1.07310, 0.06439, 1.31942
0.00743, 0.11708, 0.09813, 0.12295, 0.03831, 0.04405, 0.05143, 0.67537, 0.25072, 0.31074
0.00645, 0.02012, 0.01748, 0.04845, 0.12564, 0.34766, 0.11696, 0.01639, 0.83448, 0.10157
0.16219, 0.13460, 0.33132, 0.19947, 0.10854, 0.09877, 0.05616, 0.95062, 1.19809, 1.33772
0.08650, 0.04461, 0.08902, 0.11041, 0.01922, 0.04469, 0.01478, 0.40542, 0.69163, 1.43071
0.16096, 0.04153, 0.07344, 0.03342, 0.17450, 0.15605, 0.36936, 0.20887, 0.03321, 2.00097
0.00695, 0.00767, 0.04470, 0.05382, 0.01094, 0.65013, 0.24141, 0.21004, 0.37300, 0.14437
0.02901, 0.01281, 0.04453, 0.03768, 0.06047, 0.60526, 0.09725, 0.17015, 0.48041, 0.18848
0.04734, 0.02562, 0.02837, 0.04980, 0.01196, 0.01222, 0.02093, 0.22328, 0.22689, 1.13798
0.19826, 0.23651, 0.09482, 0.05868, 0.09601, 0.43621, 0.05926, 0.68909, 0.44370, 0.39581
0.50142, 0.04719, 0.00083, 0.02507, 0.06578, 0.11871, 0.00749, 0.13650, 0.19389, 0.36210
0.17519, 0.00807, 0.15256, 0.05316, 0.00078, 0.09375, 0.10402, 0.55013, 0.65651, 1.09876
0.02854, 0.01711, 0.01535, 0.03176, 0.09678, 0.01307, 0.33168, 0.07504, 0.10759, 0.05669
0.01275, 0.01062, 0.03588, 0.03884, 0.00388, 0.52735, 0.03763, 0.03873, 0.67415, 0.11017
0.07950, 0.04342, 0.02100, 0.01598, 0.07257, 0.03144, 0.17705, 0.01661, 0.36556, 1.53663
0.04439, 0.08296, 0.04508, 0.00349, 0.02478, 0.46743, 0.47395, 0.38608, 0.47551, 0.22644
0.01261, 0.04091, 0.00802, 0.00866, 0.01859, 0.44225, 0.04229, 0.26473, 0.26048, 0.09943
0.14531, 0.07398, 0.14775, 0.10697, 0.04719, 0.18113, 0.04598, 1.24610, 0.15550, 0.34290
0.04388, 0.08665, 0.06344, 0.10692, 0.07531, 0.20113, 0.37517, 0.80807, 0.00410, 0.90395
0.04864, 0.10498, 0.00525, 0.01719, 0.00680, 0.11592, 0.21494, 0.12930, 0.07606, 0.16105
0.25297, 0.10396, 0.07126, 0.10671, 0.04666, 0.65066, 0.17904, 0.26201, 0.27977, 1.56005
0.03335, 0.06959, 0.03769, 0.06533, 0.00632, 0.05144, 0.22841, 0.17883, 0.31355, 0.77535
0.03270, 0.02031, 0.01689, 0.00221, 0.01701, 0.09707, 0.03561, 0.99615, 0.11396, 0.25778
0.09306, 0.02067, 0.04563, 0.04302, 0.09316, 0.09629, 0.62981, 1.62424, 0.17328, 0.49449
0.04243, 0.06602, 0.06038, 0.00199, 0.01840, 0.63445, 0.41484, 0.29585, 0.63327, 0.17561
0.01702, 0.05951, 0.00327, 0.01976, 0.02059, 0.14099, 0.07324, 0.25263, 0.19835, 0.17409
0.07272, 0.06671, 0.08700, 0.02834, 0.01957, 0.04817, 0.27413, 0.41771, 0.12545, 0.04339
0.00703, 0.03926, 0.00687, 0.06542, 0.09551, 0.71562, 0.35318, 0.34943, 0.58691, 0.34837
0.04360, 0.06430, 0.02091, 0.06232, 0.02977, 0.23665, 0.19812, 0.55144, 0.17119, 1.01769
0.05309, 0.01249, 0.04696, 0.01591, 0.04087, 0.39867, 0.24768, 0.02441, 0.27757, 0.08731
0.09597, 0.04966, 0.14207, 0.00388, 0.04914, 0.03930, 0.25582, 0.49452, 0.20180, 0.31048
0.03698, 0.02476, 0.04348, 0.04354, 0.08031, 0.42928, 0.45881, 0.06486, 0.14399, 0.68769
0.27718, 0.16398, 0.01537, 0.10081, 0.11885, 0.34790, 0.04115, 0.11014, 0.03655, 0.63150
0.01747, 0.08655, 0.03548, 0.01021, 0.04856, 0.06031, 0.74130, 0.88277, 0.06056, 0.77379
0.41819, 0.06302, 0.02797, 0.08739, 0.11615, 0.00382, 0.35397, 0.03305, 0.12483, 0.70056
0.16558, 0.01501, 0.02824, 0.02677, 0.03296, 0.54451, 0.19090, 1.49910, 0.18713, 2.09210
0.02350, 0.11630, 0.07517, 0.07672, 0.01161, 0.25215, 0.04094, 0.01022, 0.00996, 0.78161
0.08449, 0.02063, 0.03679, 0.01613, 0.12058, 0.92539, 1.00253, 0.30850, 0.93645, 0.13735
0.03814, 0.13548, 0.20230, 0.06185, 0.11922, 0.06921, 0.30008, 0.12566, 0.08707, 0.39086
0.08182, 0.03827, 0.03418, 0.04100, 0.04869, 0.27077, 0.10176, 0.09155, 0.05894, 0.67321
0.06876, 0.04936, 0.03193, 0.08303, 0.00660, 0.01047, 0.06777, 0.03836, 0.08950, 0.53573
0.07966, 0.07592, 0.10389, 0.04247, 0.04180, 0.01632, 0.27729, 0.54405, 0.25731, 0.02076
0.04418, 0.02843, 0.06734, 0.08432, 0.00117, 0.21613, 0.17260, 0.72050, 0.97871, 0.48412
0.01311, 0.07514, 0.01862, 0.04506, 0.00886, 0.18824, 0.57091, 0.36649, 0.10298, 0.00246
0.01301, 0.09489, 0.03856, 0.07667, 0.22401, 0.06533, 0.53547, 0.35047, 0.06002, 0.35145
0.05690, 0.09053, 0.08145, 0.12555, 0.08295, 0.01169, 0.31158, 0.94416, 0.10134, 0.87482
0.09625, 0.03715, 0.01080, 0.09921, 0.01728, 0.89351, 0.28526, 0.78086, 0.73503, 0.66479
0.00123, 0.07931, 0.01145, 0.00620, 0.00641, 0.79901, 0.61962, 0.66368, 0.64924, 0.08999
0.06863, 0.00078, 0.02663, 0.00878, 0.03573, 0.02885, 0.02770, 0.28727, 0.01534, 0.68349
0.08810, 0.00639, 0.03595, 0.00858, 0.08339, 0.13495, 0.73351, 1.38602, 0.09909, 0.87495
0.04321, 0.02881, 0.05654, 0.07632, 0.03324, 0.11880, 0.00556, 0.24011, 0.17029, 0.25407
0.01144, 0.03091, 0.01258, 0.03491, 0.04317, 0.43675, 0.02195, 0.10228, 0.23758, 0.21948
0.00164, 0.01760, 0.00617, 0.01864, 0.01524, 0.00234, 0.42039, 1.31000, 0.04873, 0.05429
0.04689, 0.09941, 0.03576, 0.00671, 0.01231, 0.29017, 0.44822, 0.42995, 0.29950, 0.21978
0.02338, 0.08418, 0.02082, 0.15588, 0.00662, 0.04680, 0.09794, 0.08128, 0.05600, 1.08784
0.17964, 0.00238, 0.08385, 0.10187, 0.06590, 0.09529, 0.01902, 0.26514, 0.03555, 1.37627
0.02882, 0.07848, 0.00792, 0.02509, 0.07857, 0.08029, 0.43817, 0.69419, 0.04353, 0.31707
0.19506, 0.03482, 0.04839, 0.04488, 0.05556, 0.59691, 0.04815, 0.05531, 0.90437, 0.28119
0.01008, 0.01620, 0.03035, 0.02493, 0.02745, 0.19616, 0.18314, 0.20504, 0.33807, 0.02844
0.07618, 0.00728, 0.04947, 0.00364, 0.15950, 0.22529, 1.18308, 0.70835, 0.23694, 0.09830
0.01934, 0.07460, 0.00899, 0.00826, 0.04897, 0.08801, 0.52266, 0.90945, 0.08933, 0.23182
0.05856, 0.00383, 0.07270, 0.04436, 0.03963, 0.00906, 0.05108, 0.07444, 0.15548, 0.47811
0.02260, 0.06260, 0.05669, 0.03390, 0.17548, 0.05419, 0.11530, 0.21408, 0.01965, 0.01116
0.10924, 0.03902, 0.07953, 0.03637, 0.19649, 0.28741, 0.02792, 0.23363, 0.06010, 2.14383
0.00110, 0.00510, 0.01947, 0.03473, 0.13189, 0.11712, 0.11666, 0.33794, 0.44921, 0.20179
0.04511, 0.01258, 0.00644, 0.00373, 0.03571, 0.00944, 0.14458, 0.13303, 0.00579, 0.11983
0.05680, 0.05936, 0.08879, 0.06209, 0.00282, 0.38316, 0.13905, 0.20675, 0.90991, 0.28813
0.04639, 0.01908, 0.01758, 0.02392, 0.06099, 0.28430, 0.02363, 0.15217, 0.22927, 0.24295
0.00900, 0.07352, 0.06544, 0.14309, 0.02016, 0.50679, 0.00816, 0.07159, 0.17953, 0.52260
0.02258, 0.07311, 0.02511, 0.00721, 0.01619, 0.42763, 0.49845, 0.38704, 0.43799, 0.08519
0.00414, 0.12547, 0.01663, 0.36166, 0.04458, 0.22339, 1.20317, 2.95802, 0.12043, 1.46048
0.04688, 0.00536, 0.00182, 0.06457, 0.00131, 0.09181, 0.00526, 0.12081, 0.34609, 0.08246
0.09397, 0.01802, 0.07133, 0.00328, 0.00154, 0.17371, 0.22246, 0.23782, 0.10890, 1.10123
0.03744, 0.01082, 0.02383, 0.04225, 0.03570, 0.31785, 0.39556, 0.84780, 0.14863, 0.11303
0.00859, 0.07242, 0.04525, 0.03018, 0.02970, 0.02442, 0.17736, 0.07709, 0.05123, 0.06633
0.10915, 0.05019, 0.04688, 0.02456, 0.00430, 0.01269, 0.01155, 0.35391, 0.04015, 0.66255
0.18841, 0.29081, 0.06231, 0.17734, 0.07607, 0.40902, 0.54445, 1.46859, 0.40750, 0.20871
0.06176, 0.08370, 0.10213, 0.17905, 0.02789, 0.04311, 0.07501, 0.00820, 0.33308, 0.39221
0.16484, 0.04429, 0.14576, 0.09509, 0.25130, 0.41972, 0.06146, 0.32156, 0.01397, 2.96009
0.08732, 0.02262, 0.09400, 0.10274, 0.11024, 0.04363, 0.08319, 0.08472, 0.69974, 2.30766
0.07955, 0.06941, 0.10222, 0.01516, 0.03490, 0.03567, 0.27857, 0.39483, 0.13978, 0.05413
0.17615, 0.06864, 0.24096, 0.02707, 0.30477, 0.95110, 0.70120, 0.90530, 1.81023, 0.04183
0.00791, 0.07507, 0.02555, 0.18133, 0.03499, 0.12377, 0.20417, 0.10415, 0.12348, 0.41767
0.04850, 0.00021, 0.05412, 0.02976, 0.01541, 0.09872, 0.36668, 0.26040, 0.11759, 0.10783
0.02049, 0.03776, 0.05429, 0.01651, 0.03825, 0.07108, 0.07745, 0.05245, 0.02360, 0.01698
0.04181, 0.01289, 0.02318, 0.01984, 0.00230, 0.47658, 0.05629, 1.14493, 0.23180, 1.14990
0.04754, 0.07213, 0.15658, 0.03212, 0.09378, 0.34266, 0.41851, 0.29790, 0.20730, 0.49276
0.04566, 0.00495, 0.03582, 0.00314, 0.10281, 0.49824, 0.15983, 0.05267, 0.53521, 0.04585
0.02941, 0.04277, 0.07242, 0.00404, 0.04052, 0.55436, 0.56313, 0.92726, 0.55604, 0.16871
0.02516, 0.24651, 0.05440, 0.13600, 0.02929, 0.09793, 0.09503, 0.28733, 0.40098, 0.50625
0.08538, 0.02741, 0.05506, 0.21080, 0.05587, 0.07545, 0.02675, 0.10751, 0.24023, 0.37839
0.09533, 0.08021, 0.03884, 0.01594, 0.18971, 0.04797, 0.44504, 0.03070, 0.33823, 0.00658
0.02943, 0.07559, 0.02380, 0.23701, 0.14155, 0.17148, 0.91478, 0.81722, 0.01050, 0.84236
0.00748, 0.06907, 0.01802, 0.05026, 0.01709, 0.11421, 0.56337, 0.35167, 0.02777, 0.02391
0.07487, 0.26828, 0.09316, 0.12822, 0.06475, 0.18573, 0.06810, 0.45789, 0.61820, 0.09000
0.05194, 0.00408, 0.00439, 0.01262, 0.04000, 0.04553, 0.08910, 0.04303, 0.41708, 0.41113
0.11467, 0.01390, 0.06080, 0.05134, 0.04221, 0.20322, 0.31129, 0.81753, 0.14106, 1.77938
0.00986, 0.02563, 0.01655, 0.20385, 0.04646, 0.07538, 0.21099, 0.30152, 0.03787, 0.10216
0.01750, 0.06378, 0.04227, 0.03610, 0.02304, 0.06959, 0.50934, 0.29121, 0.12785, 0.15051
0.04289, 0.00520, 0.01341, 0.00283, 0.16456, 0.31297, 0.00456, 0.27315, 0.32223, 0.20044
0.07303, 0.02231, 0.02683, 0.00784, 0.30429, 0.08494, 0.35253, 0.32691, 0.13962, 0.03275
0.04771, 0.09900, 0.03338, 0.00199, 0.03567, 0.23211, 0.42400, 0.47887, 0.25216, 0.34713
0.00425, 0.04009, 0.01169, 0.07731, 0.04542, 0.06484, 0.04888, 0.06698, 0.10205, 0.53688
0.02646, 0.00305, 0.00773, 0.04245, 0.01109, 0.31649, 0.06021, 0.05958, 0.63247, 0.16888
0.03194, 0.09749, 0.02416, 0.01027, 0.11513, 0.01215, 0.15655, 1.04096, 0.42840, 0.20154
0.02319, 0.00567, 0.00271, 0.00302, 0.01123, 0.12492, 0.04816, 0.06117, 0.21089, 0.18983
0.00207, 0.02027, 0.01537, 0.02087, 0.00735, 0.19012, 0.11778, 0.06682, 0.22378, 0.02158
0.09247, 0.04258, 0.06265, 0.05403, 0.09822, 0.01268, 0.12188, 1.12087, 0.25935, 0.13544
0.06460, 0.16061, 0.06388, 0.14290, 0.00312, 1.72755, 0.20049, 0.03739, 0.56576, 1.28764
0.04267, 0.08568, 0.02262, 0.01990, 0.03477, 1.00606, 0.31027, 0.67790, 1.11881, 0.51149
0.05359, 0.15085, 0.06199, 0.05377, 0.02630, 0.11248, 0.42532, 0.29033, 0.54599, 0.13901
0.00912, 0.05276, 0.07470, 0.01404, 0.03972, 0.02701, 0.48154, 0.06261, 0.03371, 0.07494
0.01848, 0.09476, 0.09415, 0.01176, 0.08341, 0.07684, 0.78987, 0.60224, 0.04759, 0.07268
0.04295, 0.02427, 0.02923, 0.04296, 0.05973, 1.31539, 0.06682, 0.19877, 0.60510, 1.43523
0.08102, 0.00922, 0.06215, 0.01153, 0.16909, 0.00489, 1.13132, 1.41389, 0.01066, 0.22770
0.04784, 0.07000, 0.07831, 0.00536, 0.04132, 0.35166, 0.35518, 0.17964, 0.34379, 0.21999
0.59741, 0.01786, 0.01979, 0.01110, 0.12412, 0.22707, 0.04157, 0.08795, 0.02778, 0.54378
0.02824, 0.04768, 0.07218, 0.04893, 0.04695, 0.51500, 0.25649, 0.34151, 1.15878, 0.05822
0.03827, 0.08526, 0.20047, 0.02759, 0.22425, 0.13792, 0.70788, 0.20221, 0.51553, 0.08682
0.01239, 0.01195, 0.02553, 0.00976, 0.22966, 0.12156, 0.05522, 0.17657, 0.30266, 0.11960
0.00117, 0.03849, 0.04298, 0.02925, 0.02469, 0.03325, 0.34208, 0.16232, 0.04335, 0.27743
0.08489, 0.08603, 0.15084, 0.04332, 0.13150, 0.04124, 0.65274, 0.05418, 0.16605, 0.84985
0.08242, 0.06024, 0.12886, 0.00020, 0.04787, 0.23422, 0.37245, 0.16509, 0.27817, 0.30174
0.08872, 0.05808, 0.13665, 0.00463, 0.06658, 0.01062, 0.29136, 0.35701, 0.14652, 0.21630
0.13041, 0.00916, 0.01427, 0.05423, 0.12553, 0.33956, 0.37535, 0.24718, 0.42980, 0.16613
0.00543, 0.11725, 0.03266, 0.00929, 0.03859, 0.16519, 0.71661, 0.61829, 0.06049, 0.08141
0.17312, 0.06212, 0.01407, 0.00927, 0.09000, 0.37994, 0.17253, 0.12567, 0.31209, 0.03899
0.04676, 0.11074, 0.12439, 0.13670, 0.00562, 0.07495, 0.01856, 0.00024, 0.13224, 1.69174
0.00559, 0.11056, 0.03367, 0.05651, 0.02610, 0.55075, 0.20244, 0.29252, 0.55969, 0.30539
0.01789, 0.10678, 0.02273, 0.05669, 0.04556, 0.15861, 0.06839, 0.19292, 0.33981, 0.19695
0.15527, 0.02021, 0.10307, 0.00133, 0.03486, 1.15286, 0.34368, 0.56089, 0.67507, 0.50562
0.01246, 0.01195, 0.01961, 0.10368, 0.14819, 0.48825, 0.83150, 0.50242, 0.24825, 0.44109
0.05681, 0.02011, 0.03261, 0.05636, 0.04598, 0.09622, 0.00624, 0.01201, 0.23004, 0.79245
0.02052, 0.06411, 0.00090, 0.08941, 0.07355, 0.16511, 0.36972, 0.44741, 0.16395, 0.29668
0.01012, 0.03582, 0.01932, 0.02903, 0.00436, 0.05376, 0.13534, 0.08314, 0.25453, 0.07758
0.16862, 0.00825, 0.02497, 0.02080, 0.12218, 0.48034, 0.34234, 0.03135, 1.19368, 0.19740
0.00335, 0.02433, 0.01602, 0.09137, 0.05575, 0.17155, 0.06569, 0.12792, 0.22297, 0.59830
0.14443, 0.08700, 0.12585, 0.17468, 0.05868, 0.18972, 0.33726, 0.09875, 1.13207, 2.88374
0.02961, 0.08680, 0.06658, 0.08662, 0.13981, 0.03637, 0.39200, 0.55380, 0.07421, 0.08136
0.00241, 0.03413, 0.02667, 0.07942, 0.14100, 0.42602, 0.77666, 0.19179, 0.32327, 0.10408
0.14275, 0.08453, 0.09874, 0.09769, 0.29368, 0.35691, 0.06127, 0.30063, 0.19391, 3.15901
0.02699, 0.06916, 0.06298, 0.01164, 0.03670, 0.38944, 0.40296, 0.37749, 0.41044, 0.24071
0.04925, 0.01939, 0.06216, 0.12310, 0.09639, 0.19513, 0.02062, 0.04955, 0.54578, 0.54535
0.00821, 0.03761, 0.08257, 0.03156, 0.07962, 0.00476, 0.66383, 0.16160, 0.13704, 0.04980
0.10040, 0.01240, 0.08383, 0.05065, 0.24776, 0.30324, 0.34847, 0.86576, 0.77470, 0.32095
0.03339, 0.07350, 0.04050, 0.00306, 0.04232, 0.39709, 0.41053, 0.35442, 0.45232, 0.28975
0.00463, 0.02910, 0.00365, 0.04196, 0.01618, 0.32135, 0.33906, 1.43057, 0.45835, 0.14373
0.03354, 0.04904, 0.03810, 0.37162, 0.16557, 0.18009, 1.47161, 2.01023, 0.02747, 0.43175
0.02471, 0.08585, 0.17714, 0.01513, 0.11846, 0.09849, 0.33187, 0.11154, 0.06439, 0.07852
0.04156, 0.07353, 0.07510, 0.00221, 0.06482, 0.23353, 0.25608, 0.26337, 0.24844, 0.19553
0.01259, 0.04399, 0.09201, 0.00422, 0.04827, 0.15754, 0.25332, 0.07881, 0.27461, 0.07603
0.01206, 0.01437, 0.00832, 0.02269, 0.02849, 0.65176, 0.03905, 0.04747, 0.83717, 0.09291
0.23602, 0.20246, 0.03112, 0.14402, 0.19318, 0.73089, 0.11091, 0.96183, 0.80775, 0.14722
0.07325, 0.00773, 0.11083, 0.07587, 0.01441, 0.28621, 0.02469, 0.12902, 0.14154, 0.48582
0.05150, 0.08778, 0.00480, 0.09707, 0.04475, 0.10928, 0.38429, 0.31446, 0.21231, 0.16000
0.02154, 0.10233, 0.06029, 0.10072, 0.01957, 0.55380, 0.09320, 0.31793, 0.36644, 0.46466
0.00410, 0.01495, 0.01620, 0.08005, 0.15120, 0.12044, 0.42303, 0.12924, 0.28331, 0.04314
0.03705, 0.01146, 0.06877, 0.05587, 0.00244, 0.16632, 0.27958, 0.29325, 0.28876, 0.15524
0.15054, 0.17475, 0.15294, 0.19120, 0.01238, 0.08722, 0.18640, 0.48959, 0.70089, 1.14027
0.00284, 0.04270, 0.10945, 0.00753, 0.11812, 0.02125, 0.35475, 0.01055, 0.00954, 0.04668
0.03621, 0.01698, 0.18316, 0.12315, 0.07536, 0.00406, 0.40993, 0.21977, 0.10716, 0.53617
0.02199, 0.01539, 0.02020, 0.02855, 0.00750, 0.40564, 0.02497, 0.09809, 0.66632, 0.06463
0.03522, 0.00572, 0.00400, 0.07462, 0.17754, 0.53232, 0.27460, 0.00850, 0.25802, 0.64481
0.03842, 0.08008, 0.09707, 0.19752, 0.07467, 0.30559, 0.43929, 1.31481, 0.55104, 0.11608
0.11477, 0.07540, 0.00475, 0.01738, 0.08372, 0.33855, 0.10793, 0.19837, 0.40487, 0.27406
0.26701, 0.19496, 0.00479, 0.00467, 0.00562, 0.15470, 0.25190, 0.22614, 0.06524, 0.99431
0.03323, 0.00342, 0.00145, 0.00436, 0.02030, 0.12621, 0.20876, 1.10629, 0.13294, 0.39257
0.00939, 0.13455, 0.06778, 0.05953, 0.13018, 0.01381, 0.08985, 0.51713, 0.17203, 0.75812
0.10692, 0.00595, 0.17367, 0.05109, 0.10450, 0.00642, 0.03222, 0.03132, 0.19327, 1.06349
0.01211, 0.14484, 0.03523, 0.07520, 0.04647, 0.15453, 0.04951, 0.47904, 0.19068, 0.24157
0.06679, 0.02881, 0.00592, 0.00970, 0.09328, 0.40262, 0.04606, 0.03483, 0.29067, 0.34236
0.02895, 0.04539, 0.16685, 0.04274, 0.08281, 0.09484, 0.87298, 0.04102, 0.21292, 0.03306
0.05782, 0.08489, 0.00638, 0.16446, 0.03404, 0.12715, 0.11722, 0.01885, 0.04536, 0.57537
0.01065, 0.04306, 0.00561, 0.10911, 0.02524, 0.30684, 0.03845, 0.07777, 0.21446, 0.19992
0.06287, 0.14984, 0.17158, 0.04738, 0.19924, 0.34798, 1.85140, 1.01266, 0.66466, 0.10579
0.03041, 0.04730, 0.04059, 0.11642, 0.03218, 0.25775, 0.04485, 0.00732, 0.01026, 0.78386
0.07921, 0.02366, 0.01305, 0.01708, 0.07718, 0.08851, 0.03949, 0.06564, 0.07391, 0.18917
0.02885, 0.01415, 0.05782, 0.02582, 0.01301, 0.05423, 0.26673, 0.20578, 0.06768, 0.07274
0.04646, 0.00646, 0.05105, 0.02694, 0.03488, 0.14454, 0.23568, 0.06968, 0.06099, 0.35268
0.00386, 0.05130, 0.01546, 0.06868, 0.02058, 0.00173, 0.01083, 0.15453, 0.09133, 0.14528
0.00231, 0.04895, 0.00748, 0.05245, 0.04170, 0.01060, 0.03521, 0.19565, 0.17076, 0.17043
0.01376, 0.11574, 0.01262, 0.56290, 0.03503, 0.94823, 1.39046, 3.14120, 1.28233, 0.61185
0.02449, 0.04912, 0.03936, 0.04160, 0.01069, 0.13775, 0.55758, 1.56420, 0.01970, 1.35802
0.06713, 0.09847, 0.03028, 0.03068, 0.05973, 0.24653, 0.56576, 0.80513, 0.18478, 0.36931
0.53803, 0.09494, 0.04255, 0.03584, 0.10760, 0.05285, 0.41503, 0.00012, 0.03539, 0.64980
0.03686, 0.00274, 0.06268, 0.04144, 0.00166, 0.15036, 0.09444, 0.21412, 0.48262, 0.28555
0.00201, 0.08623, 0.04994, 0.14388, 0.03043, 0.51072, 0.00280, 0.00296, 0.12083, 0.90488
0.10462, 0.00311, 0.00150, 0.00888, 0.06079, 0.05748, 0.10599, 0.05478, 0.00211, 0.40300
0.34118, 0.05166, 0.01194, 0.00069, 0.13858, 0.57739, 0.16484, 0.27303, 0.23352, 0.35795
0.03462, 0.08017, 0.04119, 0.01206, 0.01220, 0.31111, 0.41879, 0.28904, 0.22398, 0.09135
0.00362, 0.04734, 0.00991, 0.04283, 0.02872, 0.03730, 0.35171, 0.94952, 0.01845, 0.08481
0.01342, 0.02417, 0.03186, 0.00852, 0.10547, 0.17637, 0.20933, 0.13064, 0.63011, 0.02304
0.15107, 0.02891, 0.18206, 0.09098, 0.03621, 1.50248, 0.04052, 0.04538, 1.23060, 0.15342
0.10607, 0.04012, 0.10374, 0.07539, 0.01169, 0.11675, 0.19305, 0.27920, 0.66060, 1.04103
0.05486, 0.00032, 0.02761, 0.19263, 0.06324, 0.30411, 0.18785, 0.33651, 0.00767, 0.29746
0.00271, 0.08295, 0.08879, 0.09737, 0.08092, 0.15115, 0.18796, 0.58576, 0.01209, 0.14263
0.03329, 0.00260, 0.03071, 0.03728, 0.02650, 0.21433, 0.01895, 0.00946, 0.29560, 0.30491
0.01755, 0.00158, 0.00322, 0.03361, 0.01667, 0.01292, 0.06281, 0.46497, 0.03820, 0.00518
0.02504, 0.12030, 0.03088, 0.00821, 0.06857, 0.00914, 0.60839, 0.63524, 0.05201, 0.15186
0.10101, 0.29886, 0.08345, 0.12152, 0.07627, 0.07410, 0.20603, 0.94375, 0.15346, 0.16226
0.03937, 0.05323, 0.00330, 0.00860, 0.01450, 0.06504, 0.37879, 0.39684, 0.40756, 0.18102
0.04287, 0.25543, 0.01297, 0.07997, 0.02494, 0.32767, 0.38578, 0.45174, 0.05330, 0.20444
0.00805, 0.02347, 0.00070, 0.00582, 0.17661, 0.14854, 0.45675, 0.27223, 0.30207, 0.00923
0.07089, 0.00544, 0.01781, 0.15608, 0.17404, 0.21274, 0.22954, 0.19783, 0.01380, 0.18900
0.03401, 0.01153, 0.05285, 0.01019, 0.00129, 0.14992, 0.03603, 0.00304, 0.23346, 0.06645
0.02475, 0.01620, 0.04685, 0.00250, 0.03460, 0.17664, 0.07318, 0.03515, 0.10558, 0.04794
0.01223, 0.12026, 0.04374, 0.06793, 0.08746, 0.12336, 0.23802, 0.48470, 0.06995, 0.13221
0.04658, 0.08061, 0.05538, 0.00004, 0.03269, 0.34211, 0.40156, 0.35430, 0.38294, 0.30805
0.00982, 0.00850, 0.01970, 0.00958, 0.02072, 0.00884, 0.13324, 0.04622, 0.11498, 0.07571
0.04548, 0.27202, 0.03883, 0.15396, 0.03281, 0.12552, 0.71184, 0.86340, 0.74044, 0.16400
0.01741, 0.12643, 0.14589, 0.13817, 0.12459, 0.45978, 0.01892, 0.08444, 0.11925, 0.46328
0.07924, 0.04258, 0.04201, 0.08332, 0.00059, 0.04256, 0.23159, 0.12393, 0.65897, 1.68969
0.01131, 0.00269, 0.02276, 0.00370, 0.03879, 0.01707, 0.80816, 1.73375, 0.02923, 0.20848
0.04854, 0.18135, 0.00428, 0.03989, 0.06787, 0.68350, 0.28106, 0.63502, 0.89534, 0.97335
0.01416, 0.03512, 0.01798, 0.02290, 0.02106, 0.36833, 0.12586, 0.58223, 0.16993, 0.70433
0.10202, 0.02718, 0.00062, 0.02109, 0.06432, 0.41523, 0.01172, 0.40833, 0.21801, 0.34651
0.07601, 0.05465, 0.10270, 0.00729, 0.03932, 0.06047, 0.31852, 0.30230, 0.19167, 0.14673
0.03939, 0.11361, 0.04742, 0.16875, 0.01357, 0.01985, 0.12032, 0.94141, 0.21510, 1.91984
0.03863, 0.07899, 0.06240, 0.08088, 0.02778, 0.05662, 0.17119, 0.30072, 0.35055, 0.30392
0.04626, 0.33461, 0.18250, 0.30136, 0.04482, 0.70454, 0.35064, 0.75015, 1.37731, 0.10544
0.07124, 0.05169, 0.05444, 0.09012, 0.08919, 0.19689, 0.07831, 0.15373, 0.10136, 2.16082
0.05835, 0.08389, 0.01924, 0.03277, 0.02504, 0.06011, 0.14760, 0.08469, 0.26307, 1.06385
0.38243, 0.14203, 0.07573, 0.01095, 0.06377, 0.36301, 0.63734, 0.01818, 0.22414, 0.51237
0.06622, 0.00842, 0.02421, 0.02169, 0.10757, 0.16267, 0.08936, 0.29280, 0.10265, 0.93730
0.01755, 0.01685, 0.00077, 0.00744, 0.07084, 0.19636, 0.06701, 0.10294, 0.30960, 0.03233
0.07380, 0.13964, 0.01741, 0.01973, 0.03574, 0.30071, 0.31726, 0.45132, 0.14091, 0.01059
0.53576, 0.09328, 0.00076, 0.00261, 0.17265, 0.45082, 0.02702, 0.60593, 0.31566, 0.72226
0.01470, 0.02781, 0.00735, 0.01584, 0.01107, 0.62292, 0.10721, 0.56372, 0.20228, 0.15112
0.10135, 0.08932, 0.13547, 0.11441, 0.10697, 0.30440, 0.14506, 1.75244, 0.10017, 1.63429
0.06609, 0.06191, 0.21248, 0.12404, 0.01740, 0.30039, 0.27991, 0.12472, 0.24585, 0.72685
0.00807, 0.13054, 0.03419, 0.03012, 0.07863, 0.05032, 0.04530, 1.16717, 0.52078, 0.21069
0.05079, 0.36613, 0.06087, 0.21789, 0.08804, 0.41135, 0.27010, 1.14046, 0.81341, 0.04274
0.03700, 0.06278, 0.05050, 0.02516, 0.03754, 0.11906, 0.02402, 0.17070, 0.06241, 0.21741
0.08767, 0.15491, 0.01090, 0.01051, 0.12769, 0.03653, 0.37998, 0.44409, 0.36447, 2.13426
0.00998, 0.02206, 0.00548, 0.05332, 0.06321, 0.09446, 0.07614, 0.03462, 0.12802, 0.27081
0.09909, 0.26224, 0.02716, 0.06026, 0.03222, 0.04244, 0.16159, 0.56374, 0.21631, 0.41581
0.19969, 0.00300, 0.04123, 0.06801, 0.18138, 0.92998, 0.30976, 0.21434, 1.70122, 0.12527
0.23857, 0.02835, 0.26474, 0.10259, 0.06465, 0.15614, 0.05826, 0.14266, 0.83500, 2.76049
0.13163, 0.02294, 0.01949, 0.05397, 0.05863, 0.58852, 0.01177, 0.07588, 0.22831, 1.07194
0.01118, 0.12864, 0.07213, 0.12953, 0.08116, 0.07636, 0.13528, 0.05607, 0.28865, 0.30042
0.01193, 0.06563, 0.00494, 0.03506, 0.00798, 0.24692, 0.41788, 0.15205, 0.04427, 0.43712
0.42644, 0.02682, 0.38954, 0.11487, 0.15505, 0.75709, 0.21512, 0.38246, 0.48132, 0.54916
0.01514, 0.09065, 0.07768, 0.00660, 0.08796, 0.07576, 0.60771, 0.46512, 0.05245, 0.24783
0.01473, 0.03077, 0.04563, 0.06964, 0.16499, 0.33049, 0.13303, 0.27024, 0.46079, 1.02122
0.07072, 0.09049, 0.02407, 0.04267, 0.10460, 0.67013, 0.81605, 1.13461, 0.46502, 0.76426
0.11738, 0.08863, 0.07425, 0.12623, 0.04732, 0.05059, 0.40892, 0.54495, 0.17550, 3.66689
0.44278, 0.16641, 0.01434, 0.16143, 0.15825, 1.45314, 0.26406, 0.80898, 1.32833, 0.46995
0.03283, 0.01833, 0.02428, 0.01188, 0.09072, 0.01642, 0.06507, 0.08614, 0.09012, 0.00701
0.08656, 0.02132, 0.02451, 0.00849, 0.03351, 0.02749, 0.03309, 0.03033, 0.11146, 0.52372
0.05382, 0.13775, 0.20863, 0.05879, 0.11765, 0.27448, 0.36180, 0.02858, 0.03686, 0.61749
0.11846, 0.01085, 0.04922, 0.00490, 0.06192, 0.30376, 0.10772, 0.10717, 0.14785, 0.17345
0.19225, 0.09838, 0.28697, 0.07467, 0.04928, 0.21118, 0.26690, 0.21257, 0.34974, 1.14653
0.05205, 0.11466, 0.10087, 0.08426, 0.04820, 0.02977, 0.26411, 0.23844, 0.45208, 0.67357
0.08040, 0.01619, 0.00158, 0.17994, 0.03624, 0.03015, 0.22900, 0.13445, 0.15318, 0.20074
0.14881, 0.09010, 0.07676, 0.03694, 0.09760, 0.17956, 0.50283, 0.02268, 0.05604, 0.01157
0.01565, 0.00207, 0.01711, 0.01385, 0.00515, 0.23713, 0.20348, 1.27063, 0.28826, 0.48899
0.06428, 0.03244, 0.05109, 0.01163, 0.03525, 0.21297, 0.08181, 0.29907, 0.35978, 0.23141
0.01108, 0.09376, 0.00806, 0.00687, 0.02501, 1.04950, 0.56810, 0.98177, 1.06119, 0.17396
0.11334, 0.04257, 0.09818, 0.09294, 0.01385, 0.56949, 0.05468, 0.02167, 0.30333, 2.46603
0.12114, 0.01038, 0.03018, 0.01358, 0.16835, 0.08018, 0.63142, 0.95667, 0.04594, 0.41758
0.03970, 0.09850, 0.05677, 0.03792, 0.07383, 0.01501, 0.44014, 0.16265, 0.15834, 0.40001
0.02867, 0.14787, 0.00399, 0.01164, 0.06901, 1.26812, 0.42056, 0.39766, 1.04191, 0.34722
0.10401, 0.00568, 0.08804, 0.06730, 0.13821, 0.01651, 0.03216, 0.07538, 0.09730, 0.82977
0.03815, 0.04251, 0.04880, 0.12465, 0.08213, 0.02012, 0.03730, 0.02493, 0.66040, 1.59422
0.35279, 0.15989, 0.11043, 0.12096, 0.29584, 1.32531, 1.19799, 1.43291, 4.01365, 1.91335
0.08698, 0.08413, 0.22785, 0.02382, 0.09271, 0.07542, 0.41600, 0.06207, 0.06367, 0.24197
0.00169, 0.02539, 0.02465, 0.01206, 0.13530, 0.09066, 0.15114, 0.38892, 0.12044, 0.02076
0.10292, 0.04922, 0.16274, 0.00077, 0.05535, 0.00943, 0.34191, 0.22418, 0.15508, 0.33467
0.08354, 0.11916, 0.18330, 0.05297, 0.08292, 0.00497, 0.40719, 0.20379, 0.31009, 0.35666
0.13838, 0.01795, 0.01871, 0.03467, 0.01728, 0.07654, 0.14920, 0.37288, 0.18697, 0.03206
0.00810, 0.07328, 0.07531, 0.12210, 0.05647, 0.10583, 0.18341, 0.00537, 0.41499, 0.72640
0.02649, 0.04414, 0.00820, 0.21213, 0.15139, 0.50482, 0.96223, 0.51168, 0.16098, 0.56246
0.02522, 0.06138, 0.02471, 0.08743, 0.02641, 0.08205, 0.33985, 1.41458, 0.04278, 1.32035
0.01988, 0.01312, 0.05090, 0.07089, 0.04778, 0.11297, 0.27605, 0.11355, 0.32468, 0.74151
0.00829, 0.13717, 0.02524, 0.03547, 0.02791, 0.11883, 0.09645, 0.28006, 0.15856, 0.13281
0.00374, 0.00181, 0.00805, 0.00720, 0.12710, 0.21256, 0.15185, 0.16845, 0.20799, 0.17610
0.00057, 0.05958, 0.00356, 0.01300, 0.01449, 0.39738, 0.12195, 0.19218, 0.30862, 0.09904
0.01127, 0.07170, 0.03734, 0.11399, 0.02799, 0.70646, 0.01174, 0.07899, 0.26159, 1.00502
0.01291, 0.04399, 0.00299, 0.07742, 0.04047, 0.46892, 0.36693, 0.45624, 0.55225, 0.51017
0.14352, 0.00005, 0.05518, 0.07947, 0.00909, 0.08398, 0.05086, 0.29476, 0.29359, 0.05301
0.16482, 0.00499, 0.21735, 0.02249, 0.08156, 0.75778, 0.03554, 0.02553, 0.76364, 1.24892
0.04631, 0.10511, 0.07007, 0.00367, 0.02255, 1.05225, 0.33363, 0.33703, 0.75368, 0.30404
0.10478, 0.06775, 0.14310, 0.02533, 0.04482, 0.01728, 0.30869, 0.37005, 0.14491, 0.05058
0.10454, 0.00464, 0.00106, 0.06953, 0.04518, 0.08670, 0.03193, 0.04033, 0.13376, 0.82324
0.38154, 0.12698, 0.11826, 0.08463, 0.14227, 0.81949, 0.04397, 0.00208, 0.14201, 1.27097
0.02019, 0.03370, 0.00962, 0.09590, 0.04733, 0.02243, 0.02350, 0.09597, 0.00055, 0.08053
0.14697, 0.05654, 0.11069, 0.09110, 0.25042, 0.02047, 0.34476, 0.04769, 0.46560, 0.92554
0.01082, 0.04938, 0.01205, 0.02775, 0.08586, 0.59470, 0.02523, 0.59294, 0.65347, 0.13993
0.00636, 0.13137, 0.05920, 0.03652, 0.05622, 0.12942, 0.21942, 0.42657, 0.72356, 0.13266
0.03579, 0.10911, 0.08565, 0.10018, 0.00499, 0.11774, 0.03008, 0.24315, 0.53412, 0.36971
0.02450, 0.05062, 0.00744, 0.01373, 0.04193, 0.69569, 0.23362, 0.35228, 0.93711, 0.34977
0.00816, 0.04005, 0.02003, 0.02309, 0.01386, 0.17922, 0.02576, 0.37449, 0.48707, 0.06058
0.06075, 0.04117, 0.04261, 0.14421, 0.27058, 0.42229, 0.02343, 0.07393, 0.12023, 1.51983
0.50244, 0.00752, 0.00694, 0.03016, 0.10225, 0.10203, 0.04523, 0.14881, 0.00536, 0.35238
0.00755, 0.05793, 0.00435, 0.11502, 0.10110, 0.77645, 0.68398, 0.30089, 0.46525, 0.30574
0.09356, 0.05702, 0.09486, 0.03486, 0.02452, 0.03624, 0.29164, 0.59137, 0.24674, 0.01397
0.11748, 0.02287, 0.19430, 0.05139, 0.00300, 0.23631, 0.07164, 0.09890, 0.19128, 0.45829
0.00333, 0.03758, 0.00283, 0.08701, 0.00720, 0.01746, 0.13245, 0.70407, 0.03569, 0.67745
0.02271, 0.05616, 0.01114, 0.00225, 0.05104, 0.03044, 0.29816, 0.30550, 0.22899, 0.17578
0.09394, 0.02039, 0.09728, 0.01943, 0.18613, 0.16958, 0.42250, 0.00847, 0.13102, 0.32935
0.03996, 0.00470, 0.04459, 0.03600, 0.15098, 0.45339, 0.48506, 0.11975, 0.24227, 0.52831
0.01446, 0.16203, 0.07565, 0.14410, 0.00313, 0.64995, 0.01866, 0.04108, 0.20851, 1.28669
0.21186, 0.03051, 0.03390, 0.07408, 0.09663, 0.16205, 0.34089, 0.03099, 0.95394, 0.97111
0.10659, 0.04650, 0.08026, 0.08285, 0.09439, 0.36783, 0.05149, 0.33074, 0.05878, 2.83858
0.03622, 0.00651, 0.06225, 0.03247, 0.05814, 0.01348, 0.24782, 0.20670, 0.07895, 1.15265
0.02331, 0.00953, 0.01429, 0.00380, 0.02708, 0.03636, 0.54256, 1.53103, 0.00899, 0.52496
0.04432, 0.04504, 0.10531, 0.15352, 0.00674, 0.20388, 0.07637, 0.40098, 0.28363, 0.25897
0.02177, 0.03990, 0.03285, 0.02972, 0.00019, 0.16603, 0.12104, 0.32108, 0.36088, 0.24179
0.00429, 0.00611, 0.00250, 0.03294, 0.04107, 0.95696, 0.18043, 0.27683, 0.50701, 0.52184
0.07552, 0.19305, 0.09636, 0.08305, 0.01718, 0.12845, 0.60614, 0.67297, 0.01478, 0.01706
0.21391, 0.01184, 0.03573, 0.00365, 0.02337, 0.13544, 0.17375, 0.06319, 0.23899, 0.33179
0.02266, 0.05808, 0.03147, 0.01490, 0.00749, 0.75282, 0.47980, 0.31397, 0.67848, 0.06623
0.02316, 0.18223, 0.03903, 0.02689, 0.06266, 0.67183, 0.47988, 0.22468, 0.64910, 0.34019
0.04897, 0.00674, 0.01272, 0.03823, 0.01141, 0.00022, 0.10472, 0.26598, 0.27405, 0.56720
0.05087, 0.01308, 0.02585, 0.03740, 0.01944, 0.17652, 0.02409, 0.11008, 0.24019, 0.83793
0.00860, 0.11208, 0.03835, 0.01603, 0.04144, 0.25519, 0.72539, 0.61399, 0.11167, 0.22716
0.20603, 0.01080, 0.01479, 0.12830, 0.04750, 0.29995, 0.25583, 0.01173, 1.22230, 0.93612
0.14621, 0.10465, 0.11971, 0.08885, 0.09477, 0.23533, 0.01541, 0.11802, 0.47076, 0.51388
0.04702, 0.07133, 0.09026, 0.16086, 0.00117, 0.07010, 0.10204, 0.02302, 0.18214, 0.27628
0.10745, 0.11075, 0.07492, 0.13959, 0.10484, 0.07928, 0.23034, 0.11610, 0.18228, 2.15893
0.02770, 0.02782, 0.01233, 0.02472, 0.02532, 0.05352, 0.11461, 0.61739, 0.07004, 0.22809
0.05015, 0.17366, 0.20089, 0.10701, 0.08432, 0.04354, 0.39498, 0.09051, 0.21019, 1.26989
0.02529, 0.04489, 0.00533, 0.28432, 0.16371, 0.19417, 0.75320, 0.70864, 0.05895, 0.43670
0.54690, 0.06898, 0.01528, 0.08689, 0.05793, 0.17371, 0.37523, 0.01012, 0.07348, 0.88764
0.01123, 0.09528, 0.00489, 0.01264, 0.00649, 0.12518, 0.33949, 0.50922, 0.17159, 0.00272
0.79194, 0.16038, 0.02259, 0.01173, 0.15089, 0.14148, 0.12866, 0.33419, 0.13002, 0.77608
0.95000, 0.09967, 0.03439, 0.00980, 0.16073, 0.15374, 0.00776, 0.41877, 0.38766, 1.15178
0.00391, 0.05991, 0.03048, 0.05004, 0.00590, 1.20438, 0.23866, 0.41390, 0.44671, 0.76576
0.00477, 0.02118, 0.00167, 0.01104, 0.02732, 0.04218, 0.21903, 0.18948, 0.24572, 0.08023
0.03743, 0.32957, 0.06294, 0.13138, 0.24904, 0.01344, 0.16800, 0.53969, 0.51806, 0.68933
0.02549, 0.13352, 0.05417, 0.08206, 0.02536, 0.01023, 0.14318, 0.15706, 0.38368, 0.82216
0.31806, 0.14374, 0.00709, 0.03453, 0.14176, 0.22537, 0.09422, 0.32936, 0.17164, 0.04381
0.07773, 0.05651, 0.03463, 0.02396, 0.00293, 1.49757, 0.02273, 0.76339, 1.04355, 0.73589
0.08679, 0.01697, 0.11088, 0.01160, 0.01078, 0.02519, 0.14164, 0.29262, 0.02864, 0.45247
0.01501, 0.02364, 0.00944, 0.04878, 0.10593, 0.10090, 0.07781, 0.06644, 0.32926, 0.12842
0.05764, 0.08663, 0.09623, 0.07931, 0.16687, 0.12286, 0.88501, 0.20624, 0.72330, 1.03560
0.16338, 0.01785, 0.07912, 0.07292, 0.01313, 0.57737, 0.23001, 0.09445, 0.79974, 1.40626
0.13656, 0.10187, 0.10436, 0.08329, 0.00488, 0.53312, 0.03312, 0.02326, 0.02332, 1.90321
0.02724, 0.02521, 0.00731, 0.05060, 0.01690, 0.01450, 0.06358, 0.49589, 0.04566, 0.06020
0.19479, 0.03357, 0.19301, 0.14255, 0.04152, 0.05293, 0.01778, 0.08920, 0.62230, 1.51502
0.17248, 0.15642, 0.05025, 0.01931, 0.05698, 0.17728, 0.06930, 0.50758, 0.20039, 0.15544
0.16135, 0.00348, 0.14321, 0.01734, 0.01277, 0.56967, 0.07927, 0.10984, 1.21290, 1.67988
0.19130, 0.03560, 0.04259, 0.11716, 0.15500, 1.23550, 0.08247, 1.00416, 1.00495, 2.68914
0.26679, 0.03954, 0.00305, 0.00414, 0.07482, 0.21793, 0.02405, 0.16330, 0.28141, 0.05622
0.03757, 0.21285, 0.00693, 0.11564, 0.04566, 0.03673, 0.46018, 0.77547, 0.53094, 0.21835
0.38268, 0.24716, 0.01734, 0.05160, 0.10564, 0.24671, 0.40544, 0.96559, 0.23221, 1.07154
0.07549, 0.12233, 0.00420, 0.10807, 0.29623, 0.22502, 0.05360, 0.12637, 1.12054, 0.41270
0.06080, 0.09584, 0.13842, 0.01551, 0.07689, 0.41245, 0.28714, 0.19417, 0.22722, 0.37736
0.06065, 0.07282, 0.07259, 0.02544, 0.14298, 0.03148, 0.66643, 0.14901, 0.17962, 0.89619
0.01888, 0.18050, 0.01773, 0.07568, 0.09855, 0.21434, 0.07680, 0.78653, 0.43253, 0.65341
0.02349, 0.06185, 0.05684, 0.11994, 0.06641, 0.02708, 1.16480, 0.85742, 0.04629, 0.13233
0.05264, 0.07316, 0.04241, 0.00662, 0.00827, 0.08593, 0.39240, 0.43868, 0.15273, 0.29366
0.02501, 0.00626, 0.03198, 0.08585, 0.00154, 0.37715, 0.07750, 0.21981, 0.23602, 0.26097
0.04271, 0.03485, 0.00220, 0.06947, 0.06928, 0.13956, 0.26770, 0.12869, 0.09902, 0.65408
0.04307, 0.05596, 0.02991, 0.07707, 0.06276, 0.01482, 0.32984, 1.24712, 0.12877, 0.40537
0.00022, 0.15398, 0.00990, 0.03116, 0.00593, 0.88226, 0.49294, 1.24183, 1.28882, 0.25244
0.04095, 0.01269, 0.05567, 0.04352, 0.18113, 0.03888, 0.17502, 0.01384, 0.02811, 0.33568
0.18643, 0.12096, 0.08025, 0.14642, 0.09315, 0.39810, 0.17687, 0.20416, 0.08253, 5.53229
0.00587, 0.01738, 0.03902, 0.12031, 0.17004, 0.59517, 0.96957, 0.25263, 0.54486, 0.09853
0.00071, 0.01931, 0.01499, 0.00199, 0.07489, 0.17116, 0.28367, 0.30647, 0.25302, 0.06913
0.18844, 0.00049, 0.12990, 0.05405, 0.04864, 0.22675, 0.03888, 0.15325, 0.83360, 1.48201
0.00971, 0.05869, 0.10143, 0.07406, 0.08668, 0.41496, 0.26953, 0.21148, 0.21553, 0.20752
0.04650, 0.07007, 0.03803, 0.02443, 0.00396, 0.11903, 0.44726, 0.39053, 0.13408, 0.11122
0.25953, 0.03449, 0.07112, 0.01111, 0.17413, 0.22841, 0.03182, 0.01632, 0.21205, 1.04018
0.03423, 0.12275, 0.07928, 0.21372, 0.01220, 0.11068, 0.07683, 0.38305, 0.10177, 2.40180
0.03914, 0.29676, 0.07647, 0.12706, 0.05683, 0.02095, 0.05784, 0.82010, 0.17351, 0.15919
0.02974, 0.03983, 0.09795, 0.11245, 0.00652, 0.07398, 0.09627, 0.01545, 0.17382, 0.01401
0.21649, 0.16593, 0.16860, 0.15378, 0.29058, 0.14083, 0.76284, 0.19697, 1.41065, 2.76124
0.17390, 0.00603, 0.05202, 0.02666, 0.05078, 0.08763, 0.06808, 0.19395, 0.21938, 0.60114
0.10631, 0.00920, 0.00163, 0.08721, 0.09699, 0.01558, 0.10626, 0.17090, 0.08652, 0.06066
0.08707, 0.00771, 0.11925, 0.01029, 0.24375, 0.03967, 0.47658, 0.13535, 0.37837, 0.26365
0.02693, 0.08672, 0.03916, 0.05456, 0.08430, 0.46707, 0.18053, 0.41619, 0.33690, 0.20352
0.04322, 0.10729, 0.04507, 0.00843, 0.14471, 0.02015, 0.21033, 0.37867, 0.02467, 0.63526
0.00220, 0.21577, 0.06853, 0.11908, 0.04294, 0.11332, 0.08812, 0.50179, 0.49769, 0.17116
0.01848, 0.01296, 0.00625, 0.17206, 0.05479, 0.07282, 0.12289, 0.18158, 0.06415, 0.04673
0.06996, 0.01862, 0.03219, 0.02438, 0.06141, 0.50055, 0.08882, 0.54345, 0.23418, 1.56976
0.05813, 0.00905, 0.01378, 0.01401, 0.04003, 0.77542, 0.60131, 0.20105, 0.67113, 0.05218
0.02334, 0.08505, 0.04729, 0.06545, 0.01948, 0.06288, 0.11968, 0.86177, 0.80071, 0.39002
0.63318, 0.05537, 0.52942, 0.14078, 0.29169, 0.25361, 0.64261, 0.66190, 0.00639, 0.38566
0.03636, 0.12416, 0.08842, 0.11618, 0.03383, 0.21306, 0.04688, 0.71881, 0.17641, 1.44666
0.04430, 0.05650, 0.08586, 0.04893, 0.02790, 0.88271, 0.36000, 0.31893, 0.94873, 0.11572
0.28925, 0.01657, 0.19485, 0.01616, 0.06122, 0.62509, 0.08005, 0.30861, 0.15098, 0.32113
0.05078, 0.01762, 0.01926, 0.00477, 0.06105, 0.03235, 0.05235, 0.30877, 0.03843, 0.55308
0.04013, 0.02176, 0.02573, 0.03716, 0.03642, 0.09865, 0.03499, 0.42434, 0.36402, 0.41206
0.02007, 0.02940, 0.05452, 0.05992, 0.05430, 0.30379, 0.22087, 0.49824, 0.22458, 0.64047
0.03031, 0.02367, 0.00391, 0.00379, 0.02686, 0.01410, 0.23131, 0.92822, 0.01196, 0.35110
0.04364, 0.02867, 0.11812, 0.01109, 0.00618, 0.31139, 0.11864, 0.00930, 0.12356, 0.20389
0.01386, 0.01475, 0.00626, 0.04264, 0.07867, 0.75841, 0.35881, 0.05725, 0.47023, 0.36928
0.21735, 0.06214, 0.12477, 0.07640, 0.05611, 1.00484, 0.03518, 0.29161, 1.30453, 0.23240
0.05650, 0.15177, 0.06147, 0.09340, 0.00741, 0.38883, 0.73498, 0.49607, 0.13573, 0.07425
0.02017, 0.04964, 0.02273, 0.10285, 0.01438, 0.40150, 0.01084, 0.01723, 0.22463, 0.27915
0.00625, 0.02429, 0.00700, 0.06652, 0.13847, 0.04813, 0.06623, 0.06486, 0.42488, 0.70149
0.06531, 0.03305, 0.00619, 0.07923, 0.04795, 0.64074, 0.41009, 0.40481, 1.09406, 0.18592
0.15399, 0.03129, 0.18872, 0.05403, 0.01478, 0.37751, 0.03689, 0.19290, 0.30714, 0.72552
0.00354, 0.11620, 0.04379, 0.09641, 0.08746, 0.29942, 1.06369, 1.58997, 0.37221, 0.15629
0.06754, 0.09490, 0.02883, 0.03530, 0.14021, 0.08551, 0.13883, 0.25063, 0.10205, 1.33429
0.05010, 0.03975, 0.02925, 0.01517, 0.03777, 0.09444, 0.17495, 0.26326, 0.13462, 0.85425
0.07270, 0.03683, 0.08338, 0.07653, 0.06594, 0.40886, 0.28800, 0.12511, 0.44287, 0.01825
0.05970, 0.05650, 0.01129, 0.00706, 0.02075, 0.07641, 0.20050, 0.63848, 0.03699, 1.21522
0.02325, 0.04729, 0.02077, 0.03339, 0.01592, 0.09160, 0.10818, 0.59238, 0.20331, 0.16168
0.01338, 0.20004, 0.00593, 0.03920, 0.07094, 0.15494, 0.49548, 0.60052, 0.19719, 0.46875
0.04764, 0.07692, 0.05177, 0.05501, 0.00828, 0.18400, 0.03113, 0.09437, 0.03451, 0.39709
0.05172, 0.03697, 0.03091, 0.12068, 0.06265, 0.24360, 0.81895, 0.47654, 0.23956, 0.04967
0.05053, 0.05569, 0.11034, 0.11174, 0.00370, 0.19560, 0.13217, 0.08806, 0.14099, 0.41377
0.00251, 0.05556, 0.02835, 0.08509, 0.11503, 0.24093, 0.03247, 0.00674, 0.43163, 0.75762
0.06207, 0.00113, 0.02023, 0.02260, 0.22425, 0.12944, 0.10282, 0.24325, 0.42083, 0.23123
0.02332, 0.10989, 0.06180, 0.05446, 0.00483, 0.03919, 0.01858, 0.13473, 0.01620, 0.31336
0.04098, 0.01462, 0.02723, 0.02442, 0.00033, 0.05878, 0.19443, 0.00548, 0.01540, 0.51145
0.02333, 0.03381, 0.03936, 0.13240, 0.05582, 0.69589, 0.46215, 0.13735, 0.35617, 0.40715
0.01194, 0.06166, 0.06457, 0.02001, 0.04111, 0.18844, 0.35759, 0.23972, 0.07612, 0.10368
0.09655, 0.02993, 0.05478, 0.03051, 0.05876, 0.04613, 0.01971, 0.12426, 0.04663, 1.53408
0.00834, 0.04015, 0.02071, 0.02365, 0.08048, 0.09173, 0.01495, 0.47673, 0.02647, 0.06970
0.01674, 0.03480, 0.00166, 0.01514, 0.00571, 0.23409, 0.29717, 0.20441, 0.56400, 0.08645
0.07259, 0.09465, 0.09087, 0.05660, 0.04035, 0.01655, 0.27593, 0.51671, 0.29237, 0.15353
0.06612, 0.09350, 0.12696, 0.13844, 0.00383, 0.69013, 0.06212, 0.00355, 0.09235, 1.42607
0.08889, 0.02681, 0.08350, 0.03925, 0.04965, 0.23266, 0.14193, 0.15841, 0.55210, 1.11960
0.12081, 0.03008, 0.11364, 0.17168, 0.00464, 0.45318, 0.10372, 0.44421, 0.53011, 0.00195
0.10758, 0.08914, 0.00034, 0.28657, 0.14688, 0.22432, 1.24236, 1.16630, 0.02966, 1.81552
0.00523, 0.00327, 0.02739, 0.02091, 0.23526, 0.42315, 0.00679, 0.19575, 0.55425, 0.11936
0.03328, 0.01118, 0.00901, 0.00758, 0.00718, 0.10518, 0.21628, 0.70262, 0.20006, 0.02763
0.01005, 0.04665, 0.00946, 0.07403, 0.05030, 0.00209, 0.01696, 0.13045, 0.09482, 0.21624
0.00539, 0.07604, 0.00791, 0.00900, 0.00716, 0.08346, 0.37744, 0.30447, 0.08000, 0.17832
0.15010, 0.04821, 0.13847, 0.15692, 0.01759, 1.02256, 0.15978, 2.82105, 0.45063, 2.85876
0.00329, 0.02105, 0.01111, 0.05101, 0.05792, 0.05690, 0.08644, 0.10317, 0.29145, 0.25245
0.00431, 0.00688, 0.00660, 0.00921, 0.12053, 0.62101, 0.03408, 0.43640, 0.81067, 0.10610
0.08294, 0.06697, 0.08897, 0.13293, 0.04697, 0.08917, 0.36555, 0.13811, 0.63824, 1.40200
0.04082, 0.15195, 0.08503, 0.09243, 0.04975, 0.00819, 0.04986, 0.58977, 0.52692, 1.98481
0.00889, 0.06580, 0.13053, 0.04901, 0.18141, 0.33678, 0.12997, 1.07652, 0.43700, 0.33443
0.00982, 0.02722, 0.02281, 0.04438, 0.01289, 0.07315, 0.03803, 0.16032, 0.11292, 0.02214
0.01624, 0.00982, 0.01417, 0.03475, 0.07058, 0.01637, 0.11749, 0.09040, 0.01798, 0.12383
0.08408, 0.17919, 0.00624, 0.06511, 0.02664, 1.35615, 0.17218, 0.12121, 0.99702, 0.81800
0.13654, 0.00691, 0.03084, 0.00303, 0.03845, 0.21558, 0.06961, 0.12535, 0.05114, 0.16805
0.03390, 0.01313, 0.01902, 0.02068, 0.10125, 0.24667, 0.27569, 0.00399, 0.15689, 0.16254
0.00416, 0.01933, 0.04540, 0.02554, 0.05327, 0.39301, 0.22686, 0.40245, 0.82534, 0.02723
0.13576, 0.08281, 0.16947, 0.19738, 0.12809, 0.04966, 0.03323, 0.01496, 1.29217, 3.00866
0.02977, 0.12519, 0.25029, 0.08093, 0.13301, 0.16065, 0.38051, 0.00841, 0.01661, 0.46539
0.01382, 0.05664, 0.02741, 0.00049, 0.03801, 0.03080, 0.62629, 0.84944, 0.00856, 0.23622
0.06774, 0.03354, 0.02258, 0.01671, 0.16757, 0.17657, 0.06157, 0.14128, 0.17113, 0.21378
0.04282, 0.00029, 0.01762, 0.01721, 0.04721, 0.03060, 0.11586, 0.30216, 0.47889, 0.55953
0.00964, 0.07858, 0.01504, 0.01836, 0.00585, 0.18107, 0.59526, 0.42214, 0.12145, 0.00514
0.01670, 0.16503, 0.01832, 0.04427, 0.11514, 0.06468, 0.72416, 0.68656, 0.09333, 0.16933
0.52623, 0.13478, 0.05381, 0.00366, 0.12422, 0.58478, 0.02081, 0.16641, 0.59483, 0.17865
0.03785, 0.01202, 0.01211, 0.14129, 0.03435, 0.04367, 0.07872, 0.11098, 0.00570, 0.07402
0.00721, 0.07961, 0.01611, 0.06664, 0.04392, 0.22055, 0.03580, 0.19407, 0.82038, 0.10435
0.01471, 0.04557, 0.00722, 0.10693, 0.00566, 0.34481, 0.11454, 0.56623, 0.42571, 0.40063
0.18585, 0.04511, 0.09171, 0.06787, 0.01941, 0.51706, 0.06709, 0.06801, 0.73384, 0.21674
0.05240, 0.06534, 0.05933, 0.02685, 0.28618, 0.20030, 0.17577, 0.10792, 0.31837, 1.09194
0.01441, 0.01835, 0.08635, 0.00042, 0.10516, 0.04272, 0.24725, 0.00894, 0.33263, 0.01902
0.07916, 0.01773, 0.00094, 0.01033, 0.06029, 0.39247, 0.14147, 0.27493, 0.29743, 1.39879
0.04748, 0.03071, 0.02467, 0.01498, 0.01499, 0.11805, 0.14023, 0.89056, 0.16755, 0.37278
0.04534, 0.38667, 0.17214, 0.36483, 0.05921, 1.25839, 0.34394, 1.00258, 2.55783, 0.13176
0.00209, 0.15952, 0.03314, 0.08204, 0.13765, 0.17097, 0.08089, 0.20496, 0.89354, 0.42868
0.03435, 0.03268, 0.01315, 0.00430, 0.08462, 0.13523, 0.05859, 0.21613, 0.19060, 0.39820
0.00633, 0.03182, 0.00799, 0.05649, 0.08562, 0.01644, 0.01170, 0.01502, 0.02235, 0.14861
0.00483, 0.02734, 0.07516, 0.05802, 0.00919, 0.01842, 0.57678, 0.06097, 0.06786, 0.00604
0.03753, 0.02652, 0.03892, 0.00096, 0.04632, 1.12444, 0.03589, 0.04151, 1.07392, 0.27546
0.00640, 0.02110, 0.01184, 0.08877, 0.04802, 0.03307, 0.08461, 0.09518, 0.03774, 0.83916
0.01007, 0.04083, 0.00427, 0.07541, 0.04202, 0.24961, 0.25545, 0.32806, 0.25725, 0.34780
0.04912, 0.05286, 0.06749, 0.04244, 0.05135, 0.11081, 0.16479, 0.53123, 0.09335, 0.36615
0.05612, 0.05292, 0.08064, 0.06055, 0.02037, 0.75332, 0.16153, 0.43726, 1.94961, 0.12726
0.11986, 0.14617, 0.00428, 0.02564, 0.05311, 0.70548, 0.54978, 0.34179, 0.65694, 0.36035
0.12580, 0.02055, 0.04064, 0.02583, 0.12582, 0.00520, 0.67780, 1.28656, 0.00460, 0.27398
0.04443, 0.03982, 0.00227, 0.00437, 0.08139, 0.12515, 0.04653, 0.44336, 0.05263, 0.45082
0.00925, 0.08307, 0.03563, 0.01131, 0.03792, 0.08261, 0.27613, 0.15906, 0.22871, 0.16479
0.01851, 0.22233, 0.11424, 0.05544, 0.05145, 0.31755, 0.12042, 1.03905, 0.10778, 1.09585
0.06599, 0.06204, 0.07462, 0.02057, 0.01663, 0.04157, 0.28712, 0.44326, 0.11518, 0.10570
0.00326, 0.07549, 0.01110, 0.02626, 0.01700, 0.00491, 0.01008, 0.41127, 0.09321, 0.13472
0.03745, 0.00548, 0.01240, 0.00116, 0.07075, 0.00249, 0.11983, 0.10464, 0.02174, 0.07068
0.08405, 0.07637, 0.00607, 0.14272, 0.05683, 0.18533, 0.41095, 1.01296, 0.06255, 0.42383
0.07536, 0.09567, 0.14966, 0.04044, 0.06546, 0.07199, 0.31184, 0.38276, 0.47822, 0.11102
0.00311, 0.05989, 0.04070, 0.07430, 0.09000, 0.33738, 0.11635, 0.20335, 0.26185, 0.87005
0.03351, 0.12098, 0.01119, 0.20243, 0.01443, 0.38755, 0.00796, 0.68809, 0.70955, 2.00530
0.14985, 0.04752, 0.10144, 0.11401, 0.02529, 0.05389, 0.25624, 1.18514, 0.20277, 3.08494
0.19738, 0.03855, 0.05962, 0.02873, 0.17652, 0.54332, 0.21366, 0.80393, 1.49690, 0.38905
0.02683, 0.05651, 0.00695, 0.04713, 0.11455, 0.15623, 0.03149, 0.02395, 0.16951, 0.16475
0.10111, 0.06935, 0.03166, 0.03422, 0.06654, 0.25892, 0.05183, 0.01766, 0.00346, 0.67297
0.00318, 0.01572, 0.01767, 0.03706, 0.03395, 0.40230, 0.01634, 0.15786, 0.59822, 0.06524
0.01125, 0.00422, 0.00603, 0.03296, 0.01848, 0.20244, 0.01423, 0.14906, 0.62137, 0.07692
0.07762, 0.08958, 0.01697, 0.14417, 0.08016, 0.56024, 0.31894, 0.17907, 0.85244, 0.92892
0.00363, 0.10852, 0.00028, 0.00505, 0.01399, 1.26364, 0.51996, 1.15799, 1.00767, 0.24498
0.04164, 0.00836, 0.02888, 0.00849, 0.02656, 0.01318, 0.04397, 0.22464, 0.07713, 0.17126
0.21066, 0.19856, 0.02594, 0.06772, 0.16181, 0.06333, 0.13601, 0.66019, 0.06768, 0.11118
0.05945, 0.01700, 0.08824, 0.01657, 0.16889, 0.00165, 1.15417, 1.02204, 0.02794, 0.31593
0.02417, 0.09500, 0.15167, 0.05749, 0.13538, 1.23599, 1.06107, 1.06025, 1.31306, 0.39523
0.60808, 0.21384, 0.04006, 0.10318, 0.23598, 0.15570, 0.26747, 1.28156, 0.03447, 0.80869
0.07954, 0.08738, 0.11827, 0.02613, 0.03894, 0.02818, 0.27472, 0.37543, 0.10246, 0.04602
0.09916, 0.09859, 0.11957, 0.06646, 0.05293, 0.01071, 0.32530, 0.41049, 0.31363, 0.20761
0.06301, 0.18724, 0.13597, 0.07788, 0.20442, 0.18405, 0.50324, 0.20355, 0.90610, 1.49765
0.01751, 0.01267, 0.00832, 0.05127, 0.01271, 0.53866, 0.00020, 0.08928, 0.67174, 0.04583
0.11992, 0.01457, 0.05992, 0.15425, 0.04925, 1.05771, 0.12775, 0.16437, 0.33532, 0.60497
0.00118, 0.08648, 0.10487, 0.03852, 0.00737, 0.54544, 0.32608, 0.21649, 0.12843, 0.43788
0.05186, 0.00325, 0.03572, 0.01336, 0.05598, 0.01613, 0.00790, 0.03423, 0.01055, 0.49391
0.05742, 0.00037, 0.08808, 0.02890, 0.13073, 0.00790, 0.27069, 0.06273, 0.08879, 0.80675
0.08541, 0.00230, 0.00793, 0.01090, 0.04038, 0.05914, 0.00351, 0.08224, 0.08918, 0.26433
0.01615, 0.10041, 0.05003, 0.09651, 0.01407, 1.25880, 0.40596, 0.49101, 2.15292, 0.10537
0.06927, 0.10926, 0.02972, 0.13968, 0.02331, 0.21068, 0.19022, 0.69292, 0.05678, 2.04804
0.05392, 0.01786, 0.04371, 0.00324, 0.27001, 0.16336, 0.32378, 0.05774, 0.40869, 0.04987
0.04690, 0.03777, 0.04613, 0.10285, 0.00998, 0.76363, 0.10264, 0.22672, 0.41980, 0.23363
0.03630, 0.21339, 0.00809, 0.04052, 0.07853, 1.08521, 0.23154, 0.28465, 0.33539, 0.18711
0.09379, 0.02810, 0.08661, 0.02626, 0.00563, 0.03400, 0.08759, 0.05319, 0.16444, 1.73007
0.16535, 0.30512, 0.17599, 0.18793, 0.18170, 0.37487, 0.87503, 0.96517, 0.55685, 0.03665
0.03520, 0.06778, 0.02991, 0.04324, 0.00411, 0.26987, 0.00584, 0.42892, 0.14551, 0.37182
0.05386, 0.00694, 0.04957, 0.09675, 0.15032, 0.03209, 0.10611, 0.06495, 0.00975, 0.39698
0.01532, 0.00614, 0.00064, 0.00167, 0.02452, 0.24294, 0.10374, 0.81370, 0.20912, 0.02770
0.06307, 0.12574, 0.15149, 0.05953, 0.07132, 0.00195, 0.30950, 0.36285, 0.32085, 0.34503
0.01178, 0.12274, 0.01735, 0.11766, 0.17137, 0.14232, 0.06309, 0.28812, 0.39575, 0.54470
0.00623, 0.01851, 0.01790, 0.02223, 0.02033, 0.19865, 0.00547, 0.16468, 0.31772, 0.05763
0.09412, 0.04763, 0.13620, 0.00755, 0.05340, 0.02072, 0.31943, 0.33313, 0.18104, 0.13032
0.16087, 0.25133, 0.03228, 0.19266, 0.01421, 0.16278, 0.63245, 1.12041, 0.50995, 0.05503
0.13464, 0.07868, 0.10172, 0.10231, 0.11188, 0.05464, 0.24473, 0.22794, 0.24106, 3.18109
0.08093, 0.12282, 0.10946, 0.11820, 0.04033, 0.11713, 0.02297, 0.40634, 0.23251, 2.25858
0.33126, 0.00193, 0.36510, 0.10264, 0.05369, 0.59751, 0.01342, 0.12147, 1.14890, 2.09768
0.02031, 0.17108, 0.00138, 0.42922, 0.06435, 0.05422, 1.24834, 1.76479, 0.24252, 0.47818
0.27613, 0.04126, 0.00074, 0.07169, 0.14780, 1.23885, 0.05927, 0.57484, 0.78038, 0.35506
0.04703, 0.00313, 0.03133, 0.02601, 0.08377, 0.69660, 0.16665, 0.00914, 0.31634, 0.89076
0.00704, 0.13298, 0.04558, 0.32386, 0.11541, 0.11160, 1.75117, 1.20630, 0.13963, 0.50248
0.05698, 0.08282, 0.06588, 0.00569, 0.03985, 0.12399, 0.32788, 0.39955, 0.13971, 0.28807
0.00709, 0.09075, 0.08335, 0.04960, 0.10076, 0.01750, 1.21814, 0.49873, 0.05314, 0.16573
0.03258, 0.06272, 0.04142, 0.06444, 0.03270, 0.38808, 0.50285, 0.12581, 0.18375, 1.01123
0.09461, 0.04222, 0.12337, 0.00744, 0.04017, 0.02070, 0.32831, 0.29403, 0.19083, 0.19601
0.02290, 0.05915, 0.04792, 0.10819, 0.01429, 0.26091, 0.27389, 0.01317, 0.22413, 0.10259
0.07346, 0.04942, 0.04534, 0.02667, 0.04837, 0.76887, 0.82399, 0.84116, 0.42576, 0.91665
0.00356, 0.04117, 0.02146, 0.00670, 0.00753, 0.27005, 0.19916, 0.08779, 0.20715, 0.05018
0.24687, 0.00242, 0.21271, 0.05405, 0.05661, 0.34153, 0.01154, 0.08342, 0.83985, 2.44236
0.12933, 0.00679, 0.05032, 0.09916, 0.10786, 0.93858, 0.74535, 0.69437, 1.25636, 0.69227
0.03727, 0.08329, 0.04250, 0.00034, 0.03717, 0.20303, 0.33449, 0.34760, 0.27282, 0.25092
0.17788, 0.01619, 0.21902, 0.05710, 0.06261, 0.14617, 0.00439, 0.19750, 0.83612, 2.41690
0.43214, 0.09433, 0.01918, 0.01658, 0.15377, 0.33126, 0.13038, 0.11272, 0.22933, 0.19748
0.00089, 0.02125, 0.02170, 0.01781, 0.00159, 0.19001, 0.34912, 0.12825, 0.16837, 0.14526
0.02159, 0.01040, 0.00908, 0.00168, 0.01522, 0.36621, 0.35265, 1.32088, 0.23527, 0.74650
0.12657, 0.01113, 0.00723, 0.11060, 0.21629, 0.06685, 0.04242, 0.45881, 0.37057, 0.11899
0.17389, 0.11917, 0.20782, 0.11782, 0.00141, 0.05112, 0.12840, 1.32818, 0.28240, 2.90362
0.02733, 0.02864, 0.05170, 0.05482, 0.04000, 0.13307, 0.16115, 0.41930, 0.43429, 0.11550
0.02649, 0.00900, 0.03018, 0.01781, 0.00073, 0.17022, 0.06308, 0.14112, 0.43117, 0.10475
0.08633, 0.37275, 0.06321, 0.22399, 0.05434, 0.00778, 0.41758, 1.02474, 0.27342, 0.22750
0.03177, 0.03439, 0.03949, 0.12410, 0.08950, 0.10310, 0.07801, 0.04717, 0.01666, 0.08984
0.10262, 0.11001, 0.27280, 0.03226, 0.27937, 0.88099, 1.12784, 1.21258, 1.37078, 0.13430
0.03157, 0.02419, 0.02488, 0.00192, 0.06720, 0.09085, 0.72487, 1.30903, 0.07442, 0.44468
0.00782, 0.10075, 0.04964, 0.01228, 0.04839, 0.25511, 0.73431, 0.64885, 0.15376, 0.15002
0.25455, 0.03920, 0.25740, 0.19342, 0.07229, 0.03322, 0.38639, 0.35035, 0.00752, 0.09733
0.00910, 0.01890, 0.03623, 0.05650, 0.05149, 0.04172, 0.24908, 0.20899, 0.28441, 0.42542
0.05990, 0.11708, 0.06221, 0.09693, 0.04525, 0.03176, 0.29719, 0.86462, 0.84228, 1.42441
0.05352, 0.09390, 0.03301, 0.08866, 0.05259, 0.27870, 0.01563, 0.48361, 1.08820, 0.58988
0.40054, 0.01037, 0.41433, 0.04242, 0.02277, 1.23618, 0.20478, 0.05985, 0.65934, 1.54729
0.00057, 0.02876, 0.00037, 0.02843, 0.03168, 0.10031, 0.07866, 0.38272, 0.26293, 0.01950
0.22446, 0.05843, 0.25948, 0.12885, 0.03167, 0.07513, 0.03635, 2.24859, 0.29279, 2.22092
0.00153, 0.08799, 0.04710, 0.12552, 0.05134, 0.03597, 0.17856, 0.03545, 0.06877, 0.30127
0.05813, 0.03154, 0.02528, 0.00694, 0.00108, 0.18980, 0.46922, 0.16758, 0.15357, 0.03408
0.00810, 0.09082, 0.02860, 0.19645, 0.04048, 0.31121, 0.03899, 0.02154, 0.05999, 0.92078
0.01744, 0.10279, 0.05403, 0.13083, 0.02158, 0.62106, 0.05355, 0.06306, 0.30741, 0.71715
0.14296, 0.08780, 0.10336, 0.18860, 0.06885, 0.34857, 0.36950, 0.01761, 1.57033, 1.52618
0.19976, 0.33183, 0.05385, 0.05054, 0.02480, 0.31732, 0.22331, 0.42724, 0.01382, 1.29428
0.00646, 0.03115, 0.00415, 0.02533, 0.06132, 0.10257, 0.00332, 0.01482, 0.07847, 0.08490
0.09270, 0.06037, 0.13601, 0.00777, 0.04918, 0.04818, 0.26175, 0.36519, 0.14651, 0.24702
0.01443, 0.09478, 0.01780, 0.04694, 0.08147, 0.51871, 0.11639, 0.03321, 0.20817, 1.06807
0.09924, 0.01494, 0.04127, 0.05286, 0.02065, 0.16290, 0.09619, 0.05167, 0.57762, 0.31545
0.00299, 0.03754, 0.02322, 0.01826, 0.00681, 0.16023, 0.17717, 0.05751, 0.04080, 0.36153
0.01315, 0.01191, 0.03515, 0.06395, 0.12393, 0.57929, 0.62299, 0.09348, 0.37804, 0.32156
0.19065, 0.11449, 0.00599, 0.00251, 0.00704, 0.69123, 0.02604, 0.16597, 0.35466, 0.69361
0.00524, 0.01336, 0.01147, 0.03630, 0.00152, 0.38225, 0.09508, 0.03955, 0.41563, 0.06203
0.41106, 0.10489, 0.03907, 0.08793, 0.07420, 0.20037, 0.41717, 0.18130, 0.30445, 1.11449
0.08681, 0.01757, 0.02035, 0.10346, 0.07359, 0.18186, 0.06228, 0.13005, 0.08725, 1.05716
0.04299, 0.00566, 0.06642, 0.13672, 0.00813, 0.44422, 0.03217, 0.06960, 0.11677, 0.49161
0.08765, 0.05857, 0.11782, 0.00147, 0.03398, 0.05998, 0.34794, 0.24293, 0.17432, 0.26312
0.01288, 0.01651, 0.00232, 0.01120, 0.00479, 0.40652, 0.27817, 0.18006, 0.78966, 0.14420
0.05377, 0.02014, 0.03202, 0.03499, 0.06580, 0.06370, 0.10536, 0.22540, 0.00770, 0.87400
0.05893, 0.02123, 0.03561, 0.00452, 0.00959, 0.06039, 0.16586, 0.05567, 0.13872, 0.08590
0.06848, 0.07229, 0.16449, 0.08534, 0.01944, 0.01143, 0.26158, 0.04761, 0.10258, 0.78116
0.16346, 0.06682, 0.09745, 0.06569, 0.14576, 1.34056, 0.10145, 0.73043, 0.37468, 4.54533
0.03007, 0.11844, 0.02123, 0.06830, 0.00369, 0.09701, 0.45651, 0.47137, 0.49828, 0.19159
0.01223, 0.02537, 0.02857, 0.04198, 0.03485, 0.07279, 0.22042, 0.33708, 0.11802, 0.02889
0.01468, 0.03262, 0.05374, 0.07972, 0.00323, 0.34531, 0.02988, 0.02769, 0.24853, 0.08915
0.66790, 0.11118, 0.01809, 0.01044, 0.14267, 0.22254, 0.00633, 0.26484, 0.06731, 0.45707
0.09059, 0.10445, 0.01276, 0.14229, 0.05514, 0.38000, 0.14359, 0.52897, 0.36850, 1.59063
0.00423, 0.09520, 0.02148, 0.01883, 0.02577, 0.09497, 0.67924, 0.51754, 0.01301, 0.00603
0.07692, 0.05159, 0.09329, 0.01278, 0.01925, 0.17110, 0.36743, 0.16326, 0.24629, 0.09205
0.00625, 0.06842, 0.05038, 0.13776, 0.03195, 0.98070, 0.11768, 0.19565, 0.58807, 0.39554
0.60416, 0.10525, 0.07355, 0.02160, 0.14794, 0.16639, 0.20084, 0.02366, 0.35781, 0.56395
0.00640, 0.08544, 0.06119, 0.00871, 0.09606, 0.11285, 0.70005, 0.21994, 0.30911, 0.11670
0.03189, 0.05936, 0.06765, 0.04519, 0.04133, 0.38031, 0.09310, 1.23292, 0.23613, 0.63620
0.00860, 0.02480, 0.01207, 0.00440, 0.02315, 0.05635, 0.04831, 0.48105, 0.04931, 0.06582
0.02656, 0.02106, 0.09777, 0.00278, 0.26661, 0.01179, 0.48530, 0.31924, 0.14912, 0.15199
0.45993, 0.00638, 0.19488, 0.00563, 0.20773, 1.10506, 0.37794, 0.17910, 0.34681, 1.00220
0.02851, 0.07048, 0.02357, 0.02449, 0.00052, 0.09639, 0.43817, 0.34700, 0.08495, 0.01351
