-48.18085, -29.78906, -32.86325, -38.79114, -22.12205, -35.53257, -36.60210, -14.85994, -24.85073, -21.81178
-57.16746, -38.72465, -38.16142, -47.40285, -37.57642, -38.70081, -42.31555, -24.71895, -37.82046, -28.09144
-39.66942, -48.50809, -27.30777, -32.59666, -23.59402, -34.47983, -32.73818, -17.86900, -24.21137, -17.64059
-51.86176, -37.55770, -33.38371, -39.15256, -28.28679, -28.58789, -36.78201, -25.42607, -43.66394, -30.20524
-50.96461, -38.46020, -34.05418, -46.98142, -32.28694, -32.93509, -37.23018, -23.74001, -32.42557, -29.39811
-52.57926, -59.18160, -52.49571, -53.09711, -51.30632, -42.49928, -51.13743, -51.20982, -49.85734, -45.27635
-54.55154, -48.07650, -29.31929, -34.22981, -27.30577, -37.12441, -39.20710, -23.16182, -26.04613, -25.00392
-34.17729, -39.04913, -28.15742, -34.49762, -23.84943, -22.96212, -33.99217, -43.18133, -22.81456, -19.54812
-45.30880, -39.77961, -34.92740, -46.44905, -33.82052, -33.28894, -35.52004, -29.13512, -36.38290, -32.76158
-42.95512, -40.03132, -26.40537, -34.08334, -23.25200, -26.37217, -35.58815, -17.57023, -24.55030, -17.03638
-45.59126, -28.93193, -29.23743, -39.85113, -22.15717, -26.91452, -33.33788, -16.34120, -22.54565, -25.17193
-40.21672, -33.27344, -32.10212, -36.42035, -24.01828, -43.14859, -33.12212, -13.18370, -35.22930, -21.88772
-41.23250, -54.26211, -37.41328, -40.57842, -37.44110, -40.16392, -56.71667, -51.65873, -30.35181, -30.25602
-40.49740, -40.04348, -44.28067, -43.84979, -39.21038, -29.15894, -38.34738, -43.71633, -54.41633, -33.35950
-59.63326, -46.05743, -29.70777, -32.49487, -28.09303, -28.46933, -40.34655, -24.85373, -24.23098, -21.41131
-49.86838, -37.03456, -35.13789, -47.48943, -33.91884, -35.14777, -37.23418, -22.42594, -39.18026, -28.56869
-45.96574, -41.37662, -46.20996, -40.52561, -35.73931, -33.63526, -42.14281, -29.65373, -40.86653, -38.02873
-40.04100, -34.38473, -31.52792, -35.83865, -24.33999, -45.89351, -32.89470, -12.92183, -52.80183, -20.35733
-46.15688, -42.63082, -31.91898, -35.55938, -28.81376, -29.24870, -35.69497, -27.53186, -24.43804, -23.18254
-42.15314, -43.77681, -31.59624, -38.06177, -29.60036, -58.39885, -34.09412, -14.98693, -31.70976, -21.95015
-39.22489, -34.48179, -29.34963, -48.96861, -20.89009, -26.89336, -33.33545, -21.42987, -31.39597, -22.87125
-41.37307, -38.28170, -33.28773, -44.75858, -27.83418, -29.67865, -42.15934, -26.72330, -28.98735, -30.80285
-48.06609, -41.15897, -32.63852, -47.64963, -24.47314, -31.02926, -39.36238, -25.41820, -37.18107, -19.35447
-41.85618, -35.71988, -21.37797, -33.10385, -19.13075, -23.91044, -31.84591, -17.74787, -19.05245, -19.13955
-35.56771, -47.90524, -33.57852, -35.80636, -33.33013, -28.39401, -43.66706, -34.11062, -27.47343, -23.83270
-53.95160, -50.26759, -43.00864, -49.57743, -38.86227, -48.32101, -59.88169, -26.21131, -42.74740, -28.91087
-59.18913, -38.49671, -38.88617, -44.75359, -37.43085, -38.34690, -42.81620, -25.41195, -37.17791, -28.47619
-50.64983, -47.89242, -36.23349, -43.65027, -35.26589, -56.80754, -41.92231, -21.53349, -42.49186, -24.89975
-38.06327, -42.81266, -23.38203, -26.69910, -20.19158, -30.73442, -30.33519, -15.94963, -18.62365, -15.56165
-38.27583, -54.06708, -34.98645, -40.22430, -34.58717, -36.96454, -61.26725, -37.51804, -28.86243, -27.25175
-39.63420, -54.44962, -24.78614, -29.51916, -21.20485, -28.64769, -30.70524, -15.48868, -21.39559, -15.64733
-47.18907, -43.81121, -32.09860, -36.08800, -29.93449, -31.24327, -37.33386, -23.08608, -28.50017, -22.31539
-33.18086, -40.44194, -34.34011, -37.49721, -35.98432, -25.92672, -42.25601, -36.21699, -28.17458, -24.05639
-43.00890, -28.57828, -32.54314, -34.11033, -21.92431, -25.25955, -32.20833, -16.89805, -27.00849, -26.09938
-56.29270, -36.39217, -34.23707, -44.05959, -33.90972, -33.16992, -36.63078, -22.16161, -37.98893, -26.67085
-45.94412, -32.37182, -34.38757, -41.70415, -25.55710, -31.66066, -37.24436, -18.43153, -29.66254, -25.32609
-43.58543, -48.79414, -29.15110, -37.49798, -26.94944, -39.28331, -33.25383, -17.99706, -29.24275, -22.93115
-45.65582, -53.05752, -35.35405, -40.48587, -31.39774, -39.45586, -36.76653, -24.67757, -32.30969, -24.45369
-42.66533, -41.11670, -29.97155, -39.59188, -29.47385, -31.82189, -34.11300, -22.47899, -30.37099, -23.59329
-45.73512, -47.83661, -28.22513, -37.31562, -25.86424, -34.57277, -37.22994, -18.99714, -26.92616, -21.17395
-47.83875, -47.06327, -38.28226, -46.55976, -38.11263, -38.19766, -55.18220, -49.72821, -33.19075, -31.21731
-46.69480, -43.86517, -31.29537, -35.12787, -30.37701, -28.02682, -36.14269, -21.50235, -28.73263, -20.87687
-38.54186, -29.81179, -34.64001, -38.86126, -26.43792, -24.09389, -32.32484, -22.63982, -30.77286, -42.73920
-41.80480, -31.80657, -39.23254, -34.43484, -26.24373, -29.04425, -35.61696, -19.79146, -30.45587, -26.52461
-76.14772, -43.05979, -38.10448, -41.58221, -31.65844, -39.40995, -41.10889, -31.17329, -34.48826, -24.04090
-37.36742, -37.98514, -22.77520, -30.58323, -19.04462, -23.75682, -31.35472, -13.73150, -20.81812, -14.10089
-44.33062, -45.76640, -32.51766, -37.39908, -32.41420, -53.52992, -36.66681, -16.73851, -31.10017, -21.20357
-45.79645, -39.02243, -29.09887, -41.22397, -27.41725, -42.16733, -35.71618, -20.12554, -26.69169, -23.58112
-47.30102, -48.63929, -37.14482, -46.14372, -33.87338, -51.15315, -45.43393, -22.10134, -42.29975, -24.65333
-45.23507, -47.39051, -31.42763, -36.74153, -25.53963, -42.33800, -41.23442, -23.79365, -29.76444, -17.79609
-50.74792, -35.91804, -33.99105, -39.22912, -31.99234, -29.81166, -40.79425, -34.94041, -28.73342, -23.59553
-47.12252, -34.89275, -31.89906, -43.01150, -25.39325, -24.44265, -36.52017, -30.47851, -36.84727, -19.86871
-42.46141, -31.66699, -37.08714, -42.82128, -27.37602, -26.13021, -35.76935, -23.42652, -31.52704, -40.34005
-50.69115, -37.51341, -28.27458, -36.96835, -27.45995, -28.09810, -32.61579, -17.46714, -28.79156, -25.33458
-41.95020, -41.87298, -32.13195, -44.78243, -23.61160, -32.93296, -37.30303, -23.18608, -37.98397, -18.47042
-43.24858, -45.16417, -32.29997, -37.32071, -31.48525, -46.15437, -38.94144, -17.24334, -35.61597, -20.53323
-38.12566, -40.62819, -24.07037, -34.04712, -21.66874, -34.67179, -30.48629, -14.00062, -22.11326, -17.35006
-51.60235, -36.72163, -26.63675, -39.39700, -23.16846, -24.90074, -33.92749, -23.72330, -27.37356, -23.16245
-45.97217, -49.99613, -34.23662, -41.78155, -33.60300, -48.21613, -41.80477, -19.85096, -36.66788, -21.88012
-45.03602, -40.26351, -41.48599, -41.18741, -39.79922, -30.86012, -39.72472, -34.94256, -44.24169, -62.89456
-51.50035, -72.78646, -32.01888, -37.82979, -28.27394, -37.98071, -36.93202, -22.24500, -28.17465, -22.72026
-42.37047, -46.62550, -23.25247, -30.16269, -20.58295, -26.97927, -35.94178, -19.43037, -19.76349, -19.43041
-50.70659, -44.10399, -32.74651, -31.60275, -30.13093, -36.73140, -43.32776, -35.51003, -23.35046, -21.54789
-39.98454, -33.86643, -29.19856, -44.18831, -21.60288, -25.01500, -31.35073, -23.24115, -31.55890, -22.36671
-60.51129, -38.67663, -38.56061, -53.23160, -36.30498, -34.54611, -45.97576, -28.74324, -37.67963, -26.41664
-47.38523, -47.51245, -37.16335, -43.20687, -32.43413, -36.81034, -43.05590, -28.37404, -34.78633, -28.13083
-70.04289, -49.36645, -26.62476, -32.95269, -24.48226, -34.43393, -35.91880, -18.60101, -24.48999, -23.99179
-37.37438, -42.17875, -23.33903, -31.44887, -20.32258, -33.82423, -28.49018, -12.87106, -21.80712, -16.73290
-44.19606, -38.17149, -35.11174, -46.17088, -28.51190, -43.30997, -37.58351, -18.23236, -42.97266, -23.44721
-36.84116, -38.95199, -32.47016, -38.49731, -29.31262, -25.33701, -36.03412, -38.15265, -27.88188, -26.00283
-41.92590, -39.13724, -27.24543, -35.55968, -24.99132, -28.78678, -32.81826, -17.39779, -24.35111, -19.00256
-70.49443, -44.24704, -33.34322, -37.45245, -32.79543, -33.24847, -42.09445, -37.53938, -26.95049, -23.79898
-43.65787, -51.98374, -31.71551, -37.33361, -28.75181, -33.43542, -35.42617, -21.58982, -28.58516, -21.35155
-43.68597, -43.40839, -24.37882, -32.86287, -21.69362, -35.82256, -29.86509, -14.81154, -23.72208, -18.72002
-46.23660, -47.06629, -33.56179, -38.06195, -33.40671, -57.41088, -37.64987, -17.63464, -31.74050, -22.06420
-45.41683, -39.53173, -29.77509, -38.44676, -29.61007, -27.31557, -39.60234, -36.16564, -25.40768, -20.62469
-42.47252, -33.62886, -37.84938, -40.08811, -27.86040, -26.19353, -35.23408, -24.62128, -31.98891, -40.88436
-46.18117, -44.93132, -43.43046, -51.81586, -38.00588, -43.59564, -37.52268, -45.26079, -41.57064, -39.80255
-39.49882, -57.58124, -30.77538, -38.19699, -30.89163, -34.37710, -45.54138, -25.09940, -27.46342, -32.36590
-47.26382, -53.04590, -50.32345, -56.40585, -49.33793, -49.47095, -60.80029, -67.10188, -44.99388, -45.55670
-43.27631, -35.77349, -36.15627, -45.19453, -37.90717, -29.20600, -32.23059, -37.00815, -35.35842, -32.85017
-42.62283, -50.68263, -38.71457, -41.26008, -39.46309, -32.69456, -44.64637, -52.61322, -31.08552, -30.17068
-51.20812, -35.97123, -34.92312, -43.60266, -28.30683, -26.06995, -37.50592, -33.89805, -55.13965, -25.84437
-50.28912, -32.09997, -28.50497, -39.96352, -22.52405, -21.43778, -30.90893, -39.54250, -40.55946, -22.03816
-44.17921, -32.77442, -34.95769, -43.99630, -36.28391, -25.25571, -30.11254, -40.56976, -32.03077, -28.06052
-49.90852, -38.73481, -25.63010, -27.65441, -23.41745, -32.17013, -35.05451, -25.82204, -19.48946, -17.97874
-46.97258, -40.68180, -38.08746, -43.10764, -32.38360, -39.05250, -34.34030, -35.09162, -33.45322, -28.33946
-46.33976, -33.32700, -27.80885, -41.02126, -22.05408, -21.95868, -31.27283, -36.38164, -33.14330, -20.13752
-48.58022, -60.79072, -28.44058, -33.54251, -24.53475, -36.27168, -32.30593, -18.23981, -24.74144, -18.43372
-36.36340, -49.78001, -27.93947, -33.18098, -27.44720, -28.43500, -40.16734, -22.22699, -23.54213, -25.62996
-34.88974, -38.40809, -28.28586, -35.25845, -24.23337, -24.50870, -35.59679, -40.92817, -23.59706, -20.25079
-51.23212, -48.77310, -26.29499, -29.20823, -24.09745, -31.03682, -46.03987, -23.81096, -20.05939, -22.03955
-50.04177, -34.76816, -32.00603, -50.13229, -23.71928, -35.95593, -37.61191, -23.43476, -27.47563, -30.79822
-45.94851, -37.51934, -31.58564, -45.54592, -29.61152, -31.94558, -34.93028, -20.76752, -31.38042, -28.39369
-45.56192, -35.88832, -33.67536, -38.64661, -25.14450, -30.43763, -37.34061, -21.59394, -32.12201, -20.47438
-45.27389, -42.61447, -36.46203, -45.29154, -27.11409, -42.35333, -40.42921, -21.42564, -38.22910, -20.35262
-44.36619, -42.20722, -32.30054, -44.60642, -27.49432, -29.85247, -44.12033, -27.35655, -33.25113, -20.50831
-58.98578, -43.89321, -31.63408, -37.03342, -29.15887, -33.87087, -40.33711, -26.62960, -27.26114, -24.65184
-63.91666, -47.12548, -35.38155, -39.44046, -28.11681, -41.67131, -43.85463, -28.14390, -30.27714, -22.03629
-59.24480, -40.55007, -31.44769, -41.81689, -32.10943, -32.54187, -53.72879, -25.39699, -30.55086, -21.80763
-44.61595, -36.83925, -36.97153, -39.88241, -35.45494, -30.24913, -38.12297, -28.42560, -39.44552, -52.49711
-38.07756, -34.86742, -27.56575, -47.88395, -20.53378, -25.78409, -39.04914, -20.33728, -22.22698, -22.35433
-44.70010, -34.58436, -27.57966, -31.86814, -24.81472, -26.42111, -36.17684, -22.76477, -21.16902, -29.95547
-47.77505, -42.07482, -41.85349, -41.63431, -34.12672, -30.70801, -39.90853, -37.68281, -46.41865, -29.11917
-43.23161, -38.28400, -26.59532, -35.44608, -21.99855, -24.74461, -32.99115, -29.91110, -25.74199, -18.61492
-50.65548, -38.90916, -39.58900, -39.19644, -28.69539, -29.91154, -39.22665, -26.72691, -35.57331, -25.24225
-63.93724, -32.54342, -28.31645, -34.10206, -25.45224, -27.89217, -31.94078, -15.20445, -27.98113, -26.48253
-44.06868, -36.13562, -32.77474, -41.76978, -24.75052, -30.12345, -37.05417, -19.73823, -35.58929, -22.46354
-33.48427, -43.84570, -20.75654, -25.43068, -17.31231, -28.69508, -26.53550, -11.50908, -17.10352, -11.82778
-53.62275, -49.09534, -31.15579, -34.92847, -29.25223, -36.89788, -40.44029, -27.65809, -26.61648, -24.30452
-51.52814, -31.67162, -30.24202, -40.10003, -20.69636, -32.23804, -32.40901, -19.32561, -28.58032, -26.76404
-52.11208, -34.26733, -35.47297, -47.10144, -30.65677, -28.02309, -40.32488, -34.11848, -32.98212, -23.99800
-57.74134, -39.55032, -36.52530, -55.10355, -36.69141, -35.08378, -42.13607, -25.98527, -36.96807, -32.44141
-39.68164, -41.28920, -28.93794, -32.29515, -26.10015, -25.78581, -38.72608, -36.43177, -22.42535, -22.65874
-35.61417, -53.65597, -22.56485, -27.98187, -18.58473, -28.86615, -26.91746, -11.77646, -19.31775, -12.71196
-48.82811, -35.20297, -39.92822, -38.68880, -29.52808, -32.72177, -39.60857, -23.17130, -32.16385, -31.95338
-53.23009, -37.08706, -35.83757, -44.54620, -29.15124, -28.96853, -39.50685, -31.67384, -34.54208, -22.13172
-35.30659, -59.98296, -22.27167, -28.94762, -18.89837, -29.59796, -28.35240, -12.11853, -19.73874, -13.33585
-45.39160, -37.86981, -45.36986, -39.74084, -30.78914, -37.79898, -43.22409, -23.79711, -32.84358, -30.39865
-43.11195, -42.82758, -43.53005, -46.63830, -35.89476, -32.26191, -40.00082, -38.52482, -49.82686, -32.61762
-49.56224, -54.95524, -33.80974, -32.72581, -30.77653, -33.43974, -46.23524, -32.65919, -24.25107, -21.64937
-36.53997, -43.07924, -23.98749, -31.06085, -20.81322, -34.53728, -27.41935, -12.18818, -22.41393, -15.69198
-56.17601, -39.42351, -32.45978, -52.32869, -31.43764, -30.45311, -38.18727, -27.98909, -39.40609, -34.43464
-41.49242, -38.59668, -39.40343, -55.12666, -36.50704, -32.19058, -32.92185, -42.92162, -38.18914, -32.88424
-49.48024, -34.49344, -30.13199, -36.14864, -28.44756, -26.09924, -37.18505, -33.64731, -25.22734, -20.59670
-57.65072, -47.77805, -43.51453, -50.95888, -40.70741, -42.43503, -41.90705, -38.95156, -48.18718, -36.01849
-34.96944, -28.05530, -32.70637, -38.89974, -22.05931, -24.70529, -32.10045, -15.39101, -25.69960, -22.11541
-49.91688, -50.42195, -29.51750, -32.73726, -26.96703, -29.89082, -36.33138, -20.94277, -24.73726, -20.58611
-50.56151, -41.22754, -37.74512, -45.65926, -27.56634, -35.33903, -38.22993, -25.49597, -39.91791, -22.69517
-50.65814, -34.23593, -32.58039, -38.41502, -29.60308, -27.54378, -38.19891, -33.60849, -27.98771, -22.10496
-40.75876, -52.82910, -27.42251, -36.06182, -24.51143, -37.12765, -30.93898, -14.90585, -27.07095, -18.37218
-48.93278, -39.53270, -31.75209, -35.50324, -27.48444, -31.00409, -36.21022, -22.26647, -33.04069, -25.11655
-37.74847, -35.20983, -23.28313, -29.28192, -20.30403, -30.89637, -26.64397, -11.79022, -20.75149, -14.70763
-55.07198, -42.75080, -35.54235, -35.09145, -33.12099, -35.58996, -44.20852, -35.20296, -26.47895, -23.39347
-40.73104, -40.56278, -26.99830, -34.85268, -23.36987, -30.80782, -32.87150, -16.61140, -24.78470, -18.49939
-49.76056, -38.48483, -39.11876, -47.38078, -42.71563, -30.84176, -36.28990, -39.01197, -36.21489, -34.35407
-44.30724, -51.37373, -36.08415, -39.11179, -32.56126, -42.33331, -58.25497, -26.42838, -30.71272, -21.25325
-48.59069, -38.19116, -34.09908, -49.29101, -31.94823, -33.65917, -36.46515, -22.83969, -33.46453, -29.95837
-49.95540, -33.12411, -33.78615, -35.81595, -24.79591, -31.44053, -34.54243, -20.39010, -30.80906, -29.31961
-43.78768, -44.04178, -31.79941, -36.50243, -31.45025, -47.15289, -36.76765, -15.85540, -31.86533, -20.36544
-42.16267, -41.54907, -26.72646, -33.46032, -23.36128, -28.29253, -33.75054, -16.96208, -24.82571, -17.05362
-45.64806, -58.47408, -29.34341, -34.99604, -26.09148, -37.89828, -33.85024, -19.81149, -26.10851, -20.20152
-46.52020, -41.53249, -41.13159, -46.08603, -30.91829, -42.29840, -49.59522, -27.35825, -32.51759, -35.04503
-47.81835, -32.32983, -23.61111, -34.55005, -21.42756, -20.21828, -42.33020, -23.53337, -22.21880, -18.36289
-46.32285, -45.38542, -50.65185, -41.86584, -41.44621, -36.77277, -46.10628, -38.22044, -42.58398, -47.09747
-50.83284, -48.08482, -34.52167, -40.36238, -33.17123, -43.78518, -42.35233, -26.45571, -31.82922, -20.85984
-41.41483, -40.21256, -46.54870, -43.56687, -39.52196, -31.87846, -40.18355, -35.17926, -43.04267, -43.07081
-55.01361, -36.81806, -38.86968, -41.77844, -36.39359, -35.98775, -40.61798, -27.16337, -36.97182, -29.47243
-63.36010, -48.31834, -36.57664, -47.31535, -32.23856, -33.64402, -41.99574, -37.40200, -37.54221, -26.22223
-63.39060, -60.43169, -56.38335, -54.36006, -53.93102, -51.11432, -59.93357, -48.96679, -47.04025, -49.98552
-53.45321, -58.06826, -49.20125, -49.02266, -47.76941, -48.18258, -54.98343, -58.15798, -40.02131, -40.47710
-50.35757, -47.64587, -29.71727, -30.99698, -27.90054, -30.40883, -54.04530, -26.04649, -23.15062, -23.51738
-51.76767, -34.28591, -31.04171, -38.34495, -29.02147, -26.33540, -41.48096, -33.37685, -26.67567, -22.70997
-55.93289, -59.57407, -31.13226, -35.65335, -28.40772, -35.23870, -43.35245, -43.74827, -25.97705, -25.17898
-42.95831, -38.49883, -32.32284, -41.24005, -27.39145, -47.29302, -35.18486, -15.33024, -43.07992, -21.45276
-48.22115, -43.49119, -27.54532, -31.89363, -26.31358, -32.07835, -39.95825, -21.59688, -23.57449, -24.18397
-45.74722, -40.24131, -32.33303, -51.89738, -24.20624, -28.29308, -36.79286, -27.38874, -40.58717, -20.69385
-56.70150, -45.39934, -35.90207, -46.80707, -32.88123, -38.05745, -43.87798, -24.69545, -33.95635, -29.67048
-53.75523, -33.86317, -33.75320, -50.31140, -28.29258, -28.82930, -32.73271, -23.83822, -34.35845, -21.04817
-43.71032, -35.55470, -33.13446, -41.42219, -25.54123, -25.81344, -35.02602, -30.73401, -40.61245, -25.45265
-67.49823, -45.45632, -30.46612, -31.52321, -29.18618, -36.47643, -42.23311, -30.45653, -23.09530, -24.47192
-33.83273, -31.11223, -38.01513, -37.13832, -30.09383, -23.04810, -31.46325, -27.08803, -34.75176, -42.67008
-41.35685, -36.32525, -32.77471, -36.32728, -25.88688, -47.60581, -34.12404, -14.00783, -50.70179, -21.71464
-40.80990, -38.26293, -26.16443, -34.88474, -24.18347, -28.46086, -31.58455, -15.79665, -24.57778, -19.55746
-44.82611, -43.36221, -26.93837, -32.71356, -23.51069, -28.83534, -35.31921, -22.54081, -24.62268, -17.29824
-52.79639, -47.51711, -40.38306, -43.97363, -33.78426, -38.15383, -50.10745, -33.63328, -31.21562, -29.78345
-51.11705, -59.10869, -52.57991, -45.26235, -41.39204, -42.73390, -48.45514, -37.29465, -54.26852, -44.88602
-59.59368, -40.94743, -26.68912, -36.94332, -24.56043, -33.40954, -39.04043, -21.11879, -22.25092, -30.97190
-42.34681, -37.47524, -29.29628, -38.47735, -25.48927, -30.58635, -34.15242, -18.98928, -26.25767, -21.50746
-40.34333, -38.01138, -37.94117, -66.47230, -32.60112, -35.69566, -35.26707, -27.10449, -42.38621, -35.86254
-42.09449, -49.00466, -24.59290, -31.14371, -22.67257, -34.26039, -35.62228, -16.58328, -21.18378, -22.09638
-54.92533, -39.04087, -41.94716, -46.94536, -33.73907, -31.46920, -40.41074, -46.69037, -43.49682, -33.90922
-45.15081, -37.79918, -32.08582, -43.45031, -28.56012, -32.63363, -35.20671, -20.79536, -29.74913, -24.79915
-54.87871, -45.10608, -40.65355, -37.97485, -30.90871, -35.19167, -43.69581, -22.99344, -33.36504, -24.50102
-50.91252, -34.47759, -30.53620, -48.30906, -26.39666, -36.19140, -38.93974, -20.28215, -25.97583, -30.73105
-41.30847, -42.24522, -35.77370, -47.61127, -35.40670, -33.33375, -44.86521, -48.38277, -33.52913, -29.70462
-41.90018, -46.22861, -29.54580, -33.36330, -27.83277, -27.33719, -42.23265, -35.83318, -22.69141, -19.77532
-57.17097, -40.58453, -33.75149, -36.84888, -33.15532, -32.57247, -42.78720, -31.79910, -27.41800, -23.08901
-56.04036, -50.93873, -27.79874, -32.73024, -28.19352, -34.17149, -47.28486, -24.10749, -22.88343, -26.73097
-44.29477, -46.17147, -27.39291, -30.28220, -24.30346, -32.19699, -34.52891, -19.98607, -22.19245, -20.68506
-36.68325, -37.21192, -40.93821, -39.67912, -35.19236, -26.40532, -35.29019, -32.40815, -38.74833, -43.86464
-42.03088, -33.91661, -34.44707, -44.03328, -37.36656, -25.40197, -30.86320, -35.60256, -32.70977, -27.90528
-44.34516, -33.53753, -27.03243, -38.91224, -22.05606, -22.42667, -32.75654, -31.02498, -27.14696, -17.53781
-46.56154, -41.79699, -40.99978, -42.70863, -41.14182, -38.17292, -37.60951, -35.58254, -52.29886, -43.93799
-46.62960, -42.21160, -36.30451, -78.60747, -33.79894, -35.58775, -37.60436, -30.80303, -36.37784, -32.61183
-44.10271, -58.44747, -40.40726, -47.15647, -40.61546, -47.19252, -51.19971, -31.81136, -38.73162, -38.47989
-56.47967, -60.24724, -36.67732, -36.59547, -35.10659, -41.44050, -46.14257, -31.46481, -28.56156, -23.15251
-40.89612, -40.15301, -38.51296, -51.00411, -32.05495, -33.47262, -39.65182, -49.26184, -48.61916, -32.03478
-44.09687, -47.01492, -33.42440, -38.73133, -32.04935, -61.32922, -36.32964, -16.93588, -32.28744, -21.89948
-48.49101, -35.51173, -35.95073, -42.68372, -40.07960, -28.76162, -33.57597, -34.69004, -36.33254, -33.25195
-44.35288, -46.86072, -30.53046, -46.14340, -28.61421, -42.59420, -34.73032, -17.00115, -37.01018, -22.57985
-53.39665, -35.69107, -27.27352, -43.61224, -25.61815, -37.04397, -35.13656, -18.00641, -25.23026, -25.49641
-38.40110, -46.47116, -24.04765, -28.29203, -20.49340, -31.83995, -29.49966, -15.36229, -19.87427, -15.28088
-46.73249, -66.48680, -31.79021, -37.57687, -28.39013, -36.24585, -36.51474, -21.45394, -28.34760, -22.01749
-42.82809, -51.66003, -41.88081, -48.27513, -44.80313, -49.86955, -41.90580, -34.65005, -46.52249, -41.02214
-38.64567, -31.82947, -22.67793, -32.88686, -21.39789, -31.26305, -28.75613, -14.78965, -21.16688, -17.83670
-51.87257, -37.25100, -35.50038, -40.15971, -34.08862, -31.50176, -43.30964, -34.78263, -28.75390, -26.18038
-49.43283, -39.18533, -35.52540, -59.00730, -30.03887, -31.45354, -39.06667, -32.98790, -41.20967, -30.50732
-41.51814, -56.13518, -25.64295, -30.65767, -22.51577, -32.02753, -29.47588, -14.53798, -22.20854, -15.12232
-44.21546, -34.40745, -34.04110, -45.75880, -25.72410, -44.40545, -40.17368, -18.18076, -26.62378, -25.50853
-42.19967, -34.56551, -31.80552, -38.95971, -25.44471, -44.46657, -33.94788, -14.35178, -34.91792, -23.48572
-36.95779, -42.59447, -28.76045, -30.65758, -26.07376, -24.86410, -37.19351, -27.52676, -22.96884, -20.73801
-47.07516, -56.67861, -50.24700, -46.75521, -45.81430, -37.91005, -47.24657, -48.30548, -43.41936, -39.82445
-35.62648, -34.85751, -31.86843, -33.92112, -25.99893, -26.08912, -36.61905, -23.80155, -23.71436, -26.09311
-31.83123, -40.11213, -37.18990, -40.43623, -39.17045, -26.65219, -38.72181, -48.31276, -28.50126, -28.84993
-62.15591, -54.01412, -47.49397, -50.89140, -50.19574, -51.33563, -49.09695, -38.66833, -57.81617, -46.72427
-42.14929, -41.52998, -25.07521, -30.82219, -23.09085, -26.90376, -34.75064, -19.56477, -21.33594, -17.78852
-44.93139, -34.75528, -27.15664, -36.68206, -22.56481, -23.15010, -37.03311, -22.37233, -27.69089, -19.47039
-44.50536, -40.46962, -28.72314, -34.76123, -25.22497, -29.30939, -33.91438, -18.99873, -26.14881, -19.95583
-54.22404, -43.74647, -32.47566, -32.62045, -29.50170, -35.35927, -39.56847, -34.46795, -24.50321, -22.47265
-39.96499, -53.61853, -24.00001, -28.29917, -20.77771, -27.12895, -30.25292, -15.69733, -19.59522, -14.95371
-44.01128, -62.67218, -40.15639, -46.76077, -39.88394, -40.00225, -43.80682, -51.67331, -34.89422, -34.41137
-48.49119, -39.88800, -40.69813, -47.63221, -33.42024, -34.53287, -34.39127, -36.89814, -33.56669, -32.20897
-39.46812, -42.60564, -34.38210, -44.42845, -28.26036, -37.01215, -49.72751, -24.50611, -27.17049, -28.12418
-58.82545, -46.33431, -40.52699, -50.39889, -37.72118, -45.06370, -43.86045, -29.90442, -38.33657, -30.80474
-53.93746, -45.53234, -25.65296, -29.02207, -22.31632, -30.80546, -31.03506, -16.98033, -21.40815, -15.84339
-39.68236, -36.78235, -26.21842, -34.00292, -23.49536, -33.47877, -29.58998, -12.70428, -25.00034, -19.93537
-55.92853, -50.27326, -30.46114, -38.03103, -28.02831, -38.11028, -45.72645, -20.23564, -28.94906, -26.95749
-46.84188, -41.36242, -32.60671, -38.31429, -27.33114, -33.91642, -43.68031, -23.64270, -30.88920, -19.40229
-40.01042, -42.29640, -22.67801, -27.21601, -20.24340, -30.80221, -32.56531, -16.34740, -18.46651, -17.08433
-49.01308, -39.67629, -34.18012, -47.65154, -30.72176, -29.74168, -39.57110, -44.15738, -32.09452, -27.03634
-44.58303, -40.53652, -33.86486, -45.10689, -25.53411, -29.59788, -38.97886, -24.47593, -50.18898, -21.53522
-45.48764, -55.45122, -34.43119, -41.70955, -30.83069, -41.95183, -37.52211, -22.35088, -31.18716, -23.19371
-36.59790, -34.67375, -31.70107, -47.39960, -25.94994, -25.98042, -32.06318, -30.59034, -32.35774, -29.44337
-51.81889, -36.36306, -26.53067, -34.40616, -24.57277, -30.10301, -30.51387, -16.53728, -24.98228, -19.27100
-34.99262, -30.71583, -35.73168, -42.86877, -28.14482, -26.53386, -32.98079, -24.23868, -31.97675, -42.72487
-35.17830, -60.52740, -29.17155, -32.02189, -27.71544, -27.59110, -39.67688, -27.26702, -23.61394, -21.48456
-40.48912, -40.91750, -24.81752, -30.63918, -22.54698, -32.01848, -34.07066, -17.60305, -20.54373, -18.41269
-49.68890, -45.08128, -45.37676, -47.29222, -35.88508, -50.89884, -46.18059, -27.22084, -45.78069, -32.65989
-53.32161, -41.50740, -48.17064, -43.38726, -34.96362, -33.00913, -44.88813, -33.82621, -43.15697, -32.04984
-53.04889, -65.74732, -75.94381, -63.30097, -64.38934, -59.88509, -59.15410, -69.41484, -57.32625, -59.31733
-51.12355, -35.55583, -34.99670, -39.76613, -32.85416, -29.52976, -42.38141, -35.83236, -28.39100, -24.14074
-48.74241, -53.03045, -32.38773, -39.69429, -28.33943, -33.44423, -39.95945, -23.63278, -30.11304, -22.63164
-44.26202, -52.13718, -28.71191, -35.62677, -25.43774, -35.86770, -35.91402, -18.70783, -26.04379, -20.15159
-37.92927, -38.09450, -27.24192, -34.76843, -23.33325, -41.56984, -28.59834, -12.33387, -27.23657, -21.14429
-43.09134, -35.60043, -38.42054, -40.03595, -35.33340, -27.62701, -36.28361, -30.51300, -41.51314, -49.25720
-41.93868, -28.05627, -34.80122, -34.37647, -21.54493, -26.32337, -33.12049, -16.02650, -25.44695, -22.71715
-39.09540, -53.18063, -25.33061, -29.92600, -21.92606, -33.03006, -32.18601, -15.82364, -21.44021, -19.07338
-45.63942, -39.57805, -33.43888, -42.17751, -29.73000, -39.57925, -37.07728, -17.04579, -36.43011, -22.54890
-38.73814, -33.00741, -31.03390, -36.02046, -22.99837, -38.37023, -33.07412, -12.10458, -38.99333, -20.82692
-53.34901, -35.10677, -33.88754, -42.48328, -32.23737, -28.40736, -47.17256, -33.44596, -28.81472, -25.82168
-48.43425, -61.47853, -38.17681, -45.32376, -35.54765, -44.78323, -51.96873, -26.22256, -35.33010, -24.65141
-63.64049, -36.80279, -37.62774, -47.90955, -35.60351, -34.39968, -41.84200, -24.19918, -39.74494, -26.62568
-39.92784, -35.52149, -36.52011, -49.68335, -32.42609, -30.20877, -31.74539, -28.96526, -35.73100, -32.46708
-54.57602, -59.11670, -36.42864, -34.65235, -35.28920, -41.12017, -41.40212, -37.52312, -26.45457, -25.27301
-35.67064, -40.95778, -36.12760, -39.69707, -34.67219, -26.33078, -37.64756, -44.47983, -30.16936, -26.60791
-51.94482, -37.13732, -36.50379, -44.57020, -35.18550, -36.17474, -38.47957, -23.22508, -40.00326, -26.96033
-46.16270, -38.40357, -38.72312, -55.10655, -35.65404, -30.32847, -33.16712, -45.95495, -33.20673, -30.06412
-39.16749, -32.31542, -38.03605, -36.09842, -27.99241, -25.38403, -34.56511, -22.07079, -34.91916, -32.15872
-46.99293, -44.84810, -32.90766, -43.94039, -31.34581, -49.75251, -38.51224, -17.64977, -44.25187, -22.51000
-56.73376, -53.42404, -25.12540, -32.30108, -22.88628, -33.64856, -34.02065, -16.35159, -22.82076, -22.90706
-44.23797, -38.04962, -33.59352, -42.53478, -27.97787, -41.31159, -37.11901, -16.35011, -41.70572, -23.26666
-38.67213, -50.90382, -25.44043, -32.07642, -22.22623, -32.13163, -29.46791, -14.24127, -23.69832, -16.70879
-42.51296, -47.16122, -31.63248, -37.87799, -31.73285, -51.55431, -36.44041, -16.45373, -31.81331, -20.58973
-41.73859, -38.99123, -28.33104, -39.15643, -25.23110, -31.71362, -33.62233, -17.25289, -27.65596, -22.13139
-45.91344, -52.51519, -25.98939, -30.83964, -22.97478, -27.37265, -33.04200, -17.44841, -22.35203, -15.90809
-45.65821, -37.40170, -28.91384, -36.94539, -26.47690, -25.52888, -35.22530, -31.80457, -26.95003, -23.52944
-58.61744, -37.92853, -35.65823, -51.06737, -33.34169, -34.35326, -37.49765, -21.99998, -36.44337, -29.48482
-50.74475, -45.48405, -27.55341, -29.57343, -24.86133, -28.17374, -38.37511, -21.48408, -21.67024, -19.38428
-45.57038, -32.01227, -28.55285, -42.26098, -24.53114, -22.43672, -36.58162, -33.92530, -27.11990, -19.47904
-41.77149, -39.49886, -32.09841, -44.30766, -26.86621, -30.09155, -36.26142, -42.67571, -33.05095, -24.57950
-38.52460, -36.51493, -27.83277, -36.77220, -23.38889, -43.10396, -29.80604, -12.20638, -29.11941, -24.75075
-40.98671, -52.39582, -26.51096, -33.67735, -23.64441, -31.65350, -31.18886, -16.91840, -25.19298, -17.84863
-50.33745, -32.48189, -26.47144, -36.11648, -23.95522, -21.99822, -39.23910, -27.82600, -24.03875, -19.40963
-49.97485, -43.14433, -38.55192, -46.93931, -28.90005, -42.39744, -43.91173, -24.16112, -38.93088, -21.87901
-44.16965, -36.98118, -33.52341, -39.26257, -27.51349, -49.39161, -35.50489, -15.44554, -44.09283, -24.34170
-40.26648, -42.33594, -46.55566, -45.08992, -42.62485, -31.90041, -39.15912, -40.28636, -45.84682, -46.69440
-45.13229, -37.39952, -27.44012, -37.36473, -24.04630, -25.16944, -40.29160, -20.66284, -27.38597, -19.20055
-40.96358, -38.52445, -31.53291, -37.81512, -27.26404, -49.55147, -33.95082, -14.12561, -40.62337, -20.93214
-50.72753, -34.38427, -33.93841, -40.17598, -30.39868, -28.20644, -40.04468, -34.53896, -29.09489, -22.99508
-46.66603, -38.05540, -25.07423, -31.74500, -22.82978, -26.53172, -32.47667, -17.53729, -22.31679, -17.62047
-38.86904, -54.62788, -24.71871, -30.62222, -21.23996, -33.70462, -29.73475, -14.55280, -21.69767, -15.55741
-45.37524, -44.42486, -31.96813, -37.30323, -31.71218, -45.04678, -37.18178, -16.29112, -32.41052, -20.63783
-45.49024, -59.89104, -44.90893, -45.90988, -43.09378, -47.79509, -43.90521, -37.28201, -45.71397, -38.20719
-55.80690, -38.95760, -40.67077, -45.60019, -35.68418, -30.89004, -42.07011, -34.76186, -41.74005, -32.58234
-42.43232, -43.79560, -32.42165, -37.73359, -31.09899, -68.37357, -34.80253, -15.61824, -31.30157, -21.60498
-46.17388, -39.82467, -32.89260, -42.93823, -29.37041, -46.75926, -36.37970, -16.59210, -42.69146, -24.22468
-47.72667, -34.43769, -31.79346, -48.56388, -26.92996, -24.31355, -36.42214, -39.81558, -32.66354, -23.84763
-53.19786, -47.29938, -35.85557, -53.02789, -37.34637, -47.35697, -50.71757, -26.87558, -34.86090, -45.63902
-43.74846, -38.98894, -29.00743, -36.80079, -23.89291, -26.92709, -35.31024, -31.51984, -27.10617, -18.51551
-39.78747, -34.65526, -29.48437, -47.63472, -21.28419, -29.15670, -32.91212, -19.35262, -31.24517, -20.22944
-40.64852, -42.41001, -36.73517, -53.87067, -34.74686, -33.40330, -43.77862, -44.89775, -37.49677, -29.14583
-53.57559, -42.17308, -27.47778, -37.56679, -26.19272, -39.03303, -39.10740, -19.44198, -24.21595, -33.05341
-56.35592, -50.08802, -43.77559, -46.23831, -42.39285, -51.08357, -48.83387, -28.34151, -42.98232, -32.41192
-41.95962, -48.60283, -27.55048, -32.17591, -23.33405, -33.91830, -31.18269, -16.65888, -24.17217, -17.25910
-50.94617, -34.25362, -33.23507, -40.12538, -30.07328, -27.27483, -39.89575, -36.08359, -28.00963, -23.19474
-48.10051, -55.17152, -37.08515, -40.70198, -35.93417, -34.96153, -55.35795, -40.56912, -29.80298, -29.23908
-39.20369, -60.83433, -33.02489, -35.54038, -32.76359, -28.32904, -59.68237, -38.13394, -25.83724, -23.19376
-44.34780, -38.91836, -25.21933, -37.28882, -24.03204, -28.79563, -34.33400, -18.24576, -23.23817, -21.87172
-42.31401, -43.67360, -31.09419, -39.82674, -29.39959, -30.12669, -41.23557, -29.05364, -22.76610, -26.30389
-45.61269, -39.84842, -41.74122, -45.49537, -39.96664, -31.02558, -40.21415, -33.95410, -42.36129, -34.08897
-60.65374, -42.48025, -35.85519, -43.75586, -34.98548, -37.15340, -41.81524, -22.79330, -43.77515, -24.67311
-48.35559, -60.32935, -33.40167, -38.91287, -30.42224, -41.01108, -38.12045, -24.62429, -30.09465, -24.71339
-43.08440, -39.21041, -40.99823, -41.39365, -32.65263, -29.82185, -37.35776, -44.84322, -40.12601, -32.00305
-48.21556, -36.72869, -28.61189, -39.53669, -22.46667, -25.48674, -32.50616, -32.15582, -29.91110, -18.65992
-43.04059, -35.85259, -22.00390, -27.54947, -18.92020, -25.95457, -27.95785, -14.15649, -18.78759, -13.05415
-54.47750, -37.43788, -37.15205, -45.10045, -36.32368, -36.35389, -38.69621, -23.73177, -41.14843, -27.76218
-50.14122, -31.40640, -26.28386, -46.96475, -20.66614, -19.65513, -31.21110, -39.23459, -29.49388, -19.69431
-42.75997, -33.96530, -35.73693, -35.93827, -27.14755, -27.45117, -36.65896, -24.38891, -31.02221, -40.72259
-53.39016, -38.41791, -36.32314, -43.73977, -33.25528, -28.62022, -44.39339, -35.04287, -32.29748, -24.41331
-46.71985, -43.13807, -34.66797, -45.86240, -28.10550, -32.99154, -40.42854, -23.06901, -36.15733, -19.97709
-51.40706, -37.84938, -35.37949, -51.89015, -29.53509, -38.50391, -38.70222, -19.31709, -45.57084, -24.10680
-55.25673, -37.78263, -36.77140, -50.76940, -35.71511, -34.16144, -42.29229, -26.88603, -33.23621, -34.64575
-36.80391, -37.88431, -33.15836, -40.20972, -28.71662, -27.88516, -33.54381, -41.34976, -31.23309, -27.73548
-44.23293, -33.37644, -31.29710, -43.86946, -24.75384, -44.13718, -35.12475, -16.20840, -27.88478, -28.47569
-40.56185, -41.40910, -44.15148, -43.00458, -36.72295, -31.15781, -39.88268, -32.85280, -45.46723, -44.68400
-43.51070, -38.09371, -33.30082, -43.04119, -28.70854, -28.20468, -37.72457, -42.64998, -36.70971, -29.10388
-47.98560, -51.20427, -52.42592, -56.24853, -44.14249, -58.39040, -55.54398, -37.24225, -43.16824, -45.25329
-44.91753, -45.79460, -37.73343, -46.47213, -35.52324, -33.90142, -38.57909, -40.01375, -32.48373, -30.72518
-44.84511, -32.65862, -27.25005, -43.75408, -23.72704, -21.59971, -37.66486, -33.84800, -25.96923, -18.85646
-42.15508, -51.87690, -46.82074, -52.92979, -48.58072, -49.43237, -50.48730, -64.28913, -44.54689, -44.99591
-53.08016, -53.33589, -27.41293, -29.78316, -24.54706, -28.50827, -41.27064, -24.85546, -21.80530, -20.25984
-48.57363, -38.88636, -34.47927, -42.07370, -27.75946, -32.85400, -39.15873, -21.86338, -46.00710, -25.44703
-48.22454, -48.19916, -43.99259, -47.67040, -41.66414, -49.77421, -39.75216, -54.85015, -42.85239, -44.30976
-48.07742, -35.40001, -32.91950, -38.61742, -32.67069, -27.19666, -33.98176, -27.14905, -28.93014, -23.67722
-47.29823, -35.66184, -30.66921, -47.40338, -22.24658, -30.04223, -33.04833, -22.48652, -33.17934, -21.23861
-48.14149, -35.23822, -29.49483, -48.71293, -22.97937, -26.55382, -30.91795, -41.86852, -35.15040, -22.14273
-52.91125, -37.92800, -36.70809, -42.76800, -35.30126, -34.28296, -48.32957, -29.25567, -31.47313, -24.82032
-46.36493, -40.29380, -27.08399, -33.28931, -24.59054, -29.10276, -32.29789, -18.26003, -24.14811, -16.74288
-53.06718, -44.53690, -41.48775, -49.73049, -43.85801, -38.02264, -44.21873, -31.62289, -45.34689, -36.25880
-44.60618, -38.62802, -30.27778, -36.54442, -28.92212, -27.75412, -39.15948, -39.82883, -25.16363, -22.82032
-44.53297, -43.20377, -38.03159, -48.05935, -34.39200, -35.61739, -39.16970, -33.72330, -56.00222, -40.16609
-42.43801, -38.14475, -41.84407, -40.96259, -33.28032, -27.78143, -38.83641, -31.34516, -32.51736, -38.01618
-52.40868, -48.25090, -46.95015, -50.16843, -42.52707, -46.80582, -60.22781, -37.99081, -37.96182, -37.59168
-35.22316, -31.36935, -35.32171, -37.46558, -28.01747, -22.58869, -31.55377, -23.57464, -32.91629, -46.53489
-51.18672, -38.28320, -36.32722, -40.43547, -34.63101, -32.26593, -43.48505, -39.59263, -29.22937, -26.95343
-44.58144, -38.16148, -36.89647, -40.59864, -36.91021, -30.53078, -34.76465, -36.82807, -50.97375, -36.14326
-52.40294, -39.58557, -31.89635, -38.44905, -31.98863, -26.87624, -40.28059, -27.67174, -30.43490, -25.76921
-49.02007, -33.77063, -24.42370, -38.37805, -21.40180, -20.72622, -34.19188, -33.83765, -23.13299, -17.17818
-38.76623, -37.19832, -36.85725, -45.48016, -31.73737, -31.59001, -33.65256, -34.08985, -36.44599, -37.49487
-40.50587, -36.81184, -31.16966, -36.36103, -26.44858, -47.83404, -33.51776, -13.16928, -42.46847, -20.09791
-54.35174, -38.24312, -36.43380, -52.01877, -37.57978, -34.48729, -42.29172, -27.07031, -34.67544, -32.61134
-44.05610, -44.19099, -27.97299, -30.67321, -25.40464, -32.43936, -36.55720, -24.08387, -22.63291, -20.56153
-42.71471, -35.36719, -31.52887, -59.65749, -25.54120, -38.38568, -34.93511, -17.68355, -30.85052, -26.39140
-52.01051, -32.48502, -27.29460, -46.23223, -22.12976, -21.06677, -31.96290, -42.56182, -32.78544, -22.03249
-51.66263, -34.30621, -30.15614, -41.74756, -22.05064, -29.77826, -32.09616, -23.13656, -30.85360, -22.22280
-52.62980, -50.91064, -39.17570, -43.14644, -34.65837, -56.04945, -43.07459, -24.41363, -36.78965, -25.35762
-41.58370, -41.30320, -25.92938, -31.76931, -23.53014, -26.57803, -32.25004, -16.90462, -22.24565, -17.39931
-56.49592, -37.23021, -40.37977, -49.10724, -39.49282, -34.91960, -42.00074, -30.87590, -34.95463, -31.85335
-54.94015, -37.30515, -37.55173, -45.15430, -36.97466, -35.73930, -38.99519, -24.61867, -39.47940, -28.59144
-37.08867, -45.25882, -35.77792, -37.07605, -34.61974, -29.12011, -40.49295, -41.73374, -28.39337, -26.36807
-48.33044, -33.00438, -25.38738, -37.17452, -23.09839, -21.15766, -37.65155, -29.57525, -23.83550, -18.20850
-34.35224, -41.10276, -37.66315, -38.79175, -36.69436, -26.67669, -40.01177, -45.19539, -29.37335, -27.14141
-37.06007, -46.22745, -23.98092, -30.57978, -20.83545, -33.05359, -28.21707, -13.19977, -21.65772, -15.14558
-38.66187, -32.31910, -34.49498, -40.70969, -28.82892, -24.81070, -33.35644, -22.84596, -35.03057, -35.33625
-45.25101, -54.01486, -42.03399, -41.86835, -39.63956, -36.76099, -41.03861, -32.90268, -40.37170, -31.79784
-44.90939, -30.62697, -29.48270, -41.60548, -21.33644, -38.32206, -34.55566, -17.09795, -24.17412, -27.00557
-41.31134, -37.83152, -37.87440, -50.00736, -34.15620, -30.42342, -32.06885, -43.97003, -33.84705, -29.56926
-54.05267, -39.64085, -35.27454, -47.13595, -30.40799, -28.79154, -40.73485, -32.18622, -42.92946, -24.26776
-42.80704, -46.16369, -30.47539, -40.52058, -27.76634, -33.97823, -35.42989, -22.24462, -29.83549, -23.32414
-57.59756, -49.49121, -33.50172, -35.86369, -31.70757, -33.65122, -47.88473, -27.45853, -27.98859, -26.81975
-35.63726, -40.20210, -30.66156, -29.19405, -26.77758, -23.16696, -40.66272, -35.57838, -21.56453, -19.26420
-43.70872, -46.17277, -25.82511, -32.85969, -23.10053, -27.66475, -34.09471, -17.63135, -23.35352, -16.17497
-57.17143, -40.32876, -38.06353, -41.98061, -30.36133, -30.41703, -38.88723, -32.25296, -41.87625, -25.32810
-43.18708, -41.75815, -30.55378, -43.21348, -27.83437, -46.21448, -33.94998, -14.82084, -39.01042, -22.96996
-43.42946, -35.78053, -37.30284, -53.30315, -34.46808, -28.26702, -30.66271, -42.70212, -31.95980, -28.74322
-49.37367, -42.41738, -27.85070, -34.69254, -23.04771, -28.15208, -35.80295, -30.63628, -25.41979, -17.54063
-53.07046, -38.94860, -35.32093, -47.41119, -36.98997, -34.00502, -46.36145, -28.59970, -32.17076, -32.81825
-49.98302, -42.60586, -43.80610, -41.73542, -37.68847, -39.20446, -43.98556, -31.96962, -38.27028, -41.07650
-47.21752, -37.82256, -35.16814, -51.81174, -35.81140, -30.72062, -35.06228, -29.98347, -33.28800, -31.87092
-41.34218, -57.00286, -26.34135, -32.34094, -22.69497, -28.14822, -37.61712, -21.03137, -23.42506, -16.85470
-51.66632, -39.89019, -39.00710, -42.87690, -37.04916, -36.50640, -49.70024, -33.12735, -31.24499, -28.62423
-41.32575, -34.35682, -31.79920, -40.44183, -24.45249, -40.71334, -33.92541, -14.26432, -34.62980, -23.41636
-38.85047, -43.00287, -27.15702, -34.39755, -23.25446, -31.43720, -33.91201, -19.34157, -24.75701, -19.27302
-53.26740, -40.20444, -34.52124, -44.39178, -33.72893, -32.20572, -38.06735, -24.48161, -31.22181, -24.93898
-56.89190, -38.81731, -37.96278, -44.15015, -38.31096, -37.68244, -41.70440, -24.87062, -38.36473, -28.77573
-48.24636, -39.25086, -33.98291, -46.03948, -32.40779, -33.61604, -37.89101, -25.54907, -33.09777, -28.89899
-55.85776, -44.94820, -38.92924, -46.50676, -36.00751, -33.85439, -43.44669, -31.66910, -41.25769, -31.64950
-45.97257, -53.07498, -32.53895, -38.91094, -28.91827, -39.72894, -35.69415, -22.23974, -29.43145, -22.23826
-43.73869, -52.71965, -28.02063, -36.37754, -25.04783, -30.92855, -36.08796, -20.26645, -26.13719, -20.74879
-47.60072, -37.42159, -36.15833, -46.72446, -34.40504, -32.47917, -33.38081, -29.13329, -35.48769, -31.54940
-38.05878, -33.60987, -36.60922, -39.52037, -30.82796, -24.93091, -33.80985, -25.77284, -36.75091, -45.04910
-43.78571, -39.82727, -35.69738, -50.59544, -33.14389, -33.22718, -32.29688, -35.43124, -32.12331, -28.86541
-36.97370, -40.50908, -35.21268, -35.64455, -35.75698, -24.69562, -42.16345, -35.27006, -28.36570, -23.25721
-49.21231, -46.00998, -41.12293, -40.10894, -29.82780, -37.31369, -40.60083, -28.67550, -46.90746, -36.01749
-44.13674, -35.80157, -27.99774, -52.04852, -22.76089, -23.74851, -34.71729, -33.43937, -29.96084, -23.61905
-41.87238, -52.94719, -28.86821, -39.30197, -26.95173, -34.97702, -36.58803, -20.19482, -28.80863, -22.27155
-54.32188, -41.61469, -44.58432, -43.32062, -36.58820, -33.32447, -43.02802, -35.90915, -41.14127, -34.38935
-47.07254, -40.64558, -36.63088, -47.52334, -30.57238, -37.46188, -33.43246, -36.71871, -37.75329, -26.68108
-53.64895, -50.05838, -34.99061, -43.27629, -32.72222, -35.52114, -46.01123, -30.58264, -32.24116, -28.05231
-35.21591, -34.63814, -34.94328, -39.59858, -31.99273, -26.31675, -34.79273, -26.82514, -30.68495, -33.87108
-38.00627, -49.68756, -34.16901, -38.04301, -34.39893, -37.33413, -57.48529, -47.49111, -27.50560, -27.57095
-42.44304, -41.40559, -32.22603, -42.36138, -28.79384, -51.36065, -35.94477, -15.84147, -36.11764, -20.31252
-50.21950, -36.71220, -29.27250, -34.95575, -29.35130, -27.21296, -34.63824, -19.54351, -27.70366, -22.57147
-40.32040, -41.10406, -24.17912, -34.34374, -21.52332, -28.53239, -32.84768, -19.60481, -22.53187, -21.52321
-39.40663, -34.43913, -40.97385, -46.45166, -31.49071, -30.01939, -36.20560, -27.22004, -36.54714, -43.41469
-38.04787, -44.08796, -34.58247, -39.44418, -32.24891, -35.37761, -41.52349, -46.12683, -29.64851, -27.49785
-48.87193, -39.32923, -39.56310, -44.74918, -29.06162, -51.30093, -38.01407, -20.49903, -39.87951, -32.13024
-41.86865, -33.16907, -34.57934, -35.45051, -27.65870, -26.32423, -35.89790, -23.19259, -29.96464, -38.84048
-37.23850, -34.27104, -38.97022, -41.20864, -29.20002, -25.93008, -35.74289, -23.48257, -33.37671, -34.27493
-50.28898, -73.81348, -35.97472, -41.41547, -32.00074, -42.87493, -40.06080, -25.38733, -32.22566, -25.97236
-38.00195, -41.93418, -41.73035, -49.67981, -39.18057, -29.15059, -40.18661, -45.23575, -39.68375, -32.43253
-55.77149, -41.50605, -28.06500, -33.72612, -25.72240, -27.17705, -52.14086, -30.68820, -23.77819, -21.19413
-43.70418, -44.01019, -38.03660, -39.83800, -37.25613, -32.16871, -66.40214, -46.51782, -30.00410, -28.41896
-43.46232, -33.58755, -34.39802, -39.07304, -23.18792, -31.50271, -38.41578, -20.98855, -30.78761, -28.44140
-44.68531, -42.07501, -30.79519, -40.47737, -26.87201, -34.63696, -35.23837, -19.17163, -30.91304, -23.22559
-42.50870, -38.75323, -29.55010, -41.63519, -24.25774, -29.42024, -35.56732, -21.36915, -30.35197, -22.00231
-46.00484, -44.41723, -36.20626, -49.81717, -31.65300, -37.18699, -40.05108, -28.38610, -35.07144, -29.34561
-45.63948, -42.97975, -33.87308, -40.05131, -31.06150, -74.04084, -36.19247, -17.07012, -35.07966, -22.31883
-39.85640, -41.62983, -34.77534, -35.09365, -34.98850, -27.17623, -50.41019, -40.44034, -26.86519, -24.58827
-58.93306, -47.63864, -25.11739, -31.31789, -22.93616, -32.90208, -34.10107, -17.13517, -22.92548, -22.04912
-52.31610, -35.81336, -38.42713, -42.33142, -30.84617, -27.93321, -37.45181, -37.32299, -40.59657, -27.78608
-40.01042, -61.72497, -26.47054, -31.34045, -22.65050, -35.01274, -29.30026, -15.26278, -23.28802, -15.97796
-52.26937, -50.43434, -44.38068, -46.42762, -37.91574, -55.03313, -44.67169, -25.77471, -46.43759, -32.04186
-45.99977, -56.20314, -28.94633, -34.27931, -25.44575, -37.10101, -33.81128, -19.22851, -25.72635, -20.14461
-56.62353, -35.42237, -33.05151, -40.65421, -31.39427, -28.72119, -48.26055, -29.81459, -28.19982, -24.83335
-41.62487, -40.07622, -31.15858, -39.17921, -27.68456, -48.60965, -33.57199, -14.42978, -40.14917, -21.81704
-53.36422, -41.66536, -40.40098, -42.33654, -46.43926, -37.62766, -40.85719, -36.31065, -46.08727, -44.26533
-46.85594, -30.97582, -31.99343, -46.03637, -24.89118, -32.54510, -35.92594, -21.73532, -26.09475, -30.39529
-44.84326, -38.28687, -39.30242, -38.52801, -28.58638, -30.38262, -39.19881, -24.22226, -34.30601, -24.21564
-40.66406, -36.55312, -30.05532, -52.44164, -25.15829, -26.66725, -41.67902, -28.10456, -26.73542, -26.10339
-41.57749, -47.64221, -29.54454, -40.62991, -27.99229, -48.16122, -32.23552, -14.66148, -31.47930, -20.33216
-53.24502, -37.68428, -36.58365, -44.29063, -30.81131, -28.30514, -39.07005, -32.22041, -44.25672, -25.99949
-46.16572, -45.28768, -37.52662, -45.03475, -37.41872, -33.61399, -54.93934, -42.83884, -31.89528, -28.41338
-51.04159, -43.39652, -32.40486, -60.29292, -31.03045, -43.20990, -41.86556, -20.24710, -37.89515, -24.38192
-41.71752, -50.56445, -43.10170, -45.34074, -41.15884, -37.29607, -41.17442, -34.85715, -39.64548, -32.55241
-54.57967, -39.79874, -29.69796, -30.54500, -27.61491, -31.10730, -39.10529, -35.89463, -21.40853, -20.02138
-38.61080, -34.38813, -43.19303, -40.03868, -36.73313, -26.40400, -35.28458, -38.76708, -37.12022, -33.08399
-43.92689, -35.03907, -34.34313, -44.61981, -26.78716, -30.19600, -34.43605, -27.48627, -42.84073, -18.88444
-42.07411, -34.09650, -39.63590, -38.43505, -27.17179, -34.63786, -39.51041, -21.01301, -28.56191, -28.11709
-57.29870, -46.74760, -39.77050, -43.38268, -40.16476, -48.79582, -44.41326, -26.88243, -44.54292, -31.90199
-48.36842, -42.47485, -37.55255, -47.00631, -28.34416, -32.48700, -43.97300, -24.02687, -45.74612, -23.07330
-46.93321, -44.84844, -32.20675, -37.82440, -31.62195, -43.12405, -38.41028, -16.79743, -34.34411, -21.47715
-51.26197, -38.29491, -38.54853, -43.37322, -35.98715, -34.45370, -49.51087, -34.39917, -30.81220, -27.32846
-60.60006, -48.03425, -30.77838, -36.05819, -26.49402, -26.99512, -44.47266, -38.19065, -25.45555, -21.99768
-41.23005, -41.52446, -40.36427, -41.66774, -43.69785, -33.22189, -36.38849, -35.74980, -46.89982, -41.12591
-42.47043, -53.67107, -28.31533, -39.76357, -25.46546, -40.50272, -32.41132, -15.45513, -28.88110, -19.40652
-41.57773, -38.42572, -23.77439, -28.58790, -21.28643, -25.96425, -31.20602, -15.58765, -19.26946, -16.16378
-40.47813, -37.13959, -31.72426, -36.02717, -26.26176, -48.69641, -33.52741, -13.49708, -38.77171, -20.90342
-50.30382, -48.44638, -32.70258, -39.89453, -32.09267, -33.27588, -42.92783, -29.72282, -29.56624, -19.21505
-40.31393, -41.42971, -24.86994, -32.77824, -22.62049, -27.12595, -34.15259, -17.00387, -23.50992, -17.90665
-47.32515, -33.20504, -37.00881, -42.57424, -27.75073, -29.23572, -38.88750, -19.85582, -34.34737, -29.99122
-56.35120, -37.21762, -38.74714, -47.79734, -38.29658, -35.58270, -39.89922, -26.45036, -37.72676, -30.12211
-40.36369, -32.62018, -25.10814, -32.88625, -22.03300, -30.14659, -28.58500, -12.09085, -24.35016, -21.74951
-46.64898, -36.29543, -29.33407, -38.35281, -27.61308, -27.97102, -33.46519, -20.13226, -29.44884, -27.44918
-42.83293, -52.38457, -50.98208, -49.25601, -44.91354, -50.23613, -46.20059, -57.40508, -59.55691, -106.67552
-47.65226, -46.81365, -35.00971, -43.39299, -28.31960, -45.56595, -46.33185, -24.05493, -36.90277, -20.83655
-51.77713, -70.72798, -53.29242, -58.07551, -53.79330, -53.95786, -63.66737, -65.87506, -46.53851, -46.92362
-47.23402, -46.63799, -25.40546, -31.22345, -23.24464, -33.58742, -34.72257, -17.65317, -23.13643, -22.36669
-46.34150, -42.26977, -36.19359, -47.48892, -26.67253, -53.67128, -40.24083, -22.00685, -40.88626, -20.17929
-80.62011, -35.16342, -36.63915, -45.89771, -28.11997, -30.84990, -35.34347, -23.86537, -33.55307, -23.45381
-35.58008, -35.05680, -43.85870, -45.02345, -38.43697, -28.25268, -35.49312, -41.63851, -43.65237, -35.19060
-72.02145, -43.31359, -26.77718, -30.39977, -24.53807, -33.46340, -35.59698, -22.55633, -22.22469, -19.76169
-39.13177, -45.13945, -33.42750, -38.46767, -32.28336, -26.81359, -41.38860, -47.02675, -27.07238, -25.65461
-37.06714, -54.66897, -22.60176, -28.16027, -19.31032, -29.94074, -28.85476, -12.93221, -19.13452, -13.80486
-42.67940, -61.30326, -27.73696, -32.57707, -23.92931, -33.57554, -31.79189, -16.87359, -23.43412, -16.78425
-40.50279, -38.87278, -27.94096, -31.16456, -26.18463, -27.36450, -36.64532, -37.77400, -21.04077, -19.14161
-42.82489, -56.72071, -48.89123, -48.09023, -44.91736, -45.42291, -46.30464, -47.52179, -50.85119, -42.67763
-46.83381, -46.38760, -30.11602, -42.62440, -29.64785, -39.41697, -38.04000, -21.08485, -30.35601, -27.03975
-48.96761, -46.53217, -35.47938, -43.81137, -34.14822, -35.18746, -46.09999, -32.78803, -31.81962, -25.04794
-43.91454, -43.61803, -29.23327, -36.10512, -25.81466, -30.58365, -34.46477, -20.01335, -26.09836, -17.31014
-39.04712, -38.85321, -45.20011, -42.20732, -35.97626, -30.00342, -38.76317, -31.12721, -44.51740, -56.02176
-46.55126, -31.94441, -30.56575, -36.07095, -22.77700, -22.68739, -31.14144, -29.43230, -40.96166, -20.91213
-35.49956, -36.40551, -21.22701, -29.84551, -18.98386, -31.97557, -28.46494, -13.10071, -18.87473, -16.26225
-40.12859, -48.68029, -24.27245, -28.87790, -20.90704, -30.87921, -29.31711, -14.93631, -20.63758, -14.26431
-42.06202, -40.54553, -44.43298, -41.08995, -38.39013, -28.86525, -39.23505, -37.13369, -52.28355, -38.52949
-43.71340, -38.68922, -26.32630, -33.37110, -23.85641, -27.21845, -35.88894, -18.12047, -23.52986, -21.71773
-42.59227, -34.30293, -32.31007, -47.41452, -25.69566, -45.54721, -42.29721, -18.26391, -25.09219, -26.67797
-50.64977, -34.01340, -23.97063, -36.49758, -20.93830, -20.72828, -35.16665, -29.97886, -22.23337, -17.64858
-39.38273, -46.24783, -23.21958, -29.93785, -20.34280, -24.72089, -33.11811, -16.36380, -20.59099, -14.30245
-43.51069, -43.39723, -31.33245, -34.95608, -27.96213, -43.14374, -31.61287, -15.37785, -26.39387, -19.55319
-47.37970, -49.73201, -35.41789, -40.88974, -34.51573, -51.78284, -41.71527, -19.96140, -35.47989, -23.00318
-46.48024, -53.49707, -31.07411, -36.13706, -28.10574, -39.46964, -36.01781, -22.43943, -27.89764, -22.07736
-49.03188, -47.79952, -48.02320, -50.37515, -45.96128, -38.63683, -45.39204, -48.39144, -50.14821, -40.80970
-47.33178, -35.60578, -30.42179, -37.98912, -27.13974, -32.78199, -34.63565, -24.90242, -28.16451, -25.64848
-40.19016, -40.15570, -26.61809, -34.41696, -23.32009, -29.94173, -31.40204, -15.88820, -24.95751, -18.98737
-49.26155, -37.23407, -35.64391, -46.19574, -29.63717, -47.75338, -41.68021, -21.63527, -30.32289, -31.09109
-43.18927, -34.60651, -25.07283, -41.19036, -23.29681, -40.07146, -32.14807, -15.28762, -22.89502, -24.30157
-47.92459, -37.77608, -26.66040, -32.83320, -25.84915, -26.65470, -31.51304, -17.39139, -25.34758, -20.20885
-47.91309, -44.80750, -43.23188, -46.36426, -38.52253, -43.80737, -37.46798, -40.38565, -40.77254, -39.12692
-40.13015, -44.94209, -37.60308, -45.32857, -31.74682, -40.85224, -48.96160, -23.54698, -26.93967, -29.99432
-42.51579, -51.00371, -26.52024, -30.82533, -23.90378, -30.41805, -33.25356, -18.50182, -22.81065, -17.90975
-46.29513, -47.32894, -35.46868, -39.56192, -29.82601, -39.27593, -44.41163, -25.87072, -31.35204, -20.28182
-52.68388, -34.65449, -29.46327, -36.52132, -28.63004, -25.81468, -40.71389, -30.29738, -25.30142, -22.26412
-43.06935, -44.22100, -45.88987, -52.20056, -45.92253, -35.83807, -41.26520, -43.65761, -50.34318, -40.20477
-42.50157, -38.91543, -32.78560, -39.01007, -28.48911, -47.75421, -35.69183, -15.01598, -45.53292, -21.73461
-42.22470, -36.35460, -29.42277, -32.09453, -28.45187, -23.65525, -34.00431, -23.65056, -25.26973, -20.90274
-34.16263, -27.94967, -32.53315, -37.98586, -25.22153, -22.31179, -29.22261, -21.52405, -30.07303, -40.19285
-51.85518, -33.46910, -29.47558, -41.96914, -23.11408, -23.34488, -31.66221, -38.95148, -33.63712, -22.38398
-45.24730, -35.60694, -23.01845, -30.28869, -20.04266, -26.02528, -29.49886, -15.88024, -20.68849, -15.32420
-51.80182, -33.41290, -30.23321, -39.66880, -23.95585, -22.95937, -32.16498, -38.79936, -50.58754, -23.10192
-49.12974, -36.29850, -35.24400, -48.27330, -32.92189, -33.91687, -37.75897, -24.02444, -35.01723, -29.44901
-50.07847, -40.78318, -46.69784, -45.51352, -43.09429, -44.82272, -48.13602, -43.74098, -35.02190, -37.49477
-55.29826, -36.47565, -38.71486, -45.97626, -38.14647, -34.49826, -38.70991, -27.13366, -37.45021, -30.88799
-44.64864, -37.19091, -28.60938, -39.12688, -27.12134, -28.83282, -33.00558, -18.16873, -26.83839, -22.22550
-40.38764, -42.47092, -33.24620, -41.13717, -28.72581, -31.00444, -46.90122, -28.59642, -30.23009, -21.00823
-39.18752, -45.09383, -26.51019, -31.85705, -22.59611, -36.02547, -28.98336, -14.78250, -23.39050, -15.87676
-44.87520, -36.59213, -36.97534, -51.00778, -33.84116, -30.64640, -31.49582, -41.31266, -32.41406, -29.96658
-41.18215, -34.73967, -28.14620, -35.42141, -23.87561, -35.06882, -30.24948, -13.11614, -27.20238, -24.15733
-41.05930, -39.69148, -27.13023, -32.12456, -23.48389, -35.11977, -29.85902, -15.90655, -23.22013, -15.84843
-41.40359, -42.57029, -43.35860, -47.03976, -43.82882, -31.61916, -40.35791, -38.90286, -49.79314, -31.35872
-46.87913, -42.13553, -27.89038, -37.89494, -24.39203, -26.07891, -41.54836, -24.56467, -27.03863, -17.88529
-37.26386, -32.96503, -37.76279, -41.56046, -31.13674, -26.16875, -33.40762, -27.64114, -35.87480, -61.87293
-38.74153, -45.12694, -23.94478, -30.22903, -20.51819, -26.36706, -30.77298, -14.30054, -21.09932, -14.04591
-47.12186, -44.27850, -33.22060, -37.36285, -30.22169, -42.24561, -34.35618, -19.96153, -30.14560, -22.95929
-42.20030, -36.83172, -35.07388, -47.29486, -28.84579, -28.10069, -36.85919, -34.48551, -44.36012, -24.38433
-48.82133, -31.95244, -25.10002, -56.10546, -20.66762, -31.57745, -30.79678, -19.54930, -23.81970, -33.74666
-55.62533, -38.19915, -30.36474, -38.34325, -29.21146, -29.78986, -41.49020, -23.46847, -27.64398, -25.72873
-53.43501, -36.78177, -37.46450, -44.23231, -35.77955, -35.50555, -38.05560, -24.17010, -40.08410, -27.90003
-47.56455, -45.67399, -37.74822, -44.18757, -31.52211, -45.58687, -48.11510, -23.26998, -41.20218, -23.64154
-40.71790, -29.34285, -36.79760, -34.28985, -23.17213, -26.95416, -34.75596, -16.72198, -27.38547, -23.09665
-39.06516, -35.83406, -30.72451, -40.29055, -23.70221, -25.26437, -36.97150, -24.72852, -35.30001, -21.91462
-46.00174, -32.18766, -28.52865, -38.02047, -22.09050, -21.58544, -30.34514, -34.14389, -53.34295, -20.22528
-49.77212, -39.30180, -29.88584, -39.99306, -26.40476, -25.56149, -44.44764, -33.51901, -27.31458, -21.47682
-49.27473, -46.11601, -32.14273, -33.01943, -31.29886, -38.15244, -42.16890, -38.65912, -24.19726, -22.87895
-49.74373, -38.04668, -37.94705, -39.28336, -30.41510, -28.57520, -36.23222, -39.86688, -40.54909, -31.46218
-46.67356, -43.59874, -31.50250, -30.50670, -28.75721, -35.32538, -42.76708, -34.82468, -22.22412, -20.49371
-48.40195, -34.57436, -32.77199, -43.13289, -26.57831, -29.89115, -35.63331, -17.90920, -32.06149, -23.22993
-39.69117, -51.31829, -24.68866, -29.86551, -21.19885, -28.41944, -28.97756, -14.18873, -21.20672, -14.55136
-46.46048, -49.83382, -28.81343, -33.43213, -26.25538, -33.59765, -36.47415, -21.42661, -25.45972, -23.68261
-38.31120, -34.46988, -36.66836, -47.18336, -32.65774, -29.90911, -31.78095, -30.67284, -38.00543, -36.49898
-56.04049, -37.47488, -35.66690, -48.99748, -32.71360, -31.45842, -38.64418, -23.18089, -38.13957, -26.94953
-45.26801, -38.25593, -29.25491, -52.32557, -27.58369, -43.27724, -37.55583, -20.46049, -27.15431, -30.36836
-49.21799, -35.79341, -28.76883, -36.09566, -25.04252, -31.04176, -32.31941, -16.09544, -26.80589, -21.51902
-47.58063, -38.05605, -29.11006, -32.53757, -25.73806, -27.20376, -38.84833, -34.35862, -22.73787, -19.51951
-41.92447, -33.00445, -27.81716, -37.12231, -20.96621, -22.26653, -33.76857, -24.63523, -31.92695, -20.75592
-40.27107, -42.80213, -34.44879, -39.60350, -31.72719, -30.37776, -35.33876, -51.03420, -29.59044, -26.39750
-35.97036, -58.00490, -23.51395, -29.33475, -19.70528, -32.56405, -26.83269, -11.92497, -20.75878, -13.93175
-42.78005, -43.00590, -25.37127, -26.56630, -22.74378, -22.82509, -34.07162, -19.41914, -19.37112, -16.52601
-51.36495, -50.54666, -33.96272, -39.51336, -27.82801, -40.72658, -43.24082, -28.06834, -31.95137, -20.70978
-50.49572, -37.57539, -25.37701, -33.19442, -22.79351, -29.24184, -29.82985, -16.85261, -23.75631, -17.16624
-42.03659, -39.97886, -32.60029, -37.83715, -28.71788, -57.90051, -34.68663, -15.18196, -36.22471, -21.47275
-38.49071, -35.04613, -35.61093, -40.81762, -28.52170, -26.81038, -34.34242, -29.24065, -39.56255, -34.59650
-51.66894, -55.89917, -29.91326, -35.94948, -28.43662, -37.96634, -41.91658, -22.83015, -25.14001, -27.73914
-40.97132, -43.68107, -25.75631, -32.80493, -22.40517, -26.37674, -33.37558, -16.13309, -23.07913, -15.44439
-40.08415, -39.28182, -48.11783, -48.38805, -43.14859, -32.31118, -41.23365, -47.69118, -45.23890, -40.04134
-64.18927, -40.30152, -40.04638, -44.65255, -32.12281, -52.47789, -40.74487, -24.87644, -36.83614, -31.79970
-49.36281, -33.48289, -30.20017, -40.36652, -26.94758, -24.42697, -40.70004, -32.83655, -26.56886, -21.77652
-38.12158, -30.34749, -32.32522, -37.31334, -27.67972, -22.30306, -31.80332, -22.13463, -33.02461, -39.89546
-51.84110, -47.88675, -26.35936, -31.92960, -23.97046, -25.65145, -42.41155, -24.77705, -22.24351, -19.44638
-43.68672, -44.58440, -33.68297, -41.03689, -30.08306, -44.47394, -42.94563, -19.47185, -48.13462, -20.91182
-47.84458, -32.76035, -24.03412, -35.96659, -21.85171, -20.37527, -40.05244, -25.29041, -22.68403, -18.37249
-37.32453, -42.32070, -25.19304, -26.84438, -23.21273, -21.78903, -36.17126, -21.39676, -18.94985, -16.72164
-47.20390, -40.23394, -43.89239, -39.99377, -30.16336, -64.63019, -42.85495, -23.19362, -33.18363, -29.68432
-43.30827, -36.04105, -34.75645, -39.29253, -29.34641, -26.41138, -34.35063, -40.17963, -44.67773, -32.31805
-40.78177, -39.72052, -23.37154, -27.25582, -20.84731, -23.12026, -29.26103, -13.43093, -19.31335, -13.27926
-50.38567, -51.58708, -30.07392, -34.89329, -27.13580, -36.47018, -35.42289, -22.29403, -25.78132, -22.12772
-39.73426, -39.89288, -24.25215, -30.66726, -22.06327, -26.42759, -29.70193, -14.21022, -21.70513, -15.84552
-44.57735, -45.05117, -38.44438, -48.23228, -34.83164, -36.34359, -36.96533, -41.70000, -33.91598, -32.52877
-54.96596, -43.13445, -23.46056, -28.70525, -21.36878, -30.07277, -33.33711, -17.09888, -20.30831, -18.64923
-52.35214, -43.51999, -34.41269, -41.12026, -33.30855, -36.09528, -60.28893, -29.34689, -27.14442, -28.05690
-39.73183, -43.70957, -27.10759, -30.92019, -25.12251, -32.34436, -37.21240, -24.60119, -22.22587, -20.82057
-36.69732, -51.21483, -24.04840, -27.73370, -21.87016, -25.69223, -32.75182, -18.79747, -19.46133, -16.69619
-38.64376, -47.02321, -26.59167, -31.23167, -22.90569, -35.54699, -28.41748, -14.16843, -22.23427, -14.47513
-56.06734, -62.06283, -35.28680, -37.19754, -34.25125, -41.40430, -53.90959, -28.12782, -29.41060, -26.63244
-49.69761, -63.64148, -60.98419, -44.94693, -49.64846, -48.71478, -50.60067, -47.92985, -44.67205, -45.61868
-44.04955, -43.44326, -24.21653, -33.48055, -22.01140, -29.88620, -34.09369, -16.37884, -22.14063, -22.07885
-34.80172, -42.93509, -38.04528, -41.52631, -38.95883, -28.60536, -43.78933, -42.90934, -30.72878, -27.80402
-47.77590, -28.89819, -32.64023, -46.00168, -23.52807, -26.87839, -33.05541, -18.04301, -26.12637, -26.49640
-52.00773, -39.42889, -36.93348, -49.12652, -30.78434, -32.84045, -50.87003, -26.13829, -36.26740, -22.30653
-47.82258, -44.81981, -35.16747, -43.30103, -28.16970, -46.24604, -43.66629, -22.41451, -37.09517, -20.14316
-41.00008, -36.03430, -25.50075, -31.37981, -23.89607, -24.38959, -30.30241, -18.34020, -21.69787, -17.95439
-53.57713, -29.52036, -26.57888, -36.59802, -21.60880, -25.73645, -31.54505, -18.21637, -22.06372, -32.88531
-34.91984, -47.11643, -35.27679, -39.86478, -36.75520, -28.25184, -42.88100, -47.21483, -28.62496, -27.22290
-45.77489, -39.50105, -34.75040, -41.08452, -29.31495, -38.70379, -38.06955, -17.22437, -37.05232, -24.87487
-38.51757, -44.71707, -23.03554, -30.76289, -20.73027, -33.37446, -31.10293, -14.04911, -20.56056, -18.09762
-35.75578, -34.46857, -35.97961, -38.99964, -34.59258, -27.97813, -34.58423, -34.40840, -32.00425, -29.13672
-46.29715, -30.24143, -24.50197, -37.01038, -22.19026, -29.45696, -30.01991, -15.53850, -22.12967, -24.43594
-37.10408, -41.75224, -19.47888, -24.23872, -16.81983, -23.89193, -27.69857, -12.50838, -15.79113, -10.94761
-34.13547, -45.13113, -37.64207, -39.38315, -38.27362, -28.13498, -43.19630, -40.51481, -29.70187, -26.56201
-42.96623, -39.63940, -37.93808, -41.42105, -43.77099, -33.47590, -34.47168, -36.25998, -44.01002, -43.30069
-39.06199, -51.36307, -35.74002, -39.22699, -35.33085, -38.47635, -64.29458, -47.79426, -28.88995, -27.71290
-55.26210, -51.76857, -44.59185, -48.84801, -41.11201, -47.14761, -48.03739, -33.13182, -43.51950, -40.46319
-55.61669, -38.36146, -36.72661, -47.19366, -36.66655, -36.23837, -40.54952, -24.34470, -38.13829, -28.98273
-41.44967, -40.88539, -25.44677, -30.51366, -23.01646, -25.77400, -31.01203, -17.09227, -21.43463, -16.76896
-43.05165, -31.28205, -34.88091, -38.52599, -26.78652, -25.11760, -34.88440, -20.40449, -32.05031, -29.87997
-47.50233, -38.00714, -38.26773, -47.17814, -35.74456, -31.94741, -33.96743, -34.54731, -34.13160, -31.83885
-51.43945, -35.17215, -35.93320, -43.43264, -32.29736, -29.92291, -42.33040, -32.35000, -31.22848, -24.29412
-38.31131, -37.26669, -32.80801, -51.37422, -25.01983, -29.09979, -37.59269, -25.84345, -31.02339, -28.05046
-59.77146, -34.35274, -31.72266, -38.17227, -27.73913, -31.88863, -35.56200, -20.32142, -26.51551, -31.16568
-39.16345, -35.33030, -31.05403, -37.64979, -24.03762, -40.50195, -33.33677, -12.77194, -42.75339, -21.64010
-50.21977, -58.21385, -41.91947, -47.82330, -39.14959, -42.75025, -48.66744, -35.87919, -39.20189, -33.53679
-40.68750, -34.43316, -28.14272, -46.44197, -22.09852, -22.73905, -32.97429, -31.32316, -35.03876, -22.21078
-47.06297, -55.55306, -33.41103, -42.88621, -30.86363, -43.98819, -45.74559, -22.01196, -34.12719, -20.27053
-44.31536, -34.61867, -35.43386, -48.35557, -31.30915, -27.32041, -29.28244, -40.62209, -29.26977, -26.82252
-55.28594, -40.64295, -34.71509, -44.78502, -32.78214, -35.35043, -41.86275, -25.58754, -33.01718, -26.55059
-40.28478, -33.83615, -24.12960, -35.92828, -22.70236, -33.52062, -30.41924, -15.12968, -22.87826, -22.17151
-51.66011, -40.16661, -33.76609, -53.24824, -31.79405, -33.86835, -43.18653, -24.69249, -32.08953, -29.16742
-50.99152, -33.87636, -33.72401, -41.28250, -29.16425, -26.97218, -39.35231, -33.98845, -29.78022, -22.36173
-52.54371, -37.61381, -31.11243, -44.61062, -28.53443, -41.16165, -36.25065, -20.77928, -28.00110, -29.12219
-37.97709, -36.92587, -23.22815, -29.28485, -20.59937, -29.84615, -27.09103, -11.94638, -20.78891, -14.29568
-38.46741, -43.64247, -53.05331, -45.83469, -42.22098, -33.60555, -40.26532, -44.62279, -51.68078, -40.93139
-47.21819, -38.55610, -39.73980, -42.61537, -32.65855, -30.75406, -39.57523, -39.52714, -43.43003, -30.06283
-49.41647, -32.82518, -29.04014, -41.53499, -23.22490, -22.00592, -32.21384, -36.74979, -40.20364, -21.28739
-61.60539, -34.50382, -30.00731, -35.94501, -27.47016, -30.47193, -34.25584, -21.69606, -25.87105, -24.63400
-43.46391, -49.81221, -40.55015, -55.61404, -39.60136, -45.38853, -40.10810, -33.93886, -65.94478, -41.79733
-45.58812, -41.28338, -27.67899, -38.62079, -23.02883, -25.56855, -35.13515, -26.82955, -27.48965, -18.40265
-54.96825, -41.16428, -35.34821, -48.47802, -35.20998, -37.86063, -49.36590, -24.50091, -33.77028, -32.04218
-47.91793, -38.12451, -29.52846, -33.29198, -28.78820, -26.75520, -35.42527, -20.70134, -26.47880, -20.41935
-41.98708, -42.19848, -40.83250, -40.81311, -32.92080, -30.43081, -37.09513, -48.04017, -42.46165, -34.97547
-44.77661, -39.51553, -33.18347, -44.23973, -28.97672, -30.29043, -47.10022, -38.60268, -30.38992, -28.03751
-61.87097, -52.42039, -35.27128, -38.25664, -29.07098, -42.67194, -44.55388, -27.72752, -30.80920, -20.71406
-43.39963, -48.13419, -33.15799, -38.31663, -31.80048, -60.76974, -35.13201, -16.95566, -29.89464, -19.91169
-46.40398, -42.63682, -26.60969, -29.17716, -24.27968, -33.14448, -36.70310, -22.20412, -21.12886, -21.20788
-45.13295, -36.18670, -34.60633, -44.62078, -28.52206, -50.97190, -47.74021, -20.84293, -27.85160, -29.00061
-37.01356, -51.02155, -22.94343, -28.33891, -19.80651, -28.66229, -30.19492, -14.38546, -19.74127, -14.69495
-38.44549, -37.24058, -31.43020, -37.50306, -26.46853, -31.08508, -59.29194, -20.03191, -22.46710, -27.63852
-48.17013, -34.01290, -35.29036, -42.04578, -25.17908, -55.87264, -40.94581, -20.44955, -27.71582, -27.85772
-50.53796, -42.85096, -34.77168, -41.81524, -27.40538, -35.09036, -42.00076, -24.65928, -34.40568, -19.77769
-49.93758, -39.84380, -34.90398, -43.54015, -33.21906, -32.55856, -43.41343, -44.39409, -30.21789, -27.46420
-39.87938, -46.67309, -26.33925, -34.46878, -23.81793, -30.80888, -32.73909, -16.79446, -25.17162, -18.16932
-45.56393, -45.45385, -32.99166, -39.71073, -32.32288, -50.32312, -37.60937, -16.98953, -33.94260, -21.61811
-47.81583, -36.08407, -36.89893, -45.93136, -26.20107, -41.25037, -39.51033, -22.56254, -31.52485, -29.81105
-38.32191, -38.50739, -39.72317, -52.55479, -37.45478, -31.16921, -32.36481, -46.59288, -40.68394, -34.09666
-49.34365, -38.59226, -32.84884, -48.54250, -29.42874, -27.13293, -42.16087, -44.22847, -30.89414, -25.20222
-39.55843, -34.44517, -43.90462, -43.75871, -35.71295, -28.62046, -36.13819, -42.22670, -37.08335, -31.77567
-45.62594, -38.09279, -28.26925, -36.25715, -25.20492, -26.80595, -37.14143, -20.09567, -28.04128, -19.23432
-45.60262, -42.43130, -24.86390, -30.30530, -21.47185, -24.67768, -34.90324, -20.45619, -21.70856, -15.62474
-50.21192, -48.11884, -37.73652, -37.83506, -30.41463, -36.63198, -41.78941, -20.60554, -33.61152, -25.27497
-46.70050, -36.83768, -30.07464, -46.11800, -27.87250, -41.53113, -35.47743, -20.33680, -28.05210, -26.54205
-45.21445, -48.16278, -33.80180, -38.94125, -33.53433, -32.11392, -43.89752, -31.44909, -30.29849, -26.37785
-45.06756, -43.21661, -30.15930, -38.17237, -26.07935, -30.34995, -39.21377, -26.80198, -28.86227, -17.66248
-52.88081, -40.51274, -31.75312, -32.96231, -28.81957, -31.39347, -41.38723, -36.22204, -23.74986, -21.47092
-34.97065, -35.97202, -32.03230, -37.21376, -27.46821, -23.36088, -32.56816, -44.73623, -27.45989, -24.04809
-49.75475, -47.53444, -34.95743, -40.46387, -34.40337, -47.91089, -41.90362, -19.63048, -37.94539, -23.32961
-45.78856, -46.49083, -33.33365, -40.22319, -32.01980, -45.94472, -39.36751, -17.95257, -37.86557, -22.00840
-76.49843, -50.54244, -33.95345, -41.32911, -34.82118, -45.26732, -49.05523, -21.85107, -35.22182, -22.66553
-49.47341, -48.07338, -35.22869, -40.21414, -35.02022, -48.88456, -40.00552, -19.84848, -36.59760, -24.11713
-38.09282, -41.15873, -38.77277, -45.72669, -41.63626, -33.46822, -34.98712, -36.68595, -57.13997, -44.37271
-37.40561, -36.24682, -37.53414, -40.19564, -32.39333, -26.64271, -33.47154, -44.45028, -45.97909, -31.97000
-38.50301, -46.49089, -25.06251, -30.73443, -21.67103, -30.85348, -30.67480, -15.80590, -22.20509, -14.06350
-43.89326, -41.64445, -26.72560, -39.31212, -22.13305, -24.61018, -39.71713, -24.92106, -26.83189, -16.31886
-44.30059, -44.97300, -28.43936, -38.80456, -27.48541, -35.91716, -35.33507, -19.22819, -28.97371, -24.29780
-55.96936, -40.63396, -29.15030, -38.91443, -25.74079, -27.23596, -37.03117, -26.81589, -27.15262, -24.49935
-43.07704, -39.48131, -37.36993, -58.51014, -32.12816, -43.91607, -36.69721, -26.62095, -41.39915, -35.52870
-52.06826, -42.15481, -29.88032, -35.07091, -27.99696, -26.24875, -39.03800, -25.58774, -27.37414, -20.54584
-52.01479, -43.92117, -33.82180, -40.59022, -29.92392, -31.95364, -48.62587, -31.30218, -29.99860, -22.09569
-48.55906, -48.49979, -46.72110, -47.32430, -44.05974, -46.86725, -56.44820, -50.85051, -35.95278, -38.80402
-53.08869, -52.08260, -31.10266, -34.59491, -29.27920, -33.45093, -51.66583, -27.51703, -24.10289, -26.64166
-54.19974, -38.15690, -31.00702, -45.41038, -29.79207, -32.42671, -34.87656, -19.12398, -32.93907, -32.33881
-34.82733, -40.18544, -33.99130, -44.71595, -30.94380, -25.48861, -37.38631, -43.11488, -29.23440, -24.93484
-48.46160, -33.31603, -30.04514, -43.74998, -25.47158, -23.35166, -35.52165, -32.69145, -31.36829, -20.18236
-52.36448, -42.16967, -33.12600, -38.84098, -31.88805, -44.71518, -49.76407, -30.22239, -27.13966, -35.38876
-47.62663, -43.79953, -42.42310, -49.47648, -35.79168, -41.38870, -37.01037, -38.34279, -39.38532, -36.74954
-50.89154, -36.78766, -29.76484, -39.65533, -22.51064, -32.11363, -32.92671, -25.04190, -30.98459, -20.33813
-46.39820, -39.40113, -34.22857, -51.83671, -26.80250, -33.90234, -38.78465, -21.58656, -33.60591, -24.58614
-41.84145, -40.11480, -28.09589, -40.03856, -24.43705, -26.96714, -35.76410, -22.40986, -28.65958, -19.63411
-51.05877, -40.27459, -29.02162, -40.51792, -29.34877, -32.66144, -41.30109, -20.85783, -26.36664, -31.53150
-33.01274, -43.63421, -20.11065, -24.88879, -16.65425, -28.06481, -25.75472, -10.75131, -16.50158, -10.98240
-42.37869, -40.34710, -29.50936, -36.20009, -25.16857, -35.83540, -32.87769, -18.27772, -26.56732, -18.70353
-39.76258, -31.71880, -31.43432, -54.48312, -21.81094, -32.20867, -31.29360, -18.37651, -33.47729, -23.31458
-58.87285, -41.74802, -41.22305, -39.26398, -29.91345, -31.81875, -40.64161, -27.57575, -35.73736, -26.22827
-52.24354, -42.18543, -32.30287, -40.44603, -32.25833, -31.39730, -42.17679, -42.37224, -27.25092, -24.95747
-53.71543, -44.26465, -33.52045, -47.62490, -31.98383, -37.91804, -41.79899, -25.14514, -33.35892, -27.70675
-44.88355, -48.54276, -33.72102, -44.98376, -31.36381, -49.89005, -37.70391, -18.75478, -36.14238, -20.84400
-45.33094, -38.03340, -30.37813, -46.30731, -26.56039, -26.65765, -39.24502, -32.90539, -31.74142, -25.03609
-34.92671, -27.47260, -33.26036, -36.67685, -22.96026, -20.47578, -30.39350, -18.13561, -26.83520, -32.50069
-44.32116, -61.48130, -33.74231, -37.14005, -31.67722, -34.26821, -41.56608, -27.74119, -29.29135, -22.37342
-55.77085, -37.61622, -35.70551, -50.53286, -29.81301, -31.12109, -33.07767, -49.52666, -35.08028, -28.47149
-43.82517, -33.91873, -33.08620, -51.44037, -25.19531, -38.32940, -34.52318, -17.36524, -35.15120, -24.68367
-53.98069, -55.26253, -48.98197, -55.59224, -47.38861, -50.05034, -59.87414, -53.19880, -41.47275, -42.57116
-41.82507, -39.57856, -28.25797, -37.84482, -24.62328, -31.53851, -34.42959, -17.67976, -26.07265, -20.62249
-45.80500, -38.53455, -32.31532, -42.57007, -27.88927, -39.03985, -37.51255, -18.12060, -41.62000, -24.31928
-55.56678, -34.03486, -32.70360, -43.96875, -23.34895, -31.09167, -33.04143, -23.57803, -33.85495, -21.96010
-52.16714, -56.61861, -25.40348, -29.43138, -22.45079, -24.47301, -48.01681, -27.19909, -20.25338, -17.82463
-47.68716, -31.96721, -29.64007, -39.14438, -25.58980, -23.46347, -35.81756, -33.56890, -26.69813, -19.94899
-48.01465, -44.50361, -32.29387, -38.30799, -32.03792, -43.32028, -38.36398, -16.66911, -34.18144, -21.13874
-32.49569, -43.32503, -32.30640, -37.27280, -34.00129, -27.57961, -42.22749, -32.82491, -26.13883, -26.85454
-41.33068, -36.35830, -31.51388, -44.60719, -25.20194, -27.19366, -38.71482, -29.06731, -31.60023, -27.61313
-47.34806, -67.91909, -33.12749, -37.35876, -29.97511, -40.75124, -52.26506, -22.82569, -30.04615, -20.57385
-46.19068, -38.79612, -33.57885, -35.61141, -25.38367, -29.40554, -37.40891, -19.85994, -34.74106, -25.29450
-46.96898, -51.81532, -41.01843, -44.16605, -35.81101, -36.35729, -42.67733, -43.30481, -44.70973, -38.84028
-45.85293, -42.22954, -28.84427, -37.79187, -23.35883, -29.13272, -36.01708, -27.44548, -28.90573, -17.55784
-52.48110, -39.25680, -42.26925, -44.60564, -47.00537, -36.17450, -40.58491, -37.99611, -44.04650, -47.29883
-46.17798, -45.49200, -35.60769, -39.24173, -31.69253, -43.62672, -43.82920, -21.78304, -47.47834, -22.54952
-51.23891, -41.72935, -35.28639, -43.36436, -31.42015, -43.98598, -37.30373, -19.13940, -41.46933, -26.70519
-41.80106, -50.87019, -50.50250, -47.65745, -44.48158, -48.95421, -45.91365, -56.71953, -60.62725, -106.61862
-50.63152, -66.67228, -62.16847, -49.09688, -51.70203, -50.64179, -55.22250, -51.62850, -46.52206, -51.68858
-50.66569, -44.38976, -32.72416, -36.88655, -27.19200, -32.98001, -41.42640, -30.01669, -28.54100, -19.86592
-41.57094, -38.68035, -28.33831, -41.49931, -23.98193, -24.46035, -36.78015, -28.41419, -29.01581, -18.95063
-47.67246, -50.03250, -40.56720, -52.09015, -37.39019, -52.55192, -42.69386, -27.73904, -50.18392, -38.86496
-36.73940, -29.07009, -34.11293, -39.80954, -24.04110, -24.59313, -31.34952, -21.07109, -27.61515, -36.08729
-46.06047, -36.32772, -25.79524, -34.69473, -22.64739, -25.78606, -31.79282, -18.93215, -24.59150, -17.95658
-48.47391, -34.21104, -37.13381, -38.91745, -27.44365, -31.91957, -38.19525, -20.44515, -28.21726, -29.59176
-47.97191, -44.01710, -28.52228, -40.23792, -27.78854, -34.76928, -37.66067, -19.59846, -27.14341, -24.29340
-46.41379, -44.67093, -28.01041, -29.36998, -27.60207, -29.52897, -45.12560, -31.00794, -20.53044, -23.15062
-41.87872, -29.19397, -31.81470, -39.65728, -25.74946, -23.86466, -30.21651, -21.56838, -29.66991, -34.53273
-38.79859, -35.81654, -31.13825, -35.50293, -25.14018, -45.72360, -32.64651, -12.67815, -45.57916, -20.74556
-49.24082, -50.61408, -43.43662, -43.40145, -42.45994, -45.28919, -51.42621, -53.10471, -34.41778, -35.86032
-45.82471, -35.26657, -34.35709, -46.51262, -29.28365, -27.53150, -34.50845, -27.73948, -36.56546, -34.16139
-47.65383, -45.35470, -33.20025, -38.17423, -33.08704, -36.02343, -46.20359, -44.76418, -27.17636, -26.00525
-74.51885, -37.19395, -37.62963, -50.16151, -35.96497, -34.70596, -43.05298, -24.41827, -38.76040, -26.65482
-51.63626, -46.24523, -34.05893, -37.71485, -32.91582, -35.99500, -44.50838, -36.86828, -28.35513, -27.29656
-43.87112, -39.31817, -32.43947, -47.81828, -28.99088, -29.02072, -37.80429, -34.60335, -36.96388, -27.25120
-40.59581, -56.92881, -37.61535, -40.77287, -38.42919, -35.88600, -53.30351, -51.93369, -30.42560, -30.08037
-51.81897, -36.54930, -31.76331, -55.41879, -31.29937, -30.49804, -34.82746, -20.67503, -32.28181, -28.97729
-39.68327, -56.69163, -23.79417, -29.47771, -20.85358, -27.31929, -31.93678, -16.09149, -20.82705, -14.62197
-65.95683, -50.02495, -35.23097, -36.70943, -35.11805, -41.76052, -45.45810, -47.83652, -27.56635, -27.90321
-50.09828, -51.07692, -36.00760, -40.90389, -35.60739, -75.49735, -39.87944, -20.21684, -34.28326, -24.22727
-50.62197, -33.24786, -29.94911, -44.41810, -24.14449, -23.32393, -33.08058, -43.82714, -34.84431, -23.93042
-45.72258, -38.46940, -41.24026, -42.03041, -34.62747, -31.33035, -39.45408, -28.86869, -42.82367, -37.97013
-47.16261, -39.86403, -24.89861, -32.68326, -22.49891, -26.07559, -35.43893, -17.19744, -23.37718, -18.01287
-57.93601, -48.96289, -48.32661, -47.98611, -45.10046, -44.40705, -47.32308, -32.69989, -43.21869, -37.35882
-45.12581, -35.80386, -33.44542, -38.49457, -28.82113, -29.43177, -36.02821, -21.22311, -31.41793, -22.39528
-50.00867, -51.29885, -38.59153, -41.93537, -37.81756, -51.92570, -44.04923, -22.44345, -39.56808, -26.52491
-48.17429, -34.95034, -25.71710, -32.82760, -24.08665, -23.86122, -41.47211, -21.91659, -22.60979, -19.70282
-48.38931, -36.03912, -35.02978, -43.20760, -28.33528, -27.14499, -37.37297, -29.23918, -42.53075, -22.29125
-38.12549, -44.09730, -34.66664, -38.22730, -34.73402, -30.67426, -39.18764, -27.57949, -31.50080, -24.83353
-44.12172, -39.32492, -33.72965, -38.89436, -29.24417, -53.24620, -36.43469, -15.77957, -43.88803, -23.01884
-41.22067, -45.76104, -25.95110, -33.45748, -23.02623, -26.95467, -35.13938, -17.62352, -23.57802, -16.76619
-40.74608, -50.36115, -26.00621, -30.01928, -23.42682, -28.13338, -31.84919, -17.96847, -22.06899, -17.16396
-52.43517, -37.26150, -35.88911, -45.10245, -34.72102, -36.36150, -38.13553, -22.48908, -41.20373, -27.37382
-50.99768, -37.31753, -30.10339, -41.34823, -29.32727, -29.74543, -33.95710, -19.06352, -30.54062, -27.26762
-43.40243, -31.92019, -26.51736, -44.93682, -22.17893, -20.82540, -32.47488, -38.64410, -26.98731, -19.88722
-62.47669, -49.20923, -42.89218, -46.49222, -42.71050, -43.80497, -46.13667, -28.90790, -46.67104, -33.49366
-38.33427, -30.82453, -29.25705, -39.00672, -20.54955, -25.44812, -32.33983, -19.90769, -25.57449, -27.54067
-41.53137, -43.74799, -26.97559, -31.59034, -24.57071, -30.41011, -30.38884, -16.14641, -23.34102, -15.88867
-47.56846, -42.00938, -35.42577, -51.18438, -29.53403, -30.99958, -42.15492, -29.37830, -38.84306, -23.47504
-49.26283, -34.19147, -26.30075, -37.21611, -21.94224, -25.51028, -31.36643, -22.46681, -26.16297, -21.19277
-47.08732, -44.87881, -37.28556, -52.47443, -29.59644, -52.56951, -44.55317, -21.46656, -45.80465, -22.10497
-63.14524, -43.85897, -42.86250, -37.95724, -30.51909, -32.97639, -41.18619, -27.12589, -35.28601, -27.16845
-43.11235, -34.68031, -26.14798, -31.71389, -23.41884, -30.78203, -29.12658, -13.99831, -23.83255, -18.31967
-47.34329, -37.56431, -31.37102, -46.00225, -23.35428, -30.41549, -34.13843, -26.52896, -37.04286, -19.56669
-41.45472, -56.64229, -30.00411, -35.19005, -25.47503, -38.96520, -33.49450, -18.58853, -25.85982, -17.88921
-35.23432, -32.16000, -38.57940, -39.22332, -31.67733, -23.74254, -33.58722, -28.35363, -34.24698, -40.16103
-51.33581, -56.64929, -48.95100, -52.06531, -47.76023, -53.02873, -56.31122, -59.97557, -42.57875, -41.37748
-48.48912, -53.36980, -37.02770, -45.37414, -33.70632, -42.37940, -41.13852, -26.99719, -34.01391, -27.84785
-45.90394, -54.31737, -30.94230, -36.46453, -28.46445, -38.35803, -38.34760, -23.00521, -28.03069, -23.39164
-40.43790, -33.30632, -27.06095, -37.74105, -19.50849, -22.20767, -31.51633, -23.12272, -31.99702, -21.93331
-44.22456, -48.22784, -33.54056, -36.94151, -31.35856, -30.28632, -44.69862, -47.34484, -26.14071, -24.82234
-44.96571, -37.51111, -28.57343, -39.73527, -27.70212, -29.44416, -33.40553, -17.92518, -28.38978, -23.75130
-45.16999, -34.69623, -39.43553, -37.18626, -29.74680, -29.90548, -37.71933, -23.20045, -34.18959, -30.12402
-61.11862, -37.54705, -36.83088, -39.06490, -29.47909, -28.19056, -36.36915, -32.99596, -37.35952, -28.49265
-55.49124, -37.01766, -38.42544, -45.38740, -37.34853, -34.91235, -38.54384, -25.63217, -39.26508, -29.51051
-43.97084, -47.61891, -53.62115, -50.22139, -40.64623, -37.92923, -44.26261, -38.19758, -48.62628, -42.50035
-47.56820, -46.03307, -33.39241, -43.14074, -27.21137, -33.08534, -42.81652, -24.69400, -36.88724, -19.75272
-39.20438, -37.57895, -29.53299, -37.72999, -28.74643, -26.67590, -39.39787, -37.96029, -24.30654, -21.71366
-39.04900, -31.22277, -23.01866, -34.27926, -21.01117, -32.54315, -29.87136, -16.05891, -20.79214, -20.87090
-47.37197, -40.77312, -42.83339, -47.66329, -35.34000, -36.57281, -37.24890, -34.60562, -39.66533, -35.48442
-44.34235, -59.51157, -29.83045, -34.94514, -25.79367, -37.72029, -33.03987, -19.12896, -26.17574, -19.27738
-42.71969, -41.46163, -37.25018, -47.44553, -32.80241, -33.71821, -34.80091, -54.37686, -35.13946, -30.24084
-43.85379, -36.67766, -37.21856, -41.89377, -36.83890, -31.50834, -33.55787, -32.81197, -42.54001, -36.33062
-57.46929, -39.25943, -38.39501, -47.74757, -37.35333, -39.33404, -44.69961, -25.39374, -35.84048, -27.49937
-43.34981, -35.85659, -29.45970, -39.84896, -28.98368, -26.36483, -31.04395, -24.78341, -25.49015, -23.05128
-42.18341, -38.64763, -39.66798, -46.16282, -42.86866, -31.18396, -34.42916, -40.50768, -40.27404, -36.94646
-56.02258, -36.88510, -39.14832, -48.11718, -38.40514, -34.83301, -39.24966, -27.21547, -37.24844, -30.89479
-42.10448, -53.61132, -39.16469, -49.77657, -42.17673, -48.86778, -40.55631, -31.82406, -56.47430, -40.58241
-42.75851, -43.47654, -29.80484, -33.53201, -25.93103, -39.00475, -30.26189, -15.38936, -24.99205, -17.64512
-39.96577, -35.03762, -38.38186, -42.36952, -35.40090, -27.38576, -33.95285, -32.53354, -37.79774, -39.18722
-38.41531, -31.85299, -22.88864, -32.69946, -21.43304, -30.77243, -28.38949, -14.63937, -21.35518, -17.62766
-47.88308, -51.23570, -36.55567, -42.87781, -36.04758, -54.17176, -42.00074, -21.09721, -37.25886, -25.02307
-52.64161, -38.88108, -38.37017, -46.85553, -38.58922, -37.64940, -46.61627, -28.06266, -33.96283, -30.46827
-40.94352, -34.22803, -22.22262, -29.50948, -19.75798, -28.06055, -29.46143, -15.39259, -19.24346, -15.61854
-33.84267, -47.11275, -35.05770, -36.96576, -34.89392, -28.18453, -44.12114, -47.94928, -26.81865, -26.31375
-46.86560, -44.79770, -41.49510, -47.45122, -35.39688, -58.01824, -40.90182, -26.49397, -42.91406, -37.08170
-45.21703, -37.72609, -32.98624, -42.64671, -28.05844, -40.51578, -35.41595, -16.43674, -36.32549, -21.26131
-44.07145, -48.63197, -47.06039, -43.26366, -40.34454, -40.76900, -48.38803, -38.26999, -35.16550, -44.20414
-35.69790, -49.35518, -21.20751, -27.15937, -18.06543, -29.20891, -27.52212, -11.79574, -17.47523, -12.91483
-49.25449, -54.48319, -35.31698, -39.79644, -31.45137, -43.15493, -39.65781, -25.34483, -31.08244, -24.84225
-55.88800, -36.51898, -38.05742, -44.20441, -32.51822, -29.48961, -38.66084, -35.30945, -40.65911, -29.20612
-39.61756, -42.43553, -47.33923, -43.09315, -42.95931, -32.97464, -38.36975, -43.61087, -44.14590, -40.72997
-40.83117, -40.31343, -42.00711, -40.24292, -37.03706, -28.50800, -39.11936, -36.68730, -41.89146, -39.96926
-47.50935, -35.94715, -26.22960, -38.95815, -22.33927, -22.33960, -42.66998, -24.73990, -25.69509, -19.14182
-42.73037, -38.24698, -31.98263, -39.41472, -27.76829, -50.05444, -34.68231, -14.76764, -44.31896, -21.62365
-47.85795, -32.42065, -24.45017, -35.97932, -21.77386, -20.06712, -37.65522, -29.32225, -22.70914, -17.49999
-62.34949, -46.67829, -35.12857, -53.97524, -36.97666, -47.42939, -47.00837, -27.56848, -34.90607, -36.81747
-40.99210, -38.71217, -28.62575, -36.24532, -24.09650, -38.58964, -30.95436, -16.04253, -26.69522, -19.73596
-54.55738, -57.06218, -39.74483, -45.18720, -39.25769, -75.74906, -43.58539, -24.40167, -39.88203, -28.60217
-44.71609, -40.32247, -26.03240, -28.67637, -23.78800, -33.27727, -35.43506, -22.52954, -20.89338, -17.93431
-52.85016, -29.70391, -30.92004, -39.70634, -20.27652, -46.21382, -34.83297, -14.71832, -23.83802, -21.82193
-42.56619, -40.83018, -30.91291, -35.73871, -27.81519, -29.79062, -43.44082, -51.20879, -24.97929, -23.25181
-35.87604, -43.43939, -21.43844, -26.67699, -18.66534, -27.17147, -29.48446, -13.60241, -17.70245, -13.60791
-43.65152, -37.36377, -33.67677, -36.47696, -35.41830, -26.91797, -36.91089, -26.89806, -31.57104, -28.37179
-49.52270, -56.88343, -36.46463, -48.92322, -34.22615, -50.05495, -38.65956, -22.63250, -38.26292, -28.90623
-42.73277, -43.14906, -26.44789, -31.99473, -23.24548, -31.95705, -30.59730, -16.67145, -23.47311, -17.21519
-38.97159, -36.16588, -39.99702, -40.55132, -32.40199, -27.23172, -35.77826, -27.03083, -39.10887, -39.95826
-39.68223, -35.02672, -23.92429, -26.40044, -21.91669, -21.36035, -29.78663, -16.63822, -19.16702, -14.97246
-36.97343, -53.04088, -33.17581, -37.18470, -33.74027, -34.51511, -53.15930, -45.93446, -26.52187, -26.55079
-45.10205, -42.71309, -30.68588, -42.61097, -26.50789, -28.76540, -43.03786, -24.24383, -31.81667, -18.50766
-56.85221, -37.56772, -37.66650, -44.36565, -36.28246, -36.77628, -39.24540, -23.92288, -40.77158, -27.68416
-40.63270, -41.95563, -46.43659, -52.51124, -43.05110, -33.61665, -41.01320, -46.66900, -47.34289, -36.18966
-63.43826, -45.30179, -29.32129, -33.12035, -26.70861, -28.55450, -36.95138, -19.85810, -25.73742, -18.77099
-49.82108, -49.21175, -42.36847, -58.46214, -40.52576, -71.99854, -45.57883, -31.72504, -44.73234, -49.88859
-43.61857, -37.41097, -38.08093, -51.17302, -34.61847, -29.51623, -31.12772, -44.04973, -31.95797, -29.35099
-34.09019, -61.78452, -32.90893, -35.22620, -33.01494, -29.04072, -46.02955, -47.10536, -25.15687, -25.08568
-55.43824, -39.02852, -37.88931, -48.26864, -32.12560, -29.66863, -40.18123, -41.18749, -38.48242, -28.48336
-52.92683, -46.10572, -47.64870, -49.15522, -38.03606, -47.29956, -46.76148, -31.11515, -44.40063, -38.17235
-49.36240, -44.60758, -38.13703, -41.01336, -31.24942, -45.95414, -42.45061, -24.90473, -42.68426, -23.62786
-36.28023, -37.03971, -31.80188, -47.59135, -27.47203, -25.70399, -36.07035, -38.82458, -30.26863, -26.45651
-55.30595, -36.84731, -38.65045, -49.07903, -38.68366, -34.89879, -40.17905, -27.80805, -36.00372, -30.71166
-49.46741, -37.78729, -31.98112, -36.45356, -28.03624, -29.55999, -41.01926, -24.92747, -24.28129, -32.88915
-56.04489, -39.25887, -32.26254, -36.73271, -26.90666, -28.59199, -38.75889, -38.41589, -27.24392, -23.01742
-51.49627, -40.98725, -30.51913, -64.91264, -28.19249, -29.25978, -36.98375, -30.18364, -34.34054, -27.75993
-40.72511, -39.95163, -26.28788, -39.80606, -24.26261, -39.30865, -32.17004, -15.03656, -26.53923, -24.80151
-47.21282, -51.63977, -33.02321, -36.09419, -26.74630, -41.49391, -40.04312, -26.90791, -29.38089, -18.90943
-47.12256, -42.40855, -39.74944, -39.63309, -34.08464, -34.08055, -40.10213, -27.41847, -36.67783, -26.87771
-50.22358, -38.65490, -39.32491, -48.22348, -35.63922, -35.13468, -49.38982, -45.76286, -30.39617, -30.16907
-50.26152, -46.48969, -32.02320, -38.27638, -29.90806, -34.15301, -37.53279, -22.05111, -30.86980, -22.14111
-38.93120, -43.64437, -30.55942, -32.54412, -28.89719, -34.05676, -42.28006, -36.25852, -23.85005, -22.36619
-46.34002, -29.66260, -32.91319, -34.55889, -22.97571, -28.21309, -33.47924, -17.06394, -26.16657, -24.15336
-46.70211, -33.10666, -27.06023, -42.05789, -24.33361, -22.09585, -37.11021, -33.12529, -26.24148, -18.79053
-52.51060, -35.17055, -37.47317, -49.55780, -33.93862, -29.03136, -45.86530, -37.06863, -32.37332, -26.04298
-35.82877, -32.74058, -37.04062, -39.21743, -28.46753, -24.50436, -33.51729, -23.25861, -33.08772, -36.45945
-41.68033, -56.61986, -26.36331, -33.49963, -24.96225, -32.78018, -37.66869, -18.96598, -23.72595, -24.94946
-43.33258, -34.47485, -33.50606, -46.62559, -35.07210, -26.04001, -31.29757, -31.63794, -30.17882, -27.87692
-40.24809, -57.77297, -26.60883, -32.66770, -23.69839, -33.55406, -32.41518, -17.62394, -23.84330, -18.27835
-52.24138, -48.50579, -38.40097, -45.81796, -35.49759, -41.36498, -39.32170, -22.64684, -48.23730, -30.34438
-44.77748, -39.61946, -28.55689, -41.31224, -23.22938, -25.46353, -35.32848, -34.07866, -28.84715, -20.64017
-42.50496, -31.21083, -34.12701, -39.04299, -23.09408, -40.55537, -38.48327, -15.87329, -24.46544, -23.09561
-49.20760, -33.01263, -31.89088, -43.00346, -27.43805, -25.09802, -37.84650, -34.12786, -30.09680, -21.66486
