-22.77066, -21.39102, -17.80602, -19.92509, -13.34467, -28.75389, -11.81695, -9.74736, -10.06344, -9.77195
-25.61193, -23.14473, -30.38702, -23.31125, -24.10164, -27.08630, -22.43250, -9.57780, -21.33831, -22.26784
-20.76265, -22.81067, -23.19013, -23.74152, -24.60271, -15.71932, -15.76389, -12.28583, -18.17149, -16.24463
-38.02993, -31.70177, -25.48623, -23.67449, -16.35584, -15.48364, -18.65874, -12.20079, -12.54048, -19.21138
-27.44767, -22.62475, -23.45803, -25.78162, -23.53879, -27.13782, -23.69268, -14.45998, -31.20788, -15.29576
-28.36228, -35.64540, -14.60493, -29.21743, -25.32992, -15.34785, -12.83073, -13.26523, -5.03770, -4.48469
-14.50588, -13.91087, -25.70578, -22.52295, -10.97784, -18.98064, -20.16873, -21.88968, -17.89015, -11.65621
-22.47972, -25.96624, -24.79194, -20.03145, -10.07478, -13.30636, -18.59051, -9.46708, -10.86277, -12.17342
-22.35768, -22.69200, -25.20230, -31.64434, -25.99069, -19.00334, -14.40366, -22.35897, -11.83431, -14.68441
-32.95750, -30.17302, -24.95921, -19.20433, -21.95071, -22.66679, -15.20148, -17.76964, -29.14874, -12.23965
-21.84714, -23.45887, -19.36380, -14.07952, -27.73819, -33.24213, -11.30802, -16.61002, -17.40476, -16.14648
-24.84776, -21.58886, -23.09821, -31.30009, -21.96320, -26.84876, -14.76339, -6.31350, -15.59165, -13.84705
-15.57228, -14.43167, -22.45614, -12.82252, -10.84907, -12.44091, -15.12201, -9.83222, -11.59284, -13.57357
-28.20263, -37.64869, -31.84338, -23.10668, -37.70044, -17.61074, -19.11806, -16.91607, -33.95173, -27.93128
-26.90767, -25.12054, -27.50793, -19.90821, -16.84928, -31.50288, -21.55991, -13.69432, -12.96079, -22.42073
-27.42341, -22.10059, -25.74345, -27.43720, -27.22267, -25.32945, -17.95321, -10.24473, -23.15253, -13.15563
-24.99892, -34.41259, -23.31622, -18.57797, -12.71727, -17.89556, -19.04810, -18.46360, -8.76736, -13.56863
-31.04009, -24.36778, -24.11889, -28.34231, -20.27328, -29.92683, -15.48633, -6.32013, -15.08080, -16.87635
-22.54597, -22.55131, -21.41040, -26.84327, -17.23068, -25.45326, -20.97993, -17.44398, -12.74129, -12.47565
-16.96366, -16.11638, -29.33272, -19.57426, -15.56653, -19.56215, -17.72945, -8.85762, -9.60208, -17.19893
-40.61837, -37.97171, -30.55407, -21.52827, -13.52974, -25.80589, -25.93228, -27.25009, -13.93801, -14.26807
-33.62039, -33.78404, -18.60557, -14.91380, -17.87527, -19.89463, -23.37895, -12.39404, -23.67661, -7.80871
-28.22689, -30.16720, -27.52002, -25.91146, -14.27390, -19.44036, -24.29938, -17.92117, -20.30959, -14.38005
-36.44954, -26.90694, -16.10117, -16.15556, -18.18081, -16.96025, -15.65098, -13.32508, -11.86728, -10.01272
-15.83916, -15.80339, -20.44622, -18.60708, -16.60794, -11.07904, -14.13827, -18.86376, -16.90794, -14.06890
-16.54036, -16.26237, -24.40189, -22.42993, -15.38107, -19.73312, -18.46568, -27.49738, -9.48667, -18.57313
-21.84968, -20.34980, -30.58739, -20.43637, -17.77503, -24.81128, -26.89716, -11.46265, -16.74063, -18.90490
-27.20581, -24.73686, -22.39943, -19.76808, -17.93102, -24.55774, -23.94026, -12.61719, -13.85087, -14.06452
-22.94100, -28.97969, -21.68423, -29.77195, -13.50929, -20.49550, -25.71050, -8.98237, -4.17096, -11.93100
-16.16464, -17.26780, -21.64891, -19.94146, -28.80721, -11.75034, -19.15721, -19.64095, -19.38790, -19.54963
-29.14846, -28.38031, -19.03711, -22.64312, -24.87987, -15.23327, -13.69725, -9.26751, -18.27242, -10.89379
-29.85773, -31.75911, -24.21121, -29.71014, -20.51152, -15.93398, -19.11041, -15.68955, -29.34219, -16.70273
-16.37862, -16.40536, -23.80766, -18.12112, -17.14447, -10.41331, -18.03492, -10.85694, -15.23820, -14.27475
-22.41398, -33.88331, -22.80982, -11.93344, -15.22119, -15.12693, -11.90481, -24.36793, -18.87421, -15.08781
-27.24030, -21.92801, -23.24454, -25.15270, -27.28082, -19.27320, -15.95012, -11.53696, -18.03189, -12.12401
-20.56412, -18.75446, -22.84240, -21.17073, -19.01651, -32.41150, -23.80814, -14.76384, -16.35889, -9.57689
-22.30206, -22.17389, -26.68831, -24.01053, -24.76465, -19.30798, -31.45498, -19.21472, -22.14492, -11.73961
-18.49051, -17.07691, -21.95338, -22.16014, -9.50283, -10.18402, -13.73170, -14.01375, -13.67440, -12.94325
-24.07388, -23.00418, -24.47040, -27.23206, -14.99307, -17.88867, -23.20905, -17.73520, -9.69686, -10.51330
-16.38901, -18.27587, -18.42155, -16.01257, -16.04064, -11.10205, -8.01027, -10.95921, -16.28090, -10.46886
-14.89404, -14.11916, -24.82588, -21.57921, -11.91193, -14.60942, -14.56938, -27.64370, -14.19447, -14.38950
-26.72827, -31.36309, -28.58730, -15.62854, -16.69580, -14.06068, -11.25351, -16.03639, -15.31353, -22.55939
-22.41650, -23.10984, -38.13500, -19.92480, -26.27349, -17.87027, -19.52767, -18.07133, -15.56631, -33.56173
-22.25296, -23.91503, -28.08241, -13.31572, -14.38907, -14.79686, -17.19111, -16.20978, -9.07331, -13.72701
-25.43333, -25.85372, -29.30214, -27.03397, -18.51955, -21.68944, -20.14490, -15.88738, -27.41444, -8.75320
-33.45594, -28.22413, -18.42887, -17.26083, -20.75230, -13.23518, -12.15340, -15.93412, -31.01748, -9.01906
-31.96301, -26.10534, -18.66444, -17.28565, -20.17961, -28.49745, -27.25537, -6.75431, -11.36841, -8.11497
-18.17682, -18.90947, -14.02651, -20.54941, -15.31628, -10.44760, -8.44149, -10.50156, -14.12137, -10.36224
-25.70127, -24.85506, -22.06846, -32.43847, -21.04961, -32.34384, -23.47428, -17.55819, -13.58069, -5.67199
-39.38737, -28.06303, -21.97825, -22.40990, -12.14935, -18.09903, -17.25514, -17.65125, -12.88042, -8.08775
-25.28610, -23.77873, -32.01701, -26.69179, -21.76867, -16.26559, -22.04096, -13.33294, -13.05851, -11.71768
-25.70201, -25.00841, -25.79276, -23.15744, -18.67720, -14.63010, -13.90392, -31.82125, -18.16019, -17.26597
-20.95163, -20.91904, -29.61317, -21.93990, -22.59203, -22.06929, -24.07240, -15.52053, -32.14624, -21.51278
-31.99702, -23.55498, -23.71558, -38.28287, -36.17443, -18.77578, -14.28723, -11.42886, -16.42702, -8.13924
-51.47881, -35.91284, -25.35783, -28.90276, -13.42940, -30.44647, -18.75335, -16.98717, -17.90652, -14.70055
-22.99435, -19.96644, -19.23268, -17.52432, -17.10629, -14.48485, -18.84707, -9.67696, -13.11630, -14.70932
-19.78242, -23.30492, -16.57084, -25.25793, -13.42694, -12.16475, -25.71438, -20.27047, -13.50609, -12.70912
-17.78587, -16.50584, -22.49547, -33.92719, -12.76553, -18.29225, -20.42647, -25.98328, -12.04975, -8.89737
-30.05202, -31.22025, -16.32898, -15.27577, -18.43781, -17.26770, -25.15149, -10.39920, -13.21466, -3.69069
-30.17559, -22.41501, -19.92923, -23.39815, -29.63029, -16.84036, -29.60149, -13.67242, -8.41643, -10.71621
-15.71014, -14.55740, -27.06037, -13.16165, -8.00380, -14.14205, -20.33791, -19.16371, -10.22719, -10.58106
-32.55520, -25.22405, -19.67499, -20.10706, -23.04365, -21.22504, -15.28629, -15.74786, -10.82640, -14.81805
-35.96406, -34.37704, -27.48223, -18.95670, -15.26288, -19.09764, -12.76650, -30.36493, -9.89216, -12.50680
-27.64531, -33.02165, -37.68059, -16.60794, -12.96556, -28.11415, -17.94760, -18.41690, -17.22496, -15.11163
-29.92976, -25.38152, -25.05421, -26.39568, -25.40153, -27.29512, -22.00170, -15.00960, -21.96887, -19.27712
-16.75135, -18.34772, -25.23865, -19.89318, -18.92062, -13.28448, -16.17569, -17.31323, -14.01976, -18.72280
-16.47262, -16.18292, -31.43751, -14.32377, -14.23183, -13.19323, -31.00372, -29.54519, -10.77752, -8.35326
-37.26994, -23.52867, -23.35828, -25.25944, -25.58860, -18.85208, -21.56990, -14.45486, -6.56199, -10.55263
-30.64904, -24.62344, -23.52862, -28.87646, -18.12102, -16.81310, -19.06571, -14.04265, -13.80895, -19.17844
-33.38928, -35.80730, -25.63778, -22.14682, -13.39369, -15.42684, -18.22077, -11.61543, -11.05322, -15.35103
-16.81082, -15.67248, -26.86419, -20.18056, -16.66538, -27.02358, -27.35404, -19.00960, -15.25829, -7.27582
-28.73465, -22.29889, -27.69361, -17.10120, -19.03419, -18.56190, -32.15438, -39.11673, -9.79635, -3.97708
-18.40585, -17.59575, -28.90147, -22.23557, -12.84169, -13.06769, -11.41629, -13.31449, -14.04312, -20.71967
-26.39690, -23.53713, -25.99182, -20.94213, -35.17581, -27.56386, -15.33889, -13.85139, -9.82782, -9.21222
-27.67452, -25.82891, -17.79098, -15.98803, -22.43903, -26.99479, -21.28246, -6.48864, -13.17148, -7.15982
-16.76868, -15.98382, -28.15247, -30.74097, -21.93093, -23.56838, -11.84677, -12.65873, -9.22209, -9.52457
-26.17695, -29.99952, -27.68893, -17.13609, -22.30621, -14.51306, -13.59010, -20.69730, -17.19698, -24.82024
-36.78854, -30.02659, -23.36971, -18.47866, -21.27813, -24.91742, -12.06420, -18.58555, -12.81293, -15.51123
-17.34949, -17.45216, -23.81869, -17.10186, -15.90584, -10.80672, -18.36002, -19.96631, -13.13600, -10.05621
-18.01898, -16.52811, -26.22391, -20.68671, -10.90177, -15.97674, -15.13833, -9.26895, -12.92101, -9.40548
-23.35932, -21.97656, -23.12351, -21.83446, -36.87269, -22.59821, -11.80325, -17.67712, -10.75914, -17.90900
-36.23172, -33.36958, -25.70250, -26.05908, -14.07406, -15.44190, -12.09726, -10.11460, -12.51742, -20.88582
-28.17761, -27.38218, -26.95357, -26.82863, -20.06585, -20.49613, -21.14113, -11.92287, -11.34613, -20.88702
-18.61789, -17.75459, -28.60265, -20.27815, -14.07338, -16.94299, -12.19506, -18.55024, -9.75723, -8.62380
-17.53251, -16.61729, -28.95547, -23.64013, -15.44724, -30.99889, -11.96919, -8.98274, -13.88030, -18.83214
-20.35832, -18.91495, -31.44990, -18.33038, -12.72264, -16.51745, -15.09083, -4.72761, -7.12027, -12.38942
-18.69822, -17.46835, -22.54988, -24.33278, -12.81242, -18.31036, -9.99365, -18.24121, -14.51828, -8.90135
-21.63145, -21.15866, -29.23324, -16.41139, -12.91602, -20.39678, -13.92401, -14.18646, -17.85042, -8.77389
-15.58085, -13.84373, -25.46312, -12.89685, -7.97397, -16.81067, -15.47478, -15.87483, -12.79259, -8.54415
-15.16609, -15.87490, -33.30253, -22.21358, -18.61555, -11.21361, -13.85029, -28.22989, -14.41146, -7.23718
-18.82789, -19.73089, -26.61334, -28.12176, -11.92718, -16.31709, -33.36234, -9.33761, -11.69044, -17.47983
-36.14587, -36.21619, -25.21537, -20.62900, -17.92804, -44.97136, -11.60906, -15.81698, -6.90575, -18.30307
-24.56181, -25.15018, -20.25268, -19.76361, -17.05631, -16.24905, -15.84434, -12.40147, -17.14662, -12.96076
-25.61532, -21.92240, -24.21135, -24.22146, -24.28185, -31.90145, -27.74872, -13.32092, -25.32386, -11.58013
-30.35572, -27.09308, -29.76899, -27.75439, -14.37966, -26.35254, -16.06337, -15.53594, -11.65412, -21.78200
-36.93931, -32.87712, -26.25556, -37.10166, -19.56654, -33.29501, -21.53706, -13.51165, -27.75269, -20.20771
-30.50552, -36.28713, -22.29583, -26.19124, -14.33437, -17.89727, -25.25404, -24.15772, -17.18844, -4.60598
-31.80352, -28.50211, -25.63091, -20.36035, -22.42595, -23.17682, -19.51488, -19.17131, -15.59868, -28.84676
-27.13294, -24.76037, -23.92937, -23.21399, -14.88795, -23.88445, -13.71407, -15.92605, -19.52638, -9.15913
-24.64532, -29.31426, -31.56237, -22.10413, -19.77451, -15.79759, -27.86288, -18.78393, -11.99525, -16.50447
-19.53447, -19.20297, -27.64163, -16.09752, -28.67333, -18.75175, -21.54648, -18.05258, -15.34141, -26.96273
-25.60952, -26.48502, -25.23530, -17.39851, -18.79149, -27.24824, -10.82275, -16.30317, -14.95336, -15.05593
-30.92822, -30.56763, -31.29280, -20.60371, -19.22983, -20.21903, -9.45656, -30.10086, -8.55215, -20.41163
-26.90519, -26.58768, -22.27751, -20.62149, -20.22945, -12.78371, -12.72246, -19.65523, -14.76078, -15.28022
-21.46719, -20.81171, -22.54244, -24.59201, -15.27951, -19.30257, -24.08665, -16.53287, -11.06414, -15.05527
-20.26869, -20.44793, -32.56031, -26.69268, -18.09399, -25.06035, -14.18788, -19.69704, -11.22067, -16.95139
-24.56214, -22.70703, -27.72474, -15.64829, -16.54415, -18.21199, -17.22397, -13.73550, -13.10705, -8.32757
-27.50096, -31.04701, -27.70728, -22.78267, -22.58509, -26.19921, -12.24291, -7.42418, -17.06956, -17.59216
-27.28147, -28.41789, -17.19878, -21.63188, -22.61520, -14.44639, -17.16966, -10.70252, -8.11797, -6.53229
-29.47836, -27.51615, -26.45231, -25.24709, -20.99714, -20.88230, -17.86419, -10.16605, -13.76131, -30.43458
-29.19966, -26.57003, -24.12335, -17.52229, -15.69736, -24.44986, -14.37318, -14.80190, -9.91267, -12.55042
-28.38529, -24.67234, -30.38857, -35.50329, -31.02502, -26.96908, -20.50446, -10.65706, -18.33655, -32.20694
-20.25661, -20.81557, -26.76658, -22.08793, -16.97532, -16.00268, -19.65067, -16.22130, -13.47681, -14.89586
-48.37894, -32.53782, -31.92869, -23.26718, -15.13197, -19.29111, -12.75985, -20.88559, -10.24813, -17.75781
-32.58810, -28.73872, -19.41528, -18.61592, -20.48311, -17.81359, -11.70826, -15.27402, -9.83836, -8.28271
-24.86431, -22.41786, -34.71104, -18.84938, -24.71451, -22.18623, -17.80197, -13.00113, -13.84844, -15.23482
-39.75154, -30.58061, -21.72819, -23.50116, -19.21111, -33.98512, -16.67338, -10.73423, -16.79465, -6.68395
-20.61274, -25.20917, -18.84419, -16.61789, -16.44376, -15.42094, -12.22152, -12.80863, -12.42828, -4.22885
-23.34645, -27.22509, -18.58453, -21.39544, -14.82580, -18.25569, -27.90562, -10.82759, -12.88554, -10.96359
-27.13952, -44.59887, -24.01054, -18.79780, -21.46950, -12.59363, -14.98689, -21.89664, -15.18642, -10.38744
-26.81267, -27.27138, -24.52266, -20.22399, -11.91055, -17.13427, -15.64351, -18.10834, -7.81412, -13.29366
-24.86225, -23.18906, -24.02649, -20.58066, -18.71845, -28.42568, -16.76886, -10.23604, -14.70655, -5.55344
-25.58567, -31.28603, -22.81497, -27.69134, -19.66149, -11.97577, -23.43151, -14.98750, -14.81237, -21.02910
-35.71507, -26.48380, -20.73670, -16.41081, -15.95637, -16.06998, -8.58131, -12.13725, -10.19774, -20.82179
-25.97780, -24.08991, -24.47014, -37.01933, -23.18771, -13.26319, -22.24857, -17.70086, -11.87147, -10.48325
-30.31760, -32.42218, -29.93859, -25.48847, -35.68570, -24.20800, -21.98341, -20.66737, -20.35374, -16.00688
-21.57374, -28.16917, -22.89030, -17.38579, -14.82481, -13.51101, -10.78799, -15.60335, -13.67823, -10.43708
-24.12465, -23.12386, -27.86508, -21.87498, -19.04871, -28.99071, -23.90551, -17.66878, -12.93032, -15.90406
-41.88272, -38.04909, -22.08694, -22.84864, -21.92933, -24.10982, -24.07378, -13.87258, -17.09125, -9.77512
-26.74585, -24.19951, -30.79057, -34.87562, -26.19617, -16.72806, -21.89582, -12.45479, -15.80620, -12.47854
-18.53953, -19.30773, -29.76899, -14.94317, -13.27994, -18.75677, -20.92242, -11.53664, -7.73026, -10.25850
-34.77319, -29.28007, -23.51501, -13.96619, -18.09563, -16.53471, -11.97762, -22.61877, -10.57047, -12.44461
-24.69849, -24.04240, -20.03918, -16.21799, -17.42545, -18.05951, -14.55541, -12.21560, -17.78313, -5.44671
-30.55809, -27.85861, -27.15589, -23.23524, -17.68277, -22.58845, -14.00738, -16.78010, -16.26931, -9.50592
-15.68668, -15.42772, -25.36047, -19.63079, -16.01620, -23.26943, -23.20199, -19.77842, -14.39807, -8.55252
-21.01954, -19.82343, -40.71451, -25.29284, -19.86848, -40.74663, -18.81302, -15.70554, -19.90999, -26.93214
-30.35132, -31.85885, -25.98912, -22.47364, -14.45136, -15.64284, -18.00314, -18.19058, -13.98278, -28.44361
-30.20775, -23.63818, -24.30838, -28.02936, -28.56878, -25.84903, -21.06158, -13.33378, -23.46381, -13.54775
-26.64512, -44.40578, -23.38468, -15.18779, -12.37187, -13.81091, -20.45334, -18.26980, -9.49226, -13.56566
-26.72772, -25.10564, -21.32178, -16.81068, -17.09418, -18.33657, -24.29965, -6.54938, -8.56111, -11.77801
-26.91573, -25.60051, -23.75995, -18.22203, -20.90242, -18.40529, -13.85671, -15.70356, -26.78484, -15.29745
-17.13827, -14.73024, -25.20087, -14.20425, -9.53765, -15.40156, -23.83770, -12.45256, -19.22860, -10.33844
-30.31929, -40.98140, -18.56890, -26.32708, -23.52389, -17.53508, -21.83919, -13.52098, -13.06430, -8.20274
-26.11707, -20.99424, -17.98596, -19.20326, -25.50659, -12.45761, -16.12556, -21.29823, -19.40096, -20.68038
-28.43417, -26.00925, -21.30733, -19.54941, -18.62917, -21.22684, -21.95755, -14.81632, -8.43523, -9.62070
-28.34283, -29.13031, -24.34255, -17.35179, -14.05535, -20.56875, -14.57152, -11.91149, -8.43343, -7.87922
-23.27343, -25.88027, -29.63427, -23.53252, -13.92119, -13.99969, -17.75626, -19.99968, -16.86471, -23.03533
-17.26772, -16.64049, -26.30999, -17.77538, -15.16965, -22.98283, -19.06788, -16.14071, -17.28489, -14.25430
-26.71117, -22.67424, -24.76328, -19.76452, -24.28544, -14.50546, -14.94890, -22.34593, -36.04337, -14.22414
-30.28078, -23.07246, -24.41746, -20.23058, -14.82264, -27.47828, -8.87989, -6.25963, -10.18599, -11.75994
-26.26662, -26.98222, -22.95778, -19.43548, -15.73254, -14.82197, -20.85232, -19.17466, -12.38004, -25.05895
-26.21891, -28.52256, -29.94301, -22.29236, -17.58304, -29.27824, -14.70904, -13.73358, -7.42387, -14.49458
-25.57815, -22.24175, -24.68002, -33.91786, -25.39158, -15.69439, -20.24187, -17.95343, -17.06493, -16.49942
-33.24905, -27.95886, -31.20082, -19.07182, -18.79055, -28.38878, -14.63871, -17.13219, -17.41622, -8.63730
-28.77108, -23.48980, -23.30922, -22.60099, -29.50076, -19.64128, -14.58831, -7.10825, -21.62694, -28.09886
-29.20523, -27.77484, -25.04810, -49.34861, -20.39640, -23.82176, -20.22220, -19.86316, -11.42195, -19.81477
-37.09732, -32.18918, -28.06604, -22.06570, -14.57574, -25.98816, -22.18815, -22.91800, -19.45796, -12.08580
-19.21086, -19.38676, -31.78042, -27.31850, -15.94072, -24.68928, -23.67053, -20.46885, -11.86985, -20.97307
-20.21094, -19.08732, -29.73962, -37.25272, -13.65430, -32.17281, -19.33050, -13.22494, -15.74764, -20.05929
-18.06960, -19.54817, -25.47908, -34.43962, -15.57801, -24.62990, -23.42360, -12.03547, -7.53988, -13.30852
-23.62176, -26.18207, -28.52326, -24.64215, -12.37958, -16.43924, -18.57678, -10.21592, -4.29146, -11.83539
-22.96237, -33.29906, -20.94475, -18.72869, -20.14212, -12.81262, -22.13697, -12.35123, -10.08053, -11.71813
-31.46848, -28.87709, -27.69588, -33.09331, -16.56101, -23.72019, -15.91700, -6.02906, -13.47406, -17.62519
-20.88173, -18.74078, -23.51911, -23.82355, -20.74286, -25.17811, -21.21322, -14.13235, -19.39848, -6.57780
-30.61476, -31.55443, -29.79613, -30.35699, -15.68388, -25.29479, -14.77793, -15.21803, -10.58583, -16.66311
-18.81594, -20.54242, -24.75738, -25.77439, -15.19756, -15.20096, -10.05195, -6.11163, -7.85114, -9.36673
-31.12265, -43.76163, -34.50885, -22.96321, -17.04716, -15.93004, -18.64681, -20.06957, -12.33868, -16.73919
-44.17789, -36.35611, -22.61962, -23.61181, -27.78547, -24.05116, -13.02833, -19.99045, -12.70445, -15.38359
-20.91362, -19.09016, -23.00324, -21.47317, -19.35102, -29.55518, -34.01372, -19.19982, -20.93092, -8.74700
-33.13769, -29.13033, -21.01667, -19.48176, -18.00159, -15.39747, -12.29597, -16.68045, -9.99872, -17.48039
-25.05629, -30.77574, -19.02305, -27.23509, -19.70659, -13.55696, -15.05202, -14.23268, -9.11714, -12.57993
-35.04942, -27.04163, -27.00798, -38.26396, -16.19712, -13.04644, -17.72617, -14.95270, -11.66731, -13.44953
-23.19317, -20.25095, -23.01031, -19.59599, -18.40150, -22.69782, -27.60932, -15.65974, -19.42505, -10.14492
-21.89850, -22.98483, -36.41910, -20.80957, -15.20141, -20.17039, -10.64146, -19.02327, -8.74831, -15.36870
-17.38846, -17.01083, -19.83012, -25.18003, -24.79546, -16.45481, -15.84776, -20.01142, -17.21851, -13.38754
-22.84629, -28.35656, -26.17788, -16.14238, -15.38452, -13.57810, -10.70024, -17.12104, -12.03892, -21.94204
-23.22346, -21.94862, -41.42455, -21.10002, -16.32477, -21.52495, -16.42978, -7.06718, -10.66312, -12.70188
-30.10091, -30.20824, -30.80741, -23.67971, -23.50308, -22.81418, -17.35863, -17.68974, -14.83119, -16.14849
-30.93445, -33.96273, -20.49206, -34.96812, -19.03904, -15.63028, -16.56201, -12.96962, -9.81616, -25.88227
-26.51785, -25.94941, -26.69586, -30.26867, -17.41269, -24.17396, -20.88256, -18.88186, -10.12545, -13.51039
-28.67923, -29.78515, -16.66019, -22.76251, -16.17217, -12.05406, -17.99730, -13.02016, -8.01062, -6.81716
-21.74523, -21.26908, -25.37380, -20.86695, -24.17263, -17.40511, -22.23932, -13.78945, -13.14705, -21.21462
-21.87732, -21.79763, -30.36383, -24.58084, -14.48309, -23.44234, -20.95142, -17.18032, -20.36527, -8.29118
-21.44185, -23.47241, -27.76232, -32.75906, -21.44474, -13.43708, -13.91165, -22.04813, -10.94781, -20.41311
-35.77932, -40.36860, -23.32606, -27.23891, -27.19942, -20.12225, -19.01603, -25.28381, -12.49850, -16.80731
-17.44793, -17.30687, -20.68503, -14.38954, -12.24028, -12.32806, -16.39099, -19.00414, -18.94352, -10.40370
-24.96237, -25.90758, -27.91270, -19.58375, -13.09722, -15.05566, -18.66225, -21.91222, -6.60592, -12.95930
-16.25850, -15.39366, -22.69775, -19.77486, -17.82132, -18.86152, -11.94896, -18.46739, -12.50290, -14.58433
-27.75448, -22.91927, -23.11559, -23.29235, -16.38963, -31.28228, -18.54341, -10.99316, -11.18045, -30.69214
-16.98464, -16.31530, -25.04381, -20.13674, -18.75239, -33.36711, -8.36383, -8.99903, -18.33513, -16.11688
-25.44791, -24.77037, -32.88109, -19.71495, -19.73604, -24.18908, -22.02898, -9.64901, -14.02773, -13.12411
-31.97084, -28.06461, -20.23400, -26.16825, -20.09432, -22.41857, -13.51481, -12.05790, -14.87448, -10.57976
-26.17737, -32.50265, -20.22406, -20.96398, -18.22075, -20.88433, -19.35017, -9.78776, -6.73432, -14.58131
-25.33747, -19.72387, -21.95743, -32.24570, -18.31295, -27.73631, -13.54860, -7.52573, -12.63212, -26.13902
-27.26255, -33.08888, -24.93610, -15.56096, -21.94772, -13.07823, -9.82735, -16.42295, -12.44590, -13.98011
-29.55703, -24.37270, -18.11159, -21.79448, -19.13025, -24.44673, -12.34038, -10.99139, -10.81504, -6.81896
-24.19432, -23.62759, -26.92719, -28.29114, -20.09813, -14.89013, -24.61659, -15.74587, -14.37321, -13.42508
-29.87409, -25.44794, -30.88583, -36.97504, -17.38814, -31.12150, -20.01352, -18.09124, -11.62990, -20.43382
-30.98103, -27.65105, -25.53059, -19.55925, -33.03162, -33.87865, -16.48683, -15.38134, -17.21742, -8.19233
-18.69028, -18.08662, -18.38000, -27.77398, -24.99810, -15.76712, -13.65129, -15.04905, -27.85925, -10.41476
-31.61901, -24.77312, -20.61385, -23.00730, -31.86856, -19.96363, -12.77160, -5.46886, -18.36453, -10.17736
-27.16294, -29.91614, -23.84288, -29.94197, -16.29285, -14.42406, -12.36548, -21.15507, -9.37157, -10.70139
-27.18951, -36.51270, -18.05980, -23.44090, -20.63846, -18.22282, -15.84557, -13.21315, -7.41051, -5.75840
-36.66373, -33.97735, -30.08193, -24.67540, -15.51363, -13.00042, -10.30145, -28.66194, -9.34958, -18.23241
-18.33576, -19.38385, -20.41321, -16.34482, -34.38287, -8.88857, -12.32948, -11.20111, -12.35307, -31.93919
-33.73575, -40.26098, -32.73384, -25.72906, -23.84232, -29.70130, -19.51234, -17.36144, -13.38635, -18.61003
-26.45812, -19.72989, -20.00824, -23.31791, -24.29610, -13.89454, -10.85761, -6.88432, -7.28694, -17.53280
-30.17829, -27.28503, -21.52786, -16.50104, -17.88657, -13.62257, -12.83347, -24.74961, -16.36502, -15.33973
-27.33483, -25.75751, -21.17207, -27.27543, -23.24596, -16.41046, -23.53045, -30.31776, -28.32318, -13.77336
-30.72427, -35.27972, -31.86117, -30.74845, -15.32097, -31.87877, -22.19568, -12.82427, -9.76025, -14.83604
-33.18310, -31.84839, -19.44895, -18.14474, -24.12132, -16.03607, -13.26477, -10.95335, -10.45418, -14.44105
-33.11128, -30.08622, -28.65572, -17.92845, -19.96340, -19.51958, -11.10930, -11.33187, -13.05687, -23.69872
-23.14738, -22.75441, -21.45539, -15.01745, -14.57638, -17.39921, -8.32399, -9.96146, -14.07379, -13.31840
-18.11220, -19.24341, -29.87894, -29.47420, -18.56457, -16.09995, -15.80375, -15.07800, -17.85676, -10.58465
-22.94145, -21.56871, -30.72065, -17.22204, -16.20453, -17.69643, -14.62544, -19.59265, -17.75000, -16.61570
-25.98683, -25.32122, -19.62393, -19.17798, -20.98081, -19.15525, -19.51561, -12.39847, -9.55288, -8.07523
-21.19621, -19.46765, -30.86415, -20.63289, -15.86071, -24.21670, -18.30590, -8.59836, -16.34196, -6.85662
-19.01938, -20.24260, -24.35271, -17.90876, -14.38027, -12.74945, -13.55625, -16.10101, -9.08930, -13.68726
-34.36553, -25.07886, -25.39109, -21.76839, -15.01544, -21.35738, -21.45959, -13.76000, -9.82441, -15.60429
-30.73830, -20.84342, -18.77596, -24.15640, -19.64383, -15.33683, -16.95576, -8.32877, -6.52879, -11.31043
-25.87990, -25.04415, -23.76490, -23.19016, -19.98339, -29.73546, -16.46196, -12.01424, -10.89790, -7.33265
-29.28430, -30.30287, -19.92106, -29.67175, -14.74439, -22.32116, -33.39491, -16.28000, -17.05975, -5.49102
-24.56350, -26.84538, -25.10694, -20.19853, -22.14923, -19.75858, -12.91177, -19.06947, -18.95371, -15.29607
-29.29972, -35.55610, -26.00162, -27.16909, -15.02517, -17.02924, -16.58014, -19.68618, -8.22067, -18.79764
-32.70850, -35.96544, -26.38586, -31.36952, -19.69318, -28.59010, -27.54828, -20.13283, -17.07372, -5.93481
-18.18054, -17.97226, -30.05241, -17.23833, -13.61024, -12.32253, -15.69819, -16.69853, -19.01808, -21.63511
-14.80729, -15.04874, -31.78573, -20.38767, -23.78421, -11.04278, -20.39698, -13.22247, -13.16033, -9.86686
-24.80834, -28.21517, -19.19153, -21.43759, -23.64385, -21.34549, -19.39721, -9.43226, -8.13764, -21.01154
-36.69668, -38.73921, -23.58717, -25.91466, -37.73932, -22.24456, -21.28324, -23.34408, -14.38887, -15.99662
-43.39846, -31.15074, -24.41845, -28.28424, -18.45099, -13.65952, -16.81801, -16.51339, -13.35683, -10.59307
-24.87647, -31.86390, -18.50306, -15.92262, -23.61854, -13.40447, -13.63276, -13.34627, -11.78904, -19.27856
-26.37975, -22.91869, -28.66339, -30.07412, -23.72272, -19.77033, -23.89224, -13.95628, -18.54236, -17.66056
-25.25000, -23.08034, -23.22273, -27.90985, -20.32423, -14.47131, -14.56132, -15.65570, -21.85711, -18.97049
-20.14609, -24.34261, -17.15609, -20.31701, -24.69562, -10.84197, -9.50870, -10.74396, -18.70627, -13.50627
-21.55057, -20.61959, -27.11483, -21.66402, -15.95841, -19.54196, -17.42743, -7.41086, -11.66920, -9.52690
-23.45703, -22.96622, -32.65695, -20.02243, -30.18990, -23.51271, -23.56977, -16.58316, -15.25839, -22.04434
-20.80453, -24.91527, -22.50419, -11.47312, -16.75697, -15.62360, -11.30874, -20.95427, -19.89400, -13.16142
-23.75653, -27.01931, -23.03902, -44.80524, -18.28804, -25.40421, -18.63244, -19.85835, -7.79666, -13.20387
-21.46786, -19.00631, -22.62302, -30.66007, -25.93649, -24.58095, -19.72989, -8.81322, -19.26328, -20.57799
-22.32862, -19.69184, -24.87375, -29.78094, -17.37131, -36.78180, -17.44453, -6.55358, -14.36653, -13.84260
-26.19840, -22.50986, -25.56649, -30.67768, -24.43276, -18.01905, -23.73800, -16.07167, -19.37483, -19.58950
-30.84887, -31.43368, -27.13714, -24.82518, -17.22973, -15.82650, -19.13248, -17.67295, -17.55813, -26.45252
-29.45862, -23.85288, -27.24750, -28.14727, -29.54421, -34.19933, -18.47719, -9.36573, -21.10271, -20.95622
-32.14633, -24.47533, -21.90556, -20.26143, -19.15289, -18.42932, -11.65806, -21.57735, -8.18767, -23.62681
-25.03980, -27.05994, -25.33970, -21.10070, -15.48815, -18.42636, -15.10724, -20.89357, -11.37803, -5.75694
-29.57240, -35.63329, -25.90314, -39.55459, -15.79249, -14.37578, -21.43285, -14.99796, -12.13866, -30.73394
-23.73110, -20.21821, -23.20627, -19.87355, -21.84528, -19.46209, -16.00080, -9.49942, -27.78672, -21.19573
-27.92247, -24.29142, -23.35182, -31.84809, -13.18990, -20.12482, -13.33771, -14.31746, -10.31985, -15.25344
-19.92538, -21.36125, -20.36985, -12.18385, -28.11340, -23.01093, -21.65240, -10.50228, -16.03777, -10.75692
-31.28306, -29.63925, -22.94393, -17.24363, -27.14499, -20.38351, -15.06862, -7.61557, -14.39946, -10.98823
-16.58197, -16.55570, -30.99264, -19.77405, -14.03056, -13.87636, -14.73805, -22.67949, -12.06112, -7.20507
-24.13835, -19.76560, -17.48924, -27.24321, -26.67528, -20.41050, -16.92133, -7.08145, -12.72857, -7.96079
-25.28967, -25.76111, -22.85995, -22.62930, -30.56556, -23.53984, -26.28305, -16.37399, -19.61121, -7.90731
-20.13014, -19.28737, -24.17816, -15.94409, -16.45274, -21.51912, -8.59676, -13.23301, -7.36036, -19.27539
-18.27513, -17.05401, -26.31856, -20.58411, -16.76596, -35.10968, -26.95877, -13.40795, -17.41831, -8.39412
-31.85678, -28.68353, -20.22148, -28.53643, -37.53425, -17.35004, -13.50085, -13.72966, -16.32460, -11.77409
-25.28460, -32.55984, -25.43089, -12.77569, -27.21521, -16.27941, -11.34788, -12.46777, -17.22168, -15.16754
-31.39602, -23.48989, -25.29600, -30.55586, -30.26209, -22.11254, -15.63152, -9.67615, -17.82172, -12.82911
-19.73647, -20.60246, -24.19054, -28.57071, -12.82046, -17.59291, -20.42742, -8.71732, -6.48409, -17.27932
-24.76769, -21.90683, -25.21550, -24.12155, -24.00196, -19.44340, -15.16073, -13.53371, -24.39656, -22.48583
-18.61880, -17.66125, -26.61618, -21.39729, -15.77653, -27.97009, -13.79117, -13.41338, -12.33940, -20.48721
-19.27461, -17.68337, -27.24803, -21.10148, -17.92011, -25.14629, -21.72025, -7.90813, -13.28487, -8.60776
-22.42210, -30.19761, -18.51285, -23.05611, -16.94942, -9.64360, -11.24219, -12.53082, -15.04183, -17.50383
-25.77336, -20.47898, -20.07123, -23.80253, -26.20053, -13.20784, -17.15166, -20.80488, -20.43430, -18.85120
-28.18768, -26.71187, -23.89147, -28.13658, -18.80499, -32.78586, -19.95269, -13.66682, -25.61132, -8.56961
-32.31934, -26.10892, -21.72493, -23.91761, -17.76110, -26.00011, -18.56811, -5.47225, -11.91151, -11.50000
-27.05174, -33.18951, -23.13953, -42.55007, -26.82066, -15.23355, -23.39471, -17.84770, -13.93287, -25.10102
-32.66937, -30.57559, -24.60459, -18.88454, -19.57692, -17.75646, -14.30369, -18.88289, -25.53966, -17.65456
-39.48429, -29.66792, -30.25295, -25.85087, -19.98142, -43.63951, -16.82756, -6.30387, -17.94496, -18.75602
-26.20160, -23.63942, -31.53492, -31.20439, -30.94111, -20.25883, -23.57830, -12.22210, -21.18476, -18.88189
-26.83758, -24.65252, -20.95886, -15.04089, -22.35346, -23.28449, -16.80105, -18.86884, -18.95348, -11.76056
-29.75501, -22.10242, -20.34833, -22.18357, -15.24934, -18.43721, -29.37006, -16.26416, -17.12315, -8.74503
-24.30202, -23.96516, -25.31593, -17.92601, -18.07699, -18.96426, -25.05984, -7.06019, -9.95335, -19.87492
-24.37039, -32.15665, -24.02915, -20.00702, -12.54741, -10.72284, -15.35510, -24.20414, -9.52142, -14.48185
-36.23953, -27.29899, -25.56699, -27.68592, -16.29522, -16.42364, -18.05233, -11.92652, -14.04966, -37.58900
-26.05248, -23.02024, -24.21330, -24.61968, -13.62608, -23.92688, -16.47943, -8.66223, -7.45523, -19.40952
-32.38370, -30.30184, -25.56212, -22.17737, -32.71597, -18.61626, -15.69107, -7.63742, -19.11920, -18.12058
-21.57145, -21.66847, -24.77920, -24.38089, -19.85109, -24.42588, -24.57977, -15.65655, -10.98421, -14.88007
-20.32706, -20.25700, -20.85931, -19.42206, -16.50305, -14.10031, -15.07718, -14.46564, -14.16276, -18.49507
-26.27395, -30.04660, -20.32992, -21.41798, -11.46892, -21.10317, -17.87218, -19.33734, -16.63546, -5.90478
-25.30920, -26.14228, -34.86764, -24.69520, -16.56008, -28.38707, -14.99537, -14.75892, -16.55454, -16.81147
-22.27607, -24.74582, -34.46204, -21.33020, -18.66436, -18.43896, -15.35151, -18.80353, -14.14359, -13.85438
-27.93808, -28.33317, -25.24293, -22.82606, -21.29830, -17.86038, -12.68375, -23.93480, -9.22937, -15.97744
-30.88096, -28.56630, -22.42422, -20.65667, -14.29028, -18.94425, -18.18177, -14.16556, -11.97908, -10.88009
-29.78244, -25.72201, -25.70535, -17.69018, -30.53825, -26.09738, -14.37850, -20.96607, -18.15487, -10.91637
-27.27144, -22.99052, -26.61350, -58.29380, -26.07694, -18.27159, -22.91653, -14.67352, -20.30675, -20.18987
-26.95710, -28.09808, -24.03843, -14.73225, -11.56926, -12.74588, -5.55186, -3.15739, -14.47781, -12.40672
-24.30009, -25.43053, -34.04059, -26.25126, -18.23872, -16.10804, -15.49064, -11.44878, -10.21911, -20.98087
-36.20205, -39.87363, -18.10653, -20.93228, -21.21410, -18.03508, -19.92024, -13.65706, -17.54924, -12.00656
-39.18200, -32.39282, -20.28259, -17.32398, -24.04226, -23.88354, -16.91402, -9.79777, -14.40435, -18.44956
-23.71986, -22.59868, -30.16332, -19.81973, -27.63380, -17.83149, -17.51895, -24.16676, -21.35811, -20.65208
-22.32842, -20.90908, -23.36321, -24.31275, -27.63351, -21.91192, -23.48633, -14.61559, -15.88537, -8.99461
-19.25269, -16.08734, -31.48724, -17.62826, -12.31817, -19.69727, -12.98261, -6.93686, -11.84463, -12.64218
-32.08777, -26.39417, -27.98202, -15.76320, -24.49547, -19.75740, -16.38822, -22.97910, -11.82111, -11.60555
-26.74148, -29.41065, -19.41995, -19.74019, -11.51597, -28.91245, -17.24075, -15.68194, -13.07240, -3.51737
-28.02827, -24.36359, -20.95397, -24.41847, -20.62560, -29.41168, -19.54669, -12.20130, -11.10370, -6.42975
-27.62587, -23.01789, -26.11312, -24.21251, -25.62796, -32.37960, -19.11040, -9.38271, -22.85276, -18.03406
-18.32790, -15.60732, -20.13249, -16.80591, -14.24892, -10.59871, -8.79562, -10.86974, -12.29128, -10.11598
-30.19146, -26.08941, -30.70925, -14.89468, -21.71765, -18.03584, -13.93691, -22.97320, -16.66970, -19.60251
-24.87965, -22.53410, -23.55218, -21.81608, -19.26248, -17.19802, -12.49316, -12.17274, -20.68482, -12.58340
-28.43859, -25.61938, -24.59838, -26.55049, -17.92329, -25.30895, -20.15535, -16.55981, -24.81145, -23.26244
-28.28123, -23.95166, -19.21380, -21.54922, -32.38990, -19.48561, -14.28168, -8.94293, -20.78781, -10.03361
-18.72165, -18.78572, -28.85418, -18.21133, -14.80052, -21.55494, -20.23355, -22.19142, -14.18635, -13.20274
-32.33927, -36.35762, -26.11459, -29.59509, -14.45763, -16.76119, -15.99052, -26.86672, -8.95055, -17.28812
-34.24122, -27.51819, -25.16383, -22.74011, -41.86144, -20.27868, -11.32659, -9.42508, -18.90942, -16.06844
-22.68256, -27.77618, -27.25335, -18.84478, -15.83158, -16.23624, -21.55711, -16.02826, -9.01849, -11.95224
-31.07388, -28.53527, -24.86838, -14.16104, -20.45623, -27.78949, -15.95382, -16.03634, -14.49785, -9.34457
-17.17716, -17.12756, -22.53465, -19.93681, -10.71778, -17.67733, -21.21989, -17.29551, -13.92980, -13.02281
-38.38562, -35.57778, -22.48003, -17.45392, -16.10556, -20.34198, -9.35601, -8.19932, -11.74986, -14.10294
-24.04759, -21.72553, -24.62531, -22.01701, -21.40115, -20.19778, -14.24698, -14.43895, -22.14191, -21.79918
-15.75827, -15.11962, -26.09678, -21.72400, -11.33916, -12.59350, -14.75969, -18.64188, -13.07208, -12.16379
-31.06976, -27.73523, -25.26312, -25.98213, -21.98652, -26.51868, -16.20260, -14.67025, -10.69617, -17.90325
-35.64384, -46.57459, -21.61863, -22.98802, -22.37823, -29.01920, -17.98710, -7.40164, -10.80771, -7.62426
-33.97610, -29.29078, -39.56684, -17.32889, -27.24466, -22.02694, -10.85279, -13.30159, -16.86699, -21.17142
-19.37758, -18.88042, -36.14695, -27.79537, -21.92837, -29.09183, -17.99804, -12.98317, -20.03359, -15.21634
-32.04734, -28.01463, -27.33768, -22.67219, -13.82888, -32.27874, -16.82718, -18.32787, -14.60105, -14.36934
-35.01140, -27.64694, -37.26540, -20.61149, -11.24763, -24.55971, -17.10049, -9.62442, -12.71767, -17.45408
-25.65629, -24.27474, -38.46560, -26.10940, -22.89733, -20.56643, -23.75945, -10.91813, -16.36844, -15.52045
-36.29440, -32.24208, -28.03621, -19.53492, -19.74184, -25.72666, -17.22990, -15.26072, -22.65754, -12.91488
-30.86443, -33.55656, -33.82988, -27.07954, -17.10285, -15.79246, -24.37420, -11.49513, -12.00904, -16.78481
-28.67322, -27.99026, -22.84511, -25.26663, -15.01903, -16.06378, -23.63717, -13.07622, -11.86876, -11.16482
-25.79116, -32.46545, -28.15993, -22.11038, -20.28114, -19.88061, -15.15556, -13.93941, -8.82144, -13.55029
-30.93017, -28.91804, -31.68669, -23.91190, -25.12694, -19.13441, -16.13853, -32.03942, -20.76254, -26.06045
-19.88211, -20.52709, -19.35362, -19.12752, -14.19141, -12.12781, -11.61869, -9.69568, -10.06250, -22.29531
-25.72127, -23.59078, -19.25053, -17.37649, -15.97233, -13.38376, -17.43420, -12.95418, -8.75105, -9.39186
-23.01085, -24.28973, -28.11976, -26.44146, -19.04947, -13.62085, -19.00344, -20.22183, -11.59366, -9.70566
-25.14475, -24.95572, -25.76802, -20.25282, -21.22312, -13.97733, -16.31440, -25.33877, -8.34178, -18.82522
-33.33554, -26.49051, -24.35442, -21.97218, -25.29649, -19.11302, -23.33707, -18.21689, -17.44047, -20.15748
-23.74453, -20.71729, -21.34825, -18.09250, -19.59308, -16.38059, -13.42953, -18.47303, -22.26718, -14.23649
-40.88194, -29.68966, -19.14735, -20.84664, -14.65236, -14.26628, -11.52287, -15.58635, -8.20471, -13.11173
-23.18857, -20.41384, -22.02255, -22.87201, -14.97034, -22.42712, -21.98401, -5.59473, -9.14252, -17.87201
-23.60674, -22.66448, -26.80945, -21.56585, -20.25851, -21.21959, -28.47483, -13.84223, -22.32476, -18.55239
-15.92689, -15.46838, -22.25696, -19.00519, -17.38939, -12.93946, -15.30968, -15.82809, -13.26517, -10.34797
-30.95259, -25.30999, -32.47339, -19.16529, -23.56342, -16.27027, -13.35574, -14.89898, -11.79832, -14.18243
-16.21882, -15.02157, -24.90721, -24.79676, -13.77626, -17.45641, -14.31197, -17.44475, -11.43150, -11.37307
-31.30783, -27.08667, -26.68567, -22.31891, -15.65487, -21.32633, -22.09663, -18.68655, -14.48235, -27.74326
-26.18259, -23.34641, -26.32621, -20.07919, -31.61522, -36.41470, -27.95297, -14.81071, -20.39805, -14.18144
-21.18713, -20.57927, -21.39909, -25.66234, -20.28684, -23.55939, -27.75687, -21.63617, -15.33735, -7.14197
-24.30422, -21.72997, -26.30302, -22.11750, -21.16520, -29.46284, -36.23522, -12.83191, -22.77299, -18.36464
-24.14558, -20.85700, -25.34484, -20.75840, -21.08176, -25.26777, -19.52121, -9.75298, -27.60618, -19.74148
-30.19739, -30.84672, -27.66506, -18.51040, -19.27998, -15.50698, -13.81372, -11.51779, -10.43879, -12.43367
-25.52394, -21.98008, -20.70514, -21.38373, -23.57175, -15.42388, -16.13421, -17.85965, -25.74256, -19.87689
-21.28577, -22.96433, -23.45841, -21.73653, -33.85216, -12.44760, -18.85309, -14.92868, -13.68233, -19.46207
-20.38426, -20.72647, -20.75924, -20.14916, -28.20859, -18.01919, -24.31245, -20.28845, -14.67950, -6.28543
-27.23372, -24.30605, -30.79230, -20.46590, -21.02070, -17.43407, -19.94460, -19.34609, -8.96942, -18.67792
-26.39196, -27.75832, -25.52495, -19.50817, -13.76272, -12.45265, -18.29490, -25.13381, -14.23766, -19.27659
-26.67411, -25.48314, -21.81417, -19.25235, -20.64309, -20.91940, -10.99656, -10.81759, -15.57543, -12.10862
-25.95897, -23.28686, -24.56679, -19.42239, -10.74432, -14.01832, -8.57410, -9.11796, -10.55578, -32.99033
-24.96092, -25.01171, -23.77631, -19.57674, -26.41509, -26.27877, -22.90284, -16.74500, -15.73532, -13.25950
-27.29469, -33.59787, -21.83024, -35.15235, -19.64834, -13.65526, -15.96155, -17.17444, -13.96168, -16.35470
-30.14668, -27.55307, -34.55002, -41.44991, -18.91527, -24.56970, -18.13026, -29.19963, -14.31835, -19.97558
-27.33108, -31.02631, -21.92070, -23.04217, -15.75543, -13.46597, -11.08473, -14.25618, -8.36015, -14.89494
-39.34360, -49.85538, -25.58111, -18.07310, -17.44022, -24.92893, -15.19803, -12.50132, -16.76159, -13.24614
-27.32260, -24.67323, -21.98347, -21.05482, -26.15164, -18.19926, -22.25098, -11.84371, -9.63752, -3.25305
-19.22657, -18.56945, -26.95337, -21.17416, -16.20104, -18.40240, -25.12204, -8.39830, -8.32408, -17.36019
-25.16998, -23.29732, -26.27979, -27.06586, -14.92753, -23.04235, -11.84386, -12.18523, -9.29680, -25.69318
-31.00267, -31.02024, -19.53963, -18.91126, -10.23880, -20.67613, -17.09122, -23.74329, -21.16658, -2.80350
-22.41593, -22.28755, -27.43867, -22.99248, -20.59770, -18.40828, -21.68631, -16.69625, -22.65416, -18.52237
-43.10090, -24.74101, -23.38201, -22.52764, -23.73959, -22.46713, -28.49693, -13.40891, -9.09580, -14.98136
-22.35528, -21.49062, -27.07089, -25.38850, -27.61920, -33.25218, -14.55908, -17.69150, -14.06080, -13.06934
-36.26430, -26.95429, -22.96575, -20.17232, -13.90648, -14.48515, -12.36191, -7.40908, -12.69545, -33.71651
-24.75920, -23.64538, -30.48961, -24.39357, -19.83891, -19.00642, -52.45152, -13.34280, -17.10950, -16.05832
-36.94930, -27.25817, -27.80700, -30.14092, -29.48798, -21.57621, -12.38412, -6.97786, -56.15117, -16.10893
-21.41249, -24.60347, -22.60290, -21.64895, -21.59597, -18.97965, -8.15205, -5.27138, -16.22702, -10.93236
-20.21231, -18.40087, -24.93156, -25.22579, -18.23186, -21.99722, -25.23152, -17.28564, -20.70256, -13.19580
-22.16919, -21.21245, -30.57037, -21.39999, -18.26458, -23.22124, -31.44106, -10.01116, -16.99270, -20.46018
-23.51719, -21.63148, -29.68714, -22.91375, -26.74112, -25.78296, -17.71959, -19.23145, -17.07122, -12.93737
-40.63669, -31.39118, -24.89713, -25.85244, -13.09809, -12.46093, -17.59104, -15.83288, -11.16614, -26.57249
-17.49666, -15.39097, -22.19680, -18.31197, -7.62489, -11.91379, -16.29491, -20.31284, -13.40680, -13.67316
-31.06654, -22.14688, -20.77980, -24.44775, -16.15619, -12.58119, -23.68662, -21.18945, -23.80332, -27.27402
-20.01352, -19.40171, -27.49708, -32.65083, -28.58086, -21.41168, -14.90769, -27.10430, -11.00118, -27.20254
-27.60806, -23.49632, -22.72064, -21.10329, -23.94886, -15.40916, -22.06832, -20.57144, -11.13718, -17.44164
-26.35329, -25.44638, -25.28186, -23.78329, -20.13978, -42.00583, -14.25174, -21.75835, -11.01072, -13.93094
-44.17159, -31.85497, -27.39812, -22.25632, -13.15486, -14.44280, -20.95683, -8.41309, -11.60891, -18.64943
-24.33446, -26.11305, -29.30580, -18.46167, -12.76494, -12.76238, -21.72187, -14.03368, -7.25583, -6.26614
-17.76438, -17.20772, -26.27236, -29.37438, -15.52767, -24.75837, -34.88553, -25.86519, -13.80053, -13.05775
-17.88540, -17.37139, -22.99242, -15.59789, -17.73739, -15.69492, -8.53450, -18.80203, -33.09943, -5.30380
-35.36185, -32.95282, -27.23805, -28.49256, -16.38070, -13.76780, -20.14574, -13.84878, -11.33099, -17.48955
-29.52183, -25.64779, -23.61966, -21.46265, -12.00166, -17.49080, -11.24744, -19.74787, -9.99606, -19.32507
-29.88933, -22.37436, -25.64133, -21.56565, -29.44768, -13.88617, -8.55906, -8.93040, -31.34527, -25.85245
-21.14513, -22.80477, -33.64707, -22.35613, -19.18618, -14.28690, -18.12093, -16.51107, -12.30672, -14.05398
-15.84326, -16.30489, -20.78862, -13.62951, -23.66568, -9.92417, -17.53282, -16.35528, -16.25729, -25.63497
-24.18376, -21.01065, -21.34329, -23.03247, -23.94859, -22.63367, -17.83627, -7.65699, -15.64437, -15.80312
-21.19650, -19.68863, -31.23030, -22.23844, -16.19458, -18.43074, -19.30168, -14.96909, -22.56280, -9.79745
-29.16803, -21.65816, -19.60503, -20.95307, -20.06860, -15.62855, -21.53281, -19.93928, -15.92997, -15.64728
-24.35344, -28.16530, -26.08887, -18.90240, -16.87499, -14.23983, -18.91850, -28.91447, -12.97416, -18.63889
-24.09231, -29.66420, -26.33707, -18.78091, -14.36123, -14.03802, -13.25154, -19.65882, -10.06385, -19.21094
-27.20008, -21.20239, -24.94719, -22.46842, -25.23267, -18.06185, -17.71823, -25.81806, -24.82567, -13.99784
-24.80264, -23.89166, -26.50112, -13.23456, -25.77251, -19.72526, -14.76523, -25.30753, -22.25648, -19.70493
-25.49465, -37.63365, -32.69876, -18.56318, -26.89140, -15.61861, -14.37088, -26.18714, -24.79862, -23.08670
-22.72428, -19.02985, -18.93801, -14.17957, -10.64999, -16.48148, -7.08796, -12.36350, -10.80720, -10.53562
-25.36191, -34.94548, -19.23658, -24.52165, -20.32874, -13.16637, -29.50513, -17.41242, -19.07611, -12.58413
-20.96705, -18.79432, -23.28461, -22.29068, -30.49579, -24.76126, -22.73208, -20.45712, -16.09554, -19.80256
-31.37988, -25.67825, -44.90211, -29.52788, -18.15649, -18.32682, -25.99627, -16.42430, -17.05148, -20.23461
-29.44613, -30.97019, -22.52115, -23.66217, -16.63625, -22.46014, -31.33871, -15.82442, -12.13371, -9.75644
-33.79622, -29.71630, -37.21810, -25.94216, -21.09936, -30.04015, -23.70183, -15.21874, -23.29749, -12.84650
-38.53305, -31.21021, -28.97844, -24.63545, -18.73326, -32.32656, -16.78080, -15.97342, -18.70062, -16.94089
-21.47621, -26.77879, -29.90500, -16.95354, -17.21590, -15.28426, -4.89396, -4.64618, -18.05339, -9.23093
-28.17945, -26.00308, -17.93240, -17.93009, -20.59248, -20.45400, -18.42060, -6.94221, -14.46027, -9.38265
-28.98461, -28.12834, -22.10994, -30.70982, -16.27318, -17.00066, -19.22760, -6.38452, -13.44896, -9.98150
-14.31870, -13.85405, -35.12426, -16.55896, -12.26266, -14.12852, -17.44129, -26.17842, -12.45000, -7.67606
-30.95308, -26.86767, -26.20539, -29.13785, -19.88432, -18.28999, -22.84147, -11.01379, -11.09418, -15.54819
-27.40455, -25.22200, -23.38123, -16.95650, -25.20958, -20.72786, -14.04874, -18.07515, -17.30487, -9.24847
-25.59267, -22.54229, -22.01519, -24.11085, -19.29152, -17.65734, -20.38997, -22.52752, -21.18772, -14.55585
-16.70358, -15.41521, -27.06847, -18.72738, -9.70613, -16.08442, -15.10158, -16.57680, -11.78921, -12.14011
-27.35226, -23.51154, -27.24930, -35.58501, -28.43604, -21.91400, -22.26756, -15.50450, -24.29090, -25.32847
-29.53212, -26.95282, -44.27809, -29.29235, -20.86567, -28.96996, -16.84787, -6.92204, -14.73429, -17.58187
-22.23941, -21.56830, -28.34775, -24.98571, -17.73223, -22.41982, -13.53943, -14.39638, -11.33978, -16.80256
-23.99967, -20.71994, -22.12788, -21.77289, -19.72417, -17.27059, -10.88507, -14.48945, -13.52235, -16.34689
-20.85281, -23.12071, -20.58461, -31.90685, -19.83798, -21.95046, -16.15017, -15.47821, -8.45959, -13.24161
-32.67557, -29.53474, -22.51760, -15.56139, -16.77630, -21.39673, -16.43178, -17.29519, -30.59039, -9.99165
-19.33142, -18.18173, -36.02588, -17.92989, -16.33194, -22.09747, -28.76522, -7.77572, -10.57440, -11.31398
-31.92815, -30.38014, -24.33677, -25.45775, -32.26043, -18.60150, -26.80995, -17.04919, -16.83265, -14.34985
-31.00374, -28.31544, -25.52601, -19.04581, -18.30286, -24.49268, -25.40238, -11.65074, -19.56742, -22.45389
-30.31139, -37.81305, -28.19446, -23.93895, -27.80931, -17.46534, -17.24185, -10.17884, -14.15612, -15.11797
-19.30871, -18.12242, -27.76176, -20.89894, -10.04084, -12.28605, -19.57913, -16.89147, -15.42922, -17.61226
-30.85304, -26.67354, -29.08793, -21.93866, -16.62304, -27.86069, -13.63771, -19.66064, -8.42795, -11.89575
-23.56324, -25.47149, -26.00507, -23.83910, -29.12258, -18.40497, -19.15849, -9.52520, -19.91766, -13.68023
-36.39005, -28.23915, -30.40701, -26.54616, -12.93295, -32.09229, -18.30869, -9.56913, -17.05523, -22.55846
-34.66542, -30.29354, -18.62715, -16.92163, -40.44684, -20.28346, -20.30148, -20.47081, -18.19070, -13.83742
-30.36265, -26.92612, -35.63699, -22.37543, -31.69064, -29.79169, -17.01424, -23.18439, -16.23771, -23.88580
-38.51378, -32.93095, -24.04114, -27.40787, -20.76135, -20.43305, -18.13372, -18.19832, -29.43909, -16.26688
-20.52848, -20.46263, -30.72512, -17.76011, -15.60294, -17.82053, -25.41027, -8.55580, -8.16371, -21.45145
-24.86033, -23.12957, -31.23312, -25.06307, -21.83062, -20.41018, -35.98322, -12.99829, -18.49285, -17.18421
-27.53238, -26.20131, -27.34868, -18.08820, -24.18435, -19.18754, -14.42187, -14.61748, -16.36828, -15.04897
-25.21018, -33.35429, -27.97312, -20.97072, -22.62998, -13.47119, -12.26390, -9.95809, -9.92759, -10.84446
-18.03420, -18.49679, -43.37190, -15.13718, -12.32259, -18.01558, -26.61583, -12.14778, -6.14789, -10.96068
-26.57056, -29.62668, -20.22174, -17.93878, -24.78407, -31.24549, -14.11197, -13.98185, -8.96244, -12.46209
-31.22507, -25.37809, -23.73866, -25.62843, -16.29145, -28.19620, -19.41209, -6.17009, -13.94995, -19.84522
-21.41955, -22.19086, -32.17564, -16.39142, -15.84199, -14.55369, -14.18882, -15.66738, -9.69923, -17.81856
-27.99810, -28.11804, -19.47793, -26.77542, -25.55307, -15.88271, -14.53533, -14.06043, -16.29263, -9.21696
-19.28097, -17.61084, -23.08994, -22.50845, -26.76580, -23.40862, -18.13470, -15.98602, -19.46883, -14.35354
-27.24962, -22.82325, -27.04256, -24.21870, -24.72240, -41.73615, -21.27298, -10.00510, -20.53299, -23.83492
-25.00436, -22.67588, -24.89063, -18.94632, -17.95810, -23.45072, -15.74255, -9.62125, -27.26695, -6.11562
-37.73289, -25.86383, -27.14199, -29.21840, -24.85988, -21.30610, -16.41664, -15.13925, -14.48803, -9.79560
-18.64763, -15.81021, -27.94028, -19.51886, -8.09561, -10.87780, -14.19517, -23.29280, -8.78693, -9.09331
-41.89683, -30.00478, -18.56456, -19.29245, -16.01072, -27.38086, -22.47221, -16.89976, -21.50394, -4.36626
-23.40157, -24.03308, -20.78653, -19.01636, -22.56248, -17.87728, -17.70785, -24.46639, -17.85124, -12.81366
-14.77829, -13.48264, -37.19984, -16.06342, -11.90950, -19.76989, -17.27459, -20.07292, -8.80561, -12.72693
-37.35533, -28.82884, -21.61587, -24.66474, -16.23242, -32.60336, -21.62603, -14.46000, -32.77155, -8.03633
-25.06901, -23.69345, -27.29773, -27.14933, -16.79570, -28.89279, -22.20776, -19.57901, -18.56203, -17.26168
-22.68099, -22.46360, -27.44787, -26.72486, -24.61925, -15.03788, -19.10515, -10.53612, -19.20005, -19.63054
-14.81992, -13.83162, -43.02241, -16.94079, -12.82225, -15.52901, -18.91909, -12.50647, -12.37557, -11.00870
-35.18141, -47.94975, -23.93916, -20.63307, -13.69966, -16.96186, -21.89948, -7.56713, -15.27524, -13.12280
-22.55658, -30.93240, -17.26577, -21.59569, -14.55864, -15.33187, -15.29368, -8.86311, -8.84430, -8.27946
-20.29521, -19.71175, -28.40220, -17.02277, -13.02358, -18.20785, -20.59564, -12.82037, -8.51220, -8.92691
-23.18645, -22.76704, -23.69823, -35.62857, -13.26076, -14.84165, -29.71587, -9.68488, -9.66187, -29.33911
-20.35248, -18.79948, -24.27277, -22.44939, -9.68456, -10.84538, -14.55799, -15.27497, -11.27331, -12.32310
-22.68704, -24.77470, -20.75950, -23.43191, -22.29614, -15.13132, -15.32015, -16.55610, -24.29922, -11.18914
-25.08993, -29.47109, -19.63148, -19.06018, -14.69771, -12.69056, -15.25739, -24.79039, -17.27318, -7.98391
-39.52970, -35.26532, -30.75762, -20.75472, -19.26147, -24.69847, -17.18232, -15.23589, -21.82051, -17.45193
-22.45369, -28.57871, -37.04111, -17.43845, -14.24289, -12.87757, -16.84681, -15.65581, -13.04091, -16.49268
-25.66255, -23.87764, -26.22084, -14.87882, -16.71464, -13.07348, -8.94751, -20.06150, -10.39621, -9.93628
-42.97473, -25.02077, -16.65306, -22.74645, -22.37266, -18.41742, -14.89249, -13.95799, -10.34833, -6.81871
-26.43862, -24.16946, -20.50041, -25.67755, -29.98264, -23.59962, -16.92792, -12.29134, -11.59442, -9.15914
-27.79656, -28.56743, -28.41154, -18.01661, -22.77741, -16.39532, -20.08712, -21.36617, -12.55863, -13.78262
-34.78624, -27.06974, -22.01939, -25.53924, -25.09904, -19.54417, -14.27796, -22.49101, -13.94783, -18.67668
-16.33859, -15.89230, -14.35970, -25.12657, -20.65541, -11.06808, -9.30032, -10.78611, -15.38155, -10.30300
-23.86168, -20.66318, -19.84052, -18.68988, -19.01174, -15.64256, -14.66821, -21.81792, -19.19405, -19.35966
-29.34029, -26.01550, -21.60972, -20.57310, -16.56075, -18.06484, -15.01264, -10.73499, -13.69908, -12.10787
-24.56219, -24.04869, -32.19953, -17.69913, -11.53041, -15.93824, -10.72262, -10.07796, -8.58569, -11.55905
-35.15471, -31.31317, -17.32063, -15.54157, -23.67526, -25.75704, -22.48933, -8.73455, -13.09586, -3.25948
-14.71199, -12.80226, -22.74506, -12.56690, -8.21684, -17.88263, -12.83241, -20.03323, -14.01767, -11.35552
-22.22478, -20.98886, -26.33348, -20.22701, -23.20234, -29.28689, -17.23317, -18.48752, -17.09758, -33.61298
-23.75941, -24.61146, -25.32899, -21.26862, -24.38519, -18.57573, -35.87040, -22.02639, -21.95531, -20.76007
-19.23192, -18.26424, -23.18465, -20.44093, -16.75573, -30.72618, -37.54594, -15.39098, -17.82249, -7.63134
-22.44000, -21.54262, -20.64237, -34.18409, -22.56754, -17.17151, -14.67546, -12.32684, -16.76154, -13.82919
-24.44753, -24.76388, -16.42195, -31.94041, -27.43660, -13.49904, -15.95402, -18.05917, -16.94376, -7.97484
-27.11317, -22.50004, -24.94517, -29.80937, -31.73460, -21.57597, -17.34274, -16.43763, -15.22116, -7.39862
-21.30554, -23.10286, -30.28509, -31.00635, -27.99413, -15.93615, -13.07620, -19.94297, -15.59046, -12.87349
-15.65471, -15.87530, -21.56966, -22.15074, -14.22686, -13.67067, -19.93674, -17.03041, -36.10846, -11.41788
-30.93428, -35.85747, -24.25197, -19.17317, -19.48739, -27.53392, -14.38472, -6.41871, -11.72997, -17.48348
-31.23933, -27.16192, -23.39597, -24.73592, -14.70492, -18.10246, -15.34510, -15.22511, -15.05869, -23.54343
-25.91034, -22.87413, -21.97680, -39.04800, -21.70350, -12.68996, -19.70127, -19.18412, -13.92939, -12.43834
-31.75717, -29.85411, -17.29583, -32.03142, -17.66312, -12.95983, -14.91063, -13.13857, -8.36256, -9.50884
-19.19588, -17.52776, -20.39018, -23.09513, -17.74219, -18.53790, -21.29585, -7.46768, -9.72755, -14.09898
-30.92567, -31.34296, -22.15217, -19.99737, -28.07743, -14.61167, -14.68038, -17.17587, -16.93153, -15.17096
-25.42872, -24.31564, -30.19338, -23.02404, -18.73017, -16.09113, -15.21545, -14.19577, -8.57937, -15.01572
-31.82206, -30.07655, -28.95654, -20.77346, -15.63492, -18.03175, -27.24009, -18.33665, -12.13728, -7.07421
-30.40465, -29.35298, -22.73687, -21.51512, -18.72160, -40.64917, -16.18850, -15.45981, -12.18410, -8.05324
-21.54768, -19.42738, -23.76564, -18.91432, -15.90294, -11.96464, -4.85445, -9.88450, -6.92353, -4.31919
-19.42524, -18.00372, -24.27023, -18.32119, -17.19913, -26.74713, -22.99336, -14.89247, -22.73265, -11.90404
-25.36295, -23.06244, -23.56926, -25.35094, -22.22581, -18.42040, -19.14862, -13.75182, -25.95089, -20.56793
-23.86973, -20.68682, -24.34576, -20.50115, -22.04575, -25.24563, -20.58083, -11.34294, -24.85818, -19.46495
-22.13506, -19.40790, -23.73547, -24.46875, -23.19743, -22.06650, -19.25695, -14.61774, -17.79650, -8.07186
-21.03235, -22.53994, -25.45485, -23.18165, -26.48382, -17.20400, -12.80215, -13.15925, -17.51523, -22.21909
-29.14065, -28.73239, -27.20240, -22.69693, -21.05829, -19.37841, -26.28552, -14.69168, -11.75702, -9.68945
-22.59496, -21.26293, -25.18130, -22.43691, -12.43346, -19.58740, -8.28885, -8.74959, -9.78511, -17.00585
-29.29641, -29.57865, -30.56349, -22.62086, -12.75823, -18.27087, -14.76591, -8.05804, -15.47679, -8.03710
-41.25997, -28.80113, -28.70901, -24.43223, -29.07439, -26.72786, -17.44303, -12.83780, -13.43622, -12.51486
-25.47785, -38.29530, -24.52507, -18.65586, -17.91006, -12.28335, -14.62519, -20.87561, -16.59058, -13.91472
-22.24550, -21.09990, -28.32521, -26.89939, -17.98466, -24.98160, -16.01049, -12.96775, -22.50733, -20.89934
-30.21248, -31.42089, -28.69130, -27.11405, -23.04782, -17.58629, -23.50452, -25.15620, -13.45679, -20.80660
-30.59107, -31.06259, -22.30105, -19.22525, -22.41993, -20.87393, -13.36343, -13.41986, -15.26120, -9.93358
-30.84722, -38.45015, -28.84245, -18.11823, -13.25136, -18.93676, -12.17521, -16.08984, -9.72953, -9.64737
-17.44209, -18.25225, -25.69431, -30.23258, -16.98848, -19.41405, -19.24468, -11.77463, -10.53243, -17.12224
-36.60123, -26.21640, -18.93114, -19.37684, -16.53353, -20.02921, -13.03234, -13.88523, -9.98118, -9.58903
-23.84029, -22.51223, -23.85387, -23.27214, -20.54000, -16.36598, -19.63686, -17.88549, -16.24937, -17.23233
-28.40798, -22.44076, -24.24468, -25.43498, -27.90923, -24.59662, -18.43734, -10.15034, -22.14094, -16.22926
-19.87736, -19.70684, -24.23142, -25.89847, -14.25130, -20.23288, -21.26907, -23.51457, -14.33920, -7.76865
-19.90762, -23.18835, -18.62645, -12.06673, -17.05706, -20.87232, -17.96036, -13.45013, -16.87568, -10.50304
-32.38437, -30.91069, -32.58624, -19.45358, -16.88159, -27.00218, -18.29978, -18.30564, -16.66451, -16.51207
-19.97451, -20.60362, -27.21947, -18.85424, -12.00334, -22.70830, -14.40887, -21.18628, -8.91356, -7.14514
-26.83778, -24.38778, -25.60345, -30.11825, -21.85229, -14.34257, -14.49483, -15.70425, -21.69117, -18.82095
-28.49535, -26.10654, -26.75425, -25.26977, -15.80129, -15.16455, -20.85386, -17.81167, -7.70677, -21.30659
-28.51776, -32.73268, -24.79231, -19.19855, -18.43560, -13.03086, -17.09001, -21.12965, -9.71162, -10.17720
-35.38507, -36.36170, -26.45576, -18.19045, -14.12839, -16.38423, -10.53284, -35.15612, -9.49429, -11.74205
-21.24497, -19.36178, -29.35859, -33.84702, -19.28367, -27.54764, -18.90169, -14.58094, -17.56670, -23.24734
-26.25840, -28.79172, -22.77977, -16.97405, -12.93472, -20.85652, -11.43895, -14.56044, -7.67021, -11.08339
-15.91847, -15.93186, -24.05456, -19.40020, -15.09356, -13.33625, -14.22431, -17.42456, -18.71623, -9.89305
-32.72426, -22.92036, -22.86652, -19.91335, -17.96358, -18.04915, -9.42407, -19.15819, -8.12160, -18.75555
-32.51880, -24.85452, -24.79077, -27.92196, -35.00748, -21.81586, -14.67341, -9.33621, -15.63865, -17.04878
-42.56132, -26.03285, -20.47920, -24.48224, -21.09770, -19.89169, -15.45266, -15.02227, -19.97362, -14.73722
-29.33502, -35.69514, -31.55789, -22.72687, -19.06450, -20.94981, -15.74674, -11.71759, -21.67715, -9.90964
-27.75341, -25.66818, -27.91668, -22.81224, -16.75779, -35.40786, -14.55813, -30.41078, -11.99592, -12.31407
-24.52316, -22.92764, -21.73665, -19.32311, -14.91033, -14.24997, -18.41198, -22.15841, -14.73174, -11.93149
-33.36570, -31.27236, -23.49818, -22.79175, -11.83606, -16.57470, -12.52239, -13.35445, -9.21380, -25.54859
-24.78399, -29.12948, -21.58450, -20.55867, -22.82042, -18.14877, -18.12801, -14.85527, -10.22944, -8.23037
-29.33184, -30.83534, -21.56609, -26.79845, -20.06543, -14.95067, -11.28249, -13.36723, -8.36773, -9.61792
-44.09651, -33.24983, -18.07467, -18.96244, -14.59529, -22.58392, -16.60686, -15.30743, -52.13433, -3.67280
-25.32216, -23.76623, -24.49004, -30.84129, -18.13925, -26.60981, -25.98743, -19.74817, -17.03629, -6.48476
-30.88731, -26.11156, -21.15687, -23.44363, -19.39162, -26.03028, -18.47594, -6.63074, -13.84439, -13.80093
-29.34927, -27.92814, -25.29817, -22.15623, -19.86931, -16.40380, -17.60041, -14.62601, -9.83655, -19.35905
-24.80997, -26.27860, -23.96258, -43.71070, -20.44974, -19.54058, -17.14464, -15.56685, -12.95103, -16.71585
-25.90824, -24.09354, -24.08804, -20.10300, -26.10872, -17.72911, -10.66487, -11.58956, -21.12756, -15.01105
-25.20507, -21.21810, -24.65452, -26.54226, -18.71723, -21.30752, -14.21105, -9.37306, -26.61906, -40.14421
-22.36093, -22.22703, -21.37516, -20.39824, -19.53508, -15.41461, -12.30520, -18.15323, -10.50435, -12.54752
-26.23816, -21.22575, -23.34891, -30.94830, -24.77557, -15.98482, -17.51222, -17.84982, -19.22700, -20.27569
-19.77731, -17.89937, -30.35167, -19.44286, -32.04393, -17.23488, -20.82741, -17.89554, -11.92586, -16.60216
-31.30087, -40.38986, -22.88033, -14.86663, -20.78084, -21.28837, -14.08251, -10.08125, -12.04757, -22.88563
-20.66372, -19.60998, -21.33665, -20.28397, -12.95959, -18.16155, -26.91579, -15.41027, -10.47631, -10.01819
-25.08328, -21.02892, -19.17645, -19.53569, -23.03601, -14.25252, -15.28445, -20.83154, -23.71934, -21.61296
-24.52419, -26.51526, -27.14559, -22.95331, -17.65395, -13.47413, -11.04526, -11.04152, -7.37755, -10.85647
-25.76129, -26.66372, -22.09181, -19.30504, -10.56286, -15.88648, -24.63137, -12.95662, -10.58384, -16.97741
-33.48419, -27.13217, -31.48043, -16.13207, -19.25628, -19.80558, -19.12585, -25.26544, -10.89395, -14.57073
-25.77657, -25.88838, -22.10489, -19.73310, -18.48940, -16.55731, -12.32697, -13.85363, -10.97980, -7.14898
-24.71109, -25.83732, -21.94711, -19.93021, -21.97181, -20.08786, -24.48201, -13.28581, -14.37733, -30.04478
-19.64865, -18.13752, -22.70212, -22.70658, -21.57307, -28.07669, -25.64525, -17.11549, -16.48793, -5.52611
-34.53126, -29.96941, -25.14733, -15.76874, -17.05568, -20.34918, -8.91819, -9.13274, -11.81302, -17.04537
-13.52412, -12.96950, -28.91402, -21.76851, -14.44674, -15.64648, -12.45118, -21.34255, -11.72408, -8.58047
-23.09776, -23.78368, -27.45203, -35.22002, -19.80361, -18.62656, -15.50245, -17.31625, -16.21344, -30.59656
-13.53276, -13.11471, -29.32382, -13.72513, -13.77595, -9.86127, -30.88207, -12.11340, -9.30085, -8.74595
-12.90619, -12.40855, -35.04092, -16.36111, -15.57910, -10.01657, -18.98535, -9.35235, -9.38630, -6.14183
-29.00599, -30.19779, -24.90732, -18.23422, -18.46044, -15.05697, -10.32731, -11.24157, -12.83378, -11.37204
-27.34010, -29.68194, -37.68823, -28.83508, -16.35814, -29.57640, -14.69174, -21.11660, -7.26435, -11.99812
-23.45400, -24.31873, -19.78841, -30.77689, -13.20982, -21.22428, -15.60935, -9.26331, -10.78873, -7.48924
-29.46668, -33.71011, -22.18879, -37.60541, -24.28908, -19.86483, -19.19001, -26.68310, -12.76472, -8.77053
-17.96322, -17.81918, -23.63584, -17.65988, -18.17904, -11.76644, -19.87431, -13.15716, -16.99818, -15.43612
-22.52404, -21.77977, -26.57014, -18.17050, -21.98642, -20.13224, -11.05925, -13.26064, -14.24819, -14.72478
-32.23716, -25.19311, -22.13712, -31.16197, -18.27918, -23.33857, -18.33672, -13.40582, -22.42934, -16.02143
-30.01505, -28.05923, -29.63408, -24.21598, -16.41307, -22.50475, -25.66151, -16.56309, -13.56702, -14.59984
-19.26169, -19.08099, -22.22213, -29.74918, -26.78736, -25.03306, -15.71576, -16.68103, -11.64225, -6.60501
-24.28135, -28.03992, -20.61367, -13.29086, -26.68862, -25.20044, -10.79916, -20.25177, -14.04008, -17.88557
-19.52625, -22.98429, -17.17544, -27.33521, -16.70197, -9.83999, -24.88602, -14.97767, -20.07277, -9.36121
-26.96082, -23.12988, -30.67196, -25.52082, -29.63820, -32.59381, -20.24468, -11.61171, -24.13050, -21.97408
-36.82803, -23.23003, -20.29734, -19.97539, -22.07359, -24.74572, -15.60798, -17.13906, -10.36191, -8.34013
-17.87047, -17.61323, -27.27689, -19.81489, -16.56364, -13.00295, -16.94613, -15.53318, -21.24086, -21.05549
-29.15491, -26.97763, -22.25569, -20.64272, -19.69976, -28.24010, -11.73208, -29.35531, -13.24088, -9.35932
-20.67234, -17.95468, -18.15510, -24.61662, -18.82714, -22.56870, -12.30212, -5.71452, -6.86277, -7.23581
-18.33090, -19.15418, -24.53122, -21.00758, -27.53606, -12.30687, -17.46071, -18.96728, -15.24519, -14.78395
-23.91657, -25.66556, -27.02039, -29.50930, -15.42142, -13.98702, -15.19205, -30.17201, -7.67879, -33.20533
-16.37887, -15.50030, -21.90634, -12.07647, -14.23750, -10.82027, -13.18247, -9.05884, -10.75819, -14.49364
-23.51275, -24.95683, -22.76674, -44.47540, -10.76947, -26.44309, -12.61841, -11.57203, -7.52126, -17.91521
-20.12317, -19.66949, -27.84844, -18.90470, -16.04582, -22.74758, -32.25927, -13.60540, -14.00130, -14.98676
-25.55578, -25.71951, -19.70899, -45.26445, -28.45553, -19.42474, -32.87212, -16.30251, -13.73948, -8.41351
-21.69189, -20.94555, -41.96232, -18.05461, -16.20802, -15.40907, -17.14411, -15.33529, -13.27015, -17.41600
-19.48470, -20.10032, -27.28026, -29.15335, -16.36204, -24.02871, -10.88273, -8.26960, -17.27595, -13.80399
-27.49576, -24.65518, -34.66473, -28.34111, -35.73431, -24.60877, -21.03575, -10.23166, -21.54968, -18.67444
-19.28192, -21.56575, -27.03785, -26.62425, -17.36801, -17.66716, -17.91148, -13.71741, -9.40695, -14.18475
-25.39436, -25.65737, -24.21406, -17.04767, -20.05879, -22.22218, -13.92522, -20.32640, -23.83081, -20.12091
-21.95120, -19.58139, -29.63341, -26.05176, -19.84844, -31.98398, -18.62028, -7.02913, -16.02532, -12.08610
-27.28447, -24.61335, -29.18929, -24.35576, -22.69841, -20.47622, -8.93770, -6.96253, -11.95163, -9.37557
-19.85303, -21.03269, -31.23039, -24.35938, -12.81403, -36.93635, -26.39756, -27.81853, -9.30825, -12.05629
-30.35055, -31.48551, -14.55211, -13.81522, -12.63561, -14.67179, -17.05175, -14.78373, -24.53429, -2.90196
-20.14622, -18.81281, -26.84115, -24.26936, -11.62458, -19.21627, -10.18061, -10.66903, -9.77243, -21.42822
-26.97271, -24.80021, -24.06088, -28.03748, -21.14743, -22.66870, -22.61347, -14.45972, -20.59139, -18.43954
-31.16763, -25.35652, -22.92501, -19.63222, -15.41631, -24.39006, -12.82587, -25.67275, -14.38712, -8.42708
-15.94507, -16.83103, -29.10886, -19.98905, -14.34671, -16.87784, -17.28643, -26.55009, -11.94580, -13.63365
-27.13628, -23.89574, -31.88367, -35.68746, -37.20879, -26.80719, -18.09181, -11.03151, -22.88637, -23.34487
-17.34898, -18.96525, -19.72744, -21.36715, -11.21974, -13.84230, -26.78369, -15.93803, -13.18918, -17.53158
-25.84952, -24.13893, -22.24047, -17.91965, -20.56609, -23.46382, -15.48941, -11.89968, -17.90680, -5.09545
-19.10427, -19.30879, -23.58218, -18.67434, -11.85628, -10.98856, -16.80018, -21.58342, -14.25184, -13.10081
-49.82858, -25.52878, -32.46302, -19.22714, -26.76845, -21.58585, -16.72353, -27.93586, -15.99463, -31.97773
-18.85133, -18.09859, -22.23973, -48.39030, -13.92179, -17.57982, -10.50360, -19.51427, -7.96164, -4.08749
-21.63966, -23.51929, -20.31509, -15.39982, -26.88633, -24.08879, -18.64368, -13.50415, -11.58740, -21.69135
-27.29031, -25.86595, -24.01314, -16.27963, -22.06233, -24.51738, -16.53389, -31.97221, -14.60625, -13.26506
-26.00815, -22.03315, -24.57938, -19.18451, -15.26709, -19.07166, -16.26866, -12.03358, -22.15981, -17.38696
-17.22410, -18.78791, -29.90080, -21.47142, -14.89420, -14.63822, -20.54327, -19.75891, -9.92401, -14.24801
-20.11542, -20.52102, -36.64466, -25.57239, -14.60143, -19.63475, -22.71976, -17.06551, -15.53593, -11.70960
-21.93306, -23.03364, -23.55272, -18.43707, -13.85028, -11.00655, -16.41611, -28.37995, -9.99664, -14.77542
-36.31779, -27.33903, -24.31664, -16.23644, -25.75242, -35.99689, -16.47220, -23.26011, -24.02820, -18.02350
-32.31240, -28.00221, -20.67742, -20.23004, -14.72280, -20.40618, -13.31053, -13.26120, -22.78540, -6.52641
-24.56069, -23.96580, -31.17450, -18.74857, -21.94049, -20.92603, -10.30824, -11.87245, -10.72706, -18.01938
-29.21805, -37.01836, -22.88639, -29.85440, -14.34021, -17.21562, -21.19062, -11.19140, -6.25735, -23.82450
-17.41377, -17.51073, -13.24568, -24.61423, -15.53872, -10.10120, -8.73581, -10.03430, -12.07300, -12.67932
-22.30293, -29.10664, -18.00945, -23.70063, -20.68038, -13.60504, -18.22534, -13.10845, -12.09791, -9.19911
-25.47494, -26.25386, -20.83103, -25.89741, -29.35132, -13.65280, -11.82687, -19.23278, -11.54709, -15.37706
-26.20831, -25.52951, -18.05881, -20.11609, -23.08101, -16.65143, -15.74183, -11.42512, -24.18932, -12.21728
-32.26570, -32.40579, -24.53503, -25.37107, -17.25145, -30.24956, -19.20475, -13.04702, -27.75822, -10.96323
-27.44541, -25.71960, -28.13666, -24.44174, -22.18474, -21.75824, -19.24943, -19.06352, -21.16698, -14.62100
-21.50564, -24.49592, -20.44228, -22.88374, -18.16378, -16.02296, -12.28667, -14.11635, -22.65254, -8.90911
-26.45368, -24.16495, -23.73345, -21.38796, -22.61273, -26.09927, -17.94158, -7.11913, -14.48202, -16.49582
-24.19880, -22.60004, -25.94074, -23.03985, -19.03800, -37.53266, -20.08468, -19.74361, -17.46581, -16.30980
-40.67455, -28.41162, -22.62450, -19.29493, -15.94956, -14.41448, -10.33539, -17.59802, -8.58560, -19.20429
-15.90861, -14.95942, -19.67259, -30.09765, -16.07493, -13.38160, -12.35087, -21.54184, -12.42692, -15.34742
-26.85811, -21.64926, -23.57251, -30.04480, -29.50082, -20.68628, -12.96530, -9.67047, -26.03855, -21.89574
-38.31704, -28.58662, -26.14074, -16.08979, -21.84430, -18.53831, -13.12465, -20.52499, -19.23493, -15.82148
-37.08254, -38.48729, -24.54120, -20.01457, -13.89066, -31.97751, -18.49746, -11.50691, -12.22185, -13.57540
-30.76983, -35.65086, -34.67140, -18.43138, -13.93390, -16.22615, -11.42464, -12.53587, -7.33407, -15.24539
-27.61070, -22.41364, -21.27721, -24.64555, -15.83463, -32.65667, -13.81235, -11.38953, -14.71653, -9.79610
-35.84438, -37.77135, -23.30227, -31.00622, -22.11419, -17.98197, -11.54427, -5.71321, -22.43817, -11.21362
-23.60747, -24.78235, -22.36924, -17.20160, -15.31168, -20.69287, -18.95202, -14.77315, -20.99421, -9.32584
-31.22600, -32.71708, -24.14326, -20.86443, -14.37697, -22.76847, -16.98923, -35.59679, -14.10460, -8.94613
-25.67533, -30.25211, -23.18322, -21.74322, -16.32761, -13.42540, -13.43066, -25.73951, -11.91398, -34.07533
-28.38578, -27.47385, -21.09780, -17.74008, -18.49334, -17.65769, -16.74745, -9.39478, -14.84326, -10.52309
-25.63990, -22.78561, -24.30432, -20.75777, -19.35334, -17.19099, -18.14979, -9.74200, -13.92165, -33.30723
-24.76070, -32.80094, -33.82245, -17.74905, -16.45777, -15.76363, -23.88272, -11.96337, -8.03070, -14.17939
-23.68149, -25.38702, -27.60592, -15.19829, -18.02278, -18.10815, -21.84854, -12.45964, -13.89433, -17.50865
-32.53042, -26.27106, -26.36853, -14.56030, -33.47282, -14.93115, -8.11869, -14.68473, -10.29757, -8.71395
-33.10528, -28.65841, -23.31086, -21.81099, -17.00679, -16.69908, -32.78245, -28.31781, -10.19963, -17.71760
-30.46605, -33.77959, -23.62411, -25.47804, -17.12256, -21.20660, -19.35667, -12.60316, -11.58063, -12.68008
-36.09740, -29.90665, -25.28737, -16.48164, -13.26495, -18.03513, -14.33868, -10.21399, -18.59344, -22.67821
-19.48593, -19.93226, -22.91378, -21.88613, -26.62507, -15.59405, -16.64816, -21.53346, -27.57990, -10.20598
-29.63272, -31.13379, -22.89171, -15.59740, -21.86772, -14.30457, -12.38915, -26.51826, -21.21129, -19.96726
-36.11167, -22.97924, -22.65965, -17.82575, -21.36560, -17.15831, -9.41321, -18.46159, -10.29178, -17.06372
-36.47199, -32.55058, -23.10669, -19.69362, -20.24787, -17.14070, -14.61887, -11.07906, -24.89974, -17.56049
-28.69396, -33.67500, -21.86564, -20.36769, -14.24194, -22.38363, -23.01269, -24.16817, -26.53370, -8.85386
-27.09313, -26.05629, -20.20732, -22.43477, -19.07617, -13.17230, -17.34714, -14.89149, -17.45997, -21.27953
-36.60754, -34.33502, -33.07822, -26.03509, -21.10284, -23.58999, -12.65632, -28.93696, -12.11870, -23.54973
-31.85309, -23.93368, -25.05680, -36.10033, -30.58733, -22.49141, -15.22743, -10.26403, -17.04204, -10.26919
-20.99272, -25.90624, -18.77021, -23.30291, -15.44634, -11.67780, -19.69677, -16.78413, -13.00586, -8.79086
-24.76535, -23.00937, -25.76251, -27.37298, -22.36998, -19.36410, -22.00166, -15.48257, -17.19203, -7.06817
-19.78762, -21.49798, -24.42301, -21.14887, -18.02088, -18.58706, -12.31212, -12.88441, -9.75819, -13.48977
-24.49597, -22.63738, -20.64274, -17.42198, -10.96935, -13.41728, -5.31279, -7.09158, -12.21822, -11.40317
-33.59644, -28.08056, -25.43454, -21.02212, -14.13778, -29.86998, -15.55950, -20.64585, -13.72577, -14.93698
-24.65847, -26.29940, -29.26496, -21.49030, -22.73276, -23.29210, -12.69555, -9.58352, -19.56425, -22.58959
-31.94771, -33.26701, -27.86049, -25.02212, -18.35104, -32.32519, -17.30100, -16.39554, -18.14815, -13.91685
-28.52867, -29.17417, -23.53884, -34.10730, -32.04930, -22.12932, -17.13406, -15.92825, -21.61847, -16.51757
-27.34504, -28.62120, -15.56720, -22.19251, -17.95777, -13.52808, -11.47354, -5.32241, -9.29396, -6.82604
-39.51600, -32.63274, -33.13343, -26.67389, -20.88222, -30.89646, -17.93002, -13.77865, -14.68835, -19.04374
-43.46897, -29.50914, -33.21668, -28.99941, -14.95089, -21.85261, -15.12343, -16.00025, -12.18448, -14.91506
-26.24616, -23.88079, -24.02083, -23.32585, -20.23487, -18.89376, -19.41145, -13.73944, -9.76314, -7.03820
-19.85515, -20.09237, -19.90284, -28.60622, -19.10035, -18.04733, -17.78635, -10.34750, -18.07946, -4.69365
-17.17269, -17.84922, -23.78348, -15.49759, -14.92633, -13.61085, -9.48534, -13.27532, -15.01398, -15.05349
-27.56221, -25.03264, -31.05641, -25.68843, -20.44606, -29.26726, -21.69942, -13.09049, -15.67146, -23.35328
-26.99722, -28.70672, -24.23410, -20.88680, -16.87417, -21.22113, -18.49843, -19.44255, -16.70978, -12.10033
-21.38841, -23.59222, -27.13193, -14.35895, -25.97343, -14.44249, -14.61816, -12.64872, -16.05199, -20.13852
-22.67434, -22.66083, -22.75925, -28.53413, -32.17214, -18.58363, -18.66548, -14.83984, -20.87449, -15.90927
-25.58053, -23.60427, -29.41824, -32.77682, -14.25336, -38.09871, -16.63498, -20.39413, -10.88367, -20.67492
-39.08369, -26.68118, -31.44352, -23.57997, -22.20820, -19.37830, -15.04634, -14.09072, -14.56167, -18.84493
-22.54946, -23.64300, -18.10678, -35.02749, -26.29717, -18.88319, -18.07359, -15.87030, -8.22903, -5.66707
-16.32668, -15.79270, -26.94756, -18.02131, -14.46735, -27.20332, -24.06852, -18.66553, -12.91757, -8.45786
-32.79792, -35.72430, -30.08910, -22.79084, -25.11979, -24.53961, -15.44256, -7.47292, -20.41195, -15.49296
-28.18466, -26.70369, -26.84706, -20.68253, -14.73391, -22.22540, -23.47368, -19.82906, -19.21749, -11.02101
-26.15205, -23.86372, -23.66459, -17.62192, -18.26872, -23.46487, -14.52294, -9.03579, -10.24583, -24.40654
-25.84826, -22.48078, -25.38572, -26.29723, -27.97802, -19.01166, -17.22957, -14.35710, -28.76124, -20.57277
-25.64134, -27.96823, -26.64866, -18.47648, -18.79824, -15.74589, -22.90034, -7.75874, -9.04290, -25.98686
-14.81079, -14.62815, -29.81421, -16.11792, -16.07097, -10.00698, -15.01263, -12.53962, -12.93751, -10.74887
-42.26132, -30.34946, -29.95280, -16.53982, -17.96830, -42.97719, -15.94745, -34.53855, -30.33785, -15.70620
-28.16887, -27.39706, -32.79194, -24.69170, -13.35838, -15.94818, -17.70406, -17.72239, -8.90472, -25.83141
-27.78971, -30.42973, -30.69358, -18.58721, -13.95428, -15.36463, -13.80756, -11.23786, -9.42018, -13.29524
-26.65848, -30.47950, -25.05661, -18.81791, -14.53387, -10.19072, -15.19065, -33.16240, -10.95599, -10.29262
-26.28588, -24.80097, -23.69770, -22.73785, -11.95280, -21.64080, -22.64487, -22.74803, -18.74586, -7.01943
-23.44406, -21.11656, -45.57233, -22.68706, -21.82025, -25.51702, -15.67976, -15.90380, -15.07065, -14.18666
-22.80316, -20.26732, -18.60607, -23.78225, -14.04110, -15.49393, -19.89211, -16.55237, -10.95565, -6.93063
-27.71214, -23.09401, -26.06005, -28.60142, -41.84875, -24.65626, -16.78621, -7.32606, -16.79485, -19.62112
-19.40399, -16.10495, -30.08379, -22.79367, -7.81900, -9.81444, -10.46620, -16.33294, -7.07170, -7.91415
-25.14952, -27.60724, -24.94191, -30.63308, -14.35813, -18.44794, -14.58159, -21.92868, -10.15043, -10.41666
-31.26185, -33.28453, -26.45568, -25.07277, -13.85887, -22.88729, -17.27394, -19.58458, -16.58920, -13.92057
-33.04132, -32.14639, -27.04172, -20.23830, -15.79539, -24.24202, -18.46206, -21.63170, -17.42217, -18.40306
-28.88565, -26.28184, -25.33817, -16.93218, -20.14903, -16.57846, -10.17459, -18.47874, -12.23103, -8.59900
-27.97272, -26.64816, -29.86604, -21.06126, -17.34765, -18.37462, -15.42114, -15.75404, -12.08470, -17.57955
-26.22463, -27.23121, -25.07633, -20.12499, -18.42198, -24.15919, -17.03634, -18.24108, -21.02320, -9.59338
-27.81278, -24.69696, -31.17168, -19.09332, -21.59624, -23.11755, -14.20864, -13.73169, -19.29458, -18.48822
-19.20920, -20.30575, -20.00569, -28.08327, -21.67171, -16.41931, -14.19528, -12.68362, -19.04620, -12.22543
-30.90334, -28.04577, -30.30023, -21.33918, -13.51880, -17.31063, -11.39404, -12.02137, -4.66981, -15.68909
-17.55965, -16.37412, -35.02862, -22.49349, -18.80322, -26.38298, -15.46164, -20.37135, -10.99175, -23.59803
-19.90777, -18.23965, -25.68340, -26.54092, -16.42522, -23.23078, -23.41297, -6.52153, -10.68835, -17.90435
-27.60105, -26.24368, -20.29476, -26.89904, -16.50502, -13.84689, -20.15892, -17.26371, -16.14127, -13.33555
-26.04743, -23.48107, -27.71193, -21.65338, -20.93204, -19.58851, -28.39170, -24.67755, -10.51450, -20.13324
-20.82731, -19.86758, -18.43420, -28.40393, -19.49522, -15.14146, -18.23529, -6.76033, -27.37195, -6.53458
-29.04044, -24.05746, -28.42811, -27.32764, -30.10676, -41.18511, -18.57445, -9.23241, -21.93615, -30.43665
-28.15099, -36.53773, -27.94917, -24.19259, -17.72239, -16.22894, -21.99866, -18.45077, -15.86557, -21.07497
-19.70435, -19.60261, -32.53166, -25.44106, -17.77621, -37.59505, -23.32284, -30.12871, -11.48505, -11.21501
-27.63410, -25.01767, -29.29978, -16.32388, -19.36104, -15.22692, -10.53536, -7.18940, -13.83917, -17.37646
-23.40122, -19.81642, -25.26921, -24.77859, -25.49583, -19.34079, -16.06104, -12.46118, -17.40629, -9.68553
-28.61017, -32.05627, -21.97642, -20.92249, -15.36265, -21.41446, -17.09187, -11.58148, -12.93410, -11.56602
-28.19907, -29.95989, -25.64667, -16.31348, -15.22385, -18.32641, -17.71774, -18.54241, -10.60786, -4.89680
-33.76730, -31.47867, -17.41538, -20.40218, -27.21374, -26.07674, -20.81730, -6.87760, -10.24604, -4.22541
-26.18745, -23.54598, -24.09566, -19.57339, -17.30248, -12.83701, -10.06517, -13.07768, -12.17519, -8.30351
-25.51368, -23.48902, -24.13163, -20.92821, -22.32704, -22.71483, -26.93035, -19.23255, -14.86679, -20.61076
-24.66721, -24.97099, -21.49098, -23.58580, -27.49310, -27.07529, -28.69307, -23.12470, -16.49699, -8.18635
-37.15523, -37.26940, -26.04831, -29.98397, -14.23938, -14.85539, -20.15980, -13.49918, -12.23970, -14.48007
-36.05601, -29.91454, -29.73871, -47.09758, -19.24203, -19.64907, -17.02316, -15.08440, -12.10568, -20.64393
-24.03595, -29.52891, -29.92178, -17.88530, -17.81661, -13.62128, -14.53233, -20.73574, -8.57730, -7.95467
-26.00955, -22.80284, -18.74689, -28.87257, -22.50891, -11.35843, -17.74806, -18.57927, -14.34099, -17.64592
-25.91506, -26.88961, -26.75363, -27.34294, -22.24014, -29.72614, -24.55033, -11.95517, -13.68122, -23.81664
-18.04154, -17.40547, -20.81561, -20.07989, -13.14361, -11.16707, -18.04174, -15.02195, -22.45983, -15.02015
-27.24610, -23.01659, -22.07675, -20.81947, -11.98137, -27.52752, -28.69536, -6.95639, -8.62902, -15.33425
-21.58157, -18.21921, -21.43333, -19.06818, -30.08360, -12.76169, -8.11366, -10.51104, -14.70729, -16.33806
-15.91917, -14.13994, -23.28073, -16.47118, -12.28684, -12.81620, -29.93929, -7.40422, -14.74897, -8.66144
-26.01289, -22.01056, -26.03195, -24.14591, -25.06408, -29.96817, -18.96952, -9.87112, -32.22624, -14.95732
-32.01944, -23.60876, -23.78048, -36.38905, -48.50139, -20.19925, -15.17746, -11.93288, -16.45145, -9.64725
-13.89734, -13.41867, -27.40108, -21.81973, -15.23208, -22.38478, -14.44198, -21.65967, -10.47119, -9.18539
-27.73578, -33.23837, -26.15285, -34.78772, -15.81244, -13.71875, -18.98729, -15.27765, -12.21615, -14.23100
-27.23236, -39.06675, -21.81253, -13.26223, -15.83281, -23.26351, -13.34680, -17.59967, -17.72669, -9.31366
-21.99989, -21.45990, -23.87429, -18.79411, -22.02713, -19.60233, -13.24473, -11.78523, -16.17254, -13.02046
-30.09646, -33.01195, -23.44921, -23.77404, -19.45620, -43.39934, -29.70544, -19.44815, -18.47393, -15.47883
-24.97394, -23.44895, -22.97935, -18.89135, -15.48015, -22.69628, -21.60445, -18.19300, -16.65472, -10.34880
-23.23336, -23.53582, -27.47449, -33.93334, -20.06604, -20.07314, -24.53578, -15.93814, -17.59561, -9.56436
-18.95361, -18.73642, -30.11155, -22.26431, -12.98436, -14.18600, -8.72229, -18.99023, -7.10411, -17.77783
-27.00152, -26.42042, -22.84814, -15.57092, -14.07030, -16.49282, -14.24148, -12.70713, -14.26746, -6.52769
-31.63423, -25.14409, -32.23889, -24.91415, -12.12359, -27.31337, -25.30558, -12.40491, -17.88805, -13.95402
-17.15809, -19.03436, -25.16751, -21.71844, -16.57695, -13.68819, -14.09492, -15.10618, -10.51365, -14.19804
-23.87698, -28.18921, -21.79672, -21.61990, -30.29088, -13.24467, -18.89001, -7.42870, -21.63837, -15.79383
-30.45149, -32.65311, -19.58974, -22.08670, -19.83410, -15.50562, -16.16502, -19.41977, -15.68072, -11.98110
-19.56576, -15.94511, -29.74684, -16.72506, -7.71887, -22.47876, -12.85265, -12.97072, -9.35098, -17.76899
-25.74192, -30.87185, -30.60441, -17.18947, -23.30282, -17.67946, -13.95335, -19.90571, -22.05698, -12.77115
-23.00487, -23.83711, -27.31959, -15.00207, -13.51244, -18.05566, -14.99770, -24.66625, -13.31592, -13.44668
-34.59936, -34.11406, -25.72866, -23.08524, -12.90614, -18.29386, -21.79329, -8.15886, -14.14414, -18.09972
-23.05572, -19.81721, -24.71965, -27.31860, -25.83177, -22.70188, -17.83405, -12.18560, -20.42379, -8.28335
-25.50660, -24.67972, -32.86376, -17.40897, -13.87172, -16.68699, -18.40603, -17.70518, -12.00733, -15.88309
-29.81080, -28.01579, -26.13993, -26.65959, -17.43913, -14.90582, -20.57493, -18.26634, -11.29821, -26.41318
-27.47532, -22.31976, -24.15895, -23.65543, -24.54239, -26.37707, -19.52842, -10.08181, -21.05513, -20.08292
-21.18828, -23.24606, -38.48668, -26.69570, -17.23115, -15.09832, -10.42159, -8.52129, -13.13168, -10.88379
-30.06021, -28.30462, -18.76621, -19.50189, -18.12142, -29.48156, -27.62073, -13.56896, -16.86938, -2.78195
-17.84329, -19.05815, -18.77650, -27.88945, -13.52402, -13.48668, -20.50820, -11.20422, -30.15112, -5.07178
-26.16610, -22.96068, -17.49585, -18.76204, -23.64764, -18.58859, -13.34560, -11.45404, -11.16927, -11.53269
-23.24360, -25.31629, -28.27406, -22.55354, -21.98006, -23.21430, -7.46084, -5.70240, -17.79293, -9.84175
-19.40853, -16.99808, -20.01532, -16.50679, -9.56395, -14.49837, -15.64629, -18.82042, -16.08911, -10.30552
-33.01654, -26.98290, -22.30821, -24.21474, -13.00551, -16.54564, -12.39871, -17.97598, -9.05570, -16.84807
-24.05453, -22.28919, -22.21176, -15.03650, -23.35600, -20.14794, -5.99517, -8.75619, -10.94772, -16.23453
-24.80784, -22.67212, -32.47655, -23.85257, -21.90030, -25.31020, -23.31715, -10.23468, -18.90300, -20.51094
-18.27415, -18.22140, -24.68376, -25.59363, -17.23535, -24.02909, -14.16018, -10.02520, -14.58646, -14.18345
-35.87525, -26.91517, -20.16393, -21.55886, -18.57063, -16.37379, -11.24738, -16.24162, -9.47680, -19.00970
-28.33430, -22.94290, -25.11423, -23.74090, -27.57473, -28.05986, -19.81041, -10.40978, -19.00793, -23.49419
-27.55353, -27.55398, -25.56158, -13.76287, -35.53763, -13.08809, -9.05760, -17.99812, -13.39888, -10.27710
-28.10533, -27.45399, -28.39113, -19.06281, -12.21216, -14.08142, -10.53954, -10.85125, -9.84400, -13.52638
-28.59213, -24.15151, -28.07237, -28.62272, -21.52260, -19.46168, -22.00086, -23.51866, -14.26358, -21.22511
-29.78937, -23.83696, -18.96492, -21.21752, -16.41790, -22.52481, -14.76994, -15.22875, -12.25065, -6.86279
-17.19841, -17.85164, -23.89372, -14.81447, -13.77987, -14.46124, -6.94238, -12.07781, -7.09365, -11.24716
-23.65595, -22.85221, -36.96751, -23.92695, -22.07627, -20.09710, -29.13902, -11.46157, -19.30058, -20.78940
-38.53853, -25.67341, -17.68107, -21.89718, -21.77319, -21.75018, -22.00031, -11.37722, -10.72511, -7.39498
-17.24343, -17.70754, -21.74099, -17.03385, -22.95937, -10.18782, -16.48708, -13.76482, -14.25579, -15.35240
-26.94322, -27.21079, -24.14845, -18.36951, -20.78544, -17.74595, -12.96987, -14.55409, -11.10281, -12.53266
-32.59580, -26.79805, -18.62999, -19.85984, -31.79655, -17.05639, -16.02117, -8.25712, -27.16948, -13.90350
-29.58200, -30.12781, -19.91151, -14.50937, -28.07159, -28.85133, -14.76073, -12.41360, -11.55181, -9.66469
-23.44603, -32.77161, -14.62423, -22.58300, -29.58933, -13.67370, -20.26768, -8.70842, -9.96281, -6.65110
-26.85374, -27.37220, -26.18681, -23.58306, -17.17076, -17.38551, -16.95328, -11.99623, -8.43255, -19.67312
-36.25442, -28.87683, -30.58289, -39.35404, -20.38482, -18.95077, -32.53047, -11.49300, -11.25318, -22.89855
-22.63388, -23.06904, -33.03335, -21.33762, -12.85452, -12.92570, -16.51464, -11.30672, -11.76891, -15.99195
-25.51904, -21.67945, -24.16850, -16.62857, -23.82288, -20.30077, -22.90590, -16.50957, -23.38818, -18.05763
-19.42590, -15.91017, -19.40626, -23.39412, -18.15874, -11.29182, -8.46105, -9.57944, -19.68023, -16.46567
-31.60115, -25.59442, -22.60145, -21.19414, -22.94170, -22.65934, -15.47996, -6.27426, -13.66322, -13.79367
-23.96866, -20.03892, -19.47742, -19.06569, -22.67197, -14.18320, -14.92927, -21.71888, -23.11503, -18.46131
-18.27029, -18.60524, -17.60832, -19.75951, -20.73721, -11.27212, -8.55106, -14.52200, -17.64939, -14.33954
-45.45044, -30.03955, -32.74587, -29.65216, -27.29726, -29.70814, -18.56507, -12.88943, -15.45951, -14.18874
-27.69251, -38.55007, -19.24737, -31.12728, -15.11550, -19.51267, -19.80789, -10.24106, -6.94931, -10.38319
-29.27033, -25.23708, -30.79746, -23.50890, -13.75648, -19.78834, -23.73320, -10.14842, -5.04141, -14.87255
-26.06228, -22.72445, -17.80700, -17.01489, -13.96223, -17.87673, -12.48262, -12.44547, -11.92561, -9.93922
-33.22773, -33.98917, -30.02083, -25.14737, -14.49005, -20.08533, -21.35538, -15.40194, -13.40934, -21.95609
-28.88020, -28.73855, -14.63542, -24.33627, -29.10582, -12.22195, -15.74374, -5.41727, -10.33378, -10.86619
-26.79444, -23.20284, -34.21424, -16.54282, -29.17772, -19.48369, -16.92201, -35.16027, -22.43688, -18.95147
-19.73114, -19.15769, -49.86406, -17.30318, -14.19594, -33.35744, -22.09776, -12.68759, -16.88873, -11.61718
-30.36437, -25.89416, -21.53539, -15.89222, -29.38351, -21.56638, -14.77378, -23.26493, -20.09004, -9.72907
-27.50095, -35.27637, -22.34504, -20.17758, -22.20547, -15.74449, -23.94538, -16.38659, -9.74298, -12.59963
-33.78843, -26.20352, -26.13531, -25.26594, -16.03438, -14.58612, -14.31212, -13.76366, -7.84212, -5.71980
-14.05959, -14.14119, -18.35244, -16.54490, -28.26873, -9.74545, -19.35859, -9.46646, -26.46594, -13.86068
-33.44601, -35.99542, -27.88891, -28.72511, -18.95318, -25.38306, -20.02497, -17.71008, -21.54122, -23.48068
-25.01542, -21.38514, -25.25258, -21.89508, -22.30290, -30.23070, -21.75930, -9.44717, -23.34391, -21.62269
-28.79227, -46.71480, -17.94885, -26.49474, -35.68166, -12.09684, -15.01658, -13.62524, -12.76628, -15.69833
-33.01129, -31.30319, -24.77877, -31.83233, -16.82066, -17.35389, -13.07174, -13.48158, -7.29854, -12.83405
-25.56944, -25.93393, -24.71688, -20.16264, -27.33209, -19.36665, -17.10511, -16.51715, -16.86814, -18.50496
-25.55652, -22.94347, -24.77669, -23.85391, -13.13133, -18.27418, -11.15509, -13.44836, -9.25315, -28.93962
-17.27876, -18.42726, -20.49595, -18.50443, -17.59207, -9.39022, -17.66164, -11.84720, -12.82371, -24.42055
-32.77407, -27.44634, -26.52835, -27.15967, -22.19975, -15.29532, -27.17547, -17.69679, -18.40055, -15.19091
-21.18038, -20.18690, -18.65208, -22.33373, -27.79843, -19.01386, -10.05875, -12.00560, -9.35430, -7.88063
-25.12331, -23.37469, -22.47794, -21.60720, -17.69774, -26.34795, -19.56173, -18.40671, -23.69894, -6.87657
-24.64059, -28.80016, -23.72366, -22.17026, -14.83296, -15.36950, -19.56578, -21.73726, -12.18718, -13.97198
-25.58354, -22.26799, -26.41579, -22.27679, -24.97192, -35.36295, -22.62351, -11.00117, -22.62798, -22.22507
-27.89505, -27.34762, -34.85511, -23.10025, -22.54286, -23.65581, -11.59665, -30.21580, -12.19126, -26.98926
-32.87538, -36.43158, -27.73972, -23.56593, -15.79662, -25.39594, -18.87995, -19.86614, -23.16955, -8.15297
-17.73301, -17.26501, -29.56873, -22.79552, -14.06688, -31.37761, -26.57739, -14.20519, -11.46243, -10.91089
-25.10858, -25.43268, -21.20712, -23.93599, -19.52909, -16.11997, -20.17577, -16.37188, -17.53056, -8.48847
-39.75692, -28.93089, -15.23035, -17.52205, -10.92179, -13.63576, -12.02451, -13.04455, -22.07852, -2.78363
-25.64633, -31.79595, -27.49937, -19.89226, -18.43344, -20.25621, -12.52614, -23.65884, -8.96592, -18.12185
-30.92457, -24.65354, -28.89447, -24.48058, -30.45963, -25.67703, -35.69467, -17.36869, -25.72256, -27.68047
-36.60669, -27.92043, -33.96605, -18.80612, -30.61689, -26.99546, -14.37134, -22.21219, -18.15354, -14.85745
-13.72776, -13.16304, -22.07698, -17.21675, -15.64566, -11.33556, -16.14941, -12.38203, -13.65003, -12.34261
-24.78893, -29.17196, -23.67224, -13.68503, -13.04423, -15.19541, -12.97749, -13.76559, -12.25398, -12.37359
-25.57080, -22.98854, -24.55915, -22.85263, -23.17118, -18.80900, -14.93903, -13.62535, -28.19899, -18.48170
-28.19993, -23.21185, -25.89056, -29.94756, -30.17633, -27.60382, -23.69457, -12.24990, -18.33237, -24.31411
-29.38421, -27.54886, -23.32446, -20.34012, -22.74424, -13.48526, -16.04539, -17.48388, -10.83819, -17.15959
-15.30161, -15.08229, -27.80522, -14.61987, -13.30192, -10.38650, -16.61536, -20.68707, -11.74059, -6.47218
-23.10053, -21.56866, -26.31738, -40.03229, -26.87335, -21.48966, -18.47000, -18.07734, -12.33688, -12.77248
-24.76698, -28.71433, -22.76044, -17.44815, -20.67332, -16.57474, -11.10252, -11.06723, -22.87358, -9.15703
-35.53579, -35.88261, -24.86256, -30.19431, -17.79234, -17.34965, -16.14267, -11.35388, -21.51383, -22.66304
-21.30268, -19.36263, -27.24590, -25.59956, -13.72429, -23.14683, -16.41016, -11.19362, -14.52117, -14.81108
-19.31717, -18.14838, -15.79624, -22.28373, -15.84313, -17.76477, -14.03180, -10.49466, -12.43524, -9.65258
-26.91504, -24.06539, -28.86466, -32.73356, -27.22125, -24.44801, -17.69273, -11.57852, -19.50402, -27.37289
