0.07073, 0.01264, 0.06623, 0.03001, 0.04459, 0.07975, 0.06461, 0.16274
0.02366, 0.07097, 0.06197, 0.00221, 0.10047, 0.13980, 0.17501, 0.49998
0.01894, 0.09698, 0.12428, 0.01186, 0.06697, 0.16596, 0.09127, 0.51560
0.00694, 0.11228, 0.15868, 0.09522, 0.47411, 0.17806, 0.06716, 0.35479
0.01347, 0.20153, 0.16812, 0.04415, 0.18155, 0.07354, 0.15431, 0.34831
0.00415, 0.15519, 0.13932, 0.05930, 0.16846, 0.08325, 0.19079, 0.24454
0.05139, 0.01808, 0.05300, 0.03535, 0.04550, 0.08528, 0.09560, 0.14727
0.01988, 0.07440, 0.09473, 0.00436, 0.09235, 0.14839, 0.20746, 0.47826
0.04254, 0.04915, 0.06883, 0.02354, 0.05229, 0.07579, 0.09952, 0.13581
0.02136, 0.07178, 0.29598, 0.04640, 0.24464, 0.08852, 0.11686, 0.23412
0.01228, 0.17801, 0.15127, 0.08417, 0.13131, 0.11602, 0.11734, 0.27310
0.01172, 0.04943, 0.04815, 0.00829, 0.04666, 0.11926, 0.20262, 0.11840
0.05769, 0.06759, 0.09971, 0.04200, 0.02905, 0.34345, 0.17413, 0.39250
0.01265, 0.08221, 0.10874, 0.00684, 0.08437, 0.14591, 0.16689, 0.35214
0.06296, 0.05712, 0.10215, 0.04168, 0.05474, 0.36517, 0.20871, 0.28851
0.04732, 0.02368, 0.09154, 0.05619, 0.06029, 0.11027, 0.03884, 0.09930
0.01980, 0.09750, 0.16986, 0.08138, 0.36899, 0.14172, 0.12517, 0.19623
0.03822, 0.07514, 0.09143, 0.00761, 0.06128, 0.17818, 0.13413, 0.54772
0.01767, 0.07586, 0.27948, 0.10518, 0.18382, 0.08125, 0.10852, 0.16627
0.01376, 0.02518, 0.07168, 0.00476, 0.02277, 0.07308, 0.25734, 0.09158
0.02026, 0.01045, 0.05024, 0.00506, 0.04962, 0.08456, 0.18374, 0.14344
0.01503, 0.09014, 0.18581, 0.13693, 0.09953, 0.21644, 0.04576, 0.12279
0.01143, 0.09849, 0.08501, 0.00574, 0.06525, 0.18113, 0.12940, 0.39215
0.05816, 0.03183, 0.07208, 0.04073, 0.05831, 0.10493, 0.08248, 0.11811
0.05832, 0.01865, 0.08092, 0.06941, 0.05288, 0.06819, 0.07502, 0.13757
0.01182, 0.21986, 0.15633, 0.06825, 0.13943, 0.10961, 0.20129, 0.27168
0.01980, 0.08475, 0.14535, 0.14279, 0.13518, 0.22576, 0.02373, 0.14929
0.02354, 0.12300, 0.20123, 0.11119, 0.40431, 0.12916, 0.02676, 0.29707
0.04033, 0.11540, 0.11133, 0.04143, 0.03368, 0.40025, 0.17534, 0.37852
0.01683, 0.08266, 0.17323, 0.09657, 0.47537, 0.12663, 0.09859, 0.39315
0.01071, 0.10117, 0.18458, 0.19503, 0.08788, 0.20125, 0.01277, 0.15158
0.06937, 0.01307, 0.06580, 0.01955, 0.03907, 0.07933, 0.11551, 0.09269
0.01721, 0.08309, 0.07731, 0.00437, 0.07602, 0.16096, 0.12053, 0.50341
0.05283, 0.03471, 0.07304, 0.06831, 0.09488, 0.08959, 0.07925, 0.10258
0.00109, 0.22455, 0.09068, 0.07766, 0.12168, 0.06591, 0.08977, 0.27083
0.05955, 0.07570, 0.10269, 0.03401, 0.03579, 0.41349, 0.19296, 0.31049
0.00824, 0.18935, 0.13958, 0.03827, 0.11629, 0.13636, 0.17865, 0.21540
0.01826, 0.02605, 0.09387, 0.01242, 0.02086, 0.10325, 0.24907, 0.10288
0.06280, 0.03269, 0.04171, 0.03159, 0.03606, 0.12235, 0.06589, 0.11616
0.00556, 0.13755, 0.08095, 0.00403, 0.08532, 0.18793, 0.14540, 0.31820
0.01287, 0.09784, 0.08062, 0.00581, 0.08999, 0.17949, 0.10878, 0.38965
0.00338, 0.10264, 0.30495, 0.08836, 0.18154, 0.06627, 0.08650, 0.25037
0.01290, 0.07356, 0.30004, 0.04200, 0.24283, 0.06445, 0.12640, 0.26187
0.05064, 0.08755, 0.09915, 0.04665, 0.06762, 0.37684, 0.26797, 0.36942
0.01429, 0.12851, 0.17512, 0.13291, 0.08638, 0.23287, 0.04373, 0.08643
0.02125, 0.08801, 0.15184, 0.17853, 0.10498, 0.26767, 0.02803, 0.10534
0.01180, 0.08183, 0.08043, 0.00485, 0.07059, 0.12732, 0.11189, 0.33856
0.09198, 0.08980, 0.11371, 0.04423, 0.02314, 0.37983, 0.22222, 0.40576
0.01486, 0.05340, 0.06477, 0.00104, 0.04670, 0.07911, 0.35985, 0.18590
0.05296, 0.05546, 0.09117, 0.04016, 0.03631, 0.47590, 0.20476, 0.25525
0.01215, 0.19027, 0.14320, 0.07162, 0.15578, 0.07286, 0.07456, 0.24342
0.00467, 0.19488, 0.10127, 0.05065, 0.18991, 0.08668, 0.07899, 0.21252
0.00461, 0.24573, 0.11041, 0.06576, 0.16989, 0.12218, 0.14844, 0.26110
0.01612, 0.04325, 0.04200, 0.00345, 0.02005, 0.11473, 0.23827, 0.16186
0.00910, 0.07162, 0.06127, 0.00509, 0.02780, 0.13521, 0.24335, 0.13647
0.00368, 0.21395, 0.11293, 0.08820, 0.12773, 0.08421, 0.10124, 0.26226
0.01316, 0.11494, 0.11801, 0.03879, 0.42186, 0.11290, 0.06504, 0.29407
0.01260, 0.03409, 0.05771, 0.00459, 0.04430, 0.10778, 0.24215, 0.08983
0.01129, 0.01955, 0.09926, 0.01223, 0.01673, 0.07899, 0.13351, 0.10385
0.02953, 0.07163, 0.31835, 0.06217, 0.18265, 0.08408, 0.12982, 0.25599
0.02629, 0.08454, 0.11179, 0.00705, 0.04486, 0.15384, 0.15423, 0.51377
0.02018, 0.08930, 0.35365, 0.06082, 0.14983, 0.06690, 0.10002, 0.27032
0.01686, 0.04249, 0.07724, 0.00366, 0.03633, 0.06611, 0.17016, 0.18092
0.02052, 0.08793, 0.08074, 0.00957, 0.06589, 0.17514, 0.12021, 0.42966
0.03229, 0.01432, 0.04574, 0.04153, 0.04921, 0.14265, 0.08291, 0.08209
0.04425, 0.05808, 0.05115, 0.02097, 0.02981, 0.42384, 0.24869, 0.31433
0.07929, 0.04705, 0.08420, 0.03602, 0.06383, 0.38645, 0.19658, 0.50328
0.01014, 0.17151, 0.12444, 0.06053, 0.10816, 0.12058, 0.10716, 0.21713
0.03450, 0.08199, 0.32757, 0.09256, 0.16340, 0.14136, 0.15972, 0.17644
0.01581, 0.09086, 0.06733, 0.00759, 0.09451, 0.14919, 0.09724, 0.47322
0.02298, 0.06148, 0.08691, 0.00409, 0.10807, 0.13056, 0.11642, 0.56366
0.07512, 0.01382, 0.06716, 0.04782, 0.02527, 0.08457, 0.06006, 0.13829
0.01922, 0.07351, 0.13201, 0.05387, 0.35837, 0.13956, 0.09979, 0.34801
0.02098, 0.06197, 0.12071, 0.00765, 0.07965, 0.14181, 0.11681, 0.53582
0.01497, 0.05835, 0.07282, 0.00722, 0.02704, 0.12434, 0.26370, 0.13672
0.00660, 0.12311, 0.11969, 0.15823, 0.10675, 0.30561, 0.01686, 0.09250
0.01131, 0.06692, 0.08386, 0.00761, 0.02887, 0.11042, 0.27481, 0.16880
0.01516, 0.07363, 0.14565, 0.16643, 0.14535, 0.22957, 0.04461, 0.11635
0.00734, 0.18904, 0.11995, 0.03714, 0.18857, 0.11878, 0.14786, 0.25942
0.03434, 0.04586, 0.11148, 0.13162, 0.10679, 0.25069, 0.03558, 0.11456
0.05858, 0.02695, 0.05153, 0.02967, 0.07364, 0.08656, 0.08438, 0.15369
0.00830, 0.07706, 0.17766, 0.18142, 0.18014, 0.18395, 0.04369, 0.16192
0.02002, 0.04381, 0.05621, 0.00292, 0.03050, 0.07819, 0.24484, 0.10199
0.04144, 0.09440, 0.10145, 0.03407, 0.10834, 0.40278, 0.21184, 0.42056
0.01532, 0.05422, 0.30443, 0.05915, 0.22218, 0.08318, 0.10273, 0.18383
0.05364, 0.02417, 0.04884, 0.03608, 0.06482, 0.08064, 0.08195, 0.15674
0.01317, 0.10724, 0.12617, 0.15845, 0.10397, 0.27586, 0.03920, 0.11154
0.05744, 0.01788, 0.04706, 0.05226, 0.08702, 0.11497, 0.06494, 0.16141
0.01211, 0.15016, 0.16916, 0.03753, 0.44118, 0.10307, 0.10703, 0.28252
0.04876, 0.01499, 0.05725, 0.03767, 0.03943, 0.08719, 0.06841, 0.09422
0.00001, 0.22389, 0.14074, 0.06038, 0.13024, 0.08830, 0.13277, 0.14413
0.00630, 0.05168, 0.05680, 0.00340, 0.03427, 0.10648, 0.23608, 0.08283
0.02931, 0.06760, 0.08345, 0.00680, 0.06175, 0.15831, 0.12278, 0.48810
0.05720, 0.07670, 0.07451, 0.01217, 0.09581, 0.27546, 0.22252, 0.40267
0.01255, 0.11296, 0.17819, 0.05459, 0.39690, 0.12740, 0.07390, 0.37551
0.04169, 0.02583, 0.05445, 0.05234, 0.03789, 0.09805, 0.07392, 0.11550
0.05251, 0.02669, 0.05863, 0.02344, 0.06172, 0.11249, 0.09970, 0.08960
0.03941, 0.03602, 0.04332, 0.02695, 0.08145, 0.09923, 0.10487, 0.10359
0.05118, 0.10091, 0.07807, 0.03317, 0.08652, 0.41040, 0.21851, 0.40504
0.01019, 0.03621, 0.07771, 0.01036, 0.01220, 0.09877, 0.18969, 0.15672
0.01384, 0.10148, 0.09303, 0.00451, 0.13070, 0.16237, 0.15268, 0.40077
0.01978, 0.07454, 0.07356, 0.00529, 0.07965, 0.17260, 0.13051, 0.47019
0.01964, 0.07229, 0.34731, 0.08469, 0.27984, 0.07938, 0.13085, 0.20628
0.05044, 0.02508, 0.04409, 0.03493, 0.06396, 0.07394, 0.06438, 0.14413
0.01200, 0.17544, 0.11572, 0.06436, 0.09442, 0.05015, 0.07870, 0.28331
0.04724, 0.04689, 0.09034, 0.02699, 0.05148, 0.34449, 0.19462, 0.36983
0.00297, 0.15846, 0.20188, 0.05081, 0.42633, 0.08781, 0.06675, 0.29534
0.05881, 0.01255, 0.03415, 0.02372, 0.05455, 0.07744, 0.08687, 0.15150
0.04396, 0.05836, 0.07870, 0.02011, 0.06559, 0.28767, 0.19052, 0.33640
0.01873, 0.09686, 0.14784, 0.13607, 0.07005, 0.19235, 0.02455, 0.11660
0.04373, 0.04545, 0.04324, 0.04041, 0.02600, 0.10636, 0.06866, 0.08436
0.04277, 0.09660, 0.09625, 0.03738, 0.05830, 0.39252, 0.17709, 0.41030
0.01931, 0.04255, 0.27644, 0.09420, 0.23803, 0.11683, 0.15850, 0.17785
0.01698, 0.11643, 0.16366, 0.07468, 0.38993, 0.13031, 0.09428, 0.25792
0.05295, 0.01798, 0.04641, 0.03140, 0.07611, 0.10250, 0.08592, 0.13648
0.00646, 0.03846, 0.04076, 0.00256, 0.01983, 0.09458, 0.24599, 0.05992
0.03022, 0.05121, 0.13026, 0.12303, 0.12789, 0.18911, 0.00451, 0.09482
0.00890, 0.12345, 0.09709, 0.00648, 0.10115, 0.17640, 0.14843, 0.42261
0.05826, 0.01689, 0.05134, 0.02987, 0.04455, 0.08923, 0.07355, 0.12123
0.00682, 0.15891, 0.11583, 0.05846, 0.12422, 0.07227, 0.11601, 0.18875
0.00441, 0.08560, 0.27450, 0.05428, 0.16985, 0.12824, 0.09781, 0.19742
0.00977, 0.03775, 0.08588, 0.00468, 0.03000, 0.09739, 0.26045, 0.16667
0.04161, 0.07758, 0.09840, 0.03820, 0.06433, 0.33319, 0.13396, 0.34450
0.02164, 0.08885, 0.11425, 0.00942, 0.09741, 0.13483, 0.11425, 0.38466
0.01477, 0.05893, 0.09571, 0.00523, 0.09522, 0.13310, 0.12858, 0.44978
0.00776, 0.12250, 0.36299, 0.09969, 0.19119, 0.12240, 0.13348, 0.16474
0.00833, 0.19327, 0.17688, 0.05156, 0.23672, 0.09218, 0.13842, 0.35956
0.05949, 0.02281, 0.11342, 0.07040, 0.04036, 0.13064, 0.09244, 0.14106
0.01939, 0.10309, 0.15966, 0.06806, 0.41258, 0.15852, 0.09326, 0.32016
0.01517, 0.05497, 0.27337, 0.05580, 0.16911, 0.08174, 0.09497, 0.19215
0.00898, 0.08766, 0.15463, 0.18903, 0.13615, 0.23026, 0.02859, 0.14735
0.02418, 0.09973, 0.09707, 0.04229, 0.04728, 0.42027, 0.18797, 0.36889
0.02093, 0.08412, 0.07228, 0.00215, 0.06724, 0.11612, 0.12307, 0.52633
0.01273, 0.09421, 0.11781, 0.06842, 0.35176, 0.13551, 0.12419, 0.24362
0.02584, 0.10244, 0.20877, 0.08673, 0.42954, 0.12071, 0.04064, 0.29822
0.00825, 0.03093, 0.08056, 0.00869, 0.04327, 0.12276, 0.16290, 0.14647
0.04907, 0.01993, 0.06375, 0.03669, 0.03959, 0.09538, 0.04051, 0.11017
0.02185, 0.08269, 0.16174, 0.14576, 0.10010, 0.20226, 0.04286, 0.13499
0.00303, 0.19833, 0.20411, 0.05448, 0.13777, 0.09865, 0.18027, 0.24313
0.06555, 0.01279, 0.05902, 0.02196, 0.05909, 0.08301, 0.07659, 0.14868
0.01568, 0.02964, 0.04056, 0.00728, 0.00541, 0.10175, 0.15356, 0.14583
0.01603, 0.18175, 0.15203, 0.09306, 0.15932, 0.10781, 0.11291, 0.31756
0.01106, 0.11798, 0.21104, 0.08938, 0.43463, 0.14682, 0.07148, 0.24631
0.04096, 0.07990, 0.08363, 0.03182, 0.05931, 0.37655, 0.20738, 0.43760
0.00807, 0.03706, 0.05575, 0.00419, 0.07698, 0.11530, 0.21924, 0.07402
0.02273, 0.02186, 0.07576, 0.01130, 0.01771, 0.11080, 0.17585, 0.11347
0.02392, 0.07417, 0.34773, 0.10636, 0.18581, 0.10155, 0.08257, 0.13889
0.02233, 0.11213, 0.17761, 0.07833, 0.40180, 0.13088, 0.05323, 0.36655
0.00570, 0.16840, 0.14273, 0.06118, 0.13773, 0.05787, 0.11919, 0.21842
0.00895, 0.02031, 0.06867, 0.00456, 0.04793, 0.07932, 0.18463, 0.15343
0.01327, 0.10220, 0.05981, 0.00496, 0.05340, 0.17021, 0.07993, 0.36201
0.00760, 0.20981, 0.12742, 0.05209, 0.14775, 0.04709, 0.09444, 0.27249
0.04659, 0.01480, 0.04817, 0.02643, 0.03707, 0.08968, 0.06006, 0.09496
0.00652, 0.13134, 0.16105, 0.08357, 0.36667, 0.16232, 0.10295, 0.28783
0.03760, 0.07036, 0.09923, 0.02949, 0.07302, 0.37819, 0.22016, 0.33113
0.01596, 0.09493, 0.18736, 0.17906, 0.15242, 0.26514, 0.05073, 0.10125
0.02926, 0.12079, 0.14941, 0.07792, 0.23664, 0.09097, 0.17020, 0.32087
0.01714, 0.11086, 0.19298, 0.04978, 0.43635, 0.13350, 0.09299, 0.29360
0.01012, 0.08752, 0.25974, 0.07889, 0.14191, 0.07026, 0.07103, 0.19239
0.02191, 0.09343, 0.11977, 0.19905, 0.13908, 0.22098, 0.02000, 0.11958
0.00903, 0.19166, 0.13147, 0.04203, 0.17834, 0.10775, 0.12356, 0.20147
0.01311, 0.22251, 0.14667, 0.08327, 0.15601, 0.11115, 0.15441, 0.28135
0.04432, 0.03163, 0.03061, 0.03410, 0.08542, 0.09650, 0.08734, 0.09700
0.00590, 0.16136, 0.13072, 0.05078, 0.12057, 0.08809, 0.19533, 0.20769
0.01928, 0.04002, 0.08515, 0.00396, 0.06793, 0.11256, 0.15579, 0.48965
0.00940, 0.04094, 0.06259, 0.00277, 0.05991, 0.09064, 0.25887, 0.11220
0.01602, 0.03379, 0.06188, 0.00462, 0.03321, 0.06845, 0.32429, 0.14588
0.01164, 0.09379, 0.10214, 0.01257, 0.05082, 0.16633, 0.09420, 0.45885
0.07118, 0.03876, 0.06393, 0.02581, 0.05930, 0.33675, 0.23833, 0.35343
0.02095, 0.06153, 0.14064, 0.14562, 0.13549, 0.28868, 0.02298, 0.08099
0.02578, 0.08599, 0.15985, 0.07837, 0.43045, 0.17195, 0.07743, 0.26527
0.06887, 0.02615, 0.04561, 0.03519, 0.05553, 0.09530, 0.07988, 0.14236
0.03205, 0.10336, 0.15905, 0.07769, 0.36687, 0.11610, 0.08085, 0.29617
0.00534, 0.13143, 0.21949, 0.07726, 0.34800, 0.13723, 0.04427, 0.20070
0.01348, 0.12983, 0.17054, 0.17339, 0.04779, 0.17940, 0.00907, 0.11255
0.01552, 0.13586, 0.19615, 0.10146, 0.47225, 0.13288, 0.04714, 0.35732
0.02112, 0.05502, 0.31414, 0.07210, 0.16960, 0.10803, 0.07969, 0.12449
0.01188, 0.09579, 0.14854, 0.14683, 0.13797, 0.18233, 0.01542, 0.13653
0.01097, 0.10513, 0.19161, 0.09015, 0.41881, 0.15350, 0.08900, 0.26020
0.09598, 0.01690, 0.04501, 0.02859, 0.03703, 0.06934, 0.08105, 0.18957
0.01981, 0.06392, 0.28114, 0.06279, 0.26842, 0.06100, 0.11224, 0.19727
0.01011, 0.18525, 0.09942, 0.06397, 0.15533, 0.10233, 0.07603, 0.20696
0.02262, 0.06933, 0.12203, 0.12834, 0.09016, 0.21691, 0.05687, 0.10829
0.00769, 0.16872, 0.15242, 0.05375, 0.16912, 0.07029, 0.11188, 0.13466
0.01303, 0.04216, 0.09194, 0.00689, 0.02839, 0.11021, 0.22332, 0.15693
0.01664, 0.16478, 0.12700, 0.05093, 0.17213, 0.07399, 0.09636, 0.33641
0.00690, 0.13374, 0.18774, 0.07400, 0.27281, 0.13126, 0.09900, 0.30964
0.03746, 0.09534, 0.09640, 0.03430, 0.06178, 0.45861, 0.29419, 0.24280
0.04114, 0.11490, 0.11206, 0.05893, 0.04189, 0.43439, 0.16149, 0.41695
0.06765, 0.07132, 0.07315, 0.03641, 0.04226, 0.41636, 0.11543, 0.37238
0.07544, 0.01370, 0.04372, 0.01669, 0.05319, 0.08206, 0.09391, 0.18835
0.01313, 0.07817, 0.28931, 0.07678, 0.17545, 0.06018, 0.10870, 0.20299
0.07065, 0.01916, 0.04548, 0.01961, 0.04090, 0.11184, 0.08544, 0.15035
0.03915, 0.02059, 0.05125, 0.04189, 0.07358, 0.06078, 0.04681, 0.12710
0.07078, 0.11266, 0.11010, 0.03160, 0.03190, 0.42644, 0.22752, 0.60080
0.00815, 0.03205, 0.04934, 0.00565, 0.01213, 0.11526, 0.19075, 0.10430
0.03835, 0.08508, 0.16047, 0.17041, 0.14339, 0.19122, 0.02819, 0.15795
0.01053, 0.06974, 0.14173, 0.14980, 0.13050, 0.25769, 0.04468, 0.11324
0.03139, 0.11190, 0.09827, 0.02629, 0.06513, 0.32985, 0.19274, 0.35775
0.01477, 0.07450, 0.07498, 0.00338, 0.09325, 0.14483, 0.18250, 0.43601
0.00979, 0.13477, 0.14958, 0.03469, 0.15285, 0.05697, 0.15548, 0.25794
0.04667, 0.10095, 0.10071, 0.03716, 0.05592, 0.37769, 0.29741, 0.44080
0.08168, 0.00718, 0.03893, 0.03387, 0.04200, 0.13492, 0.06021, 0.17746
0.01491, 0.08254, 0.14488, 0.16873, 0.11019, 0.21820, 0.02013, 0.09024
0.01576, 0.09802, 0.08833, 0.00924, 0.09354, 0.23802, 0.23557, 0.44318
0.02796, 0.06672, 0.10092, 0.01026, 0.06025, 0.16910, 0.18575, 0.46160
0.00347, 0.20705, 0.13753, 0.08066, 0.11886, 0.11587, 0.13114, 0.22541
0.01282, 0.06426, 0.08726, 0.00838, 0.01529, 0.09296, 0.16950, 0.11445
0.03780, 0.08935, 0.08742, 0.03091, 0.08248, 0.37983, 0.17316, 0.41467
0.02887, 0.05543, 0.27979, 0.04549, 0.14498, 0.05042, 0.12151, 0.13383
0.04908, 0.03147, 0.04591, 0.03305, 0.04137, 0.15711, 0.03741, 0.09820
0.01424, 0.08417, 0.17322, 0.04582, 0.42497, 0.14233, 0.05318, 0.19997
0.00148, 0.11918, 0.19163, 0.15014, 0.13142, 0.17287, 0.02142, 0.15835
0.05591, 0.06472, 0.07082, 0.02567, 0.04777, 0.34426, 0.17804, 0.48724
0.01556, 0.08298, 0.07442, 0.00319, 0.10215, 0.15578, 0.19657, 0.48961
0.05159, 0.06819, 0.09234, 0.03658, 0.04767, 0.39891, 0.18031, 0.36471
0.02763, 0.05939, 0.08171, 0.00713, 0.08702, 0.13323, 0.18014, 0.46081
0.00576, 0.11371, 0.20513, 0.18149, 0.07648, 0.20800, 0.02212, 0.13416
0.06971, 0.02631, 0.03178, 0.03422, 0.08316, 0.07879, 0.04330, 0.12754
0.02107, 0.10271, 0.14995, 0.10336, 0.41738, 0.17140, 0.09387, 0.31893
0.02102, 0.07887, 0.25253, 0.05714, 0.12600, 0.13799, 0.11279, 0.21954
0.01314, 0.08210, 0.10224, 0.00485, 0.10806, 0.15387, 0.13397, 0.59808
0.01646, 0.10945, 0.14815, 0.14728, 0.19338, 0.19407, 0.03548, 0.11885
0.01895, 0.05550, 0.34761, 0.06678, 0.21468, 0.06711, 0.12135, 0.20691
0.01467, 0.09885, 0.39048, 0.07316, 0.23367, 0.07303, 0.10590, 0.24598
0.01277, 0.05549, 0.06347, 0.00256, 0.03037, 0.08650, 0.23070, 0.15367
0.00893, 0.07993, 0.15087, 0.15418, 0.11545, 0.21459, 0.02593, 0.10581
0.01638, 0.07448, 0.10255, 0.10769, 0.09920, 0.23218, 0.04811, 0.08744
0.01536, 0.08184, 0.13646, 0.14601, 0.09902, 0.25225, 0.02035, 0.17291
0.04477, 0.08716, 0.11742, 0.04210, 0.05427, 0.36605, 0.19720, 0.36577
0.01414, 0.08295, 0.11530, 0.00228, 0.07220, 0.08327, 0.18924, 0.43455
0.04599, 0.03668, 0.10517, 0.03148, 0.05475, 0.36795, 0.24539, 0.37076
0.01307, 0.04500, 0.06443, 0.00641, 0.03296, 0.09296, 0.15715, 0.13468
0.02959, 0.08448, 0.08357, 0.03303, 0.03804, 0.37531, 0.17548, 0.37125
0.00965, 0.08576, 0.14403, 0.01087, 0.08277, 0.13992, 0.17013, 0.36962
0.07460, 0.02337, 0.05111, 0.03783, 0.05508, 0.08745, 0.10003, 0.12316
0.00854, 0.04705, 0.05751, 0.00604, 0.01372, 0.12434, 0.18380, 0.11544
0.01411, 0.18279, 0.15289, 0.04582, 0.25395, 0.06582, 0.12044, 0.30208
0.01430, 0.11790, 0.18238, 0.06361, 0.44491, 0.15672, 0.10901, 0.30871
0.00685, 0.11276, 0.17692, 0.04981, 0.41136, 0.15206, 0.04912, 0.30668
0.05260, 0.11524, 0.07932, 0.02886, 0.10452, 0.36848, 0.21151, 0.33954
0.00483, 0.14516, 0.14602, 0.06091, 0.18266, 0.09125, 0.21865, 0.20749
0.01348, 0.10808, 0.16878, 0.08316, 0.44898, 0.16227, 0.08127, 0.26412
0.03276, 0.07358, 0.08186, 0.00493, 0.08181, 0.16925, 0.13756, 0.64070
0.00763, 0.17690, 0.13858, 0.06480, 0.14764, 0.07300, 0.09429, 0.23066
0.04785, 0.03316, 0.06845, 0.03687, 0.09650, 0.11666, 0.13127, 0.13272
0.02140, 0.06450, 0.09208, 0.01049, 0.05650, 0.21020, 0.12448, 0.44274
0.06499, 0.06540, 0.08692, 0.03851, 0.04833, 0.41118, 0.14925, 0.45140
0.07790, 0.08084, 0.09256, 0.03117, 0.02646, 0.40818, 0.24131, 0.36372
0.02839, 0.06300, 0.26218, 0.05971, 0.17558, 0.06193, 0.10766, 0.23103
0.02112, 0.05434, 0.17392, 0.15372, 0.09860, 0.21426, 0.03007, 0.17049
0.00531, 0.21515, 0.12644, 0.07809, 0.16346, 0.06813, 0.16388, 0.25821
0.06182, 0.01872, 0.03739, 0.02688, 0.14436, 0.07345, 0.08705, 0.14087
0.05817, 0.02920, 0.08076, 0.04111, 0.06917, 0.09068, 0.05285, 0.13023
0.01226, 0.08415, 0.07373, 0.00249, 0.10844, 0.13507, 0.14151, 0.44453
0.04066, 0.01677, 0.02308, 0.01357, 0.04759, 0.06835, 0.05484, 0.10822
0.01921, 0.08128, 0.20737, 0.12232, 0.13613, 0.23409, 0.04811, 0.17543
0.01744, 0.12405, 0.31162, 0.09387, 0.13837, 0.13898, 0.13467, 0.15230
0.02001, 0.04516, 0.09636, 0.00576, 0.08278, 0.12122, 0.15223, 0.44821
0.05027, 0.05297, 0.05743, 0.03180, 0.05341, 0.44428, 0.14635, 0.42125
0.00215, 0.19210, 0.13243, 0.04684, 0.18989, 0.07194, 0.18291, 0.23423
0.01611, 0.07390, 0.12603, 0.15977, 0.13833, 0.21562, 0.03698, 0.19779
0.00621, 0.13771, 0.15164, 0.07575, 0.42052, 0.15501, 0.04049, 0.32595
0.08892, 0.01372, 0.04582, 0.02755, 0.06124, 0.10419, 0.14364, 0.13733
0.01403, 0.06685, 0.32021, 0.07138, 0.16566, 0.08342, 0.15893, 0.22115
0.05133, 0.03785, 0.06233, 0.05679, 0.05346, 0.08620, 0.09149, 0.13469
0.00906, 0.10275, 0.08740, 0.00537, 0.03534, 0.13243, 0.10642, 0.30936
0.07512, 0.01435, 0.04845, 0.04490, 0.02673, 0.10105, 0.08578, 0.13177
0.00407, 0.14780, 0.12639, 0.04300, 0.15269, 0.06351, 0.16077, 0.23910
0.00976, 0.08935, 0.11736, 0.04628, 0.42903, 0.12369, 0.06836, 0.30419
0.00764, 0.10982, 0.15926, 0.15153, 0.12757, 0.26884, 0.03157, 0.13295
0.04124, 0.06277, 0.14935, 0.13646, 0.15404, 0.21266, 0.04806, 0.18855
0.04804, 0.08706, 0.09201, 0.02718, 0.01993, 0.34393, 0.18044, 0.32337
0.00991, 0.02117, 0.07432, 0.00874, 0.02413, 0.12846, 0.19660, 0.12746
0.03112, 0.07301, 0.12948, 0.12959, 0.10609, 0.18578, 0.03478, 0.12758
0.05883, 0.06394, 0.13324, 0.04642, 0.06288, 0.33567, 0.17605, 0.50403
0.04927, 0.06900, 0.09903, 0.03390, 0.02555, 0.45413, 0.30283, 0.34301
0.00440, 0.24220, 0.17096, 0.05464, 0.17815, 0.07593, 0.09602, 0.34339
0.01561, 0.07606, 0.12752, 0.00982, 0.10039, 0.16268, 0.16170, 0.48792
0.00804, 0.18392, 0.09402, 0.03227, 0.20494, 0.12041, 0.10890, 0.26756
0.02259, 0.06447, 0.07892, 0.00705, 0.10102, 0.18282, 0.14240, 0.40497
0.02240, 0.03933, 0.07909, 0.00604, 0.07562, 0.12515, 0.09360, 0.45976
0.01525, 0.09671, 0.09163, 0.00646, 0.11022, 0.16315, 0.10829, 0.48461
0.01127, 0.03171, 0.06916, 0.01203, 0.02036, 0.12750, 0.22113, 0.14162
0.00991, 0.17853, 0.09406, 0.04236, 0.12875, 0.08837, 0.20440, 0.22113
0.00545, 0.20288, 0.14681, 0.05177, 0.15204, 0.06905, 0.12795, 0.29370
0.01514, 0.04653, 0.05378, 0.00261, 0.03431, 0.08173, 0.20130, 0.14843
0.03765, 0.04308, 0.12869, 0.16216, 0.14526, 0.28687, 0.02680, 0.13327
0.02240, 0.07820, 0.14125, 0.13815, 0.12789, 0.19421, 0.01582, 0.09488
0.01465, 0.08966, 0.10326, 0.15286, 0.12235, 0.19418, 0.02994, 0.10900
0.01311, 0.11460, 0.18823, 0.06462, 0.51811, 0.10745, 0.16095, 0.27609
0.00883, 0.14084, 0.13886, 0.07412, 0.18844, 0.12090, 0.16917, 0.26614
0.00814, 0.02241, 0.06268, 0.00259, 0.01743, 0.05820, 0.25046, 0.10332
0.01303, 0.06143, 0.29196, 0.05335, 0.22234, 0.05643, 0.12149, 0.12599
0.01892, 0.07516, 0.10559, 0.06363, 0.36623, 0.13542, 0.06083, 0.28663
0.06925, 0.06427, 0.12554, 0.04364, 0.09305, 0.33769, 0.18200, 0.36754
0.02440, 0.06697, 0.33867, 0.08798, 0.14214, 0.09561, 0.08295, 0.18869
0.01787, 0.05904, 0.06457, 0.00309, 0.08615, 0.11200, 0.10551, 0.51183
0.02137, 0.01681, 0.05549, 0.00697, 0.02512, 0.12720, 0.26579, 0.11382
0.00720, 0.14405, 0.11596, 0.05841, 0.14777, 0.05261, 0.08539, 0.24921
0.01732, 0.04501, 0.25617, 0.05998, 0.20048, 0.09133, 0.09928, 0.16425
0.00431, 0.13135, 0.11172, 0.17780, 0.10048, 0.21878, 0.02944, 0.10558
0.01174, 0.11663, 0.12671, 0.00802, 0.11518, 0.20480, 0.11946, 0.52663
0.00751, 0.19048, 0.16036, 0.03541, 0.12557, 0.07217, 0.14938, 0.29114
0.01582, 0.04543, 0.34384, 0.07708, 0.15290, 0.08850, 0.10187, 0.23056
0.02128, 0.08978, 0.33241, 0.09061, 0.12311, 0.09205, 0.09114, 0.19453
0.00958, 0.10480, 0.17418, 0.05894, 0.49237, 0.07853, 0.09499, 0.31840
0.02716, 0.08625, 0.12094, 0.00634, 0.12626, 0.15023, 0.17520, 0.49711
0.01248, 0.03636, 0.05643, 0.00498, 0.01613, 0.08807, 0.15760, 0.13962
0.03837, 0.05596, 0.09690, 0.00413, 0.14036, 0.08247, 0.17256, 0.57461
0.00982, 0.09337, 0.31365, 0.07803, 0.16846, 0.08862, 0.12496, 0.20505
0.03777, 0.02212, 0.03289, 0.01841, 0.04814, 0.10745, 0.12176, 0.15764
0.00789, 0.11055, 0.16163, 0.17317, 0.13483, 0.17925, 0.03098, 0.12845
0.02976, 0.07122, 0.17497, 0.16343, 0.09565, 0.22908, 0.02998, 0.17711
0.01047, 0.09686, 0.14555, 0.17635, 0.07199, 0.24575, 0.02462, 0.10465
0.03204, 0.08708, 0.12346, 0.02963, 0.05384, 0.38900, 0.24543, 0.40271
0.01221, 0.08972, 0.24952, 0.10713, 0.20998, 0.08311, 0.08443, 0.16944
0.00411, 0.04775, 0.06701, 0.00589, 0.05665, 0.12125, 0.19748, 0.11794
0.00412, 0.16101, 0.14180, 0.04934, 0.16085, 0.09319, 0.09349, 0.25992
0.01299, 0.06830, 0.11344, 0.00332, 0.10218, 0.09074, 0.13436, 0.45717
0.00148, 0.05724, 0.06147, 0.00419, 0.03154, 0.14055, 0.26392, 0.06761
0.01885, 0.09390, 0.32306, 0.07087, 0.21453, 0.06952, 0.11765, 0.16808
0.01311, 0.11382, 0.06338, 0.00473, 0.06753, 0.16042, 0.15583, 0.45310
0.07590, 0.01154, 0.04750, 0.04548, 0.03899, 0.10029, 0.06945, 0.11267
0.01600, 0.06305, 0.37951, 0.06549, 0.18863, 0.07251, 0.08941, 0.20059
0.02043, 0.08740, 0.10262, 0.00710, 0.10878, 0.22680, 0.18883, 0.58824
0.02259, 0.02505, 0.06248, 0.00238, 0.04619, 0.06096, 0.23387, 0.18256
0.05860, 0.01543, 0.05992, 0.03973, 0.06157, 0.09630, 0.02562, 0.09874
0.01352, 0.07408, 0.08567, 0.00404, 0.09838, 0.13357, 0.14922, 0.37974
0.01526, 0.11263, 0.19256, 0.06235, 0.44176, 0.16678, 0.05038, 0.29953
0.01013, 0.03003, 0.08522, 0.00625, 0.06120, 0.09872, 0.17211, 0.17130
0.00654, 0.03865, 0.05326, 0.00465, 0.02950, 0.08727, 0.22869, 0.10199
0.00295, 0.16381, 0.13333, 0.07029, 0.17025, 0.07540, 0.09003, 0.19955
0.05670, 0.01208, 0.04906, 0.02260, 0.03897, 0.08814, 0.06103, 0.11236
0.05458, 0.05002, 0.04573, 0.02789, 0.04461, 0.09405, 0.04606, 0.11393
0.00384, 0.16309, 0.13084, 0.05471, 0.11592, 0.08489, 0.10306, 0.20178
0.04972, 0.08735, 0.06100, 0.03351, 0.04942, 0.35676, 0.14656, 0.25501
0.08216, 0.01246, 0.04971, 0.06292, 0.08482, 0.09363, 0.04905, 0.12925
0.06392, 0.01456, 0.05572, 0.01713, 0.04289, 0.07742, 0.07611, 0.13968
0.00757, 0.17977, 0.10952, 0.10475, 0.16871, 0.10292, 0.11671, 0.28044
0.00264, 0.22997, 0.16442, 0.10703, 0.10381, 0.07945, 0.10066, 0.24239
0.01368, 0.09368, 0.07090, 0.00186, 0.06902, 0.10756, 0.11927, 0.48708
0.00751, 0.18663, 0.12935, 0.07401, 0.17288, 0.05838, 0.08618, 0.19886
0.01634, 0.06378, 0.06605, 0.00448, 0.06664, 0.16534, 0.15567, 0.41192
0.02245, 0.08833, 0.26873, 0.06298, 0.15782, 0.08042, 0.14345, 0.19312
0.03544, 0.09339, 0.32759, 0.10097, 0.20080, 0.10981, 0.07383, 0.20914
0.01796, 0.10371, 0.09494, 0.00304, 0.09709, 0.12937, 0.19570, 0.42716
0.05426, 0.10833, 0.12318, 0.03459, 0.03087, 0.41433, 0.22599, 0.36335
0.01914, 0.07954, 0.14486, 0.14733, 0.09500, 0.24691, 0.02905, 0.14911
0.01452, 0.03168, 0.03520, 0.00276, 0.02935, 0.07416, 0.22189, 0.13143
0.02920, 0.07823, 0.33521, 0.08981, 0.22714, 0.06549, 0.09813, 0.16047
0.06354, 0.08847, 0.10808, 0.05966, 0.06972, 0.31982, 0.16049, 0.44844
0.01190, 0.10132, 0.19477, 0.04887, 0.39792, 0.13126, 0.08562, 0.27506
0.01919, 0.07135, 0.05470, 0.00257, 0.08097, 0.14123, 0.16785, 0.40732
0.01539, 0.05516, 0.22559, 0.06355, 0.15575, 0.07111, 0.09914, 0.23125
0.04779, 0.03381, 0.03823, 0.04972, 0.07836, 0.08250, 0.07653, 0.14355
0.02079, 0.07587, 0.34728, 0.06514, 0.13922, 0.10031, 0.09212, 0.16784
0.03869, 0.06985, 0.09095, 0.02520, 0.06150, 0.42607, 0.23653, 0.42172
0.00485, 0.19473, 0.16825, 0.08168, 0.09996, 0.09879, 0.15861, 0.15006
0.01301, 0.05731, 0.09697, 0.00798, 0.11129, 0.17021, 0.09891, 0.45770
0.03295, 0.10987, 0.17108, 0.19031, 0.13720, 0.29460, 0.02652, 0.12032
0.01739, 0.08821, 0.06776, 0.00227, 0.14672, 0.10118, 0.15282, 0.42089
0.00604, 0.04650, 0.05205, 0.00240, 0.01547, 0.08578, 0.19343, 0.12892
0.05167, 0.01902, 0.07601, 0.03446, 0.04771, 0.09199, 0.05235, 0.10352
0.01367, 0.13719, 0.18222, 0.08346, 0.46006, 0.16552, 0.04444, 0.26462
0.01296, 0.07836, 0.32033, 0.08536, 0.19181, 0.08547, 0.10136, 0.14029
0.01576, 0.08160, 0.13697, 0.06093, 0.39999, 0.11855, 0.07452, 0.20643
0.01348, 0.11100, 0.19226, 0.07495, 0.49359, 0.12618, 0.05715, 0.28901
0.00920, 0.04103, 0.08763, 0.00376, 0.02521, 0.07900, 0.28237, 0.15698
0.06386, 0.03427, 0.05923, 0.03264, 0.02760, 0.10182, 0.08781, 0.13361
0.02052, 0.09195, 0.35178, 0.07642, 0.16263, 0.09676, 0.19120, 0.20133
0.05697, 0.07371, 0.09250, 0.02737, 0.08252, 0.32291, 0.27002, 0.35553
0.00712, 0.11281, 0.12715, 0.11611, 0.12762, 0.25156, 0.01784, 0.07490
0.03947, 0.06164, 0.10890, 0.03401, 0.06057, 0.37588, 0.22095, 0.29991
0.06840, 0.01108, 0.04887, 0.03146, 0.09165, 0.04611, 0.08029, 0.14833
0.01035, 0.11358, 0.22939, 0.06707, 0.42977, 0.12920, 0.09384, 0.26276
0.00365, 0.04976, 0.09773, 0.00870, 0.04369, 0.10264, 0.16468, 0.11302
0.00511, 0.18127, 0.11288, 0.06530, 0.12727, 0.09231, 0.10837, 0.26186
0.01672, 0.11995, 0.13659, 0.05854, 0.45329, 0.13726, 0.15583, 0.28437
0.00865, 0.08374, 0.09234, 0.00481, 0.11062, 0.17003, 0.13670, 0.48527
0.00603, 0.03583, 0.10600, 0.00700, 0.03633, 0.08923, 0.23397, 0.13189
0.00409, 0.21108, 0.10858, 0.07566, 0.17470, 0.07581, 0.14384, 0.25113
0.01242, 0.11180, 0.14807, 0.16575, 0.13778, 0.26730, 0.02172, 0.20457
0.01663, 0.07880, 0.14034, 0.08248, 0.47316, 0.11391, 0.04619, 0.31976
0.01188, 0.16096, 0.15502, 0.05393, 0.17205, 0.05115, 0.14199, 0.24975
0.01719, 0.10768, 0.27192, 0.04262, 0.22253, 0.05533, 0.13623, 0.18481
0.05920, 0.06402, 0.08128, 0.03131, 0.06255, 0.38149, 0.22909, 0.37188
0.09001, 0.04713, 0.09723, 0.05256, 0.05389, 0.34462, 0.25844, 0.55024
0.05039, 0.02560, 0.03661, 0.03002, 0.11142, 0.05191, 0.09267, 0.10977
0.00534, 0.11128, 0.12681, 0.11531, 0.18763, 0.27132, 0.04052, 0.10062
0.01638, 0.04077, 0.04376, 0.00465, 0.00991, 0.10258, 0.18176, 0.09075
0.04697, 0.08835, 0.11265, 0.02640, 0.05415, 0.36124, 0.21771, 0.38517
0.01558, 0.12077, 0.19452, 0.11417, 0.42976, 0.13356, 0.14759, 0.45781
0.01231, 0.05845, 0.17912, 0.13435, 0.12100, 0.23767, 0.02402, 0.08443
0.06523, 0.05246, 0.10935, 0.03156, 0.08398, 0.39613, 0.23865, 0.50487
0.02046, 0.11656, 0.16693, 0.14651, 0.10438, 0.23411, 0.01740, 0.16062
0.00384, 0.19515, 0.14689, 0.07139, 0.12497, 0.11105, 0.14562, 0.25973
0.01896, 0.07898, 0.10630, 0.00738, 0.10445, 0.13055, 0.12660, 0.49131
0.01030, 0.21037, 0.13215, 0.06600, 0.07858, 0.11233, 0.14192, 0.20490
0.09612, 0.04272, 0.04595, 0.05154, 0.04610, 0.09944, 0.04254, 0.12523
0.01592, 0.09425, 0.32031, 0.07396, 0.20815, 0.07631, 0.06629, 0.15657
0.01650, 0.09750, 0.13770, 0.13536, 0.12999, 0.25335, 0.01925, 0.16708
0.05465, 0.06574, 0.11166, 0.04607, 0.06795, 0.35302, 0.16893, 0.48217
0.02311, 0.02680, 0.05254, 0.00805, 0.01517, 0.13354, 0.20654, 0.11856
0.01297, 0.07647, 0.32119, 0.05684, 0.25835, 0.07657, 0.15745, 0.19383
0.02117, 0.09543, 0.13951, 0.19283, 0.14303, 0.19927, 0.02576, 0.12373
0.02017, 0.04511, 0.04763, 0.00847, 0.04956, 0.16489, 0.14475, 0.36235
0.06597, 0.03167, 0.03465, 0.03173, 0.07404, 0.07478, 0.05096, 0.14782
0.00683, 0.15519, 0.17582, 0.04246, 0.12465, 0.06426, 0.14635, 0.22058
0.00903, 0.05804, 0.13656, 0.16108, 0.13087, 0.26535, 0.01269, 0.10321
0.05220, 0.07238, 0.10937, 0.05081, 0.07168, 0.41601, 0.17519, 0.42592
0.06002, 0.06678, 0.11743, 0.03788, 0.03016, 0.44568, 0.28016, 0.36306
0.03825, 0.01132, 0.04960, 0.03994, 0.06465, 0.09206, 0.07247, 0.11899
0.01865, 0.10247, 0.34776, 0.08790, 0.12679, 0.11187, 0.11403, 0.18607
0.01423, 0.16723, 0.10624, 0.05461, 0.14747, 0.09762, 0.13560, 0.30067
0.01057, 0.04395, 0.06653, 0.00509, 0.02238, 0.09797, 0.17585, 0.14402
0.01023, 0.06713, 0.30783, 0.07852, 0.12622, 0.09072, 0.11675, 0.11225
0.01872, 0.09979, 0.15892, 0.09988, 0.46899, 0.12139, 0.06784, 0.23144
0.01713, 0.10277, 0.17404, 0.08255, 0.46686, 0.18805, 0.06546, 0.31391
0.01935, 0.08973, 0.08596, 0.00536, 0.09272, 0.14926, 0.10986, 0.56188
0.00693, 0.04103, 0.07308, 0.00460, 0.02595, 0.09394, 0.17860, 0.15053
0.03220, 0.11597, 0.15845, 0.07402, 0.46254, 0.11522, 0.03802, 0.37071
0.06331, 0.04639, 0.08296, 0.03327, 0.03997, 0.34152, 0.18307, 0.29189
0.00218, 0.14409, 0.18682, 0.04887, 0.29630, 0.13064, 0.07166, 0.29367
0.06749, 0.01802, 0.02051, 0.02426, 0.09757, 0.09266, 0.07321, 0.16512
0.03312, 0.03360, 0.04905, 0.04043, 0.07736, 0.05985, 0.07094, 0.09270
0.00990, 0.05298, 0.07019, 0.00396, 0.01475, 0.10274, 0.19905, 0.19163
0.02438, 0.08012, 0.12130, 0.00911, 0.10217, 0.11386, 0.10654, 0.57847
0.01711, 0.08528, 0.16512, 0.11199, 0.10769, 0.21762, 0.02906, 0.19990
0.00621, 0.03434, 0.04346, 0.00174, 0.02489, 0.05881, 0.15210, 0.10679
0.10053, 0.01073, 0.07207, 0.03260, 0.02984, 0.07290, 0.07112, 0.23188
0.05957, 0.02663, 0.05348, 0.03791, 0.05548, 0.07386, 0.08615, 0.09632
0.00426, 0.24983, 0.14433, 0.07737, 0.16123, 0.07430, 0.12306, 0.24747
0.02111, 0.10556, 0.34001, 0.06580, 0.17355, 0.09393, 0.12026, 0.19658
0.04993, 0.02944, 0.04329, 0.03196, 0.07405, 0.10602, 0.09769, 0.17562
0.01767, 0.04212, 0.08809, 0.00359, 0.03238, 0.06952, 0.26664, 0.15908
0.01222, 0.10937, 0.19542, 0.08799, 0.42430, 0.14893, 0.09630, 0.26505
0.02551, 0.07229, 0.08706, 0.00489, 0.06169, 0.14564, 0.22385, 0.42226
0.00682, 0.17626, 0.14289, 0.05031, 0.17181, 0.11308, 0.14540, 0.26518
0.05923, 0.01870, 0.04577, 0.02980, 0.04488, 0.08393, 0.03713, 0.12044
0.00973, 0.09441, 0.07849, 0.00430, 0.09151, 0.15006, 0.12498, 0.32487
0.01742, 0.07572, 0.13466, 0.13058, 0.13678, 0.20407, 0.01882, 0.08995
0.00856, 0.03891, 0.05307, 0.00252, 0.02931, 0.08779, 0.25382, 0.10455
0.00764, 0.11387, 0.17351, 0.05931, 0.42205, 0.13239, 0.06198, 0.32499
0.01335, 0.05591, 0.07813, 0.00702, 0.10731, 0.18336, 0.16474, 0.58371
0.02053, 0.09003, 0.16340, 0.20115, 0.13935, 0.22269, 0.04482, 0.13374
0.01756, 0.04591, 0.30042, 0.08718, 0.14601, 0.08109, 0.05881, 0.16966
0.02509, 0.07169, 0.10758, 0.01023, 0.08099, 0.17504, 0.08093, 0.48902
0.05786, 0.05030, 0.06442, 0.02180, 0.06145, 0.44110, 0.25804, 0.37844
0.03606, 0.08589, 0.14295, 0.18868, 0.12435, 0.17204, 0.02191, 0.10429
0.02002, 0.06939, 0.11200, 0.01358, 0.10042, 0.16919, 0.14774, 0.53742
0.00750, 0.08154, 0.29065, 0.08153, 0.15042, 0.06006, 0.09968, 0.12553
0.01193, 0.06051, 0.31221, 0.08766, 0.21670, 0.11127, 0.07943, 0.15578
0.01305, 0.08128, 0.34001, 0.07820, 0.20985, 0.14244, 0.16037, 0.21128
0.01446, 0.08973, 0.08171, 0.00111, 0.11154, 0.10458, 0.22412, 0.44116
0.01869, 0.03081, 0.06059, 0.00709, 0.01127, 0.10593, 0.17776, 0.10980
0.01518, 0.12844, 0.18891, 0.05380, 0.68665, 0.15977, 0.12528, 0.25880
0.00056, 0.17502, 0.12412, 0.05825, 0.12167, 0.09773, 0.05158, 0.16287
0.00905, 0.10454, 0.16290, 0.16076, 0.10338, 0.26088, 0.03794, 0.06269
0.04588, 0.12136, 0.10119, 0.02631, 0.04678, 0.42486, 0.24035, 0.42052
0.01017, 0.13992, 0.15567, 0.05597, 0.11085, 0.09607, 0.11897, 0.17994
0.02414, 0.08464, 0.16822, 0.05242, 0.39969, 0.11588, 0.07563, 0.39088
0.00834, 0.17806, 0.15232, 0.06062, 0.18256, 0.08251, 0.10902, 0.22065
0.01460, 0.11378, 0.17813, 0.04412, 0.37190, 0.15524, 0.06194, 0.25970
0.06015, 0.02102, 0.03016, 0.03935, 0.05116, 0.09469, 0.08541, 0.17029
0.01258, 0.10996, 0.23017, 0.12067, 0.46298, 0.15824, 0.08536, 0.31411
0.01327, 0.12654, 0.18121, 0.08225, 0.38374, 0.09452, 0.09893, 0.26045
0.02149, 0.06384, 0.29374, 0.06702, 0.13417, 0.09040, 0.14232, 0.19660
0.02024, 0.03760, 0.05696, 0.00610, 0.01050, 0.10598, 0.19630, 0.12063
0.00730, 0.19773, 0.18557, 0.09800, 0.17109, 0.09907, 0.09716, 0.23523
0.04634, 0.11627, 0.14902, 0.05097, 0.07084, 0.42689, 0.23479, 0.45856
0.01415, 0.06390, 0.29538, 0.07568, 0.20033, 0.07598, 0.06513, 0.27912
0.01557, 0.11994, 0.17615, 0.07439, 0.44191, 0.16640, 0.09475, 0.34061
0.01548, 0.09661, 0.21073, 0.08869, 0.48072, 0.13052, 0.10025, 0.33345
0.01862, 0.08293, 0.07354, 0.00458, 0.05556, 0.14494, 0.17442, 0.43977
0.00687, 0.12317, 0.21652, 0.06627, 0.39642, 0.13483, 0.08823, 0.46802
0.00193, 0.15031, 0.19566, 0.06365, 0.41528, 0.17553, 0.06990, 0.29071
0.00589, 0.15963, 0.15942, 0.07444, 0.15930, 0.10737, 0.11285, 0.24444
0.06236, 0.05260, 0.03896, 0.02298, 0.05635, 0.37606, 0.20777, 0.39448
0.00032, 0.22549, 0.16355, 0.05855, 0.14722, 0.10571, 0.13646, 0.20351
0.05384, 0.07692, 0.08464, 0.02553, 0.04623, 0.41403, 0.19344, 0.37481
0.00908, 0.07667, 0.12098, 0.13003, 0.09548, 0.19607, 0.03785, 0.10042
0.00838, 0.13890, 0.12691, 0.03466, 0.42443, 0.11644, 0.09611, 0.41622
0.07150, 0.05461, 0.11168, 0.04922, 0.04194, 0.38692, 0.29357, 0.39116
0.04901, 0.02076, 0.04487, 0.01742, 0.04648, 0.06563, 0.08442, 0.19129
0.01906, 0.11669, 0.17378, 0.18030, 0.10376, 0.19662, 0.02959, 0.15147
0.06369, 0.10532, 0.09110, 0.03626, 0.04373, 0.42157, 0.15214, 0.39286
0.06592, 0.02328, 0.03705, 0.01945, 0.06288, 0.08851, 0.05807, 0.11699
0.06911, 0.02623, 0.04380, 0.02274, 0.04976, 0.08209, 0.09113, 0.14687
0.05708, 0.07188, 0.07795, 0.04621, 0.07946, 0.34253, 0.20414, 0.42405
0.00651, 0.05432, 0.04547, 0.00657, 0.06769, 0.07699, 0.16871, 0.17994
0.00516, 0.19118, 0.13938, 0.06266, 0.14778, 0.08895, 0.18460, 0.27493
0.01403, 0.06865, 0.29968, 0.07748, 0.16405, 0.07337, 0.12379, 0.24105
0.01162, 0.06784, 0.31126, 0.08070, 0.17879, 0.06507, 0.06611, 0.16920
0.01451, 0.12377, 0.13535, 0.18790, 0.10750, 0.25041, 0.01780, 0.10224
0.05440, 0.01125, 0.03483, 0.03382, 0.06612, 0.08987, 0.05237, 0.16554
0.02306, 0.06195, 0.14226, 0.19097, 0.11579, 0.17445, 0.02534, 0.07883
0.01784, 0.05615, 0.29034, 0.05476, 0.22366, 0.09704, 0.13775, 0.14148
0.00604, 0.08424, 0.27645, 0.05639, 0.17269, 0.08991, 0.10835, 0.18791
0.05767, 0.01158, 0.03815, 0.03357, 0.05982, 0.06347, 0.05285, 0.11650
0.02694, 0.08690, 0.15262, 0.12677, 0.10444, 0.19825, 0.05640, 0.20813
0.04694, 0.06623, 0.40989, 0.07260, 0.15648, 0.05964, 0.17817, 0.21758
0.00457, 0.19834, 0.11253, 0.07431, 0.17316, 0.08506, 0.13606, 0.21964
0.00956, 0.11151, 0.18841, 0.06627, 0.46378, 0.08193, 0.06436, 0.32346
0.01334, 0.07576, 0.06712, 0.00460, 0.05013, 0.13964, 0.10461, 0.38959
0.01062, 0.13067, 0.38316, 0.07980, 0.14586, 0.07300, 0.07597, 0.14395
0.05763, 0.06056, 0.11671, 0.04090, 0.01898, 0.35186, 0.21589, 0.39596
0.00822, 0.13869, 0.13338, 0.06481, 0.18037, 0.06699, 0.08565, 0.25052
0.01138, 0.03779, 0.03638, 0.00622, 0.03461, 0.10254, 0.19324, 0.13469
0.01856, 0.09171, 0.09578, 0.00950, 0.09335, 0.18616, 0.13749, 0.46567
0.05647, 0.02580, 0.05563, 0.03222, 0.03501, 0.08913, 0.07528, 0.11167
0.00895, 0.09982, 0.30860, 0.07714, 0.20935, 0.07652, 0.12185, 0.16161
0.01742, 0.08002, 0.16048, 0.11631, 0.13758, 0.23019, 0.03551, 0.17473
0.06587, 0.05914, 0.13315, 0.04514, 0.05164, 0.44787, 0.30655, 0.46807
0.01164, 0.09113, 0.08687, 0.01312, 0.17157, 0.13941, 0.09318, 0.43376
0.05424, 0.02820, 0.05742, 0.04534, 0.09840, 0.11251, 0.08196, 0.15953
0.01383, 0.15666, 0.14447, 0.03931, 0.15079, 0.06148, 0.13566, 0.30100
0.03783, 0.06581, 0.08129, 0.02388, 0.04724, 0.37703, 0.13246, 0.41425
0.00884, 0.03913, 0.06646, 0.00306, 0.03429, 0.06320, 0.20210, 0.14539
0.00319, 0.20182, 0.15433, 0.05290, 0.12990, 0.07645, 0.12966, 0.19431
0.01762, 0.07397, 0.31917, 0.07451, 0.13480, 0.08218, 0.12422, 0.18684
0.03156, 0.11288, 0.09525, 0.04151, 0.04708, 0.31899, 0.16931, 0.30743
0.07181, 0.03133, 0.07361, 0.02463, 0.08944, 0.32989, 0.25011, 0.34802
0.00638, 0.22580, 0.12450, 0.04255, 0.22330, 0.07445, 0.16838, 0.29051
0.00927, 0.03528, 0.07732, 0.00639, 0.04947, 0.08050, 0.25492, 0.13643
0.00763, 0.03807, 0.03964, 0.00508, 0.02003, 0.09878, 0.18162, 0.13108
0.00598, 0.20180, 0.16502, 0.08311, 0.17111, 0.05794, 0.18479, 0.23212
0.01641, 0.14762, 0.21408, 0.06209, 0.36857, 0.11283, 0.07457, 0.20922
0.01129, 0.11330, 0.19830, 0.06805, 0.47059, 0.14114, 0.06982, 0.28730
0.00283, 0.19399, 0.11938, 0.04237, 0.17796, 0.11828, 0.11082, 0.23623
0.03238, 0.03670, 0.06830, 0.04124, 0.04848, 0.09969, 0.07977, 0.11882
0.05616, 0.04647, 0.07254, 0.02083, 0.03882, 0.08071, 0.05811, 0.22026
0.00921, 0.10205, 0.15592, 0.15612, 0.07445, 0.23546, 0.01675, 0.17013
0.01213, 0.10284, 0.08681, 0.00339, 0.10036, 0.14080, 0.15811, 0.44324
0.04331, 0.02798, 0.06047, 0.03190, 0.02654, 0.13631, 0.07576, 0.16060
0.01757, 0.07965, 0.36800, 0.10343, 0.18802, 0.07848, 0.09230, 0.19962
0.00759, 0.04429, 0.03896, 0.00490, 0.04349, 0.12491, 0.15362, 0.10982
0.02472, 0.06088, 0.09764, 0.01333, 0.05223, 0.17319, 0.11165, 0.45333
0.04918, 0.07839, 0.07304, 0.02367, 0.08474, 0.41575, 0.29226, 0.34169
0.00206, 0.23466, 0.13000, 0.03846, 0.14564, 0.11132, 0.10394, 0.24324
0.04552, 0.07888, 0.10476, 0.03155, 0.08541, 0.46781, 0.18727, 0.33538
0.05553, 0.04827, 0.12247, 0.04145, 0.05264, 0.36649, 0.21751, 0.40923
0.00739, 0.17234, 0.19472, 0.12338, 0.30781, 0.21642, 0.12072, 0.32433
0.08757, 0.05066, 0.09848, 0.04171, 0.03209, 0.34093, 0.28488, 0.42000
0.01695, 0.03644, 0.04401, 0.00544, 0.04993, 0.14220, 0.19795, 0.12815
0.03167, 0.06874, 0.04812, 0.00417, 0.07584, 0.17423, 0.15424, 0.39820
0.02055, 0.11573, 0.14751, 0.06717, 0.46022, 0.16264, 0.05977, 0.25547
0.01385, 0.07648, 0.14742, 0.11804, 0.13303, 0.16518, 0.04533, 0.12871
0.05002, 0.08352, 0.07173, 0.02009, 0.04095, 0.38928, 0.28112, 0.39580
0.01015, 0.07826, 0.14422, 0.07590, 0.37660, 0.14114, 0.08027, 0.21810
0.06542, 0.07344, 0.06631, 0.03199, 0.05250, 0.46439, 0.16817, 0.38805
0.00547, 0.28068, 0.16116, 0.07869, 0.13844, 0.10628, 0.16435, 0.29858
0.00835, 0.23380, 0.16028, 0.07727, 0.07072, 0.15169, 0.16666, 0.22076
0.01340, 0.07201, 0.05172, 0.00101, 0.10208, 0.13796, 0.15543, 0.55419
0.01568, 0.10179, 0.14826, 0.09694, 0.30715, 0.17551, 0.07472, 0.22866
0.01029, 0.17477, 0.11806, 0.07960, 0.19835, 0.07467, 0.13792, 0.22595
0.05045, 0.06256, 0.10758, 0.03491, 0.04318, 0.46169, 0.22710, 0.38033
0.02373, 0.09880, 0.17109, 0.06450, 0.38518, 0.16312, 0.05352, 0.31991
0.04550, 0.02918, 0.05850, 0.04132, 0.07124, 0.08407, 0.07501, 0.08141
0.04265, 0.01776, 0.07709, 0.05963, 0.08390, 0.10035, 0.07407, 0.11453
0.01689, 0.05995, 0.17279, 0.14549, 0.19165, 0.20818, 0.02540, 0.17972
0.05487, 0.01391, 0.04238, 0.02031, 0.06510, 0.04312, 0.05701, 0.13144
0.06550, 0.05554, 0.10492, 0.02486, 0.05568, 0.34722, 0.23096, 0.45027
0.01189, 0.12394, 0.19744, 0.09983, 0.39606, 0.12226, 0.06444, 0.22618
0.01674, 0.10534, 0.17370, 0.09242, 0.57733, 0.13652, 0.06418, 0.31009
0.02849, 0.06718, 0.10653, 0.00907, 0.06463, 0.14768, 0.12607, 0.52144
0.05848, 0.07161, 0.12145, 0.03113, 0.05183, 0.35186, 0.25009, 0.43270
0.01386, 0.07575, 0.07713, 0.00584, 0.07060, 0.13037, 0.10228, 0.33681
0.02508, 0.01892, 0.06353, 0.00586, 0.02997, 0.08092, 0.24561, 0.13217
0.02643, 0.06502, 0.13432, 0.13677, 0.11243, 0.21922, 0.03292, 0.14945
0.01290, 0.17320, 0.12178, 0.04548, 0.19728, 0.09414, 0.10792, 0.27953
0.01199, 0.10605, 0.15303, 0.05467, 0.38829, 0.13005, 0.08999, 0.23022
0.06608, 0.07209, 0.07687, 0.03279, 0.02036, 0.41906, 0.18941, 0.45377
0.05195, 0.07545, 0.07261, 0.02120, 0.05865, 0.33470, 0.22583, 0.35244
0.00372, 0.20790, 0.16070, 0.07562, 0.10611, 0.09242, 0.11763, 0.21325
0.01234, 0.09015, 0.21611, 0.08218, 0.44466, 0.11092, 0.05324, 0.31975
0.01617, 0.08607, 0.12539, 0.00808, 0.08337, 0.17290, 0.16151, 0.52239
0.00788, 0.09629, 0.38358, 0.07976, 0.13855, 0.08858, 0.09382, 0.11324
0.00974, 0.11213, 0.17337, 0.17445, 0.12214, 0.22671, 0.04871, 0.13887
0.01749, 0.08214, 0.11401, 0.12513, 0.08799, 0.22990, 0.04822, 0.10379
0.01408, 0.15270, 0.10863, 0.05408, 0.14097, 0.09676, 0.17372, 0.18447
0.00948, 0.10148, 0.16049, 0.16093, 0.12465, 0.22323, 0.01890, 0.10538
0.04842, 0.06931, 0.09735, 0.04979, 0.06614, 0.39680, 0.23913, 0.49800
0.01803, 0.05910, 0.33125, 0.06322, 0.17517, 0.09944, 0.06885, 0.22859
0.01867, 0.08511, 0.27022, 0.07779, 0.14894, 0.08814, 0.06125, 0.21955
0.01054, 0.11639, 0.14675, 0.09652, 0.50154, 0.15327, 0.05301, 0.30401
0.00981, 0.10289, 0.35087, 0.09532, 0.19472, 0.10347, 0.13012, 0.14838
0.01484, 0.12511, 0.17654, 0.20438, 0.12520, 0.21827, 0.01741, 0.12282
0.03011, 0.02566, 0.06217, 0.00976, 0.00485, 0.11788, 0.23247, 0.12718
0.01749, 0.04336, 0.29134, 0.07503, 0.16802, 0.05433, 0.16344, 0.17695
0.01484, 0.13274, 0.17447, 0.14447, 0.09765, 0.20037, 0.03382, 0.18002
0.00590, 0.19213, 0.12209, 0.06074, 0.10845, 0.07793, 0.13720, 0.19133
0.00628, 0.16404, 0.16176, 0.07152, 0.18464, 0.07046, 0.10977, 0.28069
0.00982, 0.06558, 0.15399, 0.11733, 0.13634, 0.15329, 0.02283, 0.10552
0.03884, 0.05052, 0.32848, 0.09162, 0.15463, 0.07288, 0.09647, 0.22730
0.01102, 0.17315, 0.13143, 0.06030, 0.12206, 0.07958, 0.14738, 0.23443
0.00779, 0.09577, 0.16920, 0.06551, 0.38991, 0.13556, 0.10567, 0.33941
0.00768, 0.10994, 0.15552, 0.16368, 0.07795, 0.21486, 0.00688, 0.09818
0.01061, 0.24236, 0.15098, 0.05049, 0.15095, 0.09611, 0.11511, 0.31242
0.01012, 0.08992, 0.15349, 0.13629, 0.20539, 0.21526, 0.03013, 0.16261
0.02013, 0.11502, 0.19071, 0.03620, 0.41517, 0.12783, 0.11000, 0.25579
0.04268, 0.11106, 0.10461, 0.03490, 0.04767, 0.35377, 0.18795, 0.50439
0.00452, 0.08732, 0.32678, 0.05951, 0.17569, 0.06619, 0.07787, 0.15377
0.01292, 0.07393, 0.34784, 0.07246, 0.18814, 0.04389, 0.12256, 0.18484
0.05259, 0.03109, 0.05632, 0.05071, 0.07864, 0.12062, 0.06191, 0.13299
0.06853, 0.01454, 0.03047, 0.04825, 0.04567, 0.10065, 0.06434, 0.14914
0.05144, 0.03090, 0.04191, 0.03748, 0.06562, 0.12673, 0.07861, 0.20409
0.05749, 0.07369, 0.10797, 0.03268, 0.03738, 0.46355, 0.19119, 0.48005
0.02369, 0.10333, 0.14223, 0.01230, 0.04886, 0.17139, 0.08437, 0.56221
0.06161, 0.05807, 0.07330, 0.02917, 0.06726, 0.34969, 0.22194, 0.44307
0.00600, 0.20577, 0.20203, 0.07359, 0.10863, 0.09373, 0.09069, 0.35557
0.01817, 0.09622, 0.09323, 0.00510, 0.08519, 0.14696, 0.11106, 0.44993
0.01080, 0.09368, 0.36688, 0.07851, 0.17289, 0.09373, 0.10255, 0.16317
0.07736, 0.07250, 0.06852, 0.02411, 0.02646, 0.43868, 0.17494, 0.43770
0.01914, 0.08639, 0.20185, 0.04770, 0.35946, 0.17886, 0.06257, 0.30653
0.01373, 0.18729, 0.10565, 0.05044, 0.11273, 0.07684, 0.09989, 0.24016
0.01105, 0.06665, 0.08863, 0.00671, 0.08060, 0.18458, 0.20451, 0.31260
0.01290, 0.12259, 0.14996, 0.04058, 0.48104, 0.12127, 0.09539, 0.20914
0.07385, 0.01646, 0.04221, 0.04729, 0.09499, 0.06326, 0.08162, 0.19039
0.01160, 0.07581, 0.31374, 0.05834, 0.15496, 0.05725, 0.06438, 0.25012
0.04214, 0.03004, 0.07594, 0.03689, 0.05307, 0.12433, 0.05691, 0.14331
0.04784, 0.06974, 0.10112, 0.04115, 0.07914, 0.42674, 0.21472, 0.31917
0.06396, 0.07509, 0.12079, 0.03534, 0.02268, 0.46063, 0.27941, 0.41613
0.00954, 0.15549, 0.23506, 0.07281, 0.41004, 0.15201, 0.08232, 0.26853
0.00913, 0.03597, 0.07824, 0.00526, 0.05563, 0.09755, 0.19335, 0.14947
0.01942, 0.10060, 0.09698, 0.00740, 0.04295, 0.17839, 0.13123, 0.41276
0.01263, 0.10521, 0.32385, 0.07084, 0.14424, 0.08272, 0.13661, 0.19237
0.00942, 0.09436, 0.26026, 0.07728, 0.17615, 0.05727, 0.09033, 0.18849
0.01475, 0.08989, 0.14778, 0.18995, 0.12374, 0.18968, 0.02505, 0.12586
0.04373, 0.08215, 0.11146, 0.03979, 0.06078, 0.35398, 0.21494, 0.49007
0.07854, 0.01552, 0.06483, 0.04443, 0.08355, 0.08730, 0.07370, 0.09950
0.01018, 0.11598, 0.21986, 0.06184, 0.37997, 0.16276, 0.05448, 0.30923
0.01339, 0.05493, 0.28775, 0.08075, 0.23211, 0.08252, 0.11611, 0.24304
0.01879, 0.06546, 0.32093, 0.06760, 0.16387, 0.06711, 0.17844, 0.21333
0.07120, 0.02048, 0.03582, 0.01732, 0.06045, 0.10115, 0.06207, 0.13395
0.04241, 0.01929, 0.05390, 0.02060, 0.07448, 0.09176, 0.07666, 0.15654
0.02458, 0.09445, 0.13304, 0.16312, 0.09741, 0.24157, 0.03530, 0.13433
0.00871, 0.03410, 0.11484, 0.01077, 0.03152, 0.10225, 0.19897, 0.12769
0.00814, 0.10540, 0.18523, 0.06895, 0.47727, 0.11451, 0.11035, 0.30658
0.03131, 0.08897, 0.18036, 0.14987, 0.09882, 0.23574, 0.02149, 0.13957
