Theta=[
1.601387943
1.949742128
0.631829134
1.697671193
0.204989174
0.016023155
1.743299682
2.413398985
1.817368814
1.769652945
0.261871972
0.494581261
0.368859050
2.060166779
4.994875613
0.786272290
0.782267521
1.613991625
1.752917279
3.723217109
5.891902499
5.195555287
1.394783678
1.981174764
0.477887490
6.218534424
0.471455793
1.032201248
0.716982220
0.131243928
1.193997917
0.144215849
1.332786011
5.928035151
1.774925725
1.965287127
0.436575011
0.885095252
2.133606484
0.765126900
0.807240152
2.313924956
0.302239604
1.187798432
1.975050211];

Phi=[
0.858017912
5.830610737
4.240516819
0.446531985
4.257737168
6.233060232
5.794126445
5.112736739
0.328039023
1.230561779
2.274048186
6.184102736
0.110601824
5.282471282
3.352833482
5.044881283
1.372411929
3.119321255
0.542768363
5.831721806
1.094776678
5.114606577
0.088130445
0.830060287
3.578937088
4.631809935
5.977616391
2.880806271
0.961953135
1.168356561
0.197554904
1.750560801
0.957477738
3.687305358
3.247788303
0.907949279
5.771110602
0.647509839
4.495770662
5.711411902
2.607064810
0.090472667
4.249215649
5.465992745
3.151345666];