-1.243074,2.017800,0.651942,-1.474806,1.293239,-1.488549,-1.304516,0.240462,-1.073948,-1.500186
-0.417679,-3.608470,0.097891,1.305481,0.279505,-0.507697,1.658046,-0.691449,0.549581,2.348514
-1.091818,0.125491,-0.829661,2.085111,1.943803,1.667450,3.409782,0.460761,0.023905,0.237585
-3.985836,-1.733333,0.435342,0.484777,-0.971278,-0.366659,1.246689,-1.436620,0.675699,-0.223596
-1.848853,1.580086,-2.012933,-0.261105,-1.505557,-1.115235,-0.051099,0.628098,-0.396861,1.451959
-0.709668,1.833060,-2.354567,1.376510,0.909496,-0.063908,-1.046239,-0.599072,1.461985,1.645939
3.276539,-2.028564,-1.272881,-1.410769,3.043201,0.313888,-2.622907,0.706154,-0.153196,-1.898562
3.363383,-0.457680,1.134927,-0.675257,-0.339643,-1.817011,0.114285,-0.196188,-2.096376,-0.237061
-2.513249,0.424469,-0.704034,-0.381676,-0.482800,1.627270,1.591677,0.203034,-1.429827,-1.330995
-0.063320,-2.308016,-1.386434,-0.857059,0.014679,0.401692,-1.449554,2.146091,-2.149441,0.300434
-2.074187,0.203562,-1.550828,1.168977,-1.377160,-1.141072,-0.843631,-0.229364,-1.353390,0.537437
0.581328,3.563415,-1.877205,-0.834550,2.437240,-0.584777,-0.938048,-0.089265,-0.260006,-0.311718
1.754507,-1.964844,-2.770637,-0.510460,0.089796,-1.605998,-1.945931,-0.960896,-0.975333,-2.230200
0.732178,-2.298394,0.616936,-3.242241,-0.237206,-1.521790,-1.031631,0.199610,-1.381867,1.340832
1.232668,-2.604793,-0.753141,-2.633240,0.419712,-1.724110,-0.319799,0.018559,-1.913721,0.301606
-2.622530,-2.911778,0.725148,0.533992,0.163746,1.640352,-2.652781,0.518701,1.748073,1.139701
-3.706878,-0.696023,0.093364,-0.426277,-1.203872,-1.312420,1.879444,-0.519598,0.020820,1.211546
-3.639788,-1.627522,0.469850,0.603518,-1.398079,-1.096099,1.572001,-0.651407,0.209065,0.393190
-0.504468,3.085310,-1.233117,-0.991946,-1.352529,0.088359,1.808173,2.742884,-1.478328,0.518934
-3.637218,-1.769883,0.276449,0.766733,-2.128621,-0.268194,0.484835,-0.804047,0.205889,-0.485047
1.511184,0.069721,-4.023203,-0.864739,-0.402394,-0.387684,-0.608824,0.730951,0.261207,-1.267848
2.024959,-1.158327,0.140553,-0.349634,-3.813418,-0.194197,-1.523633,-1.917407,-1.093486,0.857339
3.126062,-2.473530,-0.456660,-0.889719,-1.139390,-1.709577,0.897193,0.322562,-0.544172,-0.847131
0.893521,3.331404,-0.380804,-1.064343,1.468951,-2.267791,-0.090351,-0.730312,-1.370159,0.950790
0.056532,2.370732,2.220850,-1.594018,0.053991,-1.689531,-0.628794,0.349862,0.558606,-2.939807
-3.743838,-1.719703,0.251958,0.560797,-1.560238,0.839894,0.183468,-0.482283,0.543875,-0.495897
6.248163,-1.325526,-1.909349,-0.436603,-2.991665,3.860898,1.908741,-1.237196,0.382567,0.511111
-1.320908,0.146293,-1.457850,-0.156477,0.518877,0.799704,0.396835,0.460356,-1.042885,-0.695742
1.299080,0.376219,3.855819,1.569968,0.199817,1.586220,-1.455807,0.167025,1.465705,1.282422
0.173072,3.098314,0.782017,1.099261,-0.740599,-0.989457,-0.447259,-1.070041,-2.207022,-0.299831
-0.739562,0.273191,-0.116481,-0.714163,-1.417687,0.300625,-1.089804,-2.105812,-1.451738,1.527070
0.350056,3.473318,-1.754883,1.182819,0.562563,0.481716,-1.374130,1.784568,2.559404,0.324394
-2.336758,0.737256,1.132978,-2.429736,-1.966758,-0.275977,0.652830,0.134147,1.242747,-0.762928
-0.839252,1.025749,1.991297,-0.077795,0.526840,1.411113,-1.588993,-1.584720,1.490096,-1.931375
-0.384847,1.423668,-3.505503,-0.488544,0.522872,-1.454150,0.035862,1.012578,1.679917,1.407538
1.890831,4.303700,0.540285,-0.812004,0.083330,-0.862464,-0.504610,-1.801615,-0.858490,-0.825470
-1.782265,1.384523,-1.617503,-0.541943,0.043554,-0.680452,-0.887971,-0.754468,-1.046944,1.012189
0.757268,-2.608442,1.702401,-0.593172,1.873019,1.927869,-0.129554,-1.265826,-2.398252,0.778611
-3.001301,-2.107265,0.621676,0.391007,0.012676,2.375159,-2.320725,0.390799,1.475493,0.455233
3.786874,-1.581407,-2.323654,-1.529013,3.537820,3.071605,-0.158117,0.368514,0.229585,0.303626
-1.311213,-1.391189,0.082434,-2.605650,2.688236,0.384429,1.499421,-0.371218,0.504781,2.249900
0.614383,-0.628952,-1.958791,1.124218,-1.048832,-0.351758,-1.104972,0.992360,-0.689578,-0.972445
-1.170327,0.593577,2.030681,1.859229,1.021897,-3.261638,0.799463,0.825775,-1.235386,0.182855
-1.579203,1.887974,1.919148,-2.223146,2.201697,0.405112,-0.176863,-1.043630,1.363413,-1.138306
-2.193304,0.893454,1.126199,-0.425511,-0.868487,3.060726,0.557058,-0.402352,-0.123177,-0.956594
-0.226178,3.994329,-0.061022,0.444343,0.661057,1.136597,-1.578356,-0.225862,-0.823830,0.509734
1.638715,-1.238355,-0.871447,-1.271744,1.282229,-1.884935,-1.962822,-1.316548,1.221170,-0.594040
0.943257,-1.236432,-2.296872,-1.365516,2.964181,-0.924157,-1.885168,0.870594,0.800752,-0.794364
0.686117,3.658153,1.195234,-2.059049,-2.605307,0.251391,1.353007,1.092138,-0.432999,-0.998419
0.559510,1.658198,-0.640556,-1.139753,1.511189,2.694479,0.181754,-1.272346,0.029812,0.436898
-1.517862,2.794406,-1.820084,-1.298201,1.029684,-1.536196,-0.022014,-0.790193,0.283124,0.921746
-1.733898,1.528580,-0.668781,1.871066,-0.434366,0.883244,0.077669,0.675179,0.564145,0.387125
-3.665792,-2.091111,1.517347,1.221489,-0.596987,1.367226,0.042118,-0.349994,1.157821,0.061027
0.264845,0.908099,-0.079198,3.570143,-1.200496,1.269093,0.831450,0.582521,0.491117,-0.433857
-2.732376,0.415808,0.774978,-1.176820,0.459540,0.085727,-0.515695,-1.547416,1.369581,-1.366433
-1.129900,2.570672,-0.759208,-1.445030,1.949034,-1.306440,-0.865090,-0.942189,0.054529,1.789953
-1.101208,-2.878719,2.126217,-1.684492,-0.113071,0.730401,-1.699441,1.005034,-0.662018,0.015011
1.810920,-0.220206,0.540368,-1.797011,2.113279,1.527056,-1.207137,-2.811821,-1.940031,0.725317
0.236599,2.590565,0.673309,1.306163,-1.064740,0.862985,0.073484,-1.047539,-2.025341,-0.670457
0.959242,0.979189,-0.959584,4.381727,0.364693,-0.682788,1.228049,-0.823624,-0.653073,-1.183632
-2.845215,1.352211,-0.782600,-0.689575,-0.626224,-0.702362,-0.077265,-0.804423,-0.464185,0.498904
-2.143635,0.927653,-0.117049,-0.936571,-0.059139,-0.278096,-0.805806,-0.933044,0.068781,-2.136018
-1.599028,-2.183146,1.523444,0.135185,-0.356493,1.669542,1.064679,2.473371,-1.305475,-0.104603
2.597285,-1.314119,2.542605,-1.903571,-2.927129,-1.870962,-1.698781,1.503812,0.947465,0.442866
-1.962771,-1.143663,1.453925,-0.417338,-1.597104,-0.182109,-0.120296,1.970796,0.578296,0.125098
-2.229764,-1.074219,0.347766,1.938866,0.142742,-0.006050,0.567737,0.514754,-0.473640,0.267961
-0.897425,3.213434,0.141031,-2.918448,0.071145,0.209893,0.823808,0.309713,0.158504,-1.620727
3.870674,-1.925729,-0.854101,-1.641721,-1.243721,-1.192976,-0.291187,-0.934520,-0.183060,-1.299994
1.467179,-1.478496,-0.033752,-2.199856,0.819952,0.119985,-1.987549,1.624683,-2.202335,-0.451458
-1.563751,-0.349506,-2.370449,0.717758,-0.289122,-0.493570,-0.656882,-0.146741,0.114349,-0.432138
5.420543,-2.024860,-2.035041,-0.530597,-3.285583,3.285191,2.097313,-1.662911,-0.129317,1.701182
1.989606,0.080273,2.405271,-0.264405,-0.491686,-0.176155,-1.482463,0.370100,-2.789881,0.469502
-2.957571,0.777115,0.534917,0.243123,-0.693443,1.408449,1.459309,0.317828,-0.890442,-1.267482
-0.726745,-2.946810,3.759911,0.037338,0.188219,-0.654045,0.989859,0.645869,-0.405686,1.644228
1.836525,0.554312,-2.487333,1.005617,2.728723,2.943155,-0.752495,-0.802848,0.226999,0.347802
-0.927644,3.170317,-2.402046,-0.076043,-1.133758,-0.289897,0.133313,2.677094,-0.706860,1.795500
0.102599,-0.533349,-0.130947,1.858654,2.095109,-3.422747,0.422148,-0.983070,-0.911830,-0.560220
-2.472342,0.718320,-0.943718,0.197431,-1.094847,-0.576530,-1.612399,-0.042095,-0.504030,-0.048622
0.460785,-3.739328,-0.344550,2.996724,0.618178,-1.232729,1.870646,0.661781,1.242343,0.827339
0.958691,-1.442082,-2.517082,-0.119300,-1.843583,-1.075822,0.162899,-0.799167,-0.185798,-2.107869
0.808621,-1.462242,-1.986556,-1.123419,2.374824,1.512403,0.002282,0.895340,-1.734935,-0.049376
-2.439935,2.144250,0.370567,-0.741752,-0.347525,2.632853,2.655674,0.800358,0.010546,-1.839487
0.689797,-0.509448,-3.423486,0.385245,-0.033118,-0.706478,-1.742259,-1.764153,-0.521477,-1.573553
-0.985187,1.342409,-1.535560,3.339755,-0.161429,1.672915,-1.597791,-0.203972,1.204294,-1.516739
0.489867,0.931082,1.728235,-3.072633,0.260881,-1.462636,-1.441654,2.070284,1.725253,-1.038741
-1.996684,-1.646405,0.580200,0.213968,2.095378,-1.395567,2.227875,0.283649,0.634712,1.381175
2.196953,0.092576,-1.638505,-0.960559,2.760169,-1.726102,1.200107,-0.078811,0.936100,-0.430569
1.492987,2.667869,-1.493408,1.808567,-0.332787,0.859655,-3.372016,1.056422,0.518194,-0.322093
-3.163866,-0.655121,0.019010,0.467838,-1.670507,-1.524122,1.265692,-1.217551,-1.356338,0.042000
-2.937096,-2.432365,2.155157,-0.049763,1.861709,3.093604,-1.001024,0.278596,1.960043,-0.030369
0.090687,0.402855,-3.053226,1.072320,-1.193838,-1.110396,-1.886258,-0.181522,0.076614,-0.486786
-1.264532,1.241796,-1.788372,0.795402,-1.654318,-1.235916,-1.362678,0.240698,1.212083,0.428264
1.693786,-1.493985,-2.427773,-2.168399,1.376875,-1.712581,-2.253695,-0.728443,-1.479837,-0.416883
1.017587,0.244972,0.128403,-2.414128,0.469821,-0.442950,1.640008,0.510038,-2.388609,-0.051778
-0.836453,0.861338,-3.266666,1.096475,-0.754318,-0.466924,-0.758739,0.688814,1.668653,0.277877
-3.718431,-2.464743,0.219178,1.090841,-1.205417,0.684454,-0.314547,-0.454020,1.306278,0.115662
-0.988888,2.111302,-2.417450,0.477946,1.157533,0.561172,-2.168388,1.608874,1.007429,1.123508
0.124737,-2.637545,-3.110386,-1.221761,1.467196,0.167636,0.839848,1.063900,0.286448,-0.680222
2.292249,2.639202,0.115400,2.536312,1.162616,0.875090,-1.903810,1.048450,-0.415081,0.538262
0.702922,-2.954499,-0.310093,-0.696841,-0.220728,-1.465241,-0.940592,2.785276,-0.903475,-0.195100
-0.819759,-3.494590,-1.712616,2.188847,1.384836,1.200407,2.069703,-0.239087,0.187922,0.449445
2.379557,-1.466532,2.088430,-2.664276,-0.441795,-1.732814,0.085577,1.390072,0.854063,0.530471
1.048019,1.945610,-0.687998,3.308828,1.242600,-1.158255,0.661586,1.237420,-0.265310,-1.257381
1.192802,-1.750369,-0.302063,-2.812398,2.868078,0.964628,-1.597947,-0.769955,-1.061053,2.081550
0.790401,-1.933095,-2.288093,0.523803,1.773517,-2.049626,3.196773,1.866605,0.529374,-2.107699
-3.518596,-1.509228,0.097015,1.056429,-2.418703,-0.270725,-0.202658,-0.669568,-0.106429,-0.407496
-0.473076,3.031285,0.125863,-0.239413,-0.591677,0.053108,-1.117738,-0.276648,-0.723223,-2.498093
-2.219374,0.421172,0.627573,-0.528706,-0.695081,0.927078,-0.321731,-0.631847,-1.283052,-1.945830
5.242361,-0.925036,0.330313,-0.743377,-2.498311,0.187712,0.358070,-2.414160,-0.163612,0.181568
-1.416246,-0.321688,1.409104,0.760286,1.538974,-3.071305,0.517513,-0.265412,-0.977509,0.856081
2.397332,-1.692835,1.491958,1.850875,-0.389498,1.544084,1.046117,3.508522,-2.797380,-0.522712
-3.097242,-2.340587,1.467945,0.602446,0.572754,3.084507,-1.550403,0.029216,1.235769,0.262460
-0.363972,-0.255754,2.066226,-0.878315,0.412390,-2.772693,0.360965,-1.092290,-1.233102,1.792752
-0.191221,0.517809,-1.610145,1.429854,0.499246,-0.433951,-0.784245,-1.775713,-0.981923,-1.520992
-0.107518,-0.014741,-1.949412,1.061723,-2.052548,0.409895,-1.070215,0.227786,0.655133,-1.205518
3.513516,-0.901519,-3.210854,1.058232,-3.075138,2.376683,-0.466372,-0.529738,-0.787436,-0.401538
0.995433,3.572994,1.362810,0.806733,0.063526,1.230920,-0.914787,-1.231544,-0.437240,-2.461668
-1.678140,1.163567,0.212170,0.580079,-0.098892,-2.489404,-0.363524,-0.030945,0.730624,1.691325
-1.139794,-2.388644,0.987714,-1.999316,0.639426,-1.162762,1.069382,-0.855332,0.326506,1.351418
0.702167,-2.025229,0.614459,-2.468495,2.499639,3.377917,1.107491,-0.414398,-2.346584,0.325360
1.861566,0.457014,2.167633,0.201485,-3.895553,-0.237223,-0.275516,-0.204515,0.094067,1.428378
0.245832,3.795978,0.597486,-1.503135,-1.850525,-0.775543,0.373221,1.472113,0.384898,-1.645873
-1.453108,-1.268073,0.154203,-0.226944,-0.224794,1.437853,-1.227446,-0.914659,-1.781296,-1.102805
-2.229131,1.224050,-0.235878,-1.487731,-0.122964,-0.619571,-0.141357,-0.813381,-0.764334,-0.465135
-1.584208,-0.103384,0.660843,1.728585,-0.806867,-2.394952,0.371400,0.362092,-1.517525,0.467003
-0.899588,-0.266062,1.500598,-1.342074,-2.331288,-0.594267,-0.946258,0.426516,0.555969,0.006489
3.541627,3.384572,-0.766465,2.577419,1.542783,1.458848,0.468567,0.570527,1.769567,-0.279647
0.018121,1.446272,1.272262,1.928799,-1.993445,1.214988,0.300339,0.550556,0.307277,1.349842
-0.647790,-0.308438,-0.712903,-1.573789,2.195168,-0.863494,0.957659,-1.548721,1.027783,0.993981
-1.661670,2.179705,-0.952232,0.741982,-0.198442,0.272892,-1.043723,0.017917,-0.628098,0.631454
-2.171576,-2.040467,1.986891,-1.920933,1.648693,2.294203,1.393977,-1.131995,0.152282,-0.470563
-0.731546,-0.047716,-0.112049,-3.411109,-0.391391,-1.232900,-0.010452,-1.634675,-1.870782,0.297604
4.586201,1.457679,2.879646,-2.683358,0.210244,-0.930005,-0.012696,1.143861,0.279168,-0.348227
-1.705220,0.779074,0.434292,2.052192,0.645976,-1.550726,0.028800,-0.279334,-1.346860,-0.678147
-1.146831,0.996657,0.909329,-0.373647,-2.317669,0.440850,-0.767767,-0.635347,0.604157,-1.224743
2.657762,-1.620606,2.584375,2.974696,0.761145,0.890246,0.109178,1.336119,-3.151471,0.457614
-0.897472,3.029500,-0.756498,-1.405903,-0.906535,-0.951420,0.353183,1.040097,-0.225533,0.086337
-0.130221,2.501640,-3.199774,1.296234,0.300159,1.091825,-2.213604,2.496871,0.546462,0.349020
-0.609065,-1.053037,2.781404,1.738266,1.003614,-2.460958,-0.155736,1.135611,1.178913,0.243448
1.561050,-0.561808,-2.810712,-3.408594,2.531024,2.186562,-1.662208,0.183531,-0.433692,0.763575
4.849442,-0.948910,0.318692,-2.246890,-3.912076,0.794459,-0.451056,-1.598868,1.598963,0.863772
1.115331,-0.784208,-0.198811,-1.505869,0.801261,0.169907,-0.497714,-1.969804,0.145827,-0.775859
-0.789111,3.036510,1.365381,-1.607066,-0.955280,2.884003,2.485427,0.934370,-0.632987,-1.557814
-1.585947,-0.614490,1.979202,-1.720105,-2.594356,-0.236901,-1.043972,0.384376,0.272309,-0.865959
3.470222,0.298635,3.524157,0.132294,1.917436,1.717399,1.095249,0.083774,-1.967823,1.245380
5.099483,-1.296734,-4.135555,-1.873901,0.803079,-0.285907,0.710069,-0.715098,1.302858,-1.998267
-0.746761,-2.485151,-2.229041,-0.193124,2.202417,3.486606,1.380853,-1.077433,-1.164794,-0.984653
0.991831,3.553719,1.668317,1.285695,-0.252584,1.235519,-0.608421,-0.335947,-0.536437,-0.430860
-0.459445,-0.692666,-1.746652,-0.397595,0.846357,-2.325217,0.506503,0.367756,0.490266,0.143439
-0.702626,-0.341124,1.312684,1.919800,0.993731,-2.616646,0.043959,0.341714,-0.370381,-0.791281
-2.454934,1.850358,-2.031524,-0.785724,-0.669424,-0.267163,1.776425,0.582282,-0.509591,2.118042
-1.144169,1.187453,1.507506,-1.620164,1.580964,-0.020883,1.172972,-1.036439,-0.782779,-2.472531
0.113660,-3.303917,-2.559019,-1.426711,2.171704,-0.653933,1.269781,1.553289,0.877959,0.915492
-0.633078,2.872038,-1.977774,0.519910,-2.079481,-0.194215,-0.610747,2.195566,0.880531,1.055638
0.622805,0.589719,-4.824523,-0.435883,1.026369,1.350570,-0.775288,-1.162208,0.865781,-0.569905
3.010426,-0.951306,-1.685050,-0.337840,2.811573,2.357781,-1.447361,-2.405569,-0.409041,-1.293046
-3.982275,-1.949405,1.031510,-0.176097,-0.130031,0.461041,1.769234,-0.634171,1.111950,-0.286887
-2.247303,-1.047505,-0.205058,0.321876,1.673646,1.481223,-1.158206,-0.509050,1.384220,-0.962395
2.822737,-0.787755,-1.633570,2.159569,0.553187,-1.506112,0.582069,-1.492285,-0.822437,-0.383895
1.415352,-0.478543,0.899776,2.586333,2.064609,-3.595742,-0.227548,-0.547147,-0.159255,-1.736216
-2.902742,-1.125914,-0.690606,0.626534,-1.377228,-1.753804,0.756346,-0.952593,-0.785404,1.139816
-1.246478,1.846498,0.790448,-1.271244,1.197560,1.024396,0.086408,-2.468078,-1.082788,-2.087969
0.135111,-1.690196,-2.566727,1.300249,1.745302,-0.564164,0.576065,-1.432682,1.327733,-0.250998
-0.830122,-1.381457,-0.820175,-1.447673,-0.901645,-3.245317,0.652380,1.394263,-0.397465,-0.716124
-0.699101,2.921186,-1.675309,-0.282912,-1.575951,0.122455,-0.712004,2.529917,0.325836,1.068503
-0.688516,1.626399,3.604792,-1.677120,0.214861,0.487923,-0.397630,0.687823,1.712694,-2.365817
-1.842576,1.412174,-1.699550,-0.637332,-0.368393,-1.991838,-0.518670,-0.603722,-1.153566,1.105499
0.453894,1.276312,-0.411499,3.490035,0.135138,0.244541,0.909592,-1.343075,-0.823930,-1.477322
-1.536653,1.944364,2.079001,-2.216681,0.676927,1.283844,-0.552676,-0.612716,0.561832,-2.473998
-3.363190,-2.338110,0.193889,-0.314805,-0.474986,-1.419728,2.135166,-1.368693,0.351558,0.475959
2.241087,0.181477,-3.045020,-2.303594,1.110292,-0.812002,0.422698,0.398319,3.405791,-1.590795
-0.869374,-1.631443,2.153921,0.558833,1.363489,-0.839972,-0.588138,1.708813,1.413107,1.905589
0.271526,-1.245977,-1.828366,-3.754121,0.516956,0.585218,1.930934,1.254872,-0.706958,0.814417
1.204885,1.729356,-1.444611,1.991207,0.107751,2.017173,-1.526190,0.306676,-0.151111,0.560280
2.720127,2.548895,1.036531,4.531441,-1.060323,2.854840,-1.678026,-0.397808,1.585159,-0.219645
-0.900903,2.505736,-2.688951,0.283823,0.026536,-0.218219,-1.046203,1.455663,0.279952,0.842635
2.092891,5.170901,0.114273,-0.212698,2.405816,0.542613,0.373108,-1.711243,-0.241885,0.640385
-1.957428,-0.970523,2.342170,0.280542,-1.116380,0.496726,-0.223444,0.652988,2.345472,-0.670970
4.311429,-4.185684,-0.597367,-1.506085,-1.116331,0.921179,1.779267,2.919716,0.270014,-0.393015
0.473048,-2.285131,-2.412635,-0.160125,-1.341174,-0.910755,-1.345446,1.043082,-0.115134,-1.851990
-1.508421,0.361365,2.098421,0.706715,3.221889,-1.211198,0.324082,-0.112420,0.214635,-1.256193
-0.489176,-0.596330,0.609995,1.950006,3.063218,0.994124,-2.995247,0.574754,0.247567,1.433884
-1.800003,3.408857,-0.372840,-1.223966,-1.754845,0.440694,1.676636,1.546162,-0.576081,-0.163361
-2.171672,0.850038,1.701370,-1.218903,-1.539128,0.608452,-0.018867,0.796451,0.008653,-2.168764
4.189884,-0.571826,-1.714792,-2.060274,-3.863816,3.952179,0.155639,-1.385557,0.973297,1.727411
-3.113931,-0.761457,-0.528559,0.366532,-1.736782,-1.860296,0.863532,-0.863582,-1.146032,0.648666
1.527011,-1.136746,4.164248,-0.112874,-1.777436,-0.108870,-1.293097,3.160873,1.982952,0.106699
-3.311341,-2.380651,0.644109,0.650026,-1.142847,1.850819,-1.251341,-0.113106,0.883508,-0.179676
-1.263852,0.849339,-2.242792,1.136061,1.566948,-0.867687,-1.380265,0.482291,1.815272,-0.401604
-1.199768,0.436971,-0.702390,1.660600,-0.789609,-1.915634,-0.476542,-0.300419,-2.060885,-0.519504
0.656180,-0.488097,-0.633128,-2.386385,1.013810,0.382911,-2.083203,-0.447662,-2.195452,0.966378
5.717356,-1.800115,0.980760,-0.571942,-1.659224,-0.601873,1.077419,-1.590080,0.970337,-0.534932
2.576010,-1.026116,2.420207,-2.257887,-2.747492,-0.819953,-1.197544,1.088931,0.117920,0.138494
-0.134456,1.173476,0.995292,-0.923490,-1.765960,2.263882,1.658093,1.065950,-0.429882,-0.688699
1.595862,-1.968064,3.173778,3.028024,3.542473,2.621946,0.368440,1.961594,-0.933600,0.301479
2.947819,-2.131833,-2.171117,-1.598868,0.737745,-0.468105,-0.456013,1.558610,0.419507,-1.197869
1.285614,-0.574048,0.032374,1.152762,3.100522,-3.895228,0.895926,-0.556030,-0.025062,-0.737200
-1.522377,-1.337797,1.036529,-1.843874,0.856006,0.453162,-0.979480,-0.956338,-0.206906,1.461919
-3.058022,1.034922,-0.406925,-1.191728,-0.644916,-0.900590,0.322310,-0.780817,0.362096,-0.578319
0.548869,-2.822627,-2.629228,0.309674,1.660139,-2.029323,0.611712,1.232516,2.298685,-1.796924
-0.431443,2.671395,-0.855470,0.337780,1.173395,0.343075,0.696716,1.081810,1.755414,3.100236
-0.884468,-1.923649,-2.876651,0.057669,1.664437,-1.068775,1.098075,0.792299,1.399331,-0.889333
3.267872,-1.715111,0.242006,-1.702088,2.078490,0.861912,0.071592,0.851455,-1.188957,-0.134461
0.656665,2.905780,-1.996706,2.173411,0.994525,1.410745,-3.247385,1.244707,0.954096,-0.478144
1.588756,-0.850126,-3.780115,0.154803,-0.708517,-0.264283,-1.218908,-1.024584,0.311136,-2.131223
-2.022396,1.681419,1.207439,-0.829790,0.117301,2.637797,1.823806,0.078790,-0.299947,-0.994005
-3.032550,-0.098258,-0.121048,-1.032807,0.147057,2.835973,1.745578,-1.114023,1.015910,-0.540109
1.869877,4.463810,-0.204383,0.929602,0.167811,1.340093,-0.571931,0.954478,1.923575,2.758330
-0.168313,0.375138,1.863119,-0.142614,2.331499,-2.764839,1.149192,1.707058,-0.472430,0.434393
3.995729,-2.621891,-0.805433,-2.406234,-2.600070,-0.077174,-0.170941,-1.343947,0.679274,0.404886
-1.875550,0.624567,0.380778,0.930689,-3.016599,-0.224973,-1.223033,-0.063921,-0.421024,-0.622373
0.544688,2.561732,-3.231289,-1.396347,2.016149,0.893586,1.028957,0.066527,-0.581728,1.626370
0.588159,-1.469023,-1.501836,-2.686453,1.806026,0.559361,-1.765542,0.614285,-2.084557,-0.650847
1.494865,-0.951368,-0.917234,3.238459,0.914119,-0.241373,0.421806,-2.883802,-0.378202,-1.455823
-1.643860,0.074115,-1.808496,0.810700,-0.136848,1.122167,-0.398551,-0.569566,-0.378788,-0.427373
-0.911321,1.846213,-1.463992,0.540983,1.105663,-0.851459,-0.220358,0.913443,1.970757,0.363744
0.076889,-1.643158,-3.529654,-0.611777,0.039749,-1.087275,1.966067,-0.107556,-0.185103,0.992117
-2.512775,-0.495487,0.642185,-0.604780,-1.776329,-1.727665,1.659958,-0.973713,-0.555770,0.048246
-3.092617,0.195397,-0.269558,-0.561425,-1.547786,0.455910,1.370106,-0.910036,-0.725599,-0.355612
-3.515233,-0.751007,-0.354190,0.636785,-2.048205,-1.306722,0.863584,-0.771468,-0.794350,0.408128
-2.834117,0.532077,0.446511,-0.444338,-1.816207,1.727711,0.661122,-0.718213,1.481160,-0.782248
-2.567673,-0.416818,-3.036185,1.444015,-0.628645,1.191975,0.083021,0.230538,0.421928,0.404667
-1.428639,0.767220,0.033717,-0.154839,-0.934270,0.724436,-1.204138,-1.930346,-0.671184,0.028796
1.176667,2.742756,1.330947,-0.057387,-0.230195,0.562716,0.060528,-1.152427,-2.195360,1.004753
0.303636,-2.960815,-0.332512,0.944462,0.496507,-0.349908,-0.322085,2.635853,0.207157,-1.218603
1.012275,1.278285,-0.106803,1.549464,-2.730910,-0.708814,0.596589,-0.437127,0.998456,-0.394481
-1.459609,2.091534,-0.235438,-0.868746,0.420096,-0.848427,-0.905794,-0.885079,-0.930541,-0.367787
-1.332601,-0.507859,-0.208216,2.844626,0.638025,-0.312667,-0.991890,-0.242157,1.392418,0.748173
0.094506,-0.095432,-0.487966,3.006629,-1.215135,-0.052073,0.266669,-0.677712,0.224659,-0.990342
-1.763570,-2.235583,-0.901578,1.045884,-0.453657,0.972377,0.794458,0.043293,-1.194016,-0.910849
2.330192,-0.332427,4.342314,-0.141007,1.592264,1.048491,-0.140331,0.196021,-1.372078,1.819207
0.332821,-0.507269,-1.965548,0.172719,0.196239,-2.454844,0.520391,0.328999,-1.728679,-1.688939
0.504466,2.846417,-2.080818,-0.200613,2.755432,-0.219036,-1.186552,-0.208647,2.566671,2.210116
-3.914437,-2.035843,1.091567,-0.001205,0.240443,1.474202,1.141506,-0.242929,1.437428,-0.281852
0.895041,-0.783040,2.050078,0.334857,2.747271,1.088794,0.496108,-0.399449,-1.455791,0.837369
5.260656,0.237018,-0.778482,0.985239,-2.655936,2.558601,2.081511,-2.683087,1.544138,1.275106
0.742538,-1.381137,1.666082,2.441919,2.360162,1.863585,-1.926308,0.082200,-1.827214,1.684866
-2.215624,1.656816,0.998051,-1.042281,-1.120187,2.625699,1.069048,0.337339,-0.423731,-1.394823
-2.108556,-0.337463,-0.333285,2.717252,0.518509,0.714794,1.667642,-0.344037,0.871648,1.530472
-3.848736,-2.002352,0.500556,0.501869,-1.219594,0.493629,1.107187,-0.662236,0.583353,-0.499252
-0.598840,2.002106,2.184814,-0.113790,0.389011,0.361579,-1.603242,-0.542069,0.829254,-2.761356
0.362189,0.996955,1.703515,1.551064,-1.392035,-3.160432,0.150837,0.712893,-0.932625,-0.496230
-3.747273,-1.513202,0.311810,0.334914,-1.370664,-1.285202,1.510972,-1.087589,0.060242,-0.249736
2.131962,1.816159,1.298930,4.596570,-1.662755,2.324429,-1.512986,0.178633,1.242260,0.519680
0.605412,-0.021756,3.126511,1.397245,1.439680,-3.157527,1.370679,-0.146279,-0.103658,-0.740754
-0.986182,2.434720,0.758776,-1.265979,1.883122,-0.376419,0.030075,-1.466473,1.257449,2.106388
7.077474,-0.510396,0.278575,0.182218,-2.602401,1.290239,2.519313,-0.463633,0.563790,1.714828
4.306969,-2.140048,2.817683,-2.176129,-0.329123,-2.034276,-0.971351,2.175406,0.698573,-0.083624
-2.436650,1.688262,-1.352832,0.106617,-2.302632,-1.015794,0.275464,0.335954,-0.172188,1.353504
-2.619377,-1.068884,1.071965,0.662542,-1.172495,-0.305223,2.137024,1.543182,-0.698568,-0.434986
1.280715,2.024754,0.898332,3.708550,0.034138,-1.680291,1.249169,-0.259398,-1.154499,-1.426590
-2.572815,-2.794868,0.299404,-0.548670,-0.684898,0.101804,0.742805,0.572821,-0.166355,-0.533196
-2.244557,1.297797,-0.584889,1.186023,0.274046,-0.951432,-1.664509,0.137293,0.068252,0.912529
2.842108,1.906670,0.174257,5.201771,0.719497,0.892917,2.696438,-0.256595,-0.443210,-0.524351
-2.175450,0.646107,2.139649,-0.521307,-0.030999,0.345975,-0.611816,-0.912796,0.239670,-2.055456
3.513858,-1.675050,-2.612080,1.045962,-3.566503,3.472743,0.281160,-1.241043,-1.051605,0.469278
-3.500069,-2.642993,0.351080,0.291627,-1.321196,0.895739,-0.163629,-0.587363,1.371304,0.170636
-1.157753,2.184506,1.604094,-1.090797,-0.727200,1.340185,0.872936,-0.864640,-0.046032,-2.149559
-3.154235,-3.497986,1.041310,0.460542,0.495526,1.420754,-0.872138,0.006649,2.200870,0.837844
-0.210654,3.330462,1.449530,-2.241172,0.991337,0.246083,1.037311,-1.372079,-0.473054,-1.819350
-2.681469,1.840273,-1.508346,-0.990748,-1.227844,-0.386626,2.351838,-0.172307,-0.198014,1.445071
1.309163,3.126100,-1.599460,1.031293,0.132046,0.235483,-0.464044,0.574648,0.046872,1.335128
1.364590,2.708120,-2.916992,0.745264,0.271790,-1.254696,-1.225143,0.913202,1.412822,0.295579
1.135341,0.372473,2.148213,1.971628,2.243003,-4.435431,1.165105,0.650453,-0.763327,-0.243077
-0.756441,3.039138,-0.361241,-1.478938,0.014865,1.812110,1.907965,-0.793187,-1.343905,-1.787993
-2.526240,-2.529539,2.452755,-0.234793,1.719745,3.587180,-1.351583,0.430591,1.823395,0.075810
-0.200080,3.945622,-1.779024,-2.263500,-0.396948,-0.132014,3.043098,2.511324,-0.527361,0.662229
-1.455116,3.505205,-0.079589,-1.941469,-0.825094,1.570119,2.232877,1.445472,-1.291429,-0.272104
-2.482335,1.677225,-1.563993,-0.378995,0.366125,-0.292358,1.239028,-0.182603,0.326361,2.608701
-2.011049,2.336862,1.577672,-0.081583,0.215036,0.384093,-1.113859,-0.947438,-0.886417,-2.727717
6.400855,-2.087924,0.166940,1.143517,-1.472047,2.875697,2.830601,1.113550,-0.231663,0.211950
-0.963967,-1.162734,-1.629267,0.021568,1.403768,2.047346,-1.146853,-0.230745,-1.045897,0.571485
-1.148788,2.042735,1.173667,-1.253685,-0.457968,3.626249,1.238736,-1.043034,-0.418645,-1.407845
-0.845812,-0.965655,1.849249,-1.502834,0.433446,0.963190,-1.484457,-0.013627,2.658395,-0.652585
-2.236056,0.674613,0.477712,-0.600250,-0.167324,-0.113951,-0.087106,-1.428561,0.308746,-1.407913
-2.252227,2.241454,0.327193,-2.254626,1.831310,-0.678447,1.075153,-0.380371,-0.037761,-0.002983
1.220611,-2.069455,-1.977157,-0.304502,-0.740393,-1.299351,-1.847757,0.107585,-2.069292,-0.629674
-1.101968,-0.707434,0.212199,0.148181,1.583967,-3.223388,0.178538,0.388712,-1.102421,0.140250
-3.773842,-1.367518,-0.095149,0.737333,-2.325047,-0.510569,0.129641,-0.661455,0.487877,0.054245
3.251273,-0.253208,-1.561150,0.196390,-2.015763,0.639504,-0.216376,-2.999212,-0.144328,-0.653507
0.413098,4.224843,0.259449,0.715686,-0.045634,0.279032,-1.702193,-0.536382,-1.491827,0.579512
-3.691542,-2.162903,0.680791,0.954926,-1.427760,1.089874,0.040402,-0.240069,0.858515,-0.475786
2.432428,-3.288090,-1.698828,-1.028994,-1.908139,-0.064075,1.246997,0.880718,-0.348352,-0.478962
2.731795,1.565097,0.448366,-0.979196,0.061331,0.419732,-1.320799,-1.175269,0.093507,2.291980
-0.070029,0.851279,1.130161,-1.870615,1.271691,3.761414,2.867682,0.809670,-1.224545,-0.987310
0.619223,-2.295421,1.157763,-3.136352,2.632470,1.102520,0.362764,2.616278,-0.991689,0.725789
-0.579126,1.726498,-0.977883,-0.621812,-1.295384,0.178573,-1.400008,-2.257771,-0.677457,1.512401
0.918117,-0.656055,1.084717,-3.734472,0.510898,-2.042364,-0.412047,0.820592,-0.436797,0.070736
-4.015936,-1.975465,0.334168,-0.153804,-0.401259,0.618309,1.451342,-0.926670,1.131264,-0.071362
0.509136,-0.564160,-2.657195,-0.961285,-0.307856,-0.265572,-0.930658,-1.630086,0.143329,-1.217676
1.655688,0.267367,0.584498,-2.688126,-0.856514,-1.696079,-0.385500,1.422695,-1.261921,-0.215886
-3.185869,-0.108475,-0.750003,0.098321,-1.395777,-1.793236,0.812401,-0.370127,-0.970301,1.532217
6.394490,-2.158626,1.816542,-2.701183,-3.133919,-0.447872,0.482873,-1.449853,2.456351,0.937149
0.923742,-0.771596,1.234284,-1.324711,2.019275,0.731758,-1.728733,1.175263,-0.632323,-0.186899
-2.233336,-0.299776,1.736655,0.902946,-0.940317,0.330047,-0.917602,0.948071,1.122992,-0.108102
-3.256460,-2.705269,1.097138,-0.214089,-0.206504,2.509824,-1.320794,-0.236830,1.847551,-0.083371
-3.910285,-1.643173,0.243005,0.502567,-1.541345,0.441265,0.661378,-0.499699,0.629125,-0.350832
3.769851,0.987351,2.095961,3.444738,1.906352,-1.507486,2.505543,-2.158833,-0.449926,-0.099853
0.271140,-1.482577,2.583741,-1.208783,-0.539667,0.656759,0.522275,-0.944995,0.571818,0.522311
2.750938,0.318008,3.200709,2.180048,0.199454,-3.927200,1.567534,0.904914,-0.155799,-0.417813
-1.372094,-2.754003,2.022371,-1.447234,0.646346,1.330573,-1.098787,0.414958,0.161863,1.649093
0.117452,1.535995,-3.992999,0.623503,-0.163125,-1.334810,0.579084,2.606772,0.111411,0.955258
2.420117,0.491156,-0.906495,-2.047661,0.896753,-1.649731,-1.064768,-2.096631,-0.531496,1.115707
1.198627,-1.918371,-1.406998,0.627600,-0.107867,-2.010555,-0.003613,-0.068371,-2.076990,-1.175962
-1.554387,1.568074,-0.462496,-1.559858,0.623770,0.098183,0.128761,-0.144539,-1.826475,-1.788683
4.209021,-1.748560,1.647412,0.883793,1.734684,-2.870864,-0.231137,-2.139961,2.505943,-0.056052
-0.261464,0.315381,2.331840,2.192923,0.861477,-3.586331,0.983856,-0.272864,-1.043571,0.470778
2.324522,0.894696,-2.530179,-1.899559,0.861836,-0.914844,-2.005180,-2.037086,1.906364,-1.057873
-0.340019,0.883995,1.558143,2.021633,3.534227,-3.136075,0.834671,-0.781280,-0.273520,-1.041721
-2.069006,1.155664,-2.929564,0.040238,-0.343710,-0.760135,0.745190,0.972601,-0.377376,2.014081
-2.280234,2.564298,-0.993458,-1.652971,-0.203942,1.406884,3.115147,0.723051,-0.711714,0.055293
-2.370824,1.010377,-1.448091,0.066465,-0.986291,-0.396092,-0.734078,0.402962,-1.728768,-0.683672
8.213943,-0.746827,0.762897,-1.214216,-1.420330,0.226641,1.712326,-1.349432,1.986346,0.561813
-1.520563,-0.721820,0.939790,-2.055137,2.158047,0.532632,-0.407388,-1.964917,0.392769,-0.063533
-0.293638,0.771544,0.505246,-2.045920,-0.976400,-1.684759,-2.026177,-0.993008,-0.348004,0.749207
6.232250,-2.022819,-0.135458,-0.030035,-3.720342,1.678511,1.980775,-1.716331,1.624803,0.976850
-1.087520,0.137370,-0.251759,3.478376,-1.785873,0.668966,-0.132286,-0.428076,0.243639,-0.233251
-0.844211,3.652262,0.145754,-2.776982,-0.344334,1.033524,2.351803,0.796826,-0.810070,-0.481563
-2.825606,-2.415776,2.084300,-2.307291,-0.909240,1.438665,-0.082875,-0.840550,2.407211,-0.441538
6.589712,-0.775466,2.251712,-2.636873,-3.760057,-0.863057,-0.848337,-0.840639,1.383850,0.809830
2.393209,-0.814524,1.494237,-0.435351,-1.722622,-1.787873,-1.648210,-0.537394,-1.968140,-0.262839
1.571898,-4.188229,-2.089034,-0.145174,0.059038,-1.168047,1.039491,2.068867,0.599230,-2.341928
0.448664,-1.732274,-1.637681,-1.240056,-0.355211,-0.011362,-2.036313,1.303700,-1.702637,-0.974180
2.450787,-0.666524,-4.187393,-1.839389,-0.262137,-1.005400,1.291694,-0.767861,0.782511,-1.845779
-1.395624,-0.086431,-1.357192,-0.550315,-0.509766,0.634451,-2.346079,-0.746697,-1.312841,1.636881
0.714756,-2.705007,-2.569044,-2.485399,0.239470,0.183466,-2.283007,0.651264,0.307174,-0.907756
-1.274323,0.687039,2.083400,0.725118,0.323960,1.820048,-2.059712,1.429389,0.786503,1.652080
-0.320673,-0.357993,3.535048,0.846347,1.227610,-0.616225,-1.487919,1.761122,2.494034,0.934945
-0.182966,3.444395,-1.418911,-1.901605,-0.946742,0.352686,1.973811,2.418335,-1.462476,0.999481
-3.372307,-3.209794,0.915210,-0.169560,0.054690,1.807495,-0.649140,-0.241985,2.303263,0.230562
-2.135315,0.397031,2.104760,-2.137381,1.191244,1.026231,-0.478283,-0.688795,2.011590,-2.351559
0.268234,-0.815596,-0.318747,-1.875667,0.211896,-2.314334,-1.300308,0.037588,-2.715948,-0.450061
0.636498,0.726883,2.143773,2.489155,1.573791,-3.152064,0.419950,-1.218314,-0.583552,-0.801167
1.594573,2.152846,2.099436,1.935052,-0.837024,1.679254,1.420981,1.684135,1.118484,2.073088
-3.212542,-0.996496,-0.157380,0.478168,-1.786493,-1.644810,1.063994,-1.153481,-0.836775,0.392157
-0.739381,3.504716,-0.442834,-1.137179,1.739028,-1.419533,0.587832,-0.538993,-0.610149,1.411172
-0.501833,3.292071,-0.596085,-1.951179,1.347127,-2.287902,-0.805645,0.869367,2.244163,0.097442
1.932829,0.255362,-1.984884,-0.893902,-0.289785,0.076531,-2.166962,-2.074078,0.942167,-1.113226
-3.703719,-1.855392,0.426685,0.432050,-1.198183,1.544526,-0.179916,-0.351977,0.723014,-0.694958
0.708684,1.636524,1.486044,2.957396,-0.477589,-2.348350,0.840079,-0.508982,-1.396935,-1.246347
-1.213471,-1.181185,1.525661,0.287579,-1.479843,-1.824351,-0.746828,0.250634,0.046517,0.445520
0.050100,3.159965,-1.753987,-0.195847,-2.094442,-0.035934,0.015290,2.733801,-0.565936,1.589200
0.249333,3.281028,-2.203651,-0.097402,2.059124,2.594057,0.539984,-0.270797,0.773573,0.092149
0.672733,-0.804314,1.140257,0.752521,0.800241,-3.549892,-0.219227,0.592600,-0.916844,-0.990870
0.210605,0.040207,1.764932,-1.648602,-1.740994,-1.096844,-1.218531,0.808412,-1.460201,-0.279676
3.310349,-0.268469,-0.235933,4.180537,0.932560,0.363993,1.403539,-1.779659,0.065499,-0.328170
0.099000,0.216139,-0.111519,-0.391570,1.389681,0.210085,-0.553058,-3.022375,-1.270902,1.171720
-3.447840,-0.653728,0.382137,-1.723943,-0.765533,-0.248855,1.018240,-0.221055,0.689526,-0.376204
6.917491,-0.496398,0.380512,-1.182183,-2.490786,2.239200,3.198482,-0.141239,2.089658,1.178370
-0.500973,3.702945,0.377817,0.410218,-0.337804,0.602821,-1.378608,-0.525390,-0.988052,-0.939660
1.042888,-1.622279,0.453429,1.705257,1.166291,2.214363,1.933234,2.252210,-2.369643,-0.130586
0.075393,-0.369973,-4.319392,1.571740,-0.744292,-0.073129,-1.058142,-0.735544,-0.254514,-2.164082
-1.534434,-3.262008,-0.746482,0.680129,0.263319,1.947562,-0.467120,0.222809,-0.978951,-0.439205
0.341453,0.163228,-2.815477,-1.354580,0.952496,-1.683646,-0.382980,-1.790263,0.071789,-0.010015
-1.898239,-1.476510,-0.106654,-1.196347,0.067901,-0.775824,0.415047,-0.794394,-0.854151,1.300950
5.346679,-1.708863,0.704049,-0.996170,-1.144133,-0.734712,0.432363,-0.817857,0.471190,0.489739
-3.866056,-2.410603,0.856398,-0.024119,-0.489116,1.680192,0.367368,-0.611269,1.707075,-0.392196
4.166489,-3.527223,-0.924926,-1.446391,-0.157659,-1.711462,-0.169689,-0.339278,-1.266335,-1.096435
-1.367662,-1.400617,0.890878,3.289496,-0.142329,-0.290281,0.317391,-0.267077,0.724526,0.879763
-2.125082,1.237879,-0.660515,0.427699,-0.274928,-0.822716,-1.122744,0.534185,-1.499541,0.947637
-1.522270,1.019701,1.900023,-3.125740,0.858307,0.604516,0.716488,-1.017160,-0.247192,-2.149151
2.494811,-0.414461,5.153100,-2.449502,-0.109152,0.507055,-0.332575,2.766961,1.236490,-0.240109
3.230887,-0.879650,0.675668,-0.153210,1.901772,-1.896060,0.981173,1.673707,0.499576,-1.047540
-2.093742,2.232500,-0.189143,-1.203058,-1.011324,1.272272,1.709330,0.929309,-1.415637,-0.798698
0.795125,3.155436,-1.056384,0.666160,3.047325,0.026699,-0.799797,0.601583,1.495714,1.829785
-0.240227,0.779879,0.941887,-1.121099,-0.392701,-2.695612,-1.422983,2.605266,1.040684,-0.319949
-2.442186,0.274798,0.199274,-0.760775,-0.170605,0.057465,1.226427,-0.339985,-1.632808,-1.010453
-0.875338,-3.624988,0.451357,1.885590,3.032660,1.468448,1.426743,0.068037,-0.468325,1.519902
-0.482808,-0.058475,1.608223,1.686927,-0.390695,-3.228714,0.281248,1.247173,-1.223459,-0.174134
-1.410233,2.733505,-1.449536,-1.080509,-0.343803,0.655968,1.494868,-0.014863,-1.553033,1.574632
0.728992,2.329673,-0.645357,1.163682,-0.716400,0.472849,-2.123529,-0.325799,-0.682387,1.610790
4.535097,-1.374820,1.966119,-1.890525,-2.826989,-1.559178,-1.796061,-0.599007,-0.435168,0.451114
-1.997363,1.511199,-1.343811,0.776487,-0.926014,-0.106537,-1.583771,0.972494,-0.325291,-0.192013
-0.148253,-0.371966,-2.972087,1.242903,0.034992,-1.197527,-1.401206,-0.547685,-0.477126,-2.191325
-0.359744,-2.877373,-0.824287,1.709199,0.312908,-2.078044,1.224058,-0.522628,0.475561,-0.107442
-1.674241,1.346581,0.145241,2.386443,-0.287291,1.221713,0.794982,0.746161,-0.941755,0.453549
-3.918233,-1.590869,0.385099,0.077937,-0.759119,-0.387351,1.888824,-0.662880,0.844128,0.733122
1.393355,-1.391925,-0.105656,-0.509525,-1.853887,-2.622363,-0.651043,0.635050,-0.389003,-0.911820
1.075206,-1.617567,1.065766,-0.557750,2.162991,-4.356420,0.623095,0.855167,1.746695,1.042081
-3.919009,-0.883017,-0.239486,0.018352,-1.532380,-0.578042,1.478082,-0.819229,0.031917,0.156340
-3.076668,-2.750814,0.475859,0.930953,-0.280034,1.413133,-1.965319,0.246991,1.685807,1.201008
-1.186831,-1.978216,3.121971,-1.186559,2.394701,1.711840,-0.046541,1.991371,1.464846,0.306223
-1.707028,2.722210,-0.911353,-0.505788,-1.772394,-0.580061,-0.085669,0.641829,-1.244248,0.720844
0.899455,3.809527,1.925489,1.358707,0.529538,2.372827,-0.454953,0.247572,-0.904630,-0.304594
-3.248626,-2.907435,0.921299,0.561089,-0.103911,2.221801,-1.552385,0.059145,1.676870,0.443374
-1.064914,2.465788,-0.718914,-1.223582,2.932498,-0.723720,-0.387539,-1.029089,0.317296,1.901413
-1.268183,-0.207497,1.120137,-0.310095,-2.900785,-0.361273,-1.061318,0.024105,0.127779,-0.768099
-3.592963,-1.363114,-0.326763,-1.105426,-0.098328,-0.765433,2.458322,-0.759868,0.608611,1.191058
2.826473,-1.405898,2.036795,2.115252,0.079379,0.491691,-0.817231,1.529665,-2.236659,0.430404
5.599435,-0.963910,1.111760,1.924854,-3.135486,1.428401,0.621900,0.469122,-1.226643,0.354308
5.117062,-1.911743,-1.531616,0.102489,-3.265548,2.471889,1.292876,-1.792540,-0.010407,0.615450
-2.788651,0.301364,0.998420,-0.380788,-1.112354,1.480223,0.005229,-0.484977,0.255157,-0.670816
-2.220489,-0.645189,-1.878223,-0.973756,-0.393674,0.193348,-0.774145,-0.042803,-0.986166,1.003708
-2.091959,1.641182,-0.967059,-0.755258,-0.802800,-1.949073,-0.735594,0.548953,-0.197356,0.472671
-1.994188,1.043367,-1.034719,-0.225965,1.310787,0.115925,2.783266,-0.202710,0.614122,0.839750
-2.491793,0.131064,1.032230,1.796769,-0.753882,-1.664013,-0.265267,0.601566,-0.981627,0.169082
-2.109065,-1.037719,0.788491,-2.012919,0.622330,-0.879738,0.231956,-0.577808,1.397898,1.776689
-1.164349,3.027319,0.469571,-2.168993,0.105291,1.910980,3.629549,1.054666,0.392843,-1.501931
0.212946,-2.738770,-4.196121,-1.224448,0.204772,-1.060757,0.356137,1.731962,0.830355,-0.703489
1.593155,-0.634670,3.304752,-1.894168,2.208751,0.179863,0.899230,-1.768144,1.893346,-0.730357
-0.992133,-0.479375,-4.710243,-0.847604,0.320727,0.311757,0.308673,0.429398,2.512060,-1.146755
-3.604636,-2.278398,1.054344,0.339380,0.245080,2.376288,-0.016514,-0.156601,1.412455,-0.019562
-0.827575,0.956749,1.181652,-2.373996,-1.700379,-0.588409,0.224523,0.715169,0.735226,-0.050844
-1.377953,-1.297140,0.729682,-2.086407,0.689826,-0.158241,-1.053843,-1.321280,0.256544,0.306695
-1.900981,2.997772,0.544718,-2.126109,-0.234187,2.106411,2.919416,0.777737,-0.458315,-0.877838
-3.631307,-2.668650,0.835682,0.677765,-1.359473,0.136258,0.564180,-0.729948,1.165617,-0.032902
-0.811809,3.155150,0.477654,0.593921,0.292061,0.062408,-2.325838,0.140847,-1.222896,0.114635
0.835370,3.672184,-0.436219,-2.444775,-1.733394,0.616388,1.674717,2.080499,-1.028347,0.410548
5.361713,-0.293036,1.295134,0.642702,-2.919877,0.148227,1.449739,-0.785702,-0.658650,0.532037
-3.616465,-2.964546,1.022516,0.359461,-1.045759,0.426900,0.654809,-0.605475,1.582864,-0.044769
5.001890,-0.694539,1.719161,-2.615005,-3.038903,-1.373780,-0.209785,-0.927053,0.447399,0.641487
-2.047175,0.285155,0.117564,-0.472420,-1.963705,1.295510,0.820669,-1.762961,1.905360,-0.464655
1.952796,-1.122937,0.259714,2.395137,0.442064,-0.837674,0.761549,1.265063,-0.963957,-0.448609
-3.388552,-2.596336,0.890396,0.647397,-0.173049,2.252349,-0.973330,-0.116401,1.358701,0.281063
-2.429917,0.512554,-0.977443,-0.551484,-0.467007,1.431194,1.795349,-0.672905,-1.625995,-0.506089
4.086535,-0.935599,0.084162,-0.820886,-3.013110,1.050413,-1.672311,-0.375683,-2.343997,0.288268
1.991297,-1.060027,-0.072166,-2.417019,3.785981,1.486240,0.083998,-1.144503,-1.775703,0.524195
1.394667,-0.164355,3.228209,3.193182,0.475736,1.934834,-0.688032,2.650710,-2.269186,0.675191
-1.507032,-0.058340,1.427006,1.512523,-0.548069,-0.884109,-1.741301,1.167201,0.961485,-0.175552
-0.576658,-0.962838,1.175486,-2.329092,0.773056,1.197872,-0.988636,-2.114412,-0.943433,0.749778
2.251259,3.952524,-2.664324,2.829114,1.726527,0.543235,-1.644797,0.615535,0.200292,0.112228
-0.921484,-0.835619,0.851316,1.345652,0.827127,1.199910,0.991133,1.806015,-2.348720,-0.604726
-3.653798,-0.822789,-0.520099,0.429223,-2.417217,-0.993054,0.574458,-0.494377,-0.231085,0.499463
1.063028,-0.656546,-2.292591,2.500834,-2.538661,1.002306,-0.047378,-0.289283,-0.175899,-1.180908
2.495612,-1.798668,1.403150,1.194777,0.203972,-1.546925,0.925230,-2.496280,1.121547,-0.818803
3.534554,0.006644,1.470285,2.982965,3.929038,-3.221872,1.880388,-1.959244,1.138644,-1.261216
3.911957,-1.740674,-0.504995,-0.531688,-3.488168,0.656673,-1.207304,-1.226088,-1.756406,1.628970
-1.989588,0.963241,0.853171,0.765748,1.283466,-1.169557,-0.185425,0.683720,-0.315597,0.813632
4.141007,-1.788865,2.131833,-2.501706,-2.384131,-1.462332,-0.931905,-0.914482,-0.836097,0.479129
2.486663,-0.952624,1.053610,-0.210478,-1.460588,-2.266816,-1.329932,-0.011961,-1.926847,-0.372682
-1.923834,0.743182,1.742842,0.067424,1.499735,0.969964,-2.364777,-0.652558,1.159510,-2.052183
-3.871367,-1.723555,0.312071,0.006302,-1.452658,0.091900,1.265256,-0.514710,0.715764,-0.023779
3.129062,-4.130689,0.577556,-0.634017,0.933876,0.545917,0.587020,2.200902,-0.503361,-0.131314
1.592402,-0.843310,-1.812813,-1.880042,-1.669335,-0.329809,-2.187715,-0.216771,1.015146,0.038277
3.984173,-0.378112,-0.936833,0.670650,-4.067646,2.224989,2.215931,-1.514879,0.986272,1.999145
-3.254104,-2.438208,0.621479,0.470834,-0.490319,2.210509,-1.825515,-0.075887,1.346705,0.104816
-2.377681,0.684566,0.837903,0.270736,0.414211,-1.165598,0.288200,1.410939,-0.033098,-0.283470
-1.217481,3.062434,0.175417,-1.839256,-1.393679,1.464204,1.741617,1.014876,-1.621932,-0.467810
-3.654889,-2.514961,0.953562,0.279200,0.280039,2.096159,-0.072821,-0.246666,1.605170,-0.183625
1.398289,-4.003463,-1.411772,-1.083584,0.752760,0.177468,1.001271,2.722783,-0.523568,0.085234
1.030084,-0.024753,-3.131590,-1.404448,3.462840,0.866822,1.834658,-0.328148,2.703165,-0.731305
-0.809134,2.380694,-1.637528,-3.385097,1.658527,-1.429893,1.004969,0.142839,0.523409,0.857227
-0.192496,2.875865,-1.365377,1.310561,-0.407481,-0.980855,-1.947183,0.614970,2.490808,-0.470022
-2.311308,-1.616027,-0.550476,2.291630,-1.079027,-1.041645,0.607059,-0.377209,-0.244608,0.443801
-3.294522,-1.236192,-0.393274,0.532256,-1.921173,-1.399147,0.756726,-1.114308,-0.732157,0.493141
0.561030,-1.525554,0.748067,-1.838028,0.499952,1.308272,-1.220731,1.321733,-2.652023,-1.144839
0.145347,-1.699364,4.388151,-1.445746,1.399459,1.602838,0.472470,-1.052901,0.927734,-0.133559
-0.092721,3.195539,-1.195932,-0.869752,-0.167344,0.635170,-0.220566,0.569413,-0.941611,0.329531
-0.189854,0.110099,2.791892,1.726051,0.748019,-2.007891,-0.217881,0.883523,2.197309,0.136721
-0.875285,1.668900,-1.913846,-2.026171,2.261518,0.087164,1.222497,-1.220200,1.814352,2.078842
1.276150,1.006482,0.597953,5.172424,-0.254197,0.806466,1.100215,0.574108,0.428984,-0.026483
2.057177,-0.014870,0.465052,-3.094372,4.467379,1.814294,0.797821,-1.516064,-0.775834,1.097574
1.224149,1.676854,-1.747882,3.747592,-0.946846,0.566566,-2.347660,1.320421,1.116264,-0.830587
-2.966169,-0.170002,-0.748434,0.550708,-1.781072,-1.590218,0.430063,-0.618371,-1.181466,1.167294
1.616918,0.915038,1.144346,3.566726,1.670651,-0.531784,0.947249,-1.277150,-0.099202,-1.042500
-0.578309,3.191942,-0.677916,0.857432,0.209935,1.357242,-0.911964,-0.268394,-0.062220,-1.979042
-1.952122,0.515746,1.783062,-0.382045,1.413900,0.614132,-1.868399,-0.337435,0.919980,-2.201538
0.681272,1.891884,-1.911586,3.638066,-1.225297,-0.354573,-1.238741,0.740445,0.083312,-0.689078
1.366508,1.621201,2.825440,1.900533,0.720281,1.631117,-1.884078,1.198009,2.417701,1.210155
-2.752276,-1.797918,1.220439,0.357515,-0.084942,-0.410777,-0.315820,0.799833,0.789839,0.643228
2.529782,-1.211575,-0.759992,-1.912706,0.482249,-1.955452,-1.237324,-0.550386,-0.458425,-0.403462
-0.811785,0.742364,-2.682039,1.133866,-1.128689,-0.881948,-0.704082,0.631251,2.398369,-0.996427
-0.562697,1.719842,-1.814212,-1.144857,2.096419,-0.213583,1.286710,-1.149532,-1.275352,0.812006
4.697205,-2.312653,-2.291263,0.203674,-1.969990,1.906182,0.735158,-0.456914,-1.663616,-0.372384
-1.227752,2.836627,0.708363,-0.526911,1.636718,0.420511,0.177295,-2.009627,-0.505377,-1.395956
1.467476,1.347450,-2.151948,-2.552344,-0.886672,-2.055052,0.980075,0.675271,1.313583,-0.092341
-2.087264,-0.103938,-2.552529,-0.098256,-1.201193,-1.178466,-0.373121,0.623285,-1.105063,0.744185
-0.378288,-1.121396,2.484529,-2.098940,-0.511107,-1.259486,0.774410,2.379787,0.774348,0.364369
-1.706275,-0.051801,-3.816880,0.094140,-0.013094,-0.057727,0.001156,0.029882,1.018884,1.405482
2.191012,-4.392649,-1.810892,-0.716407,0.248684,-0.283246,-0.773123,2.311819,0.221652,-2.040207
3.250815,4.754563,-0.843809,-2.635160,-2.344787,0.005939,1.727261,0.756948,0.715342,0.708130
-1.297156,-1.304242,-0.488681,1.472467,0.840433,0.156440,3.453890,0.623286,-1.255918,0.062680
0.478777,4.258572,1.114690,0.644192,-0.419845,1.445577,-0.074279,-0.645020,-1.076126,-1.510893
-1.523592,2.737808,0.485147,0.343554,0.692877,-0.196306,-1.246834,-0.931234,-1.253072,-0.116675
-0.922684,3.217084,-1.589624,-2.702358,1.520240,-2.067740,0.900244,0.571043,1.347187,0.418751
2.248239,3.813934,-0.406282,2.638072,1.960724,1.412367,-1.599574,0.048621,-0.581123,1.697719
0.284471,-1.228990,0.790144,0.408673,0.972659,-3.936347,0.007765,1.272680,0.148199,-0.434161
-2.811538,0.118322,-0.476688,-0.949566,-1.176648,-0.865550,-0.041543,-0.296055,-0.785770,-0.139025
-0.738450,3.388474,-1.254241,-2.360006,0.024431,-1.098988,2.161360,0.574452,-0.428831,0.674090
-3.553475,-2.964822,0.796863,0.352855,-0.332687,1.599713,-0.197593,-0.199998,2.104606,0.353192
-0.076403,-1.492771,0.893712,3.376825,1.938269,1.646451,-0.690174,-0.234880,-1.095655,1.547029
-3.649108,-1.055910,0.122003,-0.246832,-1.004282,-1.203936,1.839684,-1.381302,0.142548,-0.271178
1.463413,-0.642050,1.431518,1.195206,2.092752,-4.252138,0.575446,-0.678481,-0.903529,0.197956
-1.077927,2.573173,-0.479794,0.695881,0.269629,0.190860,-0.599445,-0.639973,-1.310499,-1.245243
0.534269,0.591199,-1.699163,-0.957268,-2.938960,-0.405405,-1.260469,-0.092797,0.771173,-1.045851
1.669828,-1.484926,4.009951,0.922216,2.305227,2.473731,-0.370504,0.228675,-0.645871,3.177763
-0.151683,-0.885754,-0.188195,-2.243658,-0.483677,-1.319532,0.477850,-0.313734,-2.452382,0.459574
-2.050265,0.482848,2.283890,0.941097,-0.710458,-0.357980,-0.639328,-0.132055,1.334088,-0.558936
1.846079,3.446364,2.295903,-2.526973,0.733999,1.654369,1.863487,-0.972773,-0.169817,-2.340875
4.293196,-1.381004,-2.849093,-0.264020,-3.580867,2.757244,1.398603,-1.851473,1.028267,1.347751
0.569831,-2.747998,0.281770,0.149752,-1.457364,-1.260982,0.800229,3.601700,-0.482137,0.228098
-3.936027,-1.117264,-0.143247,0.783114,-2.053641,0.232065,0.240195,-0.451393,0.420479,-0.210247
2.940918,-1.483648,-0.960551,-0.325632,-3.273920,0.569969,-0.681529,-2.393616,-0.961865,0.002785
3.287265,3.607484,-2.333354,2.693242,0.969553,1.332503,-2.500517,0.882458,0.941474,-0.189029
-0.598777,2.154117,-2.126185,1.764806,0.964732,-0.661603,-0.442283,-0.310704,1.940873,0.616668
2.587907,1.647452,-0.528597,4.516830,-0.901667,-0.470566,2.304257,-0.782291,-1.047960,0.715773
-1.955236,1.401386,-0.673744,1.052930,-0.308363,-0.731235,-0.310440,-0.711726,-1.298874,0.908763
-1.596122,1.450472,-1.081628,-0.212161,0.247067,0.539724,0.372514,-1.990154,-0.584867,-0.506345
2.553061,0.037236,3.825438,-1.192551,-3.689502,-0.059283,-1.002843,2.154056,1.530239,0.313415
-3.504458,-2.295108,0.302710,0.956513,-1.886130,0.152484,-0.452182,-0.345248,1.043096,-0.036110
3.205038,4.078160,0.926992,-1.992903,1.768416,0.754526,0.941351,-0.434784,1.734161,0.573704
-2.579490,0.359523,-0.620153,2.338809,-0.650893,0.123935,0.967811,-0.570624,0.500030,0.994570
-1.638507,-1.398429,0.522245,2.361022,0.138812,-1.297818,2.879318,0.023690,-0.197754,0.389627
-0.206563,2.092381,-1.955739,1.757918,2.816581,0.049273,-2.624955,0.919635,1.268022,-0.786369
0.566343,0.584636,-2.779157,-0.018556,-0.772458,2.584752,0.039602,1.024120,-0.771593,-0.860565
-0.213952,-1.636801,-2.841546,-0.843388,-1.473513,0.513591,-0.527855,0.491643,-0.024168,-0.047501
-1.160402,1.918671,1.693466,1.740330,-1.126253,0.419253,-1.544326,-0.528331,-0.698721,-1.095394
-0.404425,0.965148,0.032978,1.556154,1.371560,2.341472,-0.218437,0.473765,0.766728,1.868637
-0.192743,-1.721699,1.335748,-0.636542,0.410607,0.495522,-0.866076,3.692334,-1.563361,-0.205335
-2.243587,-0.268993,1.800241,-0.761826,-0.995472,-0.205771,-0.905172,1.555044,0.637299,0.016880
4.500331,-0.769403,2.455180,0.352708,2.145176,0.728210,0.048021,0.597840,-1.868713,0.631329
-0.684047,2.989867,1.342130,0.166312,-1.146403,-0.246936,-0.097283,-0.379406,-1.143327,-0.595673
-2.141051,-0.609976,0.254711,-0.460072,-0.460287,0.533681,-0.090155,-1.289374,-1.839812,-0.592451
-0.455400,-1.635388,1.222798,-3.758152,-1.263572,-1.199413,-0.923406,-0.891016,-1.037424,0.992206
-1.184669,-1.735494,0.473994,-0.794046,2.052369,-0.866594,-0.308368,-0.519658,-0.913789,0.925975
0.517897,0.265391,3.239101,-2.146019,1.081637,1.889115,-0.337058,-2.230261,-0.218844,-1.087094
-2.816655,-0.352513,-0.896121,-0.638439,-0.614295,-2.521250,1.189190,-0.568288,-0.370780,1.520247
0.619024,4.516263,0.747521,-0.421380,1.371690,-0.456666,-1.177042,-1.755930,-1.246363,0.207495
-3.798026,-1.211205,-0.168643,0.300016,-2.048584,-0.105746,0.874990,-0.673743,0.230256,-0.134234
-1.178733,2.085765,-0.132801,0.601893,0.224048,-0.643250,-1.266510,-0.081034,-1.514675,0.772182
0.835811,3.550838,0.091735,-1.603215,-2.655691,1.205310,2.023109,1.357596,-0.424006,0.073858
0.181932,2.988169,3.840362,-0.393098,1.913655,0.527949,-0.881207,-2.000473,0.108540,-2.685422
5.745901,-1.711283,-1.879236,-0.365933,2.115561,1.552764,-0.674667,-0.763077,0.581336,-1.730329
0.188124,-1.383402,2.507353,0.401840,0.474260,2.295496,0.306911,3.395235,-3.142624,-0.144612
-0.002438,-2.025854,-2.868441,-0.757821,-0.555663,-1.981528,0.078565,0.545174,-0.167954,-1.146553
-2.886692,-0.888049,0.056007,-0.982027,-0.166696,0.800196,-0.493223,-1.584441,0.149312,-1.303244
2.810773,2.157668,0.413435,4.703567,-0.525239,0.129944,1.575388,-0.921766,-0.136083,-1.219576
-1.839254,-1.098260,0.277393,0.575847,-0.881667,-2.138292,-0.868064,0.892533,-0.537924,0.582199
2.716421,4.371275,-1.536432,-0.809917,0.086603,1.001960,0.523797,1.319789,0.580881,2.811239
-0.515985,-0.435424,1.764883,-0.713037,0.287006,0.343348,-1.933828,0.552182,-1.410548,-0.232363
-3.431283,-1.668972,0.454027,0.799855,-0.724426,2.156291,-1.732047,-0.257365,0.520868,-0.237790
-1.243534,2.449327,-0.013704,0.587589,-0.087167,0.417080,-1.827646,0.127763,-0.549421,0.220964
-1.855192,0.897179,1.195131,1.401588,-0.826654,-0.186421,-1.537144,1.000246,0.612972,-0.633373
1.308827,2.590168,-2.046968,1.474269,3.418257,-1.142849,0.227145,-0.340971,3.161232,0.466822
-3.178890,-0.757082,-0.410862,0.436112,-1.143310,-1.714791,1.007433,-1.092118,-1.060056,0.486381
-0.626171,4.242655,-0.959587,-1.692859,-0.506162,1.218540,1.507026,0.334502,-1.481732,0.071008
-3.306906,-0.406984,-0.658228,0.050785,-1.696601,-1.422975,1.229443,-1.284791,-0.679948,1.300899
-1.118159,-0.466225,1.154069,1.480449,0.919251,-2.443604,-0.715297,1.066404,0.026334,-0.923402
-0.593517,1.424988,0.744568,2.566139,0.605289,-0.725257,0.314339,-0.663736,-1.197279,-1.942340
-0.739305,2.269428,2.503242,0.313023,0.142732,-0.013605,-1.627039,-0.821014,-0.104712,-2.573123
1.657949,2.181065,-0.971547,0.492949,-0.648699,0.235233,0.055576,-1.594319,0.701166,2.921482
-1.421573,3.311898,-0.999873,-1.588215,0.431370,-0.603742,0.434237,-0.875928,-0.441667,0.130940
0.865119,1.617670,3.389617,-1.107690,0.950000,0.710279,-0.663613,-1.440418,-1.135957,-1.085867
-0.943095,1.999533,-3.086692,0.394427,-0.073177,-0.960166,-1.209336,0.690202,1.605971,1.348183
-0.970223,-0.523821,0.374753,-1.319187,-0.547379,-2.471203,0.372707,-1.977415,-0.231813,1.171011
-0.157432,-4.164451,0.213587,1.988457,0.561412,-0.906479,1.275203,0.912827,1.020757,0.661056
2.929678,-1.331413,4.901625,2.011901,1.206201,1.401341,-0.538177,0.459048,0.216115,1.915457
-2.015521,1.324994,-0.106510,1.769992,-0.483924,-0.693342,0.431148,0.909077,0.049564,0.353244
-0.110011,2.618613,-0.340947,1.987443,-1.799020,0.623477,-0.941725,0.357429,-1.463331,0.952482
-3.441300,-1.851786,0.368650,1.021137,-1.350619,1.601478,-1.418620,-0.188526,0.538019,-0.124573
-1.541480,-3.426215,-0.848571,2.197368,0.084970,-1.550605,1.995225,-0.494974,0.444187,0.312750
1.684387,4.215244,0.701679,-2.804507,-1.417786,2.218936,3.197034,2.142967,0.618276,-0.835889
5.688562,-0.660394,4.073160,-1.657905,-1.044057,-1.918839,-0.520620,0.037798,-0.069146,0.549412
-0.045627,-1.814240,-0.287963,-1.770967,1.828715,0.223077,1.618460,1.552802,-1.786876,-0.326256
-1.486432,1.020735,-0.405449,0.340489,-1.046251,1.630385,1.100496,1.471757,-1.829562,-1.364601
1.044240,-0.738421,-2.968147,-0.952348,-0.065699,0.711113,-2.340482,-0.857379,-0.356573,0.560445
-0.511202,1.847687,1.728582,-0.999239,-2.158924,-0.763500,0.497857,-0.083181,-0.185153,-1.111439
-2.463751,1.235429,-0.413593,-0.354838,-0.257899,0.672395,-0.565410,-1.091315,-0.038310,-1.006181
2.124287,-2.745579,-2.148748,-0.148160,0.841228,-0.377679,0.416411,2.299597,0.118322,-2.195141
-1.195788,-1.223796,-1.847301,-0.992976,1.286521,0.847769,-0.187866,0.088485,-0.600006,1.683050
0.032602,1.947387,-0.530621,1.826145,-0.167296,0.417417,-0.930054,-0.027726,-1.376722,0.557117
-0.959346,1.089680,2.014554,0.079833,-0.286922,0.434722,-0.477099,0.552713,1.484766,-1.112406
-0.081912,3.549997,1.952894,0.889909,-0.183977,-0.745471,-0.887510,-1.222106,-0.901747,-1.459006
2.680565,-1.320393,1.399115,0.896438,2.582811,-4.518394,0.380910,-1.004101,0.869685,-0.974732
-3.785977,-1.911019,0.256088,1.155385,-1.683655,-0.405375,0.301587,-0.935460,0.519312,-0.258017
1.788464,-0.550214,-2.853964,-1.867732,0.562683,-1.731588,-2.040791,-1.365777,-0.272268,-1.286493
-1.980729,-1.579882,1.778297,0.847031,1.470748,-0.669511,0.229216,1.568981,1.008418,0.262283
0.258589,3.661288,-0.252166,1.152835,0.082194,0.495918,-1.055008,-0.136829,-1.897008,0.390835
-0.322104,-1.173588,-1.225355,-0.394571,2.583949,4.042386,0.163756,-1.028022,0.298283,-0.100366
-0.298841,3.183960,-0.961363,-0.066513,0.069460,0.275608,-1.632323,-0.204209,-0.795503,-0.270496
-0.181664,-0.511045,2.579849,3.586336,1.728456,1.135819,-0.748652,1.269689,-0.676086,1.227878
-3.439121,-0.989473,-0.209100,0.111620,-1.483696,-1.459453,1.723641,-1.143612,-0.757478,0.156850
-3.263334,-2.693796,0.296087,0.895261,-1.611314,0.506705,-0.841326,-0.225836,1.076419,0.219116
-3.694033,-2.120520,0.346168,0.227480,-1.710311,-0.072282,0.510432,-0.814984,1.173856,-0.144061
5.783217,-0.712165,-2.375681,1.429226,-2.133246,0.931467,0.644804,-1.835245,-0.335864,0.043141
3.644128,1.500170,-0.900711,3.038055,-0.906358,2.122581,1.072205,1.444722,-0.125012,0.234159
-1.226655,0.094309,-0.562082,-1.261398,2.753354,1.222680,2.711299,-0.789510,-0.394436,-0.755828
-0.177435,2.914001,-1.204307,-2.072191,-0.016024,-0.706075,-0.685362,0.862725,0.956017,0.880411
-3.256638,-1.088213,-0.107718,0.562557,-1.554971,-1.528898,1.278703,-1.229626,-1.075510,0.285882
-1.499976,-1.511840,-1.663024,-0.201322,0.056492,-0.640482,-0.639295,-0.711827,0.428876,0.835204
0.291416,-1.880559,0.985760,-2.072034,-0.545766,-1.073891,-1.567829,0.019849,1.443335,1.087605
-3.078948,-2.827483,0.947901,0.010672,-0.217765,2.540877,-1.715816,0.157990,1.826730,0.229296
-0.978066,-0.897505,1.184146,0.700417,3.097217,2.007408,-0.580410,0.066813,1.376497,0.416633
2.955292,3.699324,0.340644,-0.628114,0.628771,0.251550,0.885421,-1.388096,0.446132,1.832891
-0.151119,0.856094,2.224207,1.416982,-0.601934,1.462716,-2.105941,-0.189280,-0.348885,0.845918
-0.496007,0.190646,-1.683120,-1.132111,1.498930,-0.395369,-0.028427,-0.138408,0.013571,0.597159
-1.418835,2.602211,0.722551,1.851504,-1.710589,0.228849,-0.843049,-0.258500,-1.123325,-0.414882
-1.032463,2.868827,-0.094552,1.430676,1.123767,0.890345,-2.352288,0.380049,-0.357025,0.974420
-1.736146,0.784395,1.449592,1.383397,-1.905693,-0.289773,-0.698997,1.165342,0.687399,0.535013
-2.664076,1.807292,0.246842,-0.672997,-1.443763,1.868761,1.121011,-0.341471,-0.409056,-0.905607
1.171073,0.357406,-3.449112,-1.580730,-0.158202,-1.141539,-1.371591,-0.597586,1.002951,-0.711610
5.880733,1.126267,1.034551,0.523009,-3.290021,1.079711,3.269214,0.613802,2.843577,1.077681
0.697082,1.233256,2.152159,0.215391,1.774526,1.014781,-1.551134,-1.520523,3.124593,-2.381518
-0.533571,0.379697,1.811995,1.022847,2.956728,-3.342722,0.657143,-0.234759,-1.171792,0.216161
-1.214741,-0.469612,-0.759616,-0.720510,-0.426379,0.865179,1.879239,0.625830,-1.824650,-0.817132
-0.855017,-0.499411,0.526619,-1.695202,-1.673406,-1.172321,-1.120132,2.076569,0.111305,-0.423053
-0.136059,0.617453,-2.324109,-0.407690,0.289429,-2.803071,1.217906,-1.231590,0.859395,1.387466
1.699636,3.574175,1.456396,-2.804812,-1.163783,2.096542,3.506816,1.805120,0.172627,-0.664200
1.664436,0.923022,3.207133,2.756395,-0.496422,-2.647670,0.810480,-0.091271,-0.299255,0.121612
-0.412771,-1.330873,-0.107493,1.172404,0.313366,-3.173046,0.346714,-0.618629,-0.118304,0.302178
0.241134,3.661529,-1.309326,-2.870687,0.891624,0.952661,3.455375,1.626793,-0.608237,0.833493
-3.162451,0.661905,0.443532,-1.690731,-0.148199,-1.254525,0.392292,-1.161613,1.671240,-0.235890
-0.501530,2.701082,0.994016,-1.315806,2.131600,1.889906,-0.052932,-1.169407,-0.112143,-1.700632
-1.306952,0.682124,2.890365,-1.329830,-0.064544,2.756870,0.981189,0.942796,-0.504774,-0.431085
-0.704772,-1.361324,-4.014989,0.140166,-0.523222,-1.153325,-0.439087,0.386551,1.752187,-1.821955
-2.829975,-0.655256,0.832377,-1.046194,0.322751,2.759164,0.948454,-1.004873,0.683539,-0.104114
0.094424,0.450451,0.126843,-1.535315,2.451091,-1.141499,0.002650,-1.854705,-1.244883,0.069112
2.311634,4.633381,0.041676,-2.378071,-1.506307,1.552833,3.110951,1.595991,0.653040,0.087368
1.229043,0.860803,1.407969,3.257980,2.781090,-2.971102,0.506153,-1.395350,-0.163006,-1.296228
-0.411806,2.041465,-0.100199,2.683247,-1.909175,1.256738,-1.272019,0.642899,-1.183391,0.797239
-1.310243,1.520170,2.746940,-0.270048,1.108523,-0.312339,-1.678080,-0.643696,1.105691,-3.138082
-0.840569,2.964522,-0.515011,-0.979699,2.045427,-0.289996,0.210840,-1.784973,-0.916586,1.032227
-2.835107,-0.204033,-0.623417,0.379650,-1.615780,-1.904357,0.908252,-0.317609,-1.492491,1.136964
-1.281402,-0.522821,1.926184,1.529773,-0.020076,1.208535,-0.887708,0.253079,-2.063230,0.786916
-1.110692,-0.077688,2.990395,-1.932945,0.514565,1.871246,0.936873,2.240126,1.578505,0.477487
-2.268121,1.179042,0.835291,-0.692165,-0.180224,-1.236013,0.372869,-0.346085,-1.559653,-0.950481
-1.338888,-1.803058,-1.618056,-0.982960,1.723547,-0.100018,0.832728,-1.146991,-0.278415,1.972513
-0.229027,-0.205339,-0.976058,-2.459351,-0.211643,-1.691929,-1.082279,-1.508862,-0.842774,1.961192
1.559857,-4.025742,-1.619851,0.142138,3.443433,0.569719,2.210742,-0.064498,2.057046,0.032696
-0.344283,-0.850924,-0.440278,1.360165,-1.559078,-1.694821,1.098232,0.581781,0.836553,-0.444897
-2.942669,-2.269357,0.689748,0.884118,-0.240573,2.187018,-2.447170,0.128965,0.981012,0.837439
-0.957557,2.278285,0.904265,-0.618121,0.633748,2.207850,-0.190139,-0.287389,0.437285,-1.787504
-1.614426,-2.942297,0.581790,2.690719,-0.179449,0.603310,0.503801,0.400133,0.432436,1.133089
0.774852,-0.303236,1.738609,-3.909633,1.775639,-0.809375,-1.037685,-0.911851,0.543598,1.779026
-3.909588,-1.658409,0.887099,0.314974,-0.754048,0.025134,1.524782,-0.180395,0.817590,0.070946
-1.621981,-0.875687,-2.260001,-0.181523,0.407832,-0.721113,0.588465,-1.153732,0.139275,1.269256
0.773609,-1.715118,-2.460638,0.508077,1.096944,-0.063566,-0.314439,-0.521700,0.671931,-1.923442
-2.986760,-0.530482,-0.369599,0.422917,-1.774816,-1.698690,0.342008,-1.252478,-0.986787,0.324160
-0.051658,-2.025018,1.634767,-2.048316,3.355420,0.960997,1.216446,-0.582166,-1.944785,1.096089
3.367980,-4.107272,0.586976,-0.483029,-0.891626,1.587676,-0.039853,2.256625,-1.411610,-0.226665
-2.309112,1.656048,-0.071530,-1.076005,-0.972544,-2.277076,0.148981,1.899476,0.335713,-0.427326
-1.481378,-0.624824,2.135175,0.458316,-0.846177,2.178971,0.257821,0.971926,0.332054,-0.092021
-2.796823,-1.680622,1.353177,0.462403,-0.552980,-1.339548,0.324278,0.040535,0.673888,0.859669
-0.763440,3.790520,0.869760,-1.302456,0.834163,-0.917990,-0.461266,0.263021,-0.120968,-0.131760
-0.197194,-0.415136,3.688150,-0.416378,-0.700374,0.552465,-1.568053,-0.001237,1.069960,-0.836962
-2.613771,-1.937625,0.398440,2.313966,-0.615128,0.180816,0.867577,-0.192690,-0.245408,0.123165
3.954424,-1.803243,-3.104622,-0.005932,2.379821,-0.377704,-1.398449,-1.807534,0.856563,-0.947586
-1.075751,1.380928,0.524534,-2.321792,1.472997,1.387258,0.928748,-1.356754,0.038060,-2.521658
-0.856165,2.310122,-1.314579,1.607559,-0.458461,0.984271,-2.248730,1.811104,-0.532334,1.467659
0.881281,-0.749180,1.359515,-3.502023,1.769451,1.115099,-0.477288,-0.845518,0.248453,1.366070
0.178471,0.052863,-0.246107,3.212404,2.380328,1.388314,1.694780,1.067983,0.523477,1.090276
0.745768,-3.595765,0.821549,1.051777,2.055023,2.560165,-0.402806,-0.309307,-0.468018,1.289925
-0.784410,3.957594,-1.272708,-2.358094,-0.217249,0.452487,3.176441,1.920505,-0.360626,0.945946
-1.365026,2.906993,-2.767051,-0.714608,-0.315958,-0.218819,1.377141,2.079241,0.912486,2.373448
1.574312,-1.312647,2.261220,1.784184,1.090479,-2.874896,-0.040288,-0.905816,1.117062,-0.576037
0.051888,-1.920841,4.420171,-1.692455,0.836380,1.025075,-0.603556,0.127867,0.675439,-0.394937
1.313276,3.259412,-1.949060,0.194198,0.304974,-0.583835,-1.005354,0.133390,-0.110692,1.268307
-2.084390,-1.097588,0.861179,-2.094515,0.564431,0.137194,-0.336571,-0.095700,0.470147,1.051961
2.045096,2.393410,0.785511,3.829303,-0.895293,-0.722697,0.783531,0.673432,-1.113142,-0.903460
3.514730,1.751525,-1.069968,2.675737,-1.426634,1.657031,0.841563,0.417755,0.690234,2.177752
0.739323,1.833229,3.195478,-1.866932,0.139753,3.245740,2.386587,1.139478,0.485575,-0.432766
2.322816,-1.026778,1.907576,-1.745079,3.152160,0.187991,-2.040125,-1.743369,-1.613466,0.577098
-2.325065,-0.871106,-1.081322,0.804743,-1.047979,1.674467,-0.298826,0.037001,-1.679200,-1.162232
-0.819472,0.615841,-0.095035,1.973820,-0.639043,-1.678835,0.132552,-0.621249,-1.981170,-1.746631
0.897968,-0.330176,1.059716,2.059551,2.562011,1.036961,-1.844603,-1.241544,-0.514264,1.147138
1.298746,-0.561020,-0.494879,0.939628,-0.485497,0.470668,-1.403136,1.834949,-2.331709,0.044237
-1.351512,2.504000,-1.298171,-1.728020,-0.525559,-0.724464,0.628408,0.359559,-0.019386,-0.026777
-1.390682,3.063067,-2.379823,-1.296357,-0.090135,0.348934,2.040124,2.094040,-1.257493,1.658725
0.604416,1.295767,-2.897063,0.820208,-2.180401,-1.495085,-0.043913,1.516469,0.669636,-0.429334
1.559596,-1.310941,-0.463634,-2.439569,-0.008369,0.935992,-2.175630,0.751863,0.168818,-0.090807
-3.671693,-2.620824,0.633392,0.436374,-0.738588,1.391174,-0.360502,-0.464644,1.506645,-0.093279
-0.761023,-2.383443,-1.039920,2.151903,-0.231521,-1.377707,0.556689,0.966646,1.267547,0.313746
3.016825,-0.174475,4.217506,-0.774484,-2.953938,-0.242301,-0.640988,2.473067,2.502254,-0.099478
-0.896341,0.283539,3.247417,-1.278689,0.536825,3.581708,0.117413,0.087176,0.462391,0.291851
-0.032806,-1.397321,-3.370883,-0.121344,1.692490,-1.092843,2.610971,-0.273539,1.738541,-0.475081
-2.576225,0.614491,-0.772718,0.389199,0.279373,-0.723727,2.017617,-0.417600,0.662677,3.337800
-1.127733,-3.539508,-1.026832,0.224376,-0.340717,0.737011,-1.484658,-0.037086,-0.764639,0.480611
-0.985209,1.904253,1.041019,-1.864132,1.491407,1.259468,-0.179141,-2.398408,-1.162669,-2.092538
-3.429565,-0.417867,-0.650015,0.405466,-1.890560,-1.170529,0.885962,-0.672627,-1.052998,0.814167
3.579442,-1.106114,1.364494,-2.579702,-2.197811,-0.282325,-2.223981,2.670421,2.253313,-0.775438
0.400535,-1.872812,-0.659004,-0.588877,-4.224814,1.629414,-0.953602,0.692459,1.275420,0.919762
-3.778457,-2.609410,0.718346,-0.406935,-0.628170,1.296046,0.465916,-0.546450,1.973756,-0.307348
-0.348708,2.055055,3.119954,0.472124,0.192027,-0.004006,-1.642411,-1.271052,0.737367,-2.876431
-2.595299,-2.425236,2.066999,0.230538,1.681299,3.507894,-2.040660,0.231876,1.487652,0.192328
-3.071253,-3.404044,1.545115,0.097843,0.710641,1.569704,-0.723290,0.149048,2.651178,0.647053
-2.017098,-0.122837,2.693429,1.791145,2.549016,-1.975724,0.844754,1.383210,0.952203,0.351546
-3.068705,-0.816275,-0.166519,0.720504,-1.944045,-1.605910,0.330798,-1.060826,-1.106463,0.110816
-0.142521,2.597216,1.140373,2.251195,-0.868664,0.555018,-0.288690,0.070057,0.765019,0.468955
1.333911,-0.787421,1.508867,-3.492555,1.327418,0.247876,-1.900348,1.685552,-0.510753,0.795355
-2.075370,0.713735,0.337190,0.315763,-0.055992,-1.802916,-0.900891,-0.616328,0.911071,-1.141323
0.061596,-1.355520,1.086715,-2.664627,0.111265,-1.998779,0.131321,-2.230093,-1.546903,1.044359
-2.418691,1.191309,0.079952,-0.824881,-0.558102,-1.141987,0.716981,-0.517226,-1.128520,-1.194735
-3.723544,-1.859035,0.190728,0.665584,-1.881485,-0.467117,0.982067,-0.978611,0.175904,-0.464539
-2.842482,-0.670632,1.394696,-1.331022,-0.688159,0.159619,1.111641,-1.574219,0.433515,-0.681635
0.184166,2.851891,0.414664,-0.943456,1.703676,1.341667,-0.168281,-1.532718,1.278018,-3.247641
-0.419387,1.767829,2.061532,0.198220,1.388971,1.020381,-2.497675,-1.924464,0.955553,-2.411508
1.136638,0.579340,2.041333,-3.154880,1.321126,2.209662,-0.182712,-1.707757,-1.121008,0.870570
0.179638,3.902078,-0.244491,-1.286939,-0.066145,0.236711,-0.673362,-0.096851,-0.572620,-0.031902
-3.706727,-1.399154,0.146739,0.615231,-2.346078,-0.515206,0.456559,-0.592619,0.085909,-0.213062
0.884735,-1.137463,2.506393,2.258026,0.691109,1.699694,-1.818441,-0.105140,-1.897983,2.058338
1.300451,2.782885,1.140765,0.064814,0.848785,1.447996,-1.148171,-0.121877,0.349763,2.458533
-0.585985,1.618715,2.318852,-1.465520,-0.421575,2.333776,0.627419,-1.301277,-1.215456,-1.587646
0.610851,3.781089,-0.861217,-0.661616,1.325880,1.669341,-0.023347,-0.196209,-0.345308,2.151293
-2.979067,-2.511447,0.361479,1.101453,-1.047008,1.300803,-1.834659,0.229882,1.035034,0.723111
-0.807995,0.160927,-2.496298,1.689753,-0.534285,-0.793185,-1.847085,-0.468159,-1.658682,1.223393
-1.948687,-1.074859,-1.805675,0.086106,0.814960,-0.600684,0.127389,-1.380747,0.612657,1.323488
0.903829,2.988477,-2.474154,2.255723,0.476396,1.458451,-2.419203,2.226999,1.426906,-0.000119
-3.732947,-1.213417,0.249979,-0.701838,-0.524845,-1.322244,2.367158,-1.266134,0.828488,0.217194
5.028992,-0.948991,-0.116296,0.831136,-2.418537,-0.487642,-0.271073,-0.879106,-1.763475,0.027575
0.312386,-0.171780,-2.036523,-0.157393,1.279681,1.818643,-1.757068,0.071194,-0.431467,-2.348348
1.411689,-0.173715,-2.758822,-0.250484,-1.389871,0.351057,-2.178395,-1.468039,0.780748,-1.275450
0.991666,1.112800,2.253455,2.915422,1.707016,-3.051104,1.242802,-1.273316,-1.085305,-1.051480
-1.409362,1.400470,1.839513,-2.313657,0.742947,2.514471,1.525822,-0.685856,1.148748,-2.304749
1.316114,3.298773,1.904100,1.873993,-1.304237,-1.103271,-0.959951,-0.264244,-0.971402,0.055021
0.871836,3.195861,-1.578021,1.128173,0.237039,0.513976,-2.725250,0.691726,-0.116822,1.308632
-1.589211,-0.782322,2.237878,0.885638,0.567996,-2.655699,1.230687,0.579372,-0.801617,1.361145
-1.913398,0.446781,-0.280671,-0.437532,0.259776,0.687156,-0.089235,-1.717865,-0.865996,-0.282452
-1.640160,-1.222452,0.689738,0.174416,-0.188963,-2.764249,-0.488160,1.085129,-0.032850,0.997026
0.489642,-1.946708,-2.606389,0.571925,-0.714374,-1.348633,-0.157991,0.292370,-1.035403,-2.018926
2.220219,4.005066,1.673646,2.402062,-0.343001,0.805368,0.030872,-0.488446,-1.032766,0.746227
0.962590,1.385820,-0.881204,2.380411,2.133854,2.513316,-1.877870,-1.200348,0.153556,-0.390409
-0.205585,-1.558564,-4.264242,-0.161717,0.481948,0.939850,2.398777,-0.214419,1.445536,0.292410
-0.516990,0.478134,-0.391809,-3.563802,-0.358973,-1.076767,0.209332,-2.499094,-0.039201,1.488568
-1.785786,1.848965,0.908016,-1.033720,-1.103031,3.493453,0.986853,-0.320758,0.647922,-1.238432
0.496304,0.009330,0.215819,3.248661,1.908929,-2.278473,0.569926,-1.638793,-0.968617,-1.104944
0.715450,0.657250,3.107631,-2.085279,1.969258,0.894827,-1.517786,-1.959517,-0.412250,0.515857
-1.798039,-1.235322,2.177176,-0.053809,-1.814947,-0.339052,0.104126,0.809239,0.970841,-1.562601
-0.547204,1.800440,2.736847,-0.627377,-1.148101,2.468912,1.211230,0.756367,-0.195698,-0.393100
-3.277760,-0.985440,-0.349590,0.009680,-1.378447,-1.678093,1.747948,-0.812979,-0.927909,1.065900
-2.303443,0.063616,0.881587,1.568162,-1.058884,-0.691334,-1.751953,-0.593472,0.302815,-0.196969
-3.220246,0.502336,0.891011,-0.464853,0.307496,0.085176,-0.367339,0.009615,0.232680,-1.115130
3.908936,-0.769602,2.033325,-1.741462,-0.046775,-2.403873,-0.462027,1.147325,0.055270,-0.228822
3.538563,-1.073372,1.051522,-1.753359,-0.725529,-1.384413,-1.703595,1.943313,-0.206613,-0.129166
0.879926,-1.993709,2.659828,-0.577387,2.040045,-3.060064,-1.051425,0.436765,2.079326,1.206413
-0.181318,-1.095652,3.116437,-2.846472,-0.095066,0.574261,-0.759469,-0.559877,0.622428,0.023552
1.019314,1.927836,-1.983687,1.019229,-3.004443,-0.781525,-0.460404,1.845545,0.595641,0.334624
-0.079887,-1.258472,0.940222,2.288486,1.134680,2.335368,-1.556538,-0.026535,-1.917171,0.796267
3.007705,-0.955761,2.299613,-1.513481,-4.155960,-1.486620,-1.135740,0.444014,1.545478,0.586971
0.921675,-3.034964,0.757131,1.786545,3.501202,0.570316,3.723109,0.884380,1.205689,1.267645
-0.605944,1.695298,1.372944,-1.257336,0.303446,1.597521,-0.750543,-1.723822,-0.402674,-1.911969
-1.483170,1.029788,2.033855,1.249216,0.038736,-2.623668,0.170020,1.690721,-0.488041,0.415874
2.068239,3.714046,1.455906,-0.604562,-0.437634,0.566610,0.575714,-0.185166,0.275933,0.298598
-1.442170,1.423233,2.518659,-0.283879,1.133209,1.226035,-1.869058,-1.762983,1.091307,-2.260604
5.500759,-1.256653,0.211756,0.295318,-3.547779,1.361183,0.415973,-2.657531,-0.234422,1.225417
0.831290,0.158514,2.810602,1.333238,0.612313,1.890398,-1.832074,0.432022,0.361226,2.655892
-3.500133,-0.679269,-0.354648,0.046001,-1.057038,-1.449515,1.797101,-0.347981,-0.486684,1.200729
-1.723669,2.360329,1.546351,-0.148677,-0.072920,-0.401559,-1.767289,-0.614921,-0.859568,-2.022404
-1.932598,1.884088,-0.552848,-0.412466,0.296800,0.792056,-0.934664,-0.617132,-1.544565,-1.603621
0.853627,-1.494718,-4.144098,-0.116158,1.156742,0.081259,3.239441,0.749021,2.485233,-1.130310
-0.877584,2.857553,-0.582428,-0.344930,-2.561961,-0.073958,0.820086,2.196590,-1.234488,0.288134
1.838151,-0.166862,-1.612831,-1.001217,2.014783,0.207884,0.149481,1.027597,0.676033,0.670878
-3.443981,-3.116452,0.754462,0.615803,-0.632640,1.120930,-0.471437,-0.283481,1.863941,0.443724
-1.455847,-0.014671,2.139564,2.357805,1.810501,0.842606,-0.670052,1.012199,-0.215393,0.291016
-0.777084,3.456901,-0.680477,-0.664652,1.554362,0.663083,-1.125786,-0.596150,-0.797146,-1.412852
-1.126727,2.836179,-0.209883,-1.087771,-1.964400,-0.619278,0.182136,0.904784,-1.165169,-0.743089
2.006788,4.676630,0.929249,1.559311,0.420275,0.592168,-1.216092,-0.402750,-0.579406,0.796772
0.444238,-4.119573,0.950464,1.850406,0.510761,0.775085,-0.917640,1.225376,-0.386851,0.726674
2.035048,-2.393229,0.559460,1.007895,3.487230,2.769734,2.976410,2.334252,-2.053651,0.159883
4.029365,-0.792273,0.325445,-0.231263,-3.134736,1.412517,3.685249,-0.003711,1.641299,2.380442
-0.731347,1.434258,-2.211092,1.279972,-0.065196,0.064274,1.141213,1.840212,-0.821467,0.975501
6.060213,-0.779202,2.381482,-3.237933,-3.422183,-0.062116,-0.277176,0.475074,1.675219,0.918705
0.228708,-2.452613,-3.036602,0.930953,0.361224,-1.464161,1.587050,0.496712,1.872027,-2.992756
0.436600,3.521929,-2.394918,-0.606312,-0.721366,0.007051,1.018757,3.217805,-0.350027,1.979171
-1.310463,-0.162616,-0.867290,1.274789,4.051137,0.485601,1.521995,0.887414,0.172829,0.073121
1.507577,-2.382197,1.042659,1.968818,1.394590,-3.927096,2.169593,-0.697035,1.730381,0.648571
-0.343589,-1.896544,-4.034721,-0.962431,0.807868,1.007561,-0.990772,1.414690,-0.403752,-0.604511
-1.175502,-0.307311,1.715209,0.207801,-1.726814,-1.317904,0.558406,0.361256,0.060185,-0.539733
0.163475,4.091829,1.744950,-2.275287,0.152579,-0.091131,0.204029,-0.531748,0.307224,-1.065636
-3.756831,-1.783831,0.149050,0.452744,-1.701627,0.960701,-0.271106,-0.341562,1.022674,-0.217537
0.320835,-1.819469,1.871511,-0.553328,1.897549,-2.548571,-1.371213,0.515491,0.914527,0.992186
3.022469,-0.460285,-0.675049,1.536969,2.849994,-1.917321,-0.498472,-3.011359,1.091703,-0.085380
-0.687293,2.464151,2.454096,-1.611684,0.451607,0.426738,-0.756098,-0.034593,-0.142488,-2.249770
2.799568,0.217485,0.119372,-0.672158,-1.617898,-0.656444,-1.204669,0.333385,-2.001495,0.075515
-0.315100,-1.015312,1.425835,0.845929,-0.237356,-3.261989,0.390137,0.157207,-0.969077,1.001641
-1.813316,2.364481,-0.942060,-0.810640,-0.624921,-1.154235,0.479381,1.596812,-1.126490,-0.776256
-0.284488,1.471182,-2.199729,-2.617845,-0.437089,-1.662272,0.327932,-0.250174,-0.120715,0.968042
6.034219,-2.118407,-0.564517,-0.177874,-3.419300,0.992933,-0.090346,-3.005929,-0.943503,0.762884
0.404887,-1.792888,2.567827,0.492666,0.813063,-2.602410,0.047014,0.586411,0.092815,1.762395
-3.087538,-0.639053,-0.913859,0.500522,-2.048601,-1.648383,0.581804,-0.525010,-1.071434,0.947886
2.755774,-0.525230,1.237219,2.064672,3.526964,3.583832,0.851774,0.233446,-2.109709,2.437892
-0.403832,2.592655,-0.094772,-0.997090,-1.605847,-0.710158,-1.198760,-1.441024,1.147949,1.568475
-1.463700,1.639579,-2.695772,-1.067460,-0.075340,0.234433,1.997637,1.300090,-1.606737,1.803750
-0.626501,1.787160,1.963241,-2.540472,0.645483,1.674186,1.200093,-0.016355,3.235301,-2.253515
0.478793,-2.511559,-0.604206,2.377735,0.555429,-1.835134,1.980428,-0.200828,0.722227,0.596820
0.049747,-0.522091,-2.172421,-0.558442,0.754294,0.628377,-2.085888,-1.773417,0.102159,0.621308
-1.124774,-1.382896,-0.293061,-0.348880,0.144185,-1.115981,-0.861339,-0.051256,-1.253282,0.479380
-0.849025,3.572190,-0.169517,-1.781612,-1.320119,1.316131,1.496800,1.539505,-1.859680,0.219225
0.194993,3.840528,1.293755,-0.970373,-2.659182,1.409237,1.078549,0.128184,0.124324,-1.855528
0.620390,1.882500,0.693999,-0.205223,-0.303396,0.853874,0.529993,-0.263875,0.034979,2.355214
-3.686036,-2.096900,1.293647,-0.226308,-0.608008,1.923578,0.271009,-0.398548,1.772684,-0.134448
2.815920,-0.505731,1.640508,-1.967112,-1.822240,-1.775733,-1.548159,2.105151,0.471798,0.036395
1.604415,-1.270764,2.228037,3.694236,3.226883,1.506090,0.228765,0.695710,-2.120671,0.263949
6.988894,-1.685198,-1.594095,-1.128778,-3.754920,2.946498,0.655338,-1.645610,0.580692,1.744691
-1.043329,1.082740,-2.167048,-0.461349,-1.211171,-0.923512,-0.677307,-0.691704,-0.378212,1.023518
-2.961068,-2.511496,0.990741,0.613211,0.317174,2.663641,-2.300716,0.110480,1.178696,0.506184
3.761629,-0.202896,-2.619220,1.143208,-0.980443,-1.997477,1.060815,-1.833348,0.552387,-0.561353
-1.216338,0.418443,1.299008,1.799210,-0.841683,-0.736876,-0.482195,-0.659601,1.122202,0.958081
-2.748299,0.698173,0.044264,0.184164,-1.449857,1.718570,0.112202,-0.283111,-1.151251,-1.120693
-0.062155,2.915208,0.829855,0.376647,0.298041,1.087816,-1.187564,-0.241615,0.578774,-1.731858
-0.926207,3.168051,0.730891,-1.000685,-2.186622,-0.168868,0.884733,1.558135,-0.188745,-1.684265
-2.958586,-0.896385,-0.312752,0.527488,-1.328008,-1.895783,0.954444,-1.168820,-0.946492,0.666543
0.846638,-1.877613,0.137949,1.821868,-1.359429,-0.397318,0.446900,2.444010,-0.334272,0.083808
1.652586,1.590823,-1.186723,-1.030317,-0.764165,-0.541234,-0.018099,-0.714055,1.305705,0.877129
-0.049522,2.951797,1.633428,-1.134773,0.357288,0.071040,-1.040574,-1.109122,-0.443010,-3.861170
1.396026,-0.594334,-0.295702,2.630608,2.510619,-2.689103,0.253165,-1.770570,-0.381267,-2.072685
-2.330766,-0.692262,0.982230,1.202347,-0.719129,-1.763418,-0.693200,0.670076,-0.044984,1.202822
0.720611,2.984744,-0.587492,3.712863,0.575919,0.593376,1.396981,1.397491,2.184356,0.162635
-1.098579,1.739788,-2.088128,1.649886,0.364815,0.497833,-0.633063,-0.185922,-0.376428,0.625557
1.052861,-4.212523,-3.305280,0.067458,3.641114,0.540893,0.931445,1.118895,1.580115,-1.156483
5.929563,-1.245113,-1.369553,-0.146433,-3.778398,3.538614,1.839015,-0.223243,1.339896,1.875214
