Theta=[
2.066248546
1.246365456
1.955862664
2.653578712
1.182064284
2.005870139
2.349774535
0.517157560
3.788908471
1.630171823
2.306401698
6.253564705
0.482706035
1.002972762
2.125053495
3.722142770
1.611841579
0.525357979
1.827799822
0.162521595
2.762603709
1.472572061
1.647620955
0.701538124
0.547853900
0.903346008
3.554129475
3.217730288
1.691508435
1.881417059
0.875497124
1.306439271
4.673331300
2.453286322
2.822797046
5.597173739
5.523532141
5.447248677
5.891570664
0.459579216
1.065384400
0.950778968
0.771813602
1.410124423
1.450037380
2.035101044
0.539997689
2.223268777
3.476958786
1.655892389
0.719342597
1.229759153
2.024058993
1.312546945
0.720848518
3.586857729
2.940282122
0.774047921
2.453595464
0.794673023
1.162255394
0.925794796
1.383222872
1.905998870
1.093742758
2.248869394
2.384678338
1.450567852
1.951500166
0.520647751
3.206658843
3.562696749
1.417840658
1.897108019
0.906029011
0.555950608
0.758280083
0.991731496
4.017287340
0.332648377
1.032219137
1.052593295
1.878092197
0.752625822
0.527573388
0.510954651
1.461293680
1.056786268
2.089314314
2.928187651];

Phi=[
1.451012574
2.452170806
1.582746059
2.939949006
2.245901646
5.249984920
5.033677200
6.236414617
0.275594238
1.250936157
5.529408092
3.344326584
4.776563369
0.714470391
6.027746989
3.806243452
2.774308100
0.837042330
3.757981569
6.029167253
2.390341937
2.421965427
2.014898414
0.705486841
5.910768849
3.527921069
2.909274895
2.489164717
0.574113605
3.659440116
3.021552270
4.371648369
3.070905309
5.101930485
4.735189939
4.606073298
5.644054693
0.461034457
6.143660572
1.931775532
2.046043231
4.504340877
0.703667573
2.245701060
0.314494866
2.244977483
4.976749531
5.175410400
2.058327971
4.287649091
3.239476148
3.536642156
4.430201752
3.662618122
0.007067490
5.031521796
3.833739205
5.017204545
6.193693847
3.241681647
4.774403405
2.487343229
4.198165982
5.639098178
1.870789163
1.723236530
2.370727983
3.680158423
5.733217900
3.631771330
0.625184912
3.396435278
5.145464907
5.223895659
6.048014427
6.282177205
3.664652104
4.628825083
4.755429062
1.071702879
0.748141257
1.793387952
3.576847098
2.493477692
4.331866812
6.079573226
0.971347556
1.630641041
2.884236331
5.809736828];