-49.31515, -48.09949, -42.31733, -38.67824, -49.47663, -42.03496, -42.40848, -39.86929, -50.97648, -45.81657
-72.49357, -53.15982, -59.09902, -50.33207, -50.11486, -56.44611, -52.88644, -55.96774, -37.19286, -43.47355
-49.54232, -51.26712, -38.66116, -43.30012, -52.06111, -46.46609, -47.83270, -50.68161, -47.52705, -40.10804
-56.25881, -58.58897, -50.35898, -41.80768, -45.10327, -40.88724, -42.81730, -48.34396, -45.99599, -42.40026
-62.49563, -51.45037, -57.44957, -46.80049, -53.04922, -48.62566, -46.46612, -54.18874, -38.43111, -47.33688
-49.62718, -53.17991, -45.96749, -37.14913, -36.02575, -36.87917, -33.26620, -41.86399, -35.71194, -35.34158
-58.83601, -53.36412, -56.06043, -46.94209, -50.81450, -43.80644, -48.41784, -48.92489, -44.64601, -49.68826
-43.05608, -46.02882, -51.20319, -41.38440, -33.88796, -29.84708, -39.59055, -36.19803, -35.80460, -36.43278
-64.09982, -58.88058, -48.12823, -41.20362, -57.09249, -48.75714, -39.26344, -49.58559, -47.03083, -52.49790
-63.53134, -59.15305, -44.66977, -44.04337, -52.91046, -48.00721, -51.22580, -53.94934, -39.77557, -38.99164
-48.08542, -50.73666, -43.66224, -40.29255, -46.35949, -44.53958, -48.69349, -49.61239, -56.97650, -46.00201
-60.82761, -59.55081, -52.51876, -47.06280, -57.41139, -53.20904, -45.08252, -44.48076, -53.45654, -59.71384
-51.34909, -54.74328, -54.71596, -49.47147, -58.65788, -46.91063, -43.60646, -42.10272, -65.12470, -45.73709
-54.79605, -56.61218, -62.69517, -52.58580, -46.69855, -41.32965, -54.26236, -45.51396, -49.16479, -48.60849
-58.52868, -59.13486, -49.86081, -46.26517, -46.07475, -40.99874, -49.61700, -49.42114, -32.97974, -34.34947
-77.49997, -53.43384, -59.78941, -50.22958, -55.17375, -56.17089, -50.75734, -67.40539, -41.38456, -44.23031
-66.78554, -61.94835, -50.60335, -42.18489, -58.94486, -48.00741, -44.34400, -50.21431, -52.85354, -50.28705
-60.64352, -57.62124, -57.28062, -50.37702, -55.50229, -45.41679, -46.48389, -45.25995, -54.87822, -55.41353
-53.17850, -56.41844, -50.53382, -44.45136, -40.15617, -36.94836, -41.88413, -44.81696, -34.92433, -32.74064
-52.25291, -54.35133, -41.70801, -46.66921, -59.97652, -57.51182, -50.92483, -48.46829, -54.50667, -51.30942
-58.55186, -51.78526, -47.57053, -47.78615, -41.61908, -39.14967, -60.55490, -46.13886, -43.65983, -41.78942
-52.12799, -58.15903, -50.83129, -41.67650, -40.01209, -38.70433, -42.26861, -49.11404, -39.22129, -41.81656
-52.02061, -58.22406, -56.05270, -46.29631, -40.38716, -39.73627, -48.92305, -46.53782, -43.82634, -42.57309
-54.28179, -53.80868, -39.11803, -39.61323, -48.21862, -45.67537, -49.11926, -46.88969, -55.86264, -53.32590
-48.43243, -49.76334, -54.53662, -46.71679, -43.11945, -35.82451, -44.58934, -39.47107, -45.60451, -55.18168
-56.22026, -57.02395, -46.85893, -52.69390, -57.10142, -49.89165, -60.71846, -53.75944, -45.15810, -46.87186
-66.12781, -50.38045, -63.21166, -57.34577, -51.88107, -52.45972, -69.38370, -59.71547, -36.81180, -42.30573
-57.74020, -50.63103, -66.42447, -54.18362, -49.15973, -43.02910, -47.93907, -47.85385, -36.45942, -39.27783
-43.30406, -45.74075, -35.59418, -41.42662, -35.87757, -32.79870, -46.96182, -42.28899, -27.27983, -25.84168
-47.67293, -51.41159, -53.37727, -44.59016, -37.78449, -34.35176, -39.19053, -41.41494, -38.47814, -37.07001
-62.81445, -53.17495, -42.29329, -38.70968, -49.79258, -41.48455, -39.73523, -47.04269, -35.70310, -35.78786
-64.19410, -58.34566, -52.72746, -49.79919, -59.61880, -47.37281, -45.25944, -50.59889, -43.41655, -44.12690
-48.21423, -49.16125, -49.90548, -46.35840, -51.98089, -37.30964, -45.88066, -39.61136, -46.09886, -44.54416
-48.75096, -51.39747, -46.20201, -37.60225, -42.80667, -36.73961, -47.62002, -42.44087, -43.96996, -41.82229
-59.29832, -51.68340, -58.04375, -48.38680, -47.70673, -43.25975, -46.04218, -50.08873, -39.06256, -40.97779
-49.41420, -53.33231, -44.00996, -45.00871, -52.96804, -64.11949, -49.88659, -42.68837, -53.16794, -49.68830
-46.84556, -50.71123, -40.63290, -50.33285, -43.76174, -42.16449, -54.04900, -42.01294, -39.41238, -35.21211
-52.28188, -51.95733, -51.01768, -43.27639, -54.60227, -41.99239, -39.60966, -40.99899, -59.50023, -40.99450
-53.21905, -51.38943, -43.66314, -44.90161, -64.07445, -51.15240, -42.35462, -41.69981, -57.43019, -48.83245
-46.14153, -45.37176, -35.82862, -42.45245, -46.03797, -39.49586, -49.74229, -44.92097, -34.14941, -34.85397
-52.48721, -52.95993, -52.61786, -44.23006, -43.06896, -41.02778, -37.74350, -38.71704, -42.18572, -44.79480
-55.03876, -57.45909, -51.55843, -42.81151, -52.31522, -41.33370, -45.50846, -46.53521, -39.54591, -47.78189
-49.69071, -50.84026, -52.16872, -43.73391, -43.28107, -36.76243, -40.77887, -41.62233, -43.69238, -40.72746
-51.28959, -52.77082, -49.84360, -37.57437, -50.75685, -41.71299, -40.87351, -45.98764, -51.82403, -44.16285
-59.72340, -63.28395, -55.52308, -48.94253, -49.72370, -46.83778, -42.55369, -55.70355, -38.43243, -39.28111
-55.87789, -51.89047, -38.07329, -38.81937, -51.77492, -44.80386, -50.04877, -48.39059, -38.71352, -40.31759
-54.75484, -58.71475, -54.56738, -45.86807, -41.43748, -43.95980, -39.49055, -43.96819, -39.07678, -40.32012
-46.35261, -50.16748, -37.70528, -43.31621, -50.90673, -46.95942, -64.72248, -42.58670, -44.86205, -41.54505
-54.89795, -57.69783, -55.85391, -47.81469, -44.32615, -40.58234, -44.06951, -46.89820, -40.30040, -39.27820
-51.93075, -55.27834, -57.83934, -49.95237, -41.45734, -37.82678, -44.41895, -44.68626, -39.83580, -37.90647
-63.89113, -52.94164, -53.05376, -43.69744, -45.79096, -48.30790, -57.33808, -50.23082, -33.20251, -43.47725
-53.42414, -65.05463, -55.93842, -46.31308, -40.47397, -41.69754, -47.83057, -51.47116, -41.67677, -39.80602
-57.10028, -55.35739, -49.90140, -45.91158, -50.52038, -45.33341, -56.39166, -46.61488, -59.16172, -49.50102
-55.72167, -50.05014, -45.78257, -45.09112, -44.87403, -40.61587, -43.65206, -45.48843, -40.05343, -37.74579
-48.88905, -53.67723, -59.57822, -48.60634, -38.39647, -36.83118, -46.19370, -43.11875, -43.97176, -40.92630
-64.17622, -69.62410, -70.05026, -65.44848, -53.80061, -52.01907, -55.59259, -58.27441, -43.60117, -41.95866
-41.81466, -45.07063, -34.09626, -42.68296, -44.27308, -40.83831, -56.65454, -36.33301, -40.51082, -35.16730
-52.99584, -58.33907, -50.75848, -42.96456, -44.99641, -43.54714, -49.82151, -44.52628, -43.36859, -56.90954
-53.80181, -59.63333, -50.07344, -42.28468, -40.77414, -41.56709, -37.41979, -47.53460, -34.15442, -36.28874
-54.53227, -57.12582, -49.39353, -40.90870, -43.04744, -40.17135, -38.60029, -49.22664, -44.38102, -42.80521
-48.72730, -54.02179, -47.65231, -49.34387, -52.95375, -50.85081, -46.01193, -42.47437, -48.34398, -49.58284
-59.27621, -53.65204, -40.68990, -40.64287, -48.60717, -41.24333, -65.18243, -45.18651, -43.75975, -39.52029
-52.87955, -53.46885, -64.15232, -54.09739, -42.44104, -38.98745, -50.82442, -48.86602, -33.86841, -39.59577
-51.04958, -51.99605, -54.06594, -49.43157, -39.33221, -36.96680, -48.92819, -42.40901, -42.54160, -40.24044
-56.49312, -52.28997, -67.96744, -52.93444, -45.52497, -45.75673, -45.46201, -56.28833, -40.92238, -49.14681
-56.86066, -62.51027, -44.03685, -42.61341, -63.82915, -64.03861, -44.61463, -52.02509, -60.74030, -47.71394
-51.83554, -54.91057, -45.06848, -53.15751, -43.36046, -42.54466, -52.59229, -40.55156, -37.53437, -35.76663
-43.22559, -47.65855, -36.40773, -43.64162, -37.96903, -36.91214, -48.77313, -38.35075, -34.28523, -29.29355
-60.36510, -58.65797, -58.06585, -58.43578, -47.30243, -44.63417, -59.10484, -51.29666, -49.78099, -47.75664
-46.45600, -49.26368, -54.71848, -45.25691, -37.88799, -33.76025, -38.70858, -40.05381, -40.41524, -39.64534
-43.06714, -46.53899, -37.10266, -45.00930, -36.30127, -35.14980, -45.39639, -40.19102, -30.41741, -27.38502
-56.21872, -53.04628, -51.73223, -42.79608, -45.26456, -40.89632, -41.30315, -50.15787, -30.82946, -37.15887
-55.59057, -59.63155, -57.28244, -54.05338, -56.78052, -55.01115, -50.72588, -44.26121, -70.60493, -53.37249
-44.71593, -48.63306, -39.11228, -51.35363, -40.15486, -39.18632, -49.71904, -38.02432, -37.80741, -32.11998
-54.17956, -58.44100, -52.29370, -44.12104, -41.11171, -42.17352, -38.49551, -43.74783, -37.38626, -38.77456
-48.33437, -52.00316, -53.53574, -43.39420, -38.03396, -36.87873, -38.14681, -39.56048, -38.73644, -40.11123
-48.50108, -49.96364, -49.54770, -41.30918, -41.31406, -35.72836, -37.77720, -40.35639, -40.14763, -40.46875
-53.71647, -54.61057, -57.50431, -54.65960, -49.30884, -44.10906, -38.90888, -47.28317, -47.19090, -49.86590
-53.32666, -51.93961, -47.99907, -51.85296, -51.92429, -42.01221, -60.77279, -40.50802, -48.33300, -44.41536
-52.49149, -57.73401, -52.95163, -43.13017, -51.95713, -55.37439, -40.36121, -36.14427, -43.78021, -47.36483
-54.17174, -53.91009, -53.60172, -47.46774, -50.27455, -43.16240, -38.05805, -45.16371, -44.56234, -55.57541
-52.53948, -54.64310, -57.06835, -53.38184, -46.75848, -41.73013, -42.42581, -46.28437, -45.03620, -46.72320
-54.28959, -56.13031, -48.43947, -39.84232, -43.21032, -39.36141, -39.52743, -46.45620, -44.37639, -41.34679
-48.22593, -53.99991, -50.65822, -41.03561, -36.00017, -36.28469, -36.88032, -42.06941, -38.46614, -35.92176
-49.18939, -51.00873, -57.47903, -48.59821, -42.20061, -38.74337, -38.57441, -42.25584, -40.95260, -45.64186
-61.24133, -56.70969, -42.37029, -41.01204, -46.61741, -43.06282, -50.69573, -44.77673, -36.82290, -35.54540
-57.14337, -59.02476, -60.81199, -51.65803, -49.17808, -47.77597, -41.85762, -49.12435, -50.70708, -49.78103
-47.69076, -55.88322, -52.37199, -43.35590, -35.29618, -35.40146, -43.86053, -44.69016, -39.63713, -35.35469
-47.92613, -50.19437, -41.54613, -45.53803, -52.24534, -48.25039, -41.55088, -41.80120, -45.98375, -48.04369
-55.63215, -47.50770, -46.48329, -46.31877, -47.88129, -37.49709, -60.08372, -41.39793, -47.42617, -50.17588
-44.72503, -48.14706, -55.10317, -44.80114, -35.35299, -31.82246, -42.76978, -37.76804, -39.55801, -37.51241
-56.37529, -59.72042, -50.37619, -47.14394, -42.08156, -39.20015, -53.86938, -58.81827, -30.90793, -35.03829
-54.14750, -56.27411, -48.15118, -45.44504, -54.11637, -50.58983, -62.62145, -51.77667, -56.86203, -54.70428
-72.19668, -52.38834, -56.41726, -48.02296, -57.35936, -52.01017, -43.51538, -58.59029, -40.16992, -45.58028
-50.28701, -54.22298, -61.41629, -50.65844, -40.50543, -37.69972, -48.04304, -43.90334, -44.75047, -42.64688
-54.66711, -59.72544, -67.03686, -54.87817, -43.61088, -43.60084, -50.97544, -48.25662, -51.76970, -47.41216
-52.85315, -59.83084, -51.49312, -43.01245, -40.45044, -40.61737, -38.19514, -56.49974, -35.22088, -36.54066
-68.17002, -68.42028, -51.16009, -46.59741, -49.05603, -56.00179, -59.79130, -58.45411, -38.70151, -50.90785
-51.17760, -53.48127, -56.37003, -48.38447, -42.53544, -38.24740, -40.02307, -44.52294, -36.25027, -38.61191
-63.41066, -55.39410, -60.88418, -48.96576, -51.58004, -52.10152, -67.85094, -56.72283, -35.30536, -43.19451
-60.25238, -59.38640, -50.43292, -42.12315, -50.28204, -43.53625, -42.11494, -50.98138, -48.76854, -44.73352
-57.16696, -57.97034, -49.66671, -40.32587, -40.55466, -37.22947, -53.39692, -48.49324, -43.26618, -37.26359
-54.55859, -48.23430, -46.18729, -49.38938, -42.26132, -36.53998, -54.97336, -43.55580, -37.99509, -39.42781
-48.95595, -50.96250, -50.26750, -41.70707, -40.89365, -35.57544, -39.52755, -40.48356, -42.37494, -41.54681
-51.52502, -51.76809, -50.61870, -46.54834, -39.05130, -37.19656, -49.96910, -41.97633, -38.88184, -40.24541
-53.66000, -55.97147, -57.13025, -47.34801, -41.50243, -43.70059, -39.06052, -40.76404, -43.36375, -43.13134
-46.98184, -50.33739, -39.55776, -46.88756, -50.72316, -64.97163, -55.22339, -39.91306, -51.31105, -46.67693
-57.64681, -57.38604, -50.66518, -43.04999, -48.56956, -40.53187, -42.34436, -47.91951, -47.84110, -46.00989
-41.79303, -44.29675, -32.11008, -36.11054, -36.12289, -33.73243, -46.72527, -37.23946, -29.79582, -26.42648
-72.61374, -57.14112, -51.35196, -48.54663, -54.63947, -55.06118, -52.91926, -56.78038, -45.38782, -47.44106
-65.95338, -48.62807, -44.91171, -39.36741, -43.77357, -36.55026, -42.08462, -41.01514, -46.14796, -41.51051
-65.59535, -57.48647, -50.99185, -43.17450, -43.56357, -46.52276, -56.12057, -53.47475, -42.51493, -42.38687
-63.74175, -49.79259, -57.67905, -48.78412, -60.28812, -51.82653, -43.29459, -57.73394, -39.55887, -46.24055
-49.40566, -49.77056, -52.76757, -47.33226, -38.49412, -35.04115, -47.96910, -43.81405, -37.32964, -40.24337
-50.04601, -49.05111, -35.97678, -37.57901, -44.52432, -39.23373, -48.10272, -43.69159, -33.50717, -33.50056
-60.77423, -57.16590, -50.86674, -41.30243, -50.44040, -42.61490, -40.35900, -49.14512, -48.84456, -45.48793
-51.54327, -53.70338, -49.31609, -41.37998, -41.94389, -37.77111, -36.37770, -45.51991, -36.09579, -37.96283
-39.02055, -42.18836, -31.33108, -38.73808, -35.61365, -32.99944, -46.91999, -36.12544, -28.35381, -25.91535
-62.40573, -60.18028, -49.31946, -40.81397, -47.67377, -45.31662, -41.79489, -52.30702, -51.92614, -52.56929
-49.07013, -51.35586, -49.27599, -40.12145, -39.88518, -35.55248, -39.43431, -40.90613, -40.56614, -39.12308
-53.18732, -53.19526, -62.85323, -52.79675, -43.13178, -38.76906, -47.01658, -46.92215, -33.15953, -37.28481
-41.44469, -45.65093, -33.91413, -40.31300, -38.13076, -36.85487, -49.50944, -35.74652, -36.32655, -29.82624
-71.66290, -71.26009, -52.23256, -45.15535, -74.66706, -58.74148, -47.83440, -56.33721, -58.80103, -50.90565
-54.59591, -54.76004, -56.89118, -54.91053, -52.86823, -43.88308, -40.28568, -47.30984, -48.10310, -49.87065
-62.30807, -53.66223, -52.91304, -43.20968, -43.73319, -47.38489, -57.87854, -46.30734, -31.39770, -41.25377
-61.53926, -60.81383, -56.70767, -48.46134, -53.15472, -49.11632, -43.20523, -52.68738, -53.25175, -56.10934
-60.83048, -47.03567, -41.79563, -41.38817, -41.28375, -36.13433, -54.69675, -41.22401, -45.16027, -42.92703
-49.96909, -53.19182, -41.64283, -44.86070, -42.02685, -39.64770, -49.49153, -47.11982, -34.19700, -32.60686
-51.39321, -53.40401, -52.75092, -44.01503, -42.28426, -39.37101, -37.92578, -43.81879, -46.95884, -45.17372
-66.91087, -54.41310, -51.56269, -43.14223, -43.39179, -47.26569, -57.42560, -47.26726, -33.24040, -41.13597
-46.87558, -43.71731, -36.69017, -45.10907, -44.79469, -38.84560, -51.20240, -42.05156, -35.59718, -34.34218
-66.48901, -64.21666, -54.79460, -46.69609, -55.03711, -52.90802, -47.47395, -52.57293, -57.46034, -55.55901
-41.32224, -45.10104, -33.53993, -40.71263, -41.54383, -39.67075, -52.94909, -35.25834, -38.69123, -33.44775
-54.51980, -54.67211, -58.25897, -49.07104, -42.95316, -41.74908, -43.35559, -56.31343, -31.25339, -35.33085
-45.65155, -44.60665, -36.54117, -44.18565, -42.51534, -37.92822, -46.76593, -45.56883, -34.13890, -31.95943
-54.39929, -56.95234, -56.64421, -47.81157, -45.67597, -42.20028, -41.83532, -48.46131, -49.42028, -47.75437
-57.90387, -54.82905, -67.38804, -56.73639, -47.20569, -43.04725, -52.06239, -50.16268, -38.41496, -41.08510
-65.43037, -53.25899, -58.16661, -47.75064, -52.25248, -50.92510, -48.69529, -58.25106, -40.39605, -49.99035
-50.29076, -51.55201, -47.96128, -38.67063, -52.21786, -43.03408, -40.86378, -42.94896, -57.97995, -43.49279
-64.11805, -59.97451, -60.13554, -54.74072, -50.33387, -47.91853, -47.51192, -52.72608, -40.37986, -39.28926
-67.28693, -63.46921, -44.97957, -42.55587, -55.26474, -52.42671, -43.45661, -53.98899, -39.94998, -39.13333
-47.16181, -48.78103, -42.67505, -53.08405, -49.63075, -46.89595, -41.36296, -38.92355, -42.05961, -44.02587
-52.17208, -58.54182, -49.02906, -41.13602, -39.60861, -37.83873, -37.86949, -48.86445, -36.65960, -35.90064
-58.93163, -58.69108, -49.08517, -40.08695, -42.56953, -46.75134, -55.44608, -46.19986, -38.61356, -38.89433
-61.14464, -57.60718, -48.50050, -40.25929, -50.67896, -44.13333, -39.78867, -48.92989, -52.99959, -52.79609
-57.21579, -55.46083, -58.45936, -54.03457, -52.01125, -44.84085, -45.46065, -47.26963, -38.05666, -40.64706
-62.31715, -61.78915, -61.17220, -52.94011, -58.64101, -49.53614, -51.53689, -50.74023, -58.90469, -55.17832
-63.00494, -50.61538, -64.55959, -53.54254, -49.35464, -46.32885, -46.91800, -53.72488, -35.53402, -38.18732
-60.11086, -67.48673, -54.28280, -46.47313, -45.90392, -46.96400, -45.20139, -60.96175, -39.11773, -41.21705
-51.56109, -56.23299, -49.99231, -48.47374, -56.71251, -52.64526, -45.56200, -41.45460, -74.15774, -51.52266
-57.11271, -57.74680, -60.32856, -53.37501, -60.96112, -52.18600, -45.51555, -49.65763, -60.52243, -48.89840
-50.51318, -53.93107, -48.27398, -53.51117, -42.14428, -39.70837, -50.38498, -49.44493, -32.29726, -32.39118
-55.08681, -53.26112, -52.47664, -42.31403, -41.21418, -43.72900, -52.50357, -50.78555, -35.27718, -43.80340
-53.75073, -57.48684, -52.03092, -43.79923, -42.72892, -38.52029, -43.19777, -48.58740, -36.92959, -41.23204
-71.27150, -63.15391, -70.34381, -63.93579, -62.69624, -53.13481, -68.42110, -52.34464, -62.67663, -56.87486
-57.05452, -51.89512, -49.54456, -50.50490, -43.08715, -42.67019, -55.14763, -59.54641, -30.78687, -34.05798
-49.58150, -53.56866, -52.49408, -43.12896, -39.25663, -36.71461, -41.24813, -42.91536, -44.40256, -40.39994
-51.68195, -52.76541, -44.06090, -48.69264, -48.92848, -43.49493, -51.19413, -52.62929, -38.12674, -38.17939
-54.41869, -58.83963, -62.26729, -54.04574, -43.21348, -40.80426, -50.50247, -46.40204, -46.51918, -40.86173
-49.06068, -54.88446, -50.96544, -41.47613, -37.45923, -36.79221, -36.83526, -48.03025, -40.16150, -37.21916
-48.52183, -50.50770, -44.94935, -53.26967, -42.81071, -38.88850, -52.08950, -48.22734, -31.20790, -32.06926
-47.94608, -50.22773, -52.63771, -43.81037, -40.16027, -34.56422, -43.48065, -39.75668, -43.64022, -41.71951
-73.30235, -59.36379, -56.08293, -46.56533, -61.87236, -49.18208, -44.80678, -45.20952, -60.05400, -53.76590
-44.61766, -48.12333, -38.90994, -45.00085, -37.46481, -36.93492, -44.44135, -41.73367, -32.04481, -28.98436
-56.71575, -51.31576, -44.89579, -49.82602, -44.51602, -38.47236, -56.38516, -45.25344, -39.84858, -38.94741
-56.81194, -56.81594, -44.56884, -46.30526, -58.49484, -51.99480, -50.62629, -52.43872, -47.97563, -70.48290
-57.20198, -58.52206, -52.56719, -43.90689, -47.11635, -42.72523, -43.29673, -48.38065, -47.70838, -46.82298
-51.21534, -54.30337, -43.64386, -53.86181, -51.84154, -51.43276, -50.02479, -56.16221, -45.36900, -43.72718
-51.57755, -49.30153, -43.45977, -45.95713, -41.79574, -40.00894, -43.41199, -50.45891, -32.92299, -32.65305
-52.83456, -51.84822, -49.85943, -46.72760, -41.69410, -37.38535, -41.24446, -42.65147, -41.10387, -40.67097
-44.57649, -48.30829, -37.44956, -45.35343, -39.67832, -37.62032, -50.48203, -43.59929, -32.38633, -29.73158
-58.13292, -56.15259, -48.71654, -41.53311, -53.07635, -44.40485, -41.44835, -49.42871, -50.13955, -51.12386
-60.78856, -48.58838, -51.50655, -48.61383, -44.48802, -42.55768, -43.68622, -51.48413, -33.85985, -34.90699
-57.13883, -55.46697, -58.85225, -51.33839, -49.20217, -48.19690, -43.09053, -42.10272, -50.79242, -48.46048
-46.56768, -50.54163, -40.12986, -50.38608, -49.11504, -45.97082, -56.09439, -42.61648, -45.08525, -38.99075
-52.73216, -56.99537, -60.95804, -52.65457, -43.76473, -40.84151, -40.77772, -51.22934, -38.10661, -41.55317
-50.61139, -51.33987, -55.64284, -44.59329, -37.96312, -34.70134, -46.66305, -40.82340, -35.60541, -41.97482
-69.00868, -53.79587, -57.54171, -48.26739, -45.05420, -48.35838, -57.99782, -50.61098, -33.00928, -40.91593
-55.34807, -54.72594, -47.18234, -51.35662, -46.02118, -48.24588, -58.57432, -50.49676, -33.24040, -41.34591
-49.65273, -51.23128, -41.86651, -46.72647, -40.38256, -37.79478, -50.93211, -48.15159, -31.12143, -30.34902
-47.88547, -50.21456, -48.07671, -40.21885, -38.14990, -33.34668, -36.20941, -40.28991, -36.65208, -36.11221
-51.80037, -54.07950, -49.62294, -40.99913, -42.08715, -37.89575, -39.17455, -43.75367, -42.10149, -40.90895
-52.46169, -61.92170, -46.85055, -38.83016, -37.95203, -36.49655, -43.88742, -51.50962, -34.95587, -36.74562
-55.06650, -55.15499, -47.87188, -39.44664, -44.79153, -39.96580, -38.53881, -45.39672, -44.99612, -45.28373
-59.30414, -57.55611, -51.10671, -43.06766, -51.97291, -44.55318, -40.53815, -47.75255, -46.72846, -53.31119
-54.53336, -59.47370, -58.01192, -54.85589, -56.08429, -48.38116, -49.66117, -48.19522, -45.88645, -43.18190
-62.58408, -57.70399, -58.15719, -59.75254, -50.72319, -46.68251, -60.87192, -57.62233, -36.37993, -38.74776
-49.02531, -51.93922, -57.75759, -48.08832, -39.00056, -37.92058, -37.88513, -39.18375, -41.83343, -40.30490
-67.90696, -66.14960, -73.19165, -61.27474, -57.03910, -59.81597, -58.23470, -51.58568, -66.03362, -52.11287
-60.68821, -55.29064, -47.66666, -44.01512, -53.17809, -48.52256, -42.50593, -47.99587, -52.31092, -50.54818
-52.42982, -46.40164, -44.58946, -61.71329, -48.13945, -44.38710, -56.95832, -44.61536, -40.88619, -39.61004
-43.63738, -47.09999, -38.27312, -49.03543, -45.36818, -42.94335, -53.57412, -39.39499, -41.27250, -37.46944
-44.55892, -48.13034, -35.98224, -39.89136, -37.96548, -35.97333, -49.38152, -38.81736, -31.02584, -28.81906
-51.24961, -55.39278, -48.32191, -52.47235, -54.25412, -49.03019, -59.00429, -43.72222, -45.21357, -47.99254
-57.59553, -56.64515, -56.85927, -57.03962, -50.78873, -44.05821, -44.37172, -50.44699, -43.13926, -49.70849
-40.64122, -43.92960, -33.80426, -44.37213, -43.34068, -41.94791, -54.93480, -34.66316, -40.40154, -36.37325
-61.39739, -52.06795, -54.03075, -44.37799, -46.08518, -50.62953, -59.77012, -48.24030, -34.62838, -51.99429
-54.67365, -55.84067, -53.01343, -44.36477, -46.11746, -41.67183, -40.02770, -46.79927, -46.83349, -45.05072
-44.24718, -49.39564, -37.01780, -41.32037, -38.57331, -37.82488, -48.03312, -38.37078, -34.05656, -30.39326
-47.91779, -53.09027, -42.94526, -47.41708, -52.86970, -55.32059, -59.20520, -43.08489, -49.80445, -47.40417
-62.45973, -62.30413, -50.15478, -44.52906, -46.28056, -44.66969, -40.90293, -48.71825, -44.42775, -40.26295
-50.01642, -45.61233, -47.52687, -45.24109, -39.26840, -33.10951, -45.80768, -39.51681, -36.67353, -38.59011
-53.86662, -54.08986, -47.35381, -38.69917, -41.42529, -40.41462, -35.83881, -42.65375, -41.53418, -43.66681
-55.12644, -47.49598, -47.44244, -50.13600, -41.89259, -36.56409, -56.14534, -42.34261, -45.40810, -48.55074
-48.98445, -48.09893, -48.69334, -47.36186, -41.97909, -35.28253, -43.68107, -39.88031, -45.72675, -44.33416
-68.10061, -64.48386, -58.53189, -50.10107, -54.59532, -56.31044, -45.63306, -52.68607, -53.05843, -57.84138
-60.82387, -56.03027, -42.91717, -39.44875, -50.64299, -52.40655, -45.42145, -50.55585, -44.82152, -50.64678
-57.71619, -65.28527, -50.54679, -43.13370, -47.09080, -49.34803, -58.14677, -53.23224, -49.63234, -46.27538
-67.12873, -64.67889, -48.40181, -42.91238, -61.80527, -49.94249, -41.60338, -60.76530, -43.54923, -53.83601
-56.44068, -59.45536, -58.83331, -51.96577, -43.69508, -40.86004, -52.51006, -51.80243, -32.86686, -34.79252
-58.48319, -57.39644, -43.58684, -39.96529, -40.34567, -37.74083, -47.02934, -48.81823, -30.75553, -30.26735
-57.73696, -58.22503, -59.32780, -57.93244, -58.98446, -47.90013, -43.48081, -50.35553, -50.53596, -55.68079
-53.08429, -53.59156, -55.64719, -53.89095, -50.02720, -43.41161, -38.16561, -46.60189, -44.34245, -52.71687
-51.58593, -52.35528, -54.56667, -46.59741, -39.17683, -37.58534, -49.21908, -46.94586, -41.77035, -38.86186
-61.54730, -49.84486, -46.83235, -41.38828, -55.95291, -55.31083, -42.59837, -56.70080, -39.38033, -41.60891
-46.08900, -49.06281, -40.08436, -48.64993, -37.40461, -35.55872, -47.73155, -41.04482, -31.55769, -28.42445
-43.31436, -46.68062, -35.30061, -42.82414, -43.50526, -41.52400, -55.64994, -37.12471, -40.67610, -35.25973
-44.19771, -46.44860, -38.15440, -50.90452, -39.58027, -37.40539, -49.62076, -42.81692, -32.26787, -29.83748
-55.82601, -57.26538, -60.52769, -55.77046, -44.78245, -41.97172, -53.90688, -48.80324, -50.62161, -45.46193
-44.06691, -47.52998, -35.64417, -40.64598, -38.66187, -37.12667, -50.42935, -38.13082, -32.33127, -29.48542
-49.97557, -53.83424, -49.10840, -40.06590, -39.27117, -36.99090, -36.44463, -46.95788, -38.29765, -40.70059
-49.94658, -57.00149, -49.56797, -42.00181, -37.27228, -36.77338, -36.76201, -42.87147, -34.12427, -33.16748
-65.48078, -57.70968, -44.26568, -43.03067, -51.64193, -61.39265, -42.90154, -56.56301, -43.89503, -54.54484
-48.29241, -50.52863, -51.40145, -42.22881, -39.92109, -35.41803, -38.71404, -40.51018, -40.72820, -39.20195
-43.51089, -47.65745, -36.94074, -45.41191, -43.32353, -41.99262, -53.71529, -37.80700, -40.12403, -35.50233
-60.74956, -47.99995, -45.31651, -50.51265, -48.22009, -40.09482, -48.26499, -39.22916, -53.02268, -43.18541
-56.21939, -49.14966, -46.28562, -49.41565, -49.42737, -38.69337, -50.42905, -37.52766, -46.54585, -42.06823
-44.84449, -48.60703, -37.97100, -45.37533, -40.58390, -38.57755, -51.28059, -40.48324, -34.28186, -31.57600
-59.11555, -64.26877, -58.55588, -49.59457, -46.72912, -45.93239, -47.82094, -52.15555, -48.10308, -47.40165
-51.95579, -53.24457, -48.81756, -40.38708, -43.61654, -37.70108, -39.50086, -42.87276, -43.41964, -43.20853
-53.54943, -57.90276, -52.15643, -43.07125, -40.76093, -41.61092, -37.77416, -49.10551, -39.86811, -40.27614
-59.53306, -52.61236, -52.61700, -43.62797, -42.78733, -45.47667, -55.22242, -50.01296, -35.10506, -44.75805
-55.78474, -56.08589, -53.80352, -49.24473, -51.73780, -45.79866, -43.17362, -46.15974, -59.28182, -49.58530
-48.41759, -48.94940, -38.14397, -44.40424, -48.95583, -42.17519, -54.03037, -47.32506, -37.43941, -37.67454
-45.99447, -48.27121, -37.56661, -45.68665, -49.24958, -45.79623, -57.24450, -39.77152, -45.65672, -41.97335
-59.38371, -60.17018, -56.76666, -46.29214, -50.14214, -43.92547, -47.12472, -49.66066, -49.08387, -48.03370
-47.87399, -51.36148, -47.38346, -36.30446, -45.09139, -37.31799, -42.96975, -42.15800, -45.59963, -41.00970
-44.55283, -46.92811, -38.54026, -48.29754, -37.56994, -35.27478, -48.14653, -43.11443, -29.85997, -27.88776
-79.44105, -69.61552, -69.35803, -63.57193, -64.52962, -58.98773, -61.43159, -52.80408, -69.39663, -57.11808
-55.83764, -55.79315, -50.90282, -46.46070, -54.77890, -49.32058, -49.68043, -43.71235, -58.63167, -53.94147
-56.43398, -53.26277, -52.24978, -42.69300, -42.39472, -44.30406, -53.91398, -54.83370, -37.66072, -46.36626
-63.59356, -57.93253, -67.30701, -60.37991, -51.34147, -47.60136, -50.19167, -55.31709, -40.61060, -42.39059
-61.72907, -54.37118, -60.24651, -50.41681, -46.18227, -49.88131, -49.96510, -63.79109, -42.27874, -50.30879
-52.83208, -51.74616, -53.33171, -50.36327, -48.25315, -40.31547, -40.81049, -43.79008, -45.24507, -46.07970
-56.57715, -63.00695, -55.66817, -50.28036, -43.41668, -41.66053, -45.48548, -56.83481, -31.08380, -33.28294
-47.37672, -47.89475, -59.38135, -47.84672, -39.42778, -35.30038, -40.27641, -40.86929, -44.03774, -42.57604
-60.00283, -52.79368, -63.84876, -68.79070, -47.45130, -52.60981, -48.63455, -62.24128, -37.12520, -45.06831
-47.84184, -49.76685, -56.35688, -48.96467, -41.23135, -37.51188, -37.42740, -41.29788, -40.50228, -42.99598
-49.04949, -53.62798, -50.79465, -40.52748, -50.88715, -46.55259, -49.49667, -51.37200, -47.90099, -51.02479
-55.36646, -62.82842, -56.75514, -52.78196, -43.78561, -43.66371, -43.47436, -55.81298, -35.35879, -35.42665
-49.48370, -53.25276, -43.28476, -49.52749, -43.03461, -42.11448, -51.52415, -40.26430, -36.93704, -35.32365
-59.32732, -59.19937, -51.00319, -43.92738, -48.92429, -41.54686, -40.65871, -49.51656, -46.41766, -45.11085
-44.31704, -48.72686, -37.16091, -43.80967, -39.61309, -38.82895, -49.53881, -39.90197, -36.15477, -31.01893
-62.00447, -54.34261, -44.17878, -43.47323, -51.33410, -59.27717, -45.15200, -51.37653, -45.94396, -54.10404
-45.87254, -45.63835, -39.80026, -48.73701, -39.01061, -37.35788, -47.10763, -43.23214, -32.24321, -29.97951
-53.86880, -55.58529, -47.26627, -46.68072, -39.65720, -37.15712, -46.60369, -44.17737, -32.84812, -30.13850
-50.97502, -57.42720, -53.44034, -39.37593, -39.23608, -36.56885, -47.90968, -44.08284, -44.57217, -40.46671
-62.52208, -53.37103, -60.60748, -49.53253, -51.15949, -50.49369, -46.15789, -57.93251, -51.28556, -58.21330
-44.77335, -48.11928, -37.99095, -44.89395, -39.16405, -36.30403, -49.81854, -43.81331, -31.12024, -29.39386
-58.61890, -54.31832, -50.00237, -40.09670, -40.10082, -41.55557, -52.21463, -53.51923, -40.55572, -37.98776
-49.63981, -54.71042, -61.78192, -49.27148, -38.91109, -38.58974, -43.65597, -44.19308, -44.27638, -42.05424
-45.60462, -48.82576, -37.80789, -45.35605, -46.74879, -44.63159, -58.04064, -38.80651, -43.69869, -39.24797
-57.30563, -60.68681, -40.03801, -37.86479, -51.93053, -59.57892, -38.61156, -47.72623, -44.27953, -46.06889
-54.40982, -55.95534, -49.93716, -40.57287, -39.76200, -41.59779, -51.41132, -50.82848, -37.76027, -38.14995
-52.79685, -55.04217, -56.55293, -48.30944, -44.05159, -40.74816, -39.82420, -45.87398, -39.58161, -39.89290
-63.34010, -64.78111, -49.82399, -43.60680, -49.32203, -48.66605, -41.24426, -49.34450, -50.56620, -46.88605
-56.58724, -55.07007, -55.58168, -46.39595, -46.01216, -42.30812, -44.95226, -48.13053, -47.37379, -46.76632
-67.24494, -66.88581, -48.24342, -44.33847, -51.45476, -67.61647, -47.69089, -56.62789, -50.29701, -50.83757
-71.41212, -66.17742, -69.21554, -61.41951, -61.59172, -59.74592, -55.97040, -48.30995, -65.43648, -58.07877
-63.61559, -54.18519, -52.21689, -43.83597, -43.02284, -46.70786, -56.00084, -48.49049, -35.08722, -42.78709
-51.73782, -54.17094, -39.90835, -42.14278, -45.45035, -43.21065, -54.16518, -41.87039, -39.09963, -36.36337
-43.21007, -47.20739, -35.75697, -42.14505, -39.44675, -38.93507, -47.68926, -35.82512, -37.24346, -31.68077
-68.83912, -58.21234, -72.79403, -63.50661, -54.28866, -49.97462, -57.55938, -55.25727, -42.67746, -43.09886
-59.48755, -64.65427, -49.01258, -42.33027, -54.24924, -45.50714, -44.38823, -53.69854, -53.91751, -48.16112
-55.51720, -57.57566, -50.07329, -41.43083, -43.91460, -40.39677, -42.42342, -48.25768, -45.22653, -41.84607
-64.61878, -62.82272, -63.90729, -54.90722, -56.75630, -54.23645, -52.29235, -50.06642, -57.04955, -51.85790
-62.56829, -65.02598, -59.86917, -57.45269, -48.09851, -48.28862, -47.57470, -53.76541, -41.04535, -39.26387
-50.62851, -54.78869, -47.77134, -39.13798, -39.51621, -36.30651, -39.12003, -44.87324, -43.72689, -38.50217
-52.04585, -52.81917, -47.31329, -55.27588, -51.87184, -47.38711, -51.36996, -58.53927, -39.68913, -40.01164
-48.12492, -51.52496, -48.22109, -40.00233, -37.37272, -33.67236, -37.22056, -41.41867, -34.97582, -34.92121
-54.18792, -51.58367, -50.17017, -49.71511, -40.21368, -37.99128, -53.09647, -44.02463, -41.37781, -40.18779
-56.04308, -56.59791, -59.23062, -50.16462, -47.42254, -43.82378, -44.62213, -46.44465, -51.69088, -51.79999
-44.53239, -47.54259, -40.78160, -51.75822, -42.34090, -40.13173, -49.22294, -42.26989, -36.11853, -33.12445
-55.61609, -53.45586, -60.53448, -51.92606, -53.93119, -43.27808, -46.88984, -46.30142, -42.90082, -46.15499
-59.20531, -48.59790, -40.50071, -40.20397, -55.98590, -48.21080, -42.66706, -52.14647, -39.62775, -42.37282
-58.85528, -54.57306, -51.88743, -42.98243, -41.62976, -44.64146, -53.72119, -49.43796, -37.31347, -41.40361
-55.93052, -60.19517, -48.47882, -44.24035, -56.00357, -52.91971, -42.62892, -57.99518, -44.04541, -61.65887
-51.47097, -52.42135, -58.80891, -48.79409, -43.98048, -37.87436, -50.82251, -41.40320, -40.88716, -43.24990
-50.97735, -57.27204, -41.85779, -44.37601, -55.21227, -60.69413, -61.73968, -49.29114, -54.07228, -50.19846
-57.93125, -57.25375, -57.79430, -42.68002, -40.27808, -44.69130, -49.44988, -49.40227, -34.45628, -44.02776
-52.86591, -55.65933, -50.70229, -42.22991, -43.28199, -38.58509, -41.56633, -45.42842, -46.10769, -42.06318
-51.70144, -54.04469, -51.48343, -42.86155, -42.47092, -38.41476, -39.63396, -43.94295, -45.71589, -43.22658
-49.04677, -56.30893, -51.47998, -50.98049, -57.43099, -54.12155, -43.01170, -41.53878, -54.12115, -53.05022
-52.53220, -54.54708, -49.10641, -40.49441, -42.41722, -38.38454, -39.21891, -44.45116, -46.38095, -44.79243
-46.86949, -49.74563, -45.67279, -37.60895, -36.22250, -32.17930, -34.78112, -39.41065, -34.92142, -33.73391
-42.18890, -46.81456, -35.26485, -41.68798, -36.79843, -35.89320, -47.51904, -36.14014, -31.97426, -28.21384
-63.41729, -52.97886, -68.45210, -56.43813, -49.16705, -54.33585, -48.80328, -62.51788, -41.50664, -53.72318
-47.68850, -55.79444, -47.03847, -38.75091, -36.89051, -36.25404, -40.29853, -42.19589, -35.28414, -36.04509
-54.32162, -58.78372, -55.81860, -39.37425, -41.21647, -39.35645, -50.93771, -45.89374, -41.21791, -42.65925
-51.09906, -52.21431, -49.99880, -40.98011, -39.58075, -36.47476, -43.16599, -46.99121, -37.15969, -40.86714
-53.43328, -57.14006, -57.83891, -48.46448, -42.75103, -40.47903, -44.97268, -45.96131, -45.33297, -42.38346
-55.02422, -55.31777, -53.95807, -47.23873, -46.77474, -39.70536, -41.92856, -45.32168, -44.61811, -44.56953
-61.47104, -48.67425, -59.57900, -51.46885, -48.85540, -45.06906, -43.87746, -52.65198, -34.34315, -37.81469
-48.15427, -50.08693, -57.11547, -46.13066, -40.66350, -36.75927, -41.18651, -41.12376, -38.86332, -42.40556
-53.57170, -57.37015, -48.20312, -51.28816, -48.55252, -48.82917, -50.04668, -44.51874, -48.19916, -40.69749
-60.01803, -58.90815, -52.20758, -44.14284, -53.23093, -44.47046, -43.44969, -48.72837, -52.24751, -51.66455
-53.57922, -58.30217, -49.62434, -40.89240, -41.53730, -38.90342, -44.14367, -47.48366, -44.76871, -43.59812
-54.83779, -59.29677, -56.92693, -46.84474, -48.89925, -47.40588, -42.47238, -43.19666, -49.24436, -54.93291
-50.92085, -51.59821, -54.29232, -51.24749, -47.35206, -40.35732, -37.42497, -43.63005, -43.74348, -49.00839
-57.97364, -55.06320, -49.62159, -39.63530, -39.85718, -40.79965, -51.81959, -56.77510, -41.82021, -37.48711
-53.01749, -53.12698, -53.15595, -45.05686, -50.19576, -43.27970, -39.97630, -39.57006, -52.68472, -46.91021
-56.93070, -52.96159, -46.27857, -45.00639, -43.14697, -37.39713, -52.27817, -44.74223, -35.25168, -35.27305
-60.72278, -61.57579, -47.58731, -40.74457, -47.35265, -41.92150, -37.96240, -54.74371, -39.49215, -41.10770
-59.81880, -61.36021, -53.18270, -66.62336, -58.29866, -66.42055, -48.13003, -50.89717, -53.86004, -53.06985
-48.21558, -53.43351, -41.31351, -46.70332, -41.16552, -40.52187, -51.88247, -45.99582, -36.96739, -32.33253
-47.90464, -50.32799, -53.34576, -43.53492, -39.41748, -35.49640, -40.07255, -39.82840, -39.95747, -40.51684
-52.63643, -54.80956, -59.86585, -52.53272, -40.91406, -39.97001, -50.22979, -44.14592, -42.05246, -42.06672
-73.74985, -53.06954, -54.34493, -46.89879, -46.91292, -51.12222, -61.57159, -51.55794, -34.43280, -41.62533
-48.26885, -52.98107, -42.48007, -50.46137, -43.63878, -42.92304, -53.51129, -42.05210, -39.44912, -35.50235
-72.31959, -61.72801, -50.96180, -43.28896, -61.80858, -57.31142, -42.06546, -59.66997, -62.32007, -54.55709
-56.57008, -73.11689, -52.97503, -44.25168, -42.02135, -42.73729, -51.25798, -55.67797, -34.46350, -45.16279
-55.38134, -58.67531, -56.10460, -47.99070, -45.10707, -42.58035, -40.89313, -47.78864, -41.46740, -43.49378
-49.80625, -53.03962, -59.74873, -48.98048, -40.96087, -37.28048, -44.33716, -43.99490, -44.40178, -43.08000
-63.14430, -59.59128, -49.28146, -50.95464, -54.76621, -49.27160, -49.52916, -61.98026, -38.12837, -42.31187
-47.51502, -50.46411, -49.19937, -40.66519, -38.57596, -33.61922, -39.49774, -40.35746, -41.86332, -37.73543
-61.67691, -51.89398, -54.15568, -44.15103, -48.79076, -48.44653, -49.21302, -52.61425, -34.28325, -47.82407
-49.98838, -51.81700, -47.62652, -38.70796, -40.06529, -36.30308, -37.04753, -41.54820, -40.96817, -39.65336
-51.69119, -54.21528, -51.62394, -42.90433, -42.41698, -38.29324, -39.80891, -44.78733, -45.39642, -44.45156
-58.18741, -60.87557, -49.44915, -39.28853, -40.63777, -41.94251, -52.34422, -52.67451, -40.87083, -38.03228
-50.77612, -51.51579, -49.73032, -42.37700, -42.94255, -35.66007, -38.67212, -41.78769, -42.96583, -42.25426
-65.68358, -70.04241, -64.22658, -60.89883, -55.77343, -62.53161, -50.48007, -45.84104, -54.59151, -53.81957
-67.20382, -51.26841, -59.03707, -48.12147, -53.10537, -56.74915, -49.71282, -54.05809, -38.97288, -53.53121
-54.17590, -56.87369, -51.61972, -50.61317, -43.80616, -39.23951, -49.72392, -43.86882, -34.54279, -33.24230
-57.89580, -50.54987, -46.29262, -54.29159, -47.55079, -41.31547, -59.80094, -45.85196, -52.74742, -64.67233
-46.87850, -54.17843, -50.98038, -41.29176, -35.09834, -34.81494, -39.45488, -43.55098, -37.56089, -35.07974
-49.85963, -52.57035, -54.03338, -45.57559, -39.18381, -36.36018, -47.86432, -41.99918, -40.32890, -39.21337
-56.73259, -61.86920, -65.55043, -56.71691, -45.29717, -46.20760, -44.09524, -47.16433, -43.41798, -42.62244
-43.86818, -49.54165, -38.16863, -43.29334, -35.95975, -35.49278, -44.00270, -44.04801, -30.91579, -27.27714
-62.82794, -51.97597, -57.07904, -46.64222, -48.53006, -50.18072, -49.05519, -57.26691, -38.95388, -54.58304
-63.17269, -52.17645, -64.18891, -61.14315, -48.87532, -54.90684, -50.82075, -57.85442, -38.09000, -48.29139
-57.15406, -50.56769, -43.75089, -50.66754, -48.76821, -40.61224, -48.06195, -43.09917, -45.37235, -42.55571
-57.93970, -53.10919, -53.00999, -40.55707, -42.00813, -45.43781, -55.26632, -46.33826, -38.83340, -38.76626
-48.03442, -50.35403, -56.33474, -47.66852, -42.68885, -36.30279, -42.56890, -40.68317, -47.75540, -44.48639
-40.77368, -45.17214, -33.46959, -40.12810, -36.81498, -35.53808, -47.93137, -36.02858, -34.01529, -28.17228
-50.44952, -51.87982, -51.59921, -42.90381, -43.17617, -37.04957, -39.86017, -42.45165, -43.36831, -40.31994
-52.04044, -53.63179, -49.68729, -40.96796, -43.07632, -38.05183, -39.82907, -43.55424, -43.05639, -42.04571
-48.96883, -51.42610, -42.89931, -41.65792, -53.11941, -48.05657, -50.76952, -44.60761, -50.59105, -55.29431
-53.03141, -54.77906, -62.06091, -54.15099, -47.02457, -42.58814, -44.29034, -46.55767, -43.22246, -48.73777
-56.61827, -57.28819, -50.90359, -42.22664, -46.21929, -42.77096, -40.26718, -48.66510, -49.52252, -51.58588
-69.23460, -57.62819, -44.92296, -40.79935, -53.41817, -52.34493, -39.06999, -50.63862, -48.36078, -49.40081
-59.96750, -52.93823, -56.49161, -55.77472, -46.43846, -42.55047, -54.28739, -51.60836, -36.71919, -38.43881
-44.88748, -46.56445, -53.31440, -44.33676, -36.26888, -30.82318, -42.10028, -37.10307, -34.56103, -37.33428
-51.09442, -55.38543, -42.86920, -47.09094, -41.84062, -41.18889, -51.48454, -40.60350, -36.71943, -32.63508
-52.12669, -55.64161, -47.51049, -38.84572, -38.26623, -39.43632, -34.95109, -46.73102, -34.77247, -37.34196
-47.31750, -49.36276, -43.24161, -54.44984, -44.50821, -42.33595, -53.02570, -41.66104, -40.01872, -36.22749
-47.44948, -49.14694, -54.96402, -48.68373, -41.51804, -37.21483, -36.90735, -40.89852, -39.32598, -42.66379
-48.43488, -52.27939, -47.77822, -39.71856, -37.35071, -34.11587, -36.45057, -42.49019, -32.59826, -32.97585
-64.05447, -52.10228, -58.24670, -47.24279, -51.96074, -55.69030, -50.43220, -52.57157, -38.50593, -58.05226
-62.17607, -60.03022, -50.65131, -42.13837, -47.92539, -47.13732, -40.41782, -56.44850, -50.97964, -49.45973
-67.43585, -61.47578, -51.36526, -44.85861, -56.64841, -48.68444, -41.98403, -52.13072, -49.64616, -46.58692
-69.08423, -58.24417, -48.10014, -46.37552, -53.01905, -51.11421, -56.59600, -54.81710, -42.22047, -41.09761
-68.85656, -51.45099, -55.10448, -46.58310, -48.66264, -53.86739, -58.62545, -50.03923, -35.62814, -48.47023
-62.02552, -55.11887, -53.64342, -53.41879, -52.53848, -44.62427, -51.05130, -45.10536, -53.76658, -56.96146
-54.78945, -52.97291, -39.06074, -40.59033, -57.11329, -54.19929, -38.23161, -52.51409, -51.65281, -51.15391
-63.36300, -53.83157, -52.42289, -46.59982, -50.13935, -44.48553, -42.81611, -49.76172, -38.16273, -38.64593
-67.39363, -51.09958, -64.14601, -52.57856, -54.62696, -58.39730, -53.93634, -60.25516, -40.20193, -47.75680
-62.43174, -52.73500, -47.55754, -48.58107, -58.80602, -60.74078, -42.43405, -55.09887, -50.06601, -66.61937
-57.42713, -59.04022, -49.23228, -41.99065, -49.56318, -43.08982, -41.46480, -48.19956, -48.63076, -49.46299
-49.36644, -55.79159, -47.84967, -46.35101, -58.93209, -57.35418, -39.99505, -40.85009, -64.28647, -56.18537
-62.11430, -69.66524, -47.55407, -42.27060, -74.63929, -61.60647, -44.29984, -49.84720, -60.05462, -48.27855
-53.29088, -54.02442, -50.77983, -42.53434, -45.28831, -40.37712, -37.83040, -45.49596, -45.61320, -44.56106
-52.21450, -55.36662, -52.43635, -43.83665, -42.89185, -38.18346, -44.53940, -44.60486, -45.08745, -41.77912
-58.56794, -54.53182, -51.15544, -46.42794, -52.51918, -42.12891, -41.77392, -44.60609, -42.85646, -51.45557
-51.01278, -51.85498, -54.82621, -47.71694, -43.37929, -36.72568, -44.24998, -40.39222, -34.58166, -33.91545
-55.25903, -54.56188, -46.79143, -38.35268, -45.50755, -39.77528, -36.83107, -45.59146, -43.73805, -39.82656
-47.87300, -55.96254, -52.69989, -43.48785, -36.22697, -35.44761, -44.84154, -45.08525, -38.67730, -35.27044
-42.30036, -46.17238, -34.64672, -41.06992, -39.05915, -37.05591, -49.64667, -39.13339, -34.88835, -30.02461
-55.27061, -56.05772, -48.77355, -40.45640, -45.55723, -40.20372, -39.90648, -46.15362, -45.34568, -44.43593
-52.12072, -54.16960, -58.63027, -48.73646, -44.28816, -40.17321, -42.16070, -44.12205, -44.43386, -44.45374
-68.07074, -62.03547, -47.31983, -45.19706, -56.08136, -68.02488, -44.77768, -50.05205, -52.79753, -59.62477
-55.18470, -49.06112, -45.97383, -46.82800, -46.75610, -38.83797, -47.55205, -41.92096, -46.51714, -46.08999
-49.24843, -52.88326, -59.05161, -49.98749, -39.93386, -36.50044, -41.28128, -43.45578, -42.09653, -39.09861
-71.38423, -73.34057, -73.29928, -66.87180, -61.47734, -58.18061, -60.59900, -57.96433, -53.82516, -46.11720
-46.98599, -51.17573, -38.96748, -43.13281, -45.39673, -43.88770, -49.29355, -40.86972, -43.04340, -37.96367
-59.55199, -57.56064, -41.67375, -40.51110, -50.64872, -51.03948, -56.44277, -45.58260, -57.02697, -48.03506
-50.21781, -51.24886, -51.29921, -42.93963, -43.47773, -37.21259, -38.31310, -41.90675, -43.03882, -41.72258
-51.64542, -51.43794, -52.98995, -51.22890, -42.74015, -37.66351, -42.57746, -44.55858, -41.86711, -45.10659
-58.90325, -56.83498, -56.57204, -56.64603, -45.69524, -43.30831, -57.46906, -48.84714, -49.50477, -47.12990
-52.96575, -57.33789, -56.46364, -40.02669, -43.73491, -40.49948, -50.76026, -46.26570, -43.39903, -46.55608
-56.56939, -54.13531, -53.71201, -46.60898, -43.03379, -39.14098, -53.80585, -44.03462, -47.35182, -47.34846
-49.76391, -56.14676, -45.41625, -43.86599, -51.47224, -53.90758, -43.85849, -41.93638, -52.63087, -56.04945
-50.49870, -50.19329, -53.48688, -44.28432, -40.90817, -37.39863, -38.63434, -42.86040, -43.53467, -40.74772
-54.92917, -60.32634, -52.72090, -44.70242, -44.62131, -41.99635, -54.73448, -53.81195, -40.82930, -42.55908
-56.25968, -52.78557, -61.33478, -52.80142, -45.82923, -43.83312, -44.85734, -53.52259, -36.99112, -40.03283
-63.77354, -54.92197, -50.90997, -43.33952, -46.44767, -41.02138, -46.39599, -47.30168, -48.72933, -45.63170
-51.76789, -57.19821, -47.83660, -52.54479, -50.16825, -48.88154, -57.30199, -47.66795, -48.27251, -41.04300
-56.04307, -57.83009, -56.04086, -49.00475, -44.14330, -41.25867, -53.68226, -47.53714, -47.32003, -44.54280
-67.59509, -55.92358, -40.98341, -39.18648, -45.57898, -56.64723, -37.11890, -44.99063, -36.12616, -54.58076
-56.23765, -59.70500, -55.30910, -47.66868, -44.78738, -43.06598, -41.34159, -46.04917, -42.50558, -41.48572
-48.99675, -50.67547, -56.15307, -48.17987, -41.13883, -35.58935, -41.18398, -41.14609, -37.26050, -41.02865
-52.98546, -55.32144, -45.92886, -51.62097, -43.31054, -42.56940, -50.26048, -39.83901, -37.55929, -35.93273
-53.64604, -54.88813, -47.94929, -39.31971, -42.97674, -39.00641, -38.24420, -45.43898, -44.12299, -41.36341
-49.13831, -49.93318, -37.37360, -40.92906, -52.37451, -44.54517, -45.98167, -46.91273, -39.84075, -40.86004
-60.37917, -65.69154, -57.49515, -48.63732, -47.03869, -47.72322, -45.12059, -59.27709, -44.27042, -45.46051
-51.22390, -54.64304, -48.89710, -52.55331, -55.59908, -51.06106, -46.06709, -43.22644, -47.22396, -53.71791
-59.39323, -53.49249, -54.56335, -45.24091, -42.95804, -46.15119, -54.93673, -49.65073, -36.27534, -44.26341
-58.58916, -60.55443, -53.97448, -62.85170, -56.74604, -58.80188, -64.38038, -44.49933, -56.03197, -56.18657
-56.35314, -57.73357, -47.92321, -46.38453, -66.55980, -59.15962, -41.84362, -50.41997, -67.24750, -54.05373
-53.86473, -51.44055, -45.49803, -55.18836, -48.35931, -45.00402, -54.54965, -50.79672, -55.23243, -59.24674
-52.55121, -55.43946, -52.47103, -43.12257, -39.08751, -41.99931, -36.79895, -41.60559, -41.33230, -39.90194
-50.59545, -57.98238, -49.61761, -39.98798, -37.70168, -36.38578, -46.67642, -47.33027, -38.55788, -40.23419
-47.56041, -48.14295, -40.68955, -57.61568, -45.22989, -41.55165, -55.58082, -43.14417, -41.35952, -35.93059
-54.32004, -55.67106, -50.40803, -41.78944, -45.04291, -40.46857, -40.28510, -45.83439, -47.73970, -47.91636
-59.68611, -61.82818, -56.39387, -49.10405, -47.15067, -47.49933, -51.95680, -54.26686, -40.05971, -48.54121
-66.00249, -64.19763, -56.56683, -50.37494, -48.33905, -46.86970, -54.91782, -63.78941, -37.12737, -38.68386
-57.46371, -59.93251, -56.95207, -53.25154, -63.18488, -58.11107, -45.19119, -43.77739, -58.39675, -54.12401
-53.10817, -53.43964, -60.77538, -46.91432, -39.85391, -38.44624, -49.08958, -52.16370, -30.85483, -39.07345
-57.03347, -59.85743, -60.95736, -50.92156, -50.07503, -44.11527, -58.07275, -48.54209, -50.61753, -51.41508
-54.19373, -58.09850, -63.82890, -53.65536, -43.28556, -41.84566, -51.40645, -46.22932, -47.84705, -44.98780
-58.10289, -60.75780, -60.70706, -43.90225, -48.36375, -46.69083, -53.62063, -50.24467, -46.82495, -59.39090
-71.10331, -52.71894, -53.29075, -47.41656, -59.26479, -67.99265, -44.17165, -51.13454, -57.65167, -53.40026
-51.46272, -55.49245, -56.15558, -46.34467, -41.43389, -39.01538, -44.42099, -44.44648, -44.05520, -42.92407
-54.23129, -49.46051, -48.31842, -57.47570, -48.19598, -44.64520, -58.60952, -44.68080, -41.01032, -39.56133
-67.90161, -52.31211, -53.99252, -45.89206, -46.60319, -51.06366, -61.32584, -50.60978, -35.87898, -47.64438
-48.29147, -54.65894, -51.46011, -40.93204, -37.45959, -34.89367, -45.88682, -44.42901, -41.42629, -37.70896
-50.47989, -51.46774, -46.98598, -38.65130, -42.88195, -36.52617, -37.34824, -40.57309, -39.65842, -43.25716
-45.14551, -43.46329, -36.67368, -48.86529, -44.00802, -38.77946, -53.03692, -40.80640, -35.86977, -34.00530
-45.46379, -48.81121, -37.35785, -42.27919, -39.44538, -37.05709, -50.78087, -40.77778, -32.34235, -30.14489
-63.83577, -61.00052, -63.44459, -55.88970, -57.58123, -50.59411, -49.54461, -46.71593, -61.48783, -57.74779
-52.65669, -59.37068, -53.76275, -48.43661, -46.54338, -46.44823, -43.54895, -48.95723, -44.38833, -50.39785
-56.00934, -51.42034, -40.12491, -41.88133, -55.32676, -50.34127, -46.49957, -47.73486, -43.48624, -48.90247
-57.05310, -61.00702, -57.18578, -48.24708, -59.30800, -54.75899, -58.79879, -53.97042, -68.90567, -54.24035
-62.38630, -53.22830, -62.12219, -50.11328, -47.46594, -51.63082, -46.38256, -59.85071, -40.35920, -55.89604
-43.52563, -46.60889, -35.70227, -44.36972, -46.80010, -45.75245, -62.48110, -37.27446, -43.91349, -40.78641
-62.69591, -50.48872, -45.98225, -44.47668, -52.12447, -41.21250, -44.65785, -46.61945, -49.25809, -53.50397
-57.07954, -52.35618, -49.98473, -42.96751, -52.47440, -44.86620, -38.35657, -39.95243, -47.67844, -42.71625
-50.24078, -53.17743, -54.96768, -47.01734, -40.91621, -37.78496, -38.10273, -43.63043, -36.53006, -35.86838
-55.45405, -57.31734, -57.80677, -48.81223, -44.54261, -44.55248, -40.79571, -43.11750, -45.50928, -45.85339
-58.88298, -68.17695, -53.00564, -51.47789, -44.55040, -44.67035, -49.85184, -41.77396, -38.37092, -35.89841
-52.05848, -55.13056, -58.06637, -49.30418, -42.17852, -39.28418, -41.99804, -44.42904, -41.29118, -38.72743
-50.10457, -53.21335, -60.24108, -50.16127, -41.56504, -38.06564, -44.57753, -42.43732, -43.00614, -43.08872
-54.42390, -52.80321, -51.18914, -51.26864, -54.78642, -43.65442, -52.68802, -41.91139, -56.01909, -46.45738
-55.35602, -52.90074, -48.40680, -47.48671, -53.07780, -50.32484, -47.41819, -49.60474, -43.92789, -55.66358
-50.35007, -51.51616, -60.58631, -47.78400, -40.64510, -36.47630, -43.66074, -42.25810, -40.26130, -45.02434
-41.88597, -42.65309, -32.96020, -40.20476, -39.42593, -35.10305, -50.68435, -40.26839, -29.74417, -28.83486
-46.40700, -48.36750, -36.63113, -39.70892, -38.67582, -35.58424, -46.75945, -42.78521, -31.00557, -28.97760
-51.64184, -56.46023, -52.02598, -45.16402, -42.14172, -40.23720, -50.72186, -49.09227, -36.20484, -43.90461
-54.56631, -53.16496, -51.72159, -44.22351, -53.33288, -44.52100, -39.86428, -41.21044, -50.55339, -42.52762
-47.86057, -49.97406, -40.45513, -52.45954, -51.20783, -46.13625, -56.47452, -46.59467, -41.83526, -40.22752
-52.48775, -58.80991, -50.41909, -41.68621, -39.63506, -40.09870, -37.43043, -56.98588, -35.70130, -37.27473
-52.25282, -57.88400, -47.78618, -55.09780, -48.10419, -46.35562, -53.34270, -48.67071, -41.97033, -37.25424
-57.60428, -59.34719, -52.16538, -43.69555, -48.16095, -42.17103, -46.16714, -48.88566, -48.98991, -45.82803
-50.31796, -54.78268, -50.03415, -41.15385, -38.97139, -38.27969, -39.25176, -40.33025, -38.16687, -39.41017
-41.82440, -45.22308, -33.61862, -40.01943, -40.10080, -38.74287, -50.82973, -34.61757, -36.80806, -31.87273
-47.43907, -50.12645, -38.55861, -42.65382, -38.50811, -36.84832, -49.66750, -40.29089, -32.72198, -29.53018
-53.60188, -57.66606, -49.88203, -41.25616, -42.26390, -38.98160, -42.98143, -46.85793, -46.63621, -42.03942
-67.19146, -58.63815, -52.51503, -44.51885, -47.57891, -46.52201, -66.10356, -56.54262, -34.36140, -38.63387
-46.13626, -50.14333, -40.07955, -47.96174, -45.87385, -42.89067, -54.04322, -43.60254, -40.43550, -36.99121
-54.87247, -61.90843, -51.05200, -39.61913, -41.76481, -42.67808, -52.54986, -66.73646, -38.54244, -38.45381
-50.13056, -54.65328, -40.58328, -42.49103, -40.91569, -39.53995, -49.93734, -41.76973, -34.33656, -30.87444
-50.75704, -52.50765, -40.59032, -46.60405, -52.05881, -60.17628, -50.17051, -45.33175, -58.63051, -48.19855
-54.48503, -58.84904, -50.47056, -42.83832, -43.84039, -41.17373, -38.55761, -52.30915, -34.00700, -35.59596
-48.63324, -54.80943, -45.06359, -44.23302, -54.40283, -53.44471, -40.26298, -40.30239, -52.40066, -53.59739
-63.16603, -67.42991, -52.43532, -47.00164, -59.65824, -59.84561, -46.94123, -61.16071, -50.27539, -66.13734
-54.55353, -53.89952, -44.08690, -46.58082, -58.55015, -50.31038, -49.45159, -45.26436, -55.23408, -56.83053
-47.30051, -45.40631, -38.16571, -44.53781, -42.14901, -38.45013, -45.14209, -46.69971, -33.68246, -32.10758
-52.26471, -56.92322, -48.20950, -48.23134, -64.31753, -73.31378, -51.13484, -50.02970, -55.76792, -68.74855
-44.17163, -47.69598, -37.38069, -47.89700, -44.88130, -42.19948, -53.40340, -40.35203, -40.99708, -36.00516
-47.40712, -49.77288, -39.98566, -44.22142, -41.79760, -40.07409, -44.93351, -42.47725, -37.93952, -33.93220
-57.61873, -57.10160, -50.65342, -42.35206, -48.07611, -42.95003, -40.31839, -47.33206, -48.14096, -50.63040
-49.81530, -53.86702, -55.16974, -45.32658, -40.55901, -37.12902, -43.52633, -43.09206, -42.19940, -41.65463
-57.45274, -51.50180, -40.76750, -40.71741, -49.01103, -42.33475, -47.44943, -54.34487, -34.21491, -36.90040
-50.17701, -51.37357, -62.15060, -50.94827, -41.17400, -38.41655, -44.34405, -44.59042, -38.78891, -44.36463
-56.28193, -52.74877, -52.63644, -42.30489, -42.05998, -45.35950, -53.84741, -48.32822, -33.87571, -45.72386
-49.82742, -55.52513, -49.29400, -40.94225, -38.40640, -36.77481, -35.70390, -49.27824, -35.70103, -35.18276
-64.63901, -66.55839, -61.12194, -63.15257, -51.08860, -54.46493, -54.16168, -48.09906, -52.43653, -44.29706
-49.40775, -51.47693, -50.55699, -42.83985, -39.38751, -34.19608, -40.66361, -40.94101, -37.78056, -37.14252
-53.02348, -46.13414, -44.12972, -46.59852, -41.20665, -35.89357, -45.11130, -40.38891, -44.65231, -41.58370
-50.69755, -53.52681, -45.16645, -36.73804, -39.29882, -35.70852, -36.39147, -43.48170, -42.19465, -38.06233
-45.53082, -49.14401, -37.63153, -43.50661, -41.07616, -38.66071, -49.06540, -39.46423, -35.44341, -32.12198
-47.55112, -49.52027, -47.35188, -38.19344, -34.82711, -36.38763, -32.34657, -33.37516, -35.01539, -35.14837
-62.77458, -50.75603, -58.10124, -50.16335, -47.90129, -44.82203, -44.01212, -52.03738, -35.87380, -38.45834
-67.95557, -57.50609, -58.83291, -67.96622, -48.81097, -53.97736, -67.52205, -55.03476, -40.37396, -56.67513
-58.48028, -52.32305, -67.96489, -52.93364, -46.25346, -49.17723, -45.69218, -60.31547, -38.51657, -52.39458
-49.32554, -50.25557, -44.72973, -47.09081, -39.12085, -39.18715, -44.29090, -47.67076, -33.20099, -30.95057
-50.10157, -50.68725, -58.53091, -48.06731, -40.59191, -36.68468, -48.79673, -44.11562, -42.72027, -41.79380
-43.85348, -48.82113, -37.69355, -45.27446, -38.57120, -37.80059, -49.07411, -39.35843, -35.99312, -30.24605
-50.39849, -51.98365, -57.22344, -51.40634, -44.40496, -40.26621, -38.32944, -43.83970, -41.82288, -46.33360
-47.13607, -49.54928, -39.74521, -49.88998, -50.18901, -54.71301, -58.94686, -39.01838, -49.74305, -48.77745
-45.63990, -50.65803, -40.58318, -50.59510, -40.41270, -39.69316, -49.68533, -40.62206, -36.81539, -32.12588
-50.32395, -52.64154, -49.33498, -40.31397, -40.83531, -36.48262, -40.21665, -42.16100, -41.54205, -39.68183
-60.70517, -60.66157, -56.10924, -52.85072, -45.84872, -47.64581, -57.88982, -50.56640, -53.36706, -47.21539
-55.84749, -51.55812, -51.54874, -52.42224, -45.20112, -39.87564, -53.03086, -44.30482, -47.01923, -46.03953
-53.33767, -51.73650, -38.84612, -40.22045, -46.47759, -41.34779, -50.64661, -46.76105, -35.08725, -35.04200
-54.53028, -55.80791, -47.40266, -52.68104, -55.75685, -64.54328, -48.55550, -45.94958, -66.18269, -56.12446
-52.36225, -56.04910, -54.33444, -44.79186, -39.90693, -39.63093, -44.03786, -51.55966, -41.48125, -39.92613
-54.12275, -49.45073, -40.82719, -42.35072, -43.93284, -39.75087, -52.62492, -42.14334, -52.91382, -45.73784
-55.70271, -51.56396, -52.85701, -42.94787, -50.43692, -52.45799, -51.45072, -54.72274, -36.21732, -50.13072
-58.51083, -51.53188, -67.08532, -53.16463, -46.29938, -49.10694, -47.02683, -61.89837, -40.50720, -55.08172
-60.51892, -68.09933, -66.22252, -59.23584, -49.17197, -48.89276, -51.64479, -55.47365, -39.62485, -38.95335
-47.03430, -50.72994, -47.16027, -38.24427, -50.26346, -44.44157, -47.58717, -43.52493, -57.03978, -43.02896
-56.04714, -64.51022, -54.27132, -45.25627, -42.21373, -42.37491, -51.75889, -48.66400, -43.21036, -42.03390
-46.34237, -53.01211, -52.53862, -42.34952, -34.59504, -34.66241, -37.27893, -43.86957, -39.43996, -34.97837
-55.27264, -62.62290, -49.20086, -41.57429, -47.67481, -51.21054, -51.86712, -58.16259, -44.84022, -55.29590
-62.24923, -62.22520, -58.16683, -53.28263, -47.59577, -45.52404, -59.79425, -59.55183, -37.83002, -48.55607
-49.18733, -51.03786, -46.67640, -37.78939, -39.32665, -35.33192, -36.50077, -40.78838, -40.21705, -38.58205
-50.36636, -51.37461, -61.00034, -50.68666, -40.57455, -36.23840, -46.97972, -45.13819, -32.71762, -38.42962
-57.77222, -55.55466, -55.78684, -54.15796, -47.01981, -40.80476, -52.51451, -45.56393, -48.55929, -44.78054
-44.87167, -46.81600, -35.23891, -39.56159, -43.61514, -38.73786, -47.80221, -40.34005, -33.69241, -33.99066
-53.59128, -52.90537, -50.06882, -56.17644, -45.71051, -44.52037, -54.19424, -40.48645, -40.92218, -39.49611
-59.29114, -51.82324, -49.23861, -54.73706, -48.10869, -42.27744, -47.64001, -46.39879, -50.15439, -50.65905
-55.02647, -53.02800, -60.81395, -48.86817, -44.42017, -43.81142, -43.18811, -51.28614, -45.32842, -48.55185
-51.23553, -56.04215, -44.46345, -50.77186, -55.99776, -56.49488, -64.81539, -47.61479, -53.51915, -51.20501
-49.87760, -51.14305, -44.08062, -52.23565, -52.82979, -48.39199, -60.97817, -41.46077, -50.78534, -50.62206
-52.43204, -53.62289, -53.88009, -43.27145, -39.07067, -37.44633, -48.47543, -51.96882, -32.58234, -39.94926
-53.97330, -61.80393, -50.60118, -41.90036, -40.85056, -40.08161, -50.62908, -46.05232, -41.15636, -41.37663
-47.02689, -49.05742, -56.49167, -48.51629, -40.47444, -36.82377, -37.68504, -40.75304, -38.68384, -41.89186
-44.17949, -46.38401, -34.89788, -40.18566, -39.83838, -36.70834, -51.86587, -40.30392, -33.39433, -29.93848
-50.52063, -46.52115, -41.03174, -44.28542, -37.90602, -32.12805, -45.73376, -38.68995, -31.57273, -30.22450
-49.20742, -51.85576, -50.52827, -43.07783, -39.50293, -35.60311, -36.36758, -42.34948, -33.90396, -33.68588
-45.28673, -49.39754, -39.22458, -48.43802, -43.48118, -42.52413, -53.45234, -38.53165, -39.90947, -35.89296
-64.09057, -61.40966, -58.63012, -51.02092, -57.76029, -49.24909, -46.21420, -49.12533, -56.27561, -59.38209
-50.34843, -52.45195, -49.87774, -40.85737, -39.75995, -36.98555, -38.57111, -43.39625, -43.85785, -40.12685
-47.53459, -50.29115, -41.80245, -55.23067, -44.33893, -42.42094, -52.93006, -46.70067, -37.31756, -34.66051
-64.11802, -57.72824, -46.77548, -44.69767, -51.28369, -51.49910, -46.73477, -52.37977, -42.15999, -42.04239
-55.17296, -60.16499, -55.72148, -56.16920, -62.77841, -53.65392, -64.55751, -45.45305, -63.05930, -61.29441
-59.90259, -59.58528, -48.43972, -47.88356, -66.84686, -56.29351, -48.14372, -52.65607, -60.29424, -55.21631
-53.35680, -54.73186, -50.25667, -40.98092, -39.48284, -40.34963, -50.41919, -60.42763, -38.41891, -39.08963
-52.83066, -54.37872, -52.41426, -42.50308, -44.04621, -38.22266, -42.82292, -44.27871, -44.56534, -41.33597
-53.35811, -57.88321, -49.13340, -41.32900, -42.19097, -38.26202, -51.96290, -46.70312, -37.09782, -39.74100
-61.01713, -65.34152, -65.13732, -61.60438, -48.63081, -48.09852, -58.19042, -58.27416, -35.64693, -36.79893
-56.22148, -54.84927, -52.97230, -40.12072, -41.81253, -44.91022, -53.84937, -48.46105, -38.57198, -38.21733
-52.10048, -45.84254, -40.54478, -42.50131, -39.74320, -32.12741, -46.03522, -38.07786, -31.93715, -31.97107
-67.27543, -60.72823, -50.17062, -42.33565, -63.91436, -46.61186, -43.02827, -50.91231, -55.80566, -46.71549
-51.83168, -55.73313, -48.73049, -40.04550, -40.18658, -37.61901, -40.12121, -44.66257, -43.78091, -40.08411
-42.18649, -46.05020, -34.68307, -39.66611, -35.35278, -33.39364, -46.03292, -38.91107, -29.34084, -26.22689
-57.38186, -56.38271, -44.68124, -47.35045, -50.52222, -45.31413, -68.34260, -68.30492, -35.58347, -40.54418
-41.97354, -46.73057, -35.29205, -41.25382, -35.86038, -35.19624, -43.91831, -38.73911, -31.32113, -27.27575
-56.08859, -55.79029, -55.79708, -55.93295, -58.30546, -46.18669, -40.09741, -48.05732, -49.95247, -56.64315
-62.46955, -57.80258, -45.83126, -43.01474, -46.11270, -41.52565, -52.11921, -42.42666, -37.47650, -34.92183
-71.37535, -56.83466, -71.13251, -52.30898, -50.16217, -52.39583, -66.59704, -53.73124, -39.64614, -49.50265
-50.72105, -52.17319, -46.43818, -52.47464, -43.51771, -41.39017, -50.82343, -37.63504, -39.36093, -37.28263
-45.90280, -46.32129, -39.22945, -46.85558, -40.51089, -36.97311, -47.24522, -34.10514, -35.95024, -33.78630
-49.26857, -49.60125, -37.51843, -42.03563, -54.77745, -45.00138, -47.80098, -48.03518, -45.33933, -41.58632
-57.73340, -61.84491, -61.91274, -57.57145, -44.53112, -41.96149, -54.44154, -55.35958, -31.16329, -33.85313
-56.44359, -60.90318, -53.50830, -43.56758, -49.54610, -47.60117, -45.64092, -39.81350, -45.93956, -47.17440
-47.70934, -51.70081, -39.49077, -44.68774, -42.69357, -40.39913, -50.19628, -45.59051, -35.04273, -32.64079
-50.49289, -51.83433, -53.21102, -48.72995, -56.20109, -40.17834, -47.90949, -42.22642, -49.83698, -47.10615
-64.64587, -48.23423, -44.14287, -41.01135, -44.40915, -37.65104, -42.89121, -41.52147, -46.56829, -43.50107
-50.44472, -50.33064, -55.87742, -46.30331, -41.35345, -38.40673, -38.63597, -44.93765, -37.99840, -41.68856
-65.71924, -75.45468, -69.64734, -69.22748, -53.10398, -61.60419, -62.32902, -66.66297, -46.24307, -44.59991
-42.68541, -49.18220, -36.75209, -41.77204, -37.34295, -38.21636, -43.94454, -39.87865, -35.23793, -29.61425
-52.09295, -52.88932, -43.91777, -40.11628, -44.05773, -39.23599, -50.82615, -46.51668, -48.77912, -44.28307
-46.37513, -48.17389, -51.70523, -43.70895, -37.10174, -32.53215, -37.37455, -38.28879, -36.85775, -35.04558
-71.46866, -64.96202, -61.30215, -59.97381, -53.63383, -55.20737, -72.35322, -57.08569, -59.05336, -60.56155
-42.17906, -45.59292, -35.15003, -43.62516, -38.54307, -36.96398, -49.02384, -36.22425, -33.37910, -29.90217
-53.42011, -51.81876, -50.38296, -50.42366, -53.66839, -41.69373, -57.39021, -41.90081, -60.76983, -47.18216
-43.53839, -46.15026, -36.59439, -49.83917, -47.33465, -45.51244, -55.90824, -37.38752, -45.08703, -42.11564
-46.97805, -48.32766, -34.22181, -35.53319, -35.96653, -34.55139, -46.07952, -35.63806, -29.09454, -26.74456
-51.87592, -50.69095, -50.70351, -49.00221, -50.89327, -38.60336, -50.69417, -41.38710, -51.28190, -51.15552
-55.13583, -55.10812, -48.01996, -39.57351, -44.96138, -40.13333, -38.20908, -45.91788, -45.09894, -44.06166
-54.78135, -58.44638, -59.07115, -53.21090, -61.74594, -50.57270, -45.09611, -46.20352, -60.66678, -49.01320
-75.82274, -60.23181, -50.60890, -43.08931, -59.51396, -55.81589, -41.35782, -51.15050, -69.82493, -50.04182
-62.63317, -48.39601, -67.65666, -54.13212, -50.40239, -46.38210, -46.12568, -52.48500, -35.97541, -39.22811
-47.08610, -51.86821, -40.12002, -42.36427, -37.54132, -36.56102, -42.61045, -45.24993, -33.90622, -29.48808
-56.63402, -54.95355, -51.94905, -40.24245, -49.26678, -40.47166, -41.02797, -46.28921, -49.34053, -43.96375
-51.35858, -52.28490, -49.90341, -42.16014, -45.02684, -38.61867, -37.83867, -41.69504, -39.61620, -45.67156
-69.39151, -55.87810, -51.75832, -44.33839, -44.06336, -48.13546, -56.90656, -50.95044, -36.67824, -42.25350
-49.27780, -53.37377, -50.81723, -42.58833, -38.68029, -35.22496, -39.90197, -44.86959, -40.47458, -37.08728
-50.67346, -54.46811, -51.40148, -42.30224, -58.89036, -62.70132, -54.03295, -63.57681, -65.04988, -49.99483
-53.64169, -57.03404, -47.95341, -51.79117, -56.69314, -64.36867, -55.76035, -42.79517, -54.84212, -52.99015
-54.40070, -52.14051, -50.00476, -46.89827, -50.50499, -44.23322, -45.74907, -41.44568, -60.98482, -43.21028
-47.51251, -55.03005, -51.69820, -42.91538, -35.33775, -34.63140, -41.72965, -44.62181, -39.33767, -34.57665
-50.77154, -55.05978, -51.20149, -43.41235, -39.97445, -37.26269, -37.86988, -45.59264, -32.73286, -33.17696
-48.42322, -50.28060, -57.78583, -49.19800, -41.60995, -37.80521, -38.39140, -41.14489, -40.35956, -43.40562
-59.72408, -56.65529, -49.58573, -49.51671, -60.08895, -62.94651, -54.21401, -59.46780, -52.24309, -61.65105
-42.13667, -45.25288, -35.98110, -47.54324, -45.20275, -43.55688, -55.60022, -36.14547, -42.44683, -38.92212
-59.49498, -49.03139, -46.11248, -47.61773, -48.54276, -43.02580, -44.09727, -51.25942, -36.12587, -38.62568
-61.90135, -54.81736, -51.02308, -42.59107, -41.64146, -44.27779, -53.59272, -50.54880, -37.47493, -41.24617
-44.73464, -49.67848, -38.46687, -43.68519, -54.17299, -58.84422, -48.64620, -39.92558, -47.27500, -48.07324
-40.80509, -45.03677, -33.47174, -40.50950, -38.91705, -37.37737, -49.64963, -35.23420, -36.46377, -30.57023
-53.15745, -53.72390, -53.41998, -45.17717, -46.58682, -40.53445, -41.32419, -43.05143, -46.10497, -55.09435
-54.42214, -51.83099, -51.52367, -42.09961, -42.70518, -40.49668, -43.01627, -47.09345, -47.60690, -44.58059
-46.64461, -51.79385, -47.46227, -38.32193, -33.39087, -35.04556, -32.26972, -38.40610, -34.08078, -32.53442
-55.14396, -62.50611, -45.98915, -44.83182, -54.81586, -49.61804, -65.97804, -50.51527, -50.19795, -48.59638
-55.90579, -59.97932, -53.39796, -62.88007, -55.88620, -71.52484, -46.46451, -44.76278, -54.95717, -54.17175
-56.00869, -57.49271, -57.37370, -51.95894, -41.85853, -42.36676, -52.80643, -46.66521, -42.36546, -42.18963
-60.17070, -48.18256, -50.42114, -54.11332, -48.92812, -43.73098, -47.61748, -50.31539, -36.96294, -39.24945
-44.51048, -47.81609, -36.80624, -43.86271, -41.74183, -38.82901, -53.15456, -41.36857, -37.42931, -32.49683
-49.35813, -50.79064, -48.35603, -39.54597, -40.80866, -35.96314, -37.22052, -40.70435, -40.70746, -41.05719
-58.00253, -61.54493, -58.49017, -42.50059, -44.53230, -46.48274, -53.89440, -53.06610, -41.68321, -49.20536
-51.40872, -53.51168, -53.21246, -46.79978, -41.97744, -37.51854, -38.69573, -44.52657, -34.00845, -34.90486
-71.01031, -59.61591, -49.59261, -48.93447, -54.00267, -64.85117, -46.13568, -52.46133, -67.58663, -48.86322
-49.63826, -51.51567, -41.01729, -46.48203, -43.38256, -39.43503, -55.41972, -51.46217, -32.22520, -32.54330
-48.72211, -54.81825, -43.12751, -47.35617, -51.15753, -48.38545, -54.68979, -46.35724, -46.77101, -41.14414
-43.24574, -46.86054, -34.85445, -39.68263, -37.40467, -35.77140, -49.20354, -38.53820, -31.00084, -28.03108
-60.58809, -52.42341, -48.37500, -46.31206, -41.76929, -38.86296, -58.81217, -47.93713, -41.73525, -44.95012
-53.84709, -57.30051, -48.69889, -44.19044, -55.26108, -51.48429, -62.70000, -52.30938, -56.53669, -54.27135
-54.05215, -58.46545, -58.83643, -49.49193, -43.63087, -42.18325, -42.78168, -49.68315, -37.28733, -38.67617
-53.46300, -58.99855, -52.97315, -43.91007, -41.87927, -41.87031, -40.80746, -55.93042, -38.97867, -44.74647
-45.06223, -46.62772, -35.85050, -43.43459, -51.78692, -45.66072, -45.27482, -42.70153, -42.16085, -42.44478
-69.34306, -60.92547, -67.59660, -63.76527, -52.58603, -50.33356, -53.46950, -55.44358, -43.05883, -42.38734
-57.92275, -52.99346, -50.96454, -45.28182, -46.19642, -39.82001, -46.93017, -45.07243, -47.82982, -44.40412
-56.72410, -51.07556, -49.45892, -53.08101, -47.11215, -40.67159, -45.42901, -44.82378, -49.59592, -50.04890
-48.30354, -48.44213, -47.80583, -40.31399, -43.06817, -35.58362, -35.70068, -38.52575, -46.73019, -47.15959
-60.83522, -58.06689, -57.59222, -58.47650, -50.15626, -45.38986, -63.54019, -50.03881, -49.83162, -51.24868
-85.63592, -66.57762, -49.69827, -46.59947, -52.30165, -75.02065, -48.69557, -58.24355, -54.65525, -50.18766
-54.26485, -50.81810, -43.18793, -46.22265, -42.23968, -36.74712, -53.27006, -43.20129, -36.04988, -33.21527
-57.29653, -56.53736, -54.74912, -46.00674, -48.92535, -45.11309, -42.53632, -45.67717, -51.02467, -55.88705
-47.46587, -48.38055, -40.55161, -48.18704, -51.17954, -50.10952, -53.56227, -39.70038, -53.49613, -53.86741
-49.73054, -50.47632, -49.10485, -43.00215, -44.23653, -37.64214, -36.48426, -40.85551, -47.53122, -50.02941
-54.68784, -62.60455, -52.93223, -45.49821, -41.83365, -39.89042, -45.56540, -52.18231, -34.95118, -35.77574
-51.03211, -51.83551, -56.27423, -46.41595, -40.94742, -37.64725, -41.11815, -47.10998, -32.05488, -37.57340
-43.99356, -45.95459, -53.38077, -42.69576, -35.12635, -31.86927, -38.81026, -37.84735, -40.80272, -37.66419
-57.73329, -58.72323, -60.34559, -58.46839, -44.08211, -43.29342, -46.07836, -51.80999, -34.68550, -34.79219
-71.95263, -60.23756, -75.39740, -71.31570, -59.85842, -57.55131, -72.81906, -64.39535, -45.60734, -49.02871
-74.08822, -55.49586, -62.81248, -56.57695, -48.65612, -45.67135, -60.45921, -56.31242, -35.98683, -38.05467
-60.34178, -52.48350, -52.94210, -61.52430, -53.23096, -48.40863, -61.73808, -47.78648, -44.79941, -45.64479
-51.11574, -52.58888, -43.63279, -51.69380, -51.52176, -47.79105, -48.91657, -41.96294, -47.41309, -44.91377
-49.78827, -49.70328, -51.62198, -41.98345, -39.58666, -36.68169, -39.10897, -42.34919, -44.02290, -41.64543
-46.03979, -50.62173, -38.90284, -45.14079, -38.76601, -38.01636, -49.50256, -40.40787, -35.25556, -30.22778
-59.39508, -61.27986, -55.27708, -51.18031, -43.32800, -45.57145, -55.46733, -50.87874, -50.30011, -43.42083
-45.38136, -48.50587, -38.58081, -48.85686, -43.65029, -41.00720, -53.97340, -42.48380, -36.48571, -34.14254
-51.67624, -57.77193, -54.04251, -39.11478, -42.81581, -40.03569, -50.45516, -45.81416, -41.42131, -45.48944
-56.02581, -52.93886, -51.72094, -54.43887, -47.65568, -41.92194, -42.22737, -46.77031, -51.35293, -47.43655
-50.01118, -51.24040, -54.69409, -45.97992, -41.16377, -36.30851, -41.63417, -41.34364, -39.84435, -40.92078
-52.13291, -54.82424, -53.80914, -45.38381, -42.76080, -39.09081, -39.31441, -46.30816, -36.64924, -39.43990
-75.14064, -65.77246, -61.10079, -65.74432, -52.89661, -57.52952, -50.77120, -67.90896, -39.45198, -45.41375
-61.85396, -54.09756, -61.92847, -53.04239, -44.77993, -42.16214, -58.00767, -56.55706, -36.47135, -41.18602
-75.66204, -54.90186, -53.87745, -46.18405, -56.01031, -47.96466, -45.57292, -54.64341, -47.67376, -53.02259
-45.34392, -47.56804, -48.98704, -40.91543, -35.91403, -31.17554, -36.61449, -37.19498, -36.14963, -34.57251
-50.55049, -54.87464, -46.98908, -38.52930, -38.88635, -35.65914, -38.67500, -45.83927, -35.76830, -39.45371
-53.85938, -57.60727, -49.53861, -55.26587, -51.27867, -47.68158, -56.05950, -63.89030, -37.34594, -39.72179
-54.97033, -58.25320, -57.43780, -54.55410, -46.33517, -46.40307, -40.00995, -48.80933, -46.08388, -48.31018
-47.53415, -51.12306, -55.89925, -45.55395, -38.26699, -35.04786, -44.56456, -40.17879, -40.34843, -39.34225
-56.76458, -57.22898, -55.92540, -47.43880, -48.63911, -41.90417, -49.36839, -48.37687, -49.58663, -46.78914
-60.01804, -56.72512, -51.93159, -51.93652, -44.29492, -43.03991, -58.65233, -49.00252, -51.00496, -46.32599
-56.51324, -54.24421, -48.38613, -51.13124, -52.72969, -54.77621, -54.58699, -55.55647, -50.42811, -47.73525
-44.24447, -42.79162, -31.66091, -35.41554, -42.22410, -35.50646, -45.49871, -42.18110, -31.22120, -30.23167
-50.49615, -55.94258, -46.43335, -59.27171, -46.08443, -44.64452, -49.74741, -48.31238, -42.60445, -37.07024
-55.24158, -48.48893, -45.77581, -50.32182, -41.13609, -37.94381, -63.75119, -43.57351, -45.38093, -42.17488
-52.62677, -55.76766, -49.26768, -40.37123, -39.47132, -40.12700, -36.33592, -45.03484, -41.35969, -39.33267
-48.80963, -53.00880, -48.49382, -39.41872, -37.55776, -35.79273, -36.32607, -43.72058, -38.24001, -38.72413
-55.74286, -47.66950, -39.62961, -42.34847, -52.84917, -44.62696, -44.25029, -50.49604, -37.51694, -41.27854
-57.12632, -61.43383, -55.59419, -59.43086, -50.44894, -48.46527, -58.22428, -49.17777, -47.05765, -38.74341
-57.08899, -58.48706, -58.86785, -51.93342, -44.20519, -43.47428, -54.26327, -47.68957, -47.54007, -47.33394
-52.20484, -50.14294, -49.37459, -40.97112, -39.31716, -34.51429, -49.79728, -40.52943, -40.30831, -38.67827
-56.21763, -56.20156, -60.81775, -53.21089, -49.78904, -42.16760, -48.92784, -45.61073, -41.07837, -42.19429
-49.22898, -51.19287, -54.18516, -45.50615, -41.72182, -37.82087, -39.01139, -41.79749, -41.36063, -43.40648
-60.33895, -52.76157, -50.40318, -55.14441, -45.99640, -41.52360, -65.85795, -46.24853, -45.27251, -47.33207
-49.93638, -52.92834, -46.02202, -37.16971, -36.80090, -37.13968, -33.37414, -42.29954, -36.63092, -36.63906
-46.97044, -44.43593, -37.98491, -46.10238, -41.74053, -37.44603, -47.74159, -45.47946, -32.41314, -31.35415
-61.49532, -71.95748, -53.21518, -47.32930, -48.06014, -49.51373, -46.10422, -57.90023, -42.74418, -40.62084
-48.56281, -51.21684, -56.76654, -46.48674, -39.96852, -36.64988, -40.97207, -40.57941, -40.72290, -41.77329
-50.25622, -52.11052, -47.09272, -41.56022, -39.14715, -35.03418, -49.16289, -42.80021, -34.70438, -36.89456
-60.10096, -53.74738, -50.85938, -40.75802, -40.69887, -43.04797, -53.12423, -49.64595, -38.72457, -38.94344
-69.28960, -59.83898, -69.56215, -63.30615, -51.16814, -48.27686, -58.28584, -56.20336, -39.57340, -40.79794
-49.97407, -48.07729, -45.00455, -47.37778, -54.07508, -39.15287, -51.33942, -37.12040, -54.21282, -44.74262
-55.45346, -61.01132, -59.51402, -42.56473, -40.53922, -40.01399, -49.82834, -49.00272, -47.02918, -42.98974
-54.55321, -55.45107, -50.46671, -60.44365, -50.46847, -46.21952, -54.19656, -55.28631, -39.87802, -39.93755
-58.20232, -61.44309, -56.56096, -47.32029, -46.25779, -45.24008, -46.08760, -49.96453, -49.26730, -47.98830
-55.51682, -59.56563, -49.16242, -41.77744, -46.23055, -41.78432, -42.72375, -47.95042, -47.03722, -45.00344
-49.67027, -57.94891, -50.79487, -42.76595, -36.84258, -35.76928, -42.83913, -47.64711, -36.42303, -34.85011
-61.95422, -55.70801, -53.48707, -52.26051, -66.68318, -65.30339, -46.32651, -60.17785, -56.03441, -64.08191
-60.74576, -67.60343, -61.44058, -56.46816, -49.12214, -48.40435, -48.15641, -55.09983, -38.39229, -37.53673
-65.56380, -62.73179, -57.09896, -51.16391, -52.32053, -58.46294, -45.18816, -65.47033, -48.78858, -47.30023
-56.30693, -51.55706, -47.70805, -40.39031, -50.61278, -44.04783, -37.08449, -37.35235, -44.39878, -41.75886
-56.93089, -58.90778, -53.29667, -43.80070, -50.96231, -49.00060, -43.01234, -39.35398, -45.97231, -48.89431
-52.35438, -57.01611, -58.75747, -48.89840, -41.68675, -39.69809, -44.72016, -47.96853, -37.61769, -41.10057
-54.28210, -58.21445, -54.29497, -47.01735, -41.02775, -40.35398, -51.17370, -46.55757, -41.88768, -40.67963
-57.91811, -60.42647, -53.09364, -55.01075, -65.59585, -56.91755, -51.21062, -51.93344, -51.28771, -56.51983
-55.26231, -47.54741, -44.57998, -48.11281, -40.71945, -37.04014, -66.07020, -42.62472, -45.23195, -42.06195
-54.45469, -53.04179, -43.35136, -49.11848, -52.58520, -44.40348, -51.78827, -46.98781, -50.99924, -44.59137
-59.56358, -60.60851, -54.57620, -41.89213, -50.09255, -44.73764, -48.51212, -55.98496, -51.10127, -45.69831
-43.68415, -46.96053, -38.02417, -50.65015, -41.70304, -39.15296, -51.54240, -42.99385, -34.39339, -31.97060
-49.96142, -52.26528, -45.45466, -50.91100, -45.32376, -41.17647, -51.69331, -55.14448, -31.26320, -34.57421
-49.16663, -50.20862, -50.56335, -42.26545, -42.66445, -36.10638, -37.96660, -41.15077, -42.84083, -39.27258
-61.00018, -61.69729, -54.45291, -51.16692, -59.03860, -55.98912, -53.47538, -45.62646, -56.67099, -73.39051
-62.82826, -71.75757, -59.50477, -52.74660, -53.02512, -51.21797, -45.33641, -65.25859, -37.37380, -40.07186
-49.78918, -51.07919, -50.11156, -41.71259, -42.15725, -37.13397, -36.85322, -41.82468, -42.15411, -41.70460
-48.73485, -53.38136, -51.32560, -42.53506, -37.91286, -35.12326, -39.39860, -44.16357, -36.80277, -37.10234
-63.33700, -54.58508, -59.37979, -50.16050, -46.24888, -50.63197, -50.00836, -58.15504, -40.33536, -48.86210
-68.29054, -60.11007, -52.11420, -50.05102, -52.13021, -49.99886, -60.19891, -67.33121, -38.20675, -40.40527
-58.46055, -56.70056, -54.45046, -49.42763, -44.48083, -42.72380, -56.48882, -47.68884, -48.72090, -50.09953
-68.82126, -58.28354, -49.63776, -51.10367, -60.88601, -49.77228, -47.78525, -49.49912, -47.17203, -51.19255
-56.42105, -52.65321, -52.27319, -49.26109, -43.28243, -43.00245, -46.26276, -50.14411, -36.73834, -35.64671
-50.30161, -53.15932, -39.28434, -41.43647, -40.25271, -38.65907, -49.24366, -45.28339, -33.02883, -30.18850
-59.17483, -53.91746, -54.44687, -45.52726, -49.16778, -43.67284, -42.97916, -51.34557, -33.14187, -38.39527
-54.63065, -55.85298, -47.74654, -40.00314, -43.50886, -38.58972, -37.62618, -46.08092, -40.42111, -39.56426
-49.86083, -55.78954, -48.11201, -40.36169, -37.61318, -38.05189, -36.36775, -38.93689, -37.78649, -35.82526
-56.98475, -59.80615, -61.11106, -46.35962, -57.36982, -57.02710, -56.40972, -57.81923, -54.14630, -57.82655
-50.84853, -55.25632, -40.69639, -41.98830, -42.72704, -42.98624, -50.64334, -41.19454, -36.88936, -34.23531
-57.08446, -56.58487, -51.16077, -42.94007, -50.14617, -42.68628, -41.71331, -45.89251, -46.80390, -52.11692
-54.96203, -52.22743, -47.86340, -53.78415, -46.40294, -39.82187, -53.87002, -45.31263, -41.50811, -38.44645
-65.30360, -61.09248, -59.52409, -50.72318, -56.30932, -86.20774, -43.28098, -54.00744, -46.48545, -47.79936
-53.78116, -55.43040, -50.58492, -40.24474, -46.52917, -52.36710, -54.55246, -47.53598, -34.87953, -50.41127
-57.41522, -60.71399, -51.67280, -43.12118, -45.06765, -42.62535, -42.88748, -50.82984, -48.96909, -44.53774
-50.91272, -51.51225, -53.97371, -46.92629, -48.25664, -40.30669, -40.00105, -41.52188, -55.66281, -47.03874
-70.70391, -67.39898, -57.95177, -50.96612, -62.92064, -61.84042, -48.38990, -51.26051, -60.71908, -60.59523
-64.36332, -59.18548, -44.87385, -41.96308, -49.48997, -59.12398, -42.94609, -46.89296, -47.01080, -49.43398
-43.09457, -45.94823, -38.61620, -48.26455, -39.78258, -39.47506, -43.19702, -33.98296, -35.40951, -33.29190
-74.97296, -51.83041, -64.30023, -54.75724, -54.41328, -58.50129, -56.20355, -61.14205, -38.66114, -43.61690
-63.04623, -51.67811, -52.31502, -45.03663, -47.43549, -42.01348, -43.81614, -48.66056, -40.30442, -40.65180
-45.51277, -53.26823, -47.23177, -38.41602, -32.94044, -33.41537, -33.48859, -40.99462, -34.07557, -31.71905
-58.24740, -56.82769, -51.36860, -43.19927, -52.26400, -44.09424, -41.80342, -45.96529, -46.07300, -53.86808
-52.57385, -53.12738, -49.62812, -38.52619, -40.26974, -35.05195, -47.86582, -42.33085, -42.25217, -38.45616
-53.54880, -54.61370, -40.97789, -41.57738, -46.99590, -43.11398, -43.71487, -51.09705, -35.83716, -34.39817
-53.08512, -55.85559, -55.28995, -46.18228, -43.64084, -40.75703, -40.86965, -46.78445, -46.63199, -46.66805
-61.77801, -51.13665, -46.32481, -50.33477, -43.80252, -40.78769, -74.49745, -45.31700, -46.15312, -49.79211
-55.15816, -57.50288, -58.36492, -49.53104, -45.48441, -42.34117, -44.11732, -46.45611, -48.95562, -44.91124
-54.19413, -52.36433, -51.83188, -43.62452, -44.49947, -43.74029, -38.02251, -36.25850, -40.79837, -53.05300
-45.44471, -47.96145, -36.80592, -44.61850, -48.61207, -50.54591, -59.51991, -38.06515, -47.00035, -45.86362
-52.77676, -55.10006, -57.80673, -52.86263, -40.06967, -39.30443, -49.82049, -45.67454, -44.49471, -40.09336
-53.40853, -52.14898, -41.39107, -44.64139, -49.78422, -44.49421, -44.71020, -50.17685, -40.68835, -37.82306
-51.74599, -53.95872, -59.54840, -49.43982, -43.40886, -39.79337, -52.01499, -44.15178, -45.76724, -53.00540
-53.15770, -55.51006, -52.45657, -43.87540, -42.26230, -40.91522, -38.27444, -50.95254, -40.66637, -41.96233
-47.79462, -56.49157, -50.05327, -48.56704, -58.92670, -54.79934, -43.78287, -40.66033, -67.03159, -53.86121
-57.74932, -51.56415, -41.39069, -43.44292, -53.70912, -46.47563, -51.33085, -51.45838, -40.12693, -42.78738
-51.65968, -55.70035, -53.85320, -41.45573, -39.22284, -36.93711, -48.53675, -42.23365, -39.36482, -40.60273
-53.73119, -57.50515, -56.14781, -51.15400, -42.73602, -40.09876, -50.01190, -46.45957, -39.36076, -49.79099
-49.94433, -51.58948, -45.06110, -46.83895, -41.24125, -41.51194, -44.29985, -46.30560, -35.66993, -33.55849
-53.51925, -55.01739, -52.27401, -41.41821, -59.49326, -50.21032, -45.73887, -49.94536, -63.55244, -48.76119
-54.45876, -56.12027, -50.62921, -41.91960, -44.08207, -40.66716, -40.32197, -45.86767, -45.51627, -44.21930
-56.67338, -52.38899, -68.55517, -52.06655, -45.36277, -47.23206, -44.48492, -57.70018, -40.18860, -56.55583
-65.65971, -65.08793, -51.87698, -44.66644, -53.07764, -57.07705, -45.43111, -48.38914, -44.28492, -51.93090
-51.51136, -55.08310, -49.14507, -41.11471, -40.34405, -37.48298, -37.75444, -45.24461, -34.40838, -34.28496
-45.90470, -49.37650, -48.13397, -39.50719, -35.52017, -31.98106, -36.66896, -39.18210, -35.00549, -34.68269
-44.23930, -47.21888, -36.22447, -45.00373, -47.27176, -46.11270, -62.83294, -36.86781, -44.07810, -40.50646
-52.78475, -51.83736, -49.84770, -44.19589, -51.34521, -41.43476, -37.09036, -41.53045, -39.26675, -52.44530
-50.86136, -52.26811, -43.27958, -43.79051, -56.43086, -52.19561, -42.36070, -43.55135, -62.40792, -54.94111
-49.79175, -51.50454, -53.36332, -44.49679, -42.31562, -37.48788, -38.62601, -42.39077, -42.29433, -43.15676
-61.86998, -61.19695, -50.27410, -46.21628, -56.85635, -63.00223, -39.78572, -48.35162, -51.81436, -54.94313
-73.65485, -52.80723, -57.60334, -50.29257, -48.97280, -54.02015, -64.36858, -55.35493, -36.52658, -42.80199
-58.46418, -59.59547, -48.11639, -42.34818, -45.32633, -41.00389, -39.83585, -47.31476, -41.38846, -37.19740
-53.70862, -54.69121, -58.89672, -53.44814, -48.69038, -43.58108, -40.39467, -46.88723, -46.07306, -49.27110
-57.55034, -53.30780, -62.93952, -49.79292, -45.27118, -47.46778, -43.37705, -60.83317, -39.72785, -52.88475
-62.03509, -56.67884, -54.51038, -59.09232, -57.38868, -48.21985, -47.87660, -51.20975, -53.36749, -55.60940
-50.93892, -52.56395, -41.89705, -50.17442, -54.02419, -61.14955, -51.08064, -45.13458, -58.33370, -51.07025
-55.26574, -54.46744, -59.79822, -53.35528, -47.53515, -42.98988, -48.44315, -46.81315, -45.84576, -49.37741
-41.95566, -45.12824, -34.54045, -43.51493, -44.89849, -44.20338, -56.38640, -35.08587, -41.96027, -38.86713
-62.30852, -52.77807, -42.12143, -40.43978, -50.35837, -68.78582, -42.97212, -48.06783, -48.26447, -56.98186
-71.55170, -53.03417, -56.34888, -47.96126, -49.58247, -56.07209, -60.46313, -52.10038, -37.75913, -49.00824
-42.90119, -46.83325, -34.90027, -40.88450, -39.90349, -38.75129, -51.73335, -36.27700, -36.59733, -31.46016
-47.33721, -50.09849, -56.58010, -47.06950, -42.64762, -35.73988, -43.30581, -40.63787, -44.33746, -47.89633
-56.47677, -57.28777, -56.54027, -50.67040, -46.96923, -43.12814, -42.53431, -46.42385, -44.13155, -46.61456
-53.54083, -56.84214, -60.68162, -52.79908, -42.82869, -40.22320, -44.73074, -43.18560, -42.79632, -40.94963
-57.76025, -60.72527, -52.60511, -43.02087, -47.57995, -45.46178, -46.27021, -47.58815, -41.23069, -53.88433
-40.78287, -44.45413, -32.99418, -38.85305, -35.54799, -33.85864, -47.02519, -35.32925, -29.27022, -26.46379
-58.71979, -57.45325, -45.67928, -48.93730, -56.59956, -49.00836, -57.29775, -55.92069, -43.32832, -45.12626
-58.99975, -58.38027, -49.70845, -41.30713, -47.47365, -43.46330, -40.00707, -50.50982, -48.47634, -46.17257
-58.00946, -56.03887, -50.86455, -42.83550, -52.06358, -43.49432, -40.59754, -45.95536, -50.18988, -53.78465
-58.95682, -57.77807, -54.62969, -47.05195, -44.55200, -44.89406, -48.74100, -51.95893, -41.00862, -49.08167
-52.62359, -57.43620, -49.99718, -42.97333, -43.64486, -43.34607, -46.25988, -44.96798, -49.47088, -50.98881
-62.89391, -66.71656, -58.06525, -55.81664, -47.81710, -50.62466, -46.60962, -50.49395, -46.09475, -40.59434
-56.50409, -57.17990, -51.19108, -39.34799, -40.26493, -42.75579, -51.80095, -49.77954, -38.03375, -37.77604
-48.85098, -50.89307, -40.64275, -50.92820, -50.32825, -45.19408, -63.56384, -46.91307, -41.07766, -39.02327
-48.79326, -53.44389, -44.62092, -57.85715, -45.25193, -44.23548, -51.47610, -43.66502, -42.85055, -37.16923
-56.35683, -56.70827, -50.66363, -41.98910, -44.32047, -43.42993, -38.49645, -45.17429, -45.40776, -45.88700
-52.36372, -52.84284, -42.21284, -46.66568, -42.06194, -39.01157, -53.33561, -45.92440, -32.90361, -32.14391
-47.95465, -46.54343, -40.81060, -39.07155, -46.63234, -40.26977, -44.38234, -37.95001, -50.94686, -44.93524
-53.64610, -58.67850, -58.23811, -46.90874, -40.74845, -39.39837, -49.52414, -50.90749, -36.84688, -45.78179
-43.97907, -47.16658, -34.60059, -37.69144, -36.50164, -35.16108, -46.95641, -36.74103, -30.23896, -27.45537
-63.16031, -60.11156, -53.46515, -42.89760, -49.67324, -45.48946, -45.40582, -49.68276, -53.69960, -65.98849
-61.87288, -60.42710, -60.93006, -54.08520, -58.34982, -53.88840, -47.58411, -49.38821, -60.82325, -50.76022
-52.24960, -52.60498, -39.67339, -42.27609, -51.87720, -47.01124, -47.47701, -43.13134, -42.72973, -42.42161
-52.00533, -54.75864, -50.63474, -42.07908, -42.73654, -37.95489, -41.34039, -44.66435, -46.28632, -42.04809
-43.56622, -45.21487, -34.80580, -39.07866, -36.99376, -33.32654, -46.18020, -38.00823, -30.67915, -27.89894
-46.77846, -49.80860, -55.55998, -46.84098, -37.70271, -34.22361, -37.92474, -39.31760, -39.75267, -37.82560
-61.62463, -66.82611, -59.26275, -54.27956, -46.60370, -48.64886, -58.22198, -56.08755, -43.52806, -41.83790
-61.87673, -51.80149, -66.82396, -53.71680, -48.80824, -52.68401, -48.44071, -60.53400, -38.68562, -48.87260
-52.84882, -56.07694, -55.43454, -46.81881, -43.36526, -40.26538, -40.01981, -47.65621, -43.21322, -43.00607
-50.02219, -51.21544, -46.00706, -53.39519, -39.62409, -36.40533, -49.29952, -43.82568, -31.73695, -30.29103
-54.89907, -59.70093, -55.25993, -47.77419, -43.36204, -40.85176, -41.85849, -47.09486, -39.46377, -39.93493
-47.83373, -49.60160, -55.97227, -49.28202, -41.88140, -37.60427, -38.03575, -41.49592, -39.57235, -42.57974
-46.96227, -49.54888, -55.34041, -47.14768, -38.74823, -33.69041, -40.70753, -39.97487, -41.68963, -38.71206
-59.35320, -56.42694, -52.32077, -43.77429, -50.40722, -45.84741, -45.28134, -54.15185, -47.18720, -49.56796
-64.83672, -64.51709, -50.49873, -42.89761, -54.59019, -46.78120, -44.29764, -55.26923, -53.00614, -49.14942
-55.92006, -59.75133, -63.95162, -56.93231, -47.35024, -46.11104, -42.84522, -51.19683, -40.40836, -39.27133
-48.88675, -48.17781, -49.76703, -40.55667, -38.26154, -34.55910, -39.55138, -41.14700, -40.01107, -38.35283
-61.67303, -52.84745, -61.59564, -49.57735, -47.33100, -50.95751, -45.51209, -59.61909, -38.92009, -51.96251
-57.98358, -55.47725, -54.98266, -50.49478, -45.03420, -39.94254, -55.68398, -48.33148, -40.67638, -43.15608
-53.56079, -57.92366, -51.20664, -42.90047, -42.29580, -39.43608, -40.20989, -50.48071, -34.72714, -38.25804
-53.71905, -58.43244, -53.34972, -44.32841, -42.58752, -40.18993, -49.43623, -47.72688, -43.35930, -42.24892
-43.90009, -47.40140, -36.90286, -46.41106, -42.91176, -40.71554, -53.48165, -39.18391, -38.37918, -34.10779
-47.51272, -49.39549, -47.78959, -40.87992, -37.28541, -32.33452, -35.81264, -39.50613, -32.15991, -32.18680
-57.13115, -56.62419, -61.05504, -53.44825, -49.90361, -47.46319, -45.30241, -44.22794, -51.24134, -50.82510
-64.08695, -59.50388, -56.45703, -48.52450, -44.36180, -49.71248, -55.40447, -51.21997, -37.88650, -47.70888
-69.74323, -51.48547, -49.94252, -44.99918, -55.63170, -60.05466, -41.89141, -53.20648, -55.51539, -50.51621
-51.44254, -53.28340, -55.37322, -48.16283, -50.18350, -38.82278, -49.47879, -40.92310, -40.14433, -37.85867
-49.24994, -50.41880, -45.85019, -37.38324, -47.70235, -40.26991, -42.26032, -43.21544, -52.20013, -42.09377
-61.87165, -54.08896, -50.40852, -40.43805, -41.82365, -44.69422, -55.55626, -48.12363, -40.19200, -39.01395
-57.51502, -55.54336, -51.30905, -42.57445, -42.03485, -42.96467, -50.67908, -60.65185, -40.68484, -43.57327
-50.34164, -52.83570, -50.70595, -42.61295, -40.66282, -36.12730, -43.44463, -42.76338, -43.87973, -39.77503
-46.46376, -48.84412, -42.28284, -50.88879, -43.69093, -40.86008, -52.39759, -37.53533, -38.75691, -36.61088
-58.54064, -55.18119, -48.45143, -43.69150, -46.50912, -39.69686, -42.01833, -45.85555, -45.28435, -42.50064
-50.86336, -47.22347, -37.19886, -40.66004, -49.60812, -42.23881, -46.02569, -47.26099, -36.02430, -38.28726
-58.57814, -59.47097, -56.43241, -47.74411, -50.88724, -44.44810, -46.70394, -49.93769, -51.30005, -48.01769
-51.75940, -54.33190, -58.43283, -51.13829, -40.07446, -39.04487, -49.39500, -43.27319, -40.36698, -40.98702
-48.32634, -51.82131, -47.11276, -40.46640, -51.32435, -58.71910, -45.42125, -43.64434, -51.02892, -54.39331
-63.86312, -56.09160, -50.03665, -41.45322, -41.96671, -44.45469, -54.47798, -52.08091, -41.24008, -40.27149
