-21.45240, -27.72464, -18.74249, -26.63888, -26.94881, -33.91849, -27.91568, -21.35318
-24.22947, -22.13432, -19.16872, -23.52291, -20.52340, -26.53716, -21.59923, -14.74977
-24.87478, -19.81476, -17.55802, -20.13103, -22.05309, -25.24927, -22.54348, -14.83242
-38.84552, -17.35728, -15.35863, -19.60864, -13.73605, -28.65743, -26.10117, -16.62791
-25.93670, -15.61645, -15.70244, -21.69993, -18.60862, -32.05183, -23.00477, -17.31599
-32.74752, -16.66780, -16.18936, -21.09137, -18.52608, -31.64403, -22.71673, -19.03391
-23.35745, -26.60212, -19.31668, -25.45724, -26.36207, -30.22531, -27.19559, -21.75957
-24.80937, -22.06023, -17.94648, -22.27535, -20.26626, -25.34434, -19.77436, -15.10104
-23.16461, -22.88347, -19.25081, -25.45863, -25.24150, -32.10203, -24.83604, -22.34324
-25.69314, -19.30798, -13.32282, -21.49178, -16.45274, -27.64936, -21.27634, -19.98653
-27.85608, -16.08146, -16.36030, -19.64485, -20.26680, -30.03740, -25.37219, -18.72582
-29.30058, -24.73532, -20.73152, -24.45784, -23.20429, -25.11555, -20.73393, -22.47274
-22.01168, -22.88430, -18.17839, -19.24787, -26.02535, -21.07536, -21.82720, -16.87645
-26.37739, -21.78374, -18.10974, -21.43505, -20.23165, -24.41085, -19.23620, -16.64878
-22.15409, -24.27712, -17.96732, -19.81242, -23.24666, -20.91781, -20.26889, -18.73297
-23.77238, -24.80385, -18.28312, -22.83913, -24.27566, -29.87332, -29.01910, -24.66149
-29.67425, -18.47477, -15.12918, -20.85496, -14.85991, -29.31606, -22.89530, -20.36064
-22.19526, -21.83198, -18.38443, -21.48516, -22.82036, -25.33068, -21.83664, -14.56954
-28.00874, -18.29817, -13.45237, -19.66670, -18.16146, -31.51687, -24.29566, -22.43227
-27.84795, -28.59882, -19.26481, -26.78831, -24.94693, -26.32996, -18.97110, -24.27746
-27.10629, -31.62663, -19.65535, -28.24739, -23.02486, -26.93528, -21.44632, -21.26028
-30.34299, -18.83289, -16.04810, -17.49175, -20.94672, -24.22471, -26.35084, -24.09712
-26.93952, -20.92775, -19.45831, -20.43711, -21.40169, -23.43916, -20.35193, -15.97152
-22.58290, -24.61370, -18.88904, -24.33543, -24.89195, -30.54143, -26.02016, -23.46335
-23.05166, -24.53302, -17.65317, -23.42675, -26.46500, -33.52482, -29.52606, -22.64368
-27.51570, -15.54884, -16.16335, -20.07532, -19.82023, -29.54113, -22.23067, -18.89677
-29.48244, -18.95331, -16.94796, -17.86586, -19.90510, -25.09288, -30.50294, -22.31085
-26.95515, -16.64620, -14.85638, -19.89394, -14.80951, -29.45950, -30.54108, -18.01866
-23.19391, -20.67880, -18.49373, -17.95374, -24.75732, -20.03141, -20.35375, -17.05939
-30.98611, -17.97977, -14.44544, -20.96050, -13.97625, -34.30009, -26.68222, -16.31266
-32.36653, -17.51383, -16.23264, -16.55436, -22.24518, -25.58078, -33.36484, -22.45363
-21.59171, -29.49074, -19.01609, -28.06678, -26.79526, -31.54785, -23.63638, -24.94676
-25.21511, -21.25145, -19.19108, -21.37148, -21.34180, -25.13559, -21.83234, -14.70262
-23.84792, -23.08768, -18.39093, -23.34761, -22.50818, -33.42336, -27.53114, -24.19717
-34.44944, -14.89100, -18.61133, -20.77388, -20.75310, -36.79308, -28.99572, -18.06432
-21.78099, -23.52305, -18.72029, -18.96537, -24.49253, -19.93991, -19.37768, -18.28483
-28.71412, -16.83805, -17.11404, -20.14408, -19.93131, -25.72948, -20.82342, -19.96129
-27.50009, -27.19461, -18.03827, -24.16535, -25.59265, -25.15837, -19.78005, -24.24715
-22.07300, -25.64904, -21.38945, -24.87696, -28.22770, -28.88720, -27.06440, -23.20514
-29.54417, -19.77681, -20.14865, -19.99373, -19.95749, -22.52718, -19.04847, -16.91028
-26.22597, -20.91125, -19.55440, -20.83182, -20.40432, -24.07856, -20.91998, -16.00148
-32.80563, -16.89023, -13.27500, -19.34145, -17.97666, -31.43274, -24.75693, -19.44518
-27.36811, -18.82274, -13.14778, -21.80687, -16.45647, -29.52281, -21.54154, -19.17094
-23.09838, -21.93924, -17.78581, -19.20095, -22.37004, -20.55153, -20.19931, -17.25380
-29.85672, -17.89741, -16.82213, -17.25361, -21.54925, -23.07763, -25.16405, -26.89762
-30.12633, -18.96027, -16.97739, -16.93496, -21.12527, -23.62687, -29.80585, -25.12685
-26.76195, -21.23968, -19.28066, -22.03231, -21.57841, -25.95098, -21.76464, -16.70250
-19.80603, -22.02848, -17.77135, -19.10000, -28.03717, -20.97842, -20.69958, -17.09027
-27.06892, -24.55430, -18.94934, -26.86715, -22.80878, -26.48851, -18.46571, -20.10289
-22.99213, -25.47392, -19.17925, -18.77625, -23.82620, -18.96742, -19.03533, -19.37999
-26.99078, -15.63498, -16.74455, -20.89934, -19.59101, -31.06988, -26.96684, -19.19782
-30.97820, -16.02118, -18.29140, -21.37889, -18.11814, -29.48981, -25.14680, -19.39531
-31.03302, -15.22770, -17.86965, -20.04949, -18.73151, -28.43784, -23.31883, -18.58591
-26.67852, -26.69058, -21.59106, -24.98220, -25.72199, -24.49319, -19.51563, -20.58448
-29.30380, -23.34400, -20.48302, -22.89359, -24.38001, -23.66982, -19.23839, -21.79693
-31.72626, -15.14837, -17.65199, -20.06709, -20.53738, -33.51049, -27.64612, -18.54985
-29.63950, -18.02496, -16.66547, -22.90493, -14.25160, -30.50380, -24.61682, -17.42741
-28.89902, -27.55729, -20.08391, -25.77138, -22.78708, -25.11766, -19.18490, -24.22537
-28.99445, -27.21518, -18.28634, -23.97957, -26.33504, -26.52762, -21.52947, -23.63952
-24.33063, -18.94896, -12.96385, -20.90634, -18.08428, -29.42770, -22.11266, -19.83127
-23.71066, -20.93870, -17.72430, -21.05692, -23.54310, -25.24881, -21.24174, -14.89770
-24.96072, -17.85819, -12.78766, -20.33598, -18.92958, -28.06012, -22.73115, -19.51087
-25.86669, -24.70188, -19.09027, -25.67968, -24.24037, -28.50271, -20.63685, -20.17597
-24.90883, -20.91526, -19.08216, -21.20523, -22.30864, -24.88216, -22.42753, -15.66752
-26.89409, -28.90508, -20.50330, -23.40124, -24.40781, -25.75874, -26.29605, -25.11651
-23.39799, -25.98838, -21.15300, -19.80965, -24.42183, -19.13597, -19.16074, -17.72295
-20.85855, -24.82761, -18.09614, -20.18468, -23.08106, -20.88592, -21.70283, -15.47471
-28.37391, -16.72383, -17.53879, -20.08210, -20.87415, -27.87746, -24.31060, -19.81694
-24.59422, -18.97492, -13.03038, -19.23186, -18.49351, -26.45640, -21.00302, -22.80673
-25.66910, -20.35280, -19.50744, -21.93599, -20.96482, -26.55767, -23.92507, -14.98550
-24.07679, -22.00575, -18.09074, -22.75162, -20.16391, -27.74258, -22.64159, -14.17933
-21.42703, -27.17054, -18.77194, -24.69132, -31.93925, -32.41867, -29.65731, -22.63011
-28.66501, -19.51565, -15.78165, -22.21437, -15.12660, -30.97844, -24.78139, -16.84145
-24.49271, -21.89327, -17.24567, -21.41037, -21.03056, -26.10391, -21.56384, -14.56109
-27.54078, -24.07948, -19.37569, -23.50901, -24.83610, -24.38848, -19.33290, -22.14516
-39.11851, -18.10124, -18.75785, -16.57341, -20.51249, -22.02020, -27.53414, -25.01258
-28.53415, -22.75010, -18.66438, -23.11956, -24.47227, -24.83564, -19.49355, -20.87799
-33.78191, -19.33685, -16.60955, -17.48075, -19.39576, -24.57972, -29.20521, -23.95527
-29.22839, -16.57682, -17.37119, -21.11628, -17.92438, -27.80939, -21.96386, -18.56165
-27.49936, -21.98054, -17.72564, -18.58084, -21.10868, -24.30528, -30.01360, -24.11433
-22.49665, -25.26900, -19.60645, -26.54784, -23.82640, -33.04960, -26.50794, -21.39846
-38.75919, -18.29564, -15.51203, -17.29412, -18.42801, -26.36437, -31.02569, -21.70472
-26.04724, -25.85980, -20.18701, -26.95138, -25.08098, -27.12619, -19.57098, -23.66281
-23.57045, -21.71052, -17.99812, -19.07062, -20.03832, -20.54546, -19.84630, -16.33353
-27.79849, -19.91972, -13.20453, -20.97618, -16.77885, -28.31120, -21.92283, -21.47722
-23.07060, -25.22103, -19.61391, -25.95927, -24.69492, -32.44610, -27.71100, -21.25468
-33.24549, -18.53884, -17.88789, -17.04201, -20.94447, -23.00842, -28.06080, -24.22233
-23.50940, -26.21320, -19.60031, -24.45176, -23.01228, -29.55485, -29.42708, -21.06372
-28.93343, -16.97527, -15.39275, -22.35902, -13.93842, -28.34579, -21.96437, -17.97219
-23.73087, -27.50049, -19.57314, -25.02292, -26.78663, -30.71544, -27.68671, -24.55052
-45.70996, -15.45875, -17.29069, -19.60765, -19.22757, -27.05262, -22.24648, -21.95609
-31.12078, -25.40405, -20.74818, -24.56892, -23.36513, -24.50412, -18.89614, -24.50067
-23.13621, -22.48153, -18.91211, -21.75624, -22.40415, -25.46382, -21.51325, -15.00524
-21.55079, -23.20644, -18.93254, -21.77381, -20.93555, -22.92247, -19.74021, -16.39156
-29.11626, -17.58864, -15.06219, -21.22509, -14.57007, -30.40682, -24.59582, -16.52443
-24.61393, -24.91827, -19.72604, -23.38791, -27.36798, -29.26374, -29.05752, -23.28884
-23.07060, -26.78261, -19.83155, -25.81072, -23.76729, -28.68113, -23.75336, -24.85606
-24.73501, -24.82730, -20.55463, -25.87514, -22.51513, -29.92591, -24.74878, -23.45428
-22.65807, -21.76360, -19.09318, -19.33395, -21.35940, -20.47888, -20.23389, -16.53495
-29.44545, -25.04875, -19.04202, -23.06443, -26.97291, -24.84649, -21.29020, -21.03274
-25.88268, -20.73512, -18.51684, -21.55206, -18.82134, -24.89285, -19.90270, -15.92970
-24.72848, -22.22220, -19.41480, -21.54352, -21.04287, -24.65019, -21.10267, -15.06211
-27.08686, -18.43490, -12.45387, -20.33859, -15.99128, -29.78368, -22.05058, -21.11746
-23.27529, -25.00163, -20.16585, -26.26035, -24.80319, -33.98681, -28.71090, -21.58409
-26.45388, -15.72939, -17.39350, -22.07373, -22.76281, -38.59640, -29.62839, -18.23449
-22.99043, -25.16639, -18.41829, -20.09715, -22.91209, -20.80271, -20.27226, -16.97433
-34.99763, -16.12080, -14.90924, -20.92511, -13.99299, -28.18966, -23.52578, -17.64358
-22.71588, -28.77414, -20.54099, -28.23053, -25.57450, -31.09150, -27.18021, -21.22017
-23.11919, -24.17914, -18.90768, -21.01945, -22.26250, -22.03746, -20.50575, -17.35868
-28.45824, -18.57172, -17.27317, -17.82462, -23.24306, -25.22113, -30.32082, -24.23446
-23.77388, -23.71080, -21.60788, -23.70020, -30.14055, -28.89953, -27.56091, -25.23524
-23.16250, -21.51090, -18.60550, -18.67262, -22.80962, -20.44503, -20.75310, -16.48877
-29.44661, -20.61377, -13.14642, -19.94288, -16.65401, -29.53583, -22.19047, -21.84847
-29.37646, -17.60607, -15.35492, -21.06951, -14.69966, -30.34426, -24.15743, -18.63960
-23.48977, -27.24935, -19.85050, -26.08653, -23.22309, -30.12842, -26.50206, -21.97376
-31.60957, -27.51232, -21.92280, -25.81187, -25.22085, -24.60978, -19.18050, -26.29094
-26.80279, -20.77520, -17.69381, -19.00741, -20.21259, -25.89869, -35.61625, -25.03703
-27.78708, -19.41864, -18.55024, -20.43523, -19.85214, -24.14057, -20.48927, -15.65468
-22.61273, -27.47892, -19.86364, -26.16012, -26.47263, -31.33088, -27.09433, -22.89720
-30.01975, -16.67784, -17.45334, -21.38880, -20.27238, -32.06147, -24.82242, -20.44122
-32.33707, -18.93586, -14.10737, -19.34689, -17.61607, -25.24680, -21.05009, -20.71766
-29.19548, -25.70893, -18.50367, -24.20338, -23.69324, -24.94928, -19.10933, -20.68500
-23.41592, -22.15581, -18.47487, -19.33618, -22.59572, -21.55367, -21.71492, -17.38721
-23.73142, -21.31738, -18.09697, -21.36283, -20.08287, -24.89906, -19.96587, -16.26490
-26.01856, -22.41809, -18.01990, -22.28523, -20.21581, -26.23257, -21.42436, -15.29355
-30.46045, -17.04924, -12.85556, -18.19555, -17.38301, -25.51464, -20.90749, -22.87594
-28.20137, -15.68587, -15.44203, -20.92670, -17.10758, -31.08680, -23.10599, -17.02123
-22.89060, -24.90605, -16.97109, -21.71314, -26.71547, -28.20023, -26.91618, -23.11890
-28.77508, -18.21162, -15.33175, -21.07385, -14.43929, -29.60372, -24.11400, -17.42894
-27.53698, -19.98616, -13.72266, -20.99043, -18.08462, -28.88187, -22.66429, -21.10639
-37.74655, -18.27920, -16.54356, -16.80883, -19.81322, -24.59982, -31.63331, -22.27152
-25.81589, -21.39297, -18.83569, -17.86286, -22.84318, -19.39114, -20.17411, -16.94258
-24.25626, -20.82049, -19.14714, -22.62997, -22.35108, -27.83800, -22.87490, -14.47707
-32.77697, -18.68927, -16.31373, -21.57970, -15.12492, -29.86537, -23.98284, -18.67416
-26.48406, -17.49133, -14.51445, -20.83814, -14.39709, -29.64919, -27.25886, -17.99421
-30.27423, -26.43883, -19.06135, -23.36584, -22.68149, -24.55823, -20.32161, -21.27653
-23.21527, -26.21648, -19.67645, -24.52255, -26.82363, -30.75391, -29.22129, -23.56341
-28.61639, -19.00753, -16.39136, -17.84038, -21.41520, -25.48115, -29.15592, -23.38591
-31.95096, -15.82394, -15.30472, -19.57575, -19.08378, -27.62920, -21.19940, -19.44580
-21.84715, -28.47522, -19.15988, -27.75776, -24.72524, -33.03532, -26.15896, -21.67740
-26.54703, -28.38754, -22.58331, -24.45000, -29.20541, -24.70986, -20.54542, -20.96429
-26.79371, -15.76238, -16.10132, -19.92680, -19.62773, -32.90169, -26.59462, -17.88945
-32.25657, -17.26398, -14.55396, -19.78566, -14.02086, -28.14099, -24.03439, -18.96136
-23.47962, -22.49354, -18.73673, -19.23360, -22.59924, -20.38914, -20.71548, -16.03433
-31.37323, -27.46394, -20.32907, -25.78953, -20.42467, -24.97868, -18.92761, -25.04585
-25.37562, -29.16875, -19.69028, -24.69885, -26.01810, -24.85199, -19.50467, -23.12546
-26.08699, -18.55464, -12.89927, -19.15910, -17.89575, -26.82147, -23.12919, -24.25447
-26.92546, -17.33580, -15.05015, -20.94299, -14.77595, -31.57506, -27.25856, -16.77180
-29.97546, -16.10084, -16.48780, -21.39106, -19.81711, -33.89424, -24.91607, -19.73579
-29.97100, -27.94588, -18.98879, -26.04234, -22.56811, -26.72289, -20.81412, -20.82321
-25.87299, -21.03518, -21.49350, -20.64660, -22.58683, -23.82815, -21.52836, -16.22765
-27.53504, -15.22085, -17.09853, -22.30266, -19.87150, -32.44500, -26.20189, -18.38513
-23.64761, -28.31532, -20.48178, -25.98787, -26.81992, -30.31736, -27.32774, -24.20231
-35.97310, -17.15155, -15.54038, -19.73620, -14.83985, -28.04150, -23.91337, -17.93318
-24.11835, -23.50670, -18.26471, -19.42364, -21.28343, -20.31345, -19.29914, -17.62457
-32.66532, -18.54275, -15.85735, -16.80092, -18.97463, -23.46298, -26.34900, -25.59297
-25.33822, -17.30424, -15.32862, -21.90888, -17.64707, -37.98870, -24.28887, -17.82136
-28.24409, -18.02884, -14.79208, -21.55975, -13.99882, -28.35411, -22.50989, -17.94238
-28.78222, -17.91548, -14.08849, -19.98953, -19.24390, -30.04149, -25.21265, -21.08760
-30.68476, -18.21250, -17.66311, -17.33109, -20.27541, -25.95749, -39.94223, -23.67338
-28.43562, -16.46359, -17.24733, -21.02703, -18.22089, -27.16869, -22.21992, -20.12198
-27.31639, -15.30628, -16.43526, -19.91373, -19.54776, -30.60339, -24.01732, -18.61519
-24.63479, -25.20012, -21.55079, -26.11743, -22.67877, -30.57936, -26.36481, -23.58638
-30.79255, -16.89264, -16.77179, -21.07085, -20.04130, -29.85400, -22.13694, -20.06972
-25.20517, -23.95340, -18.01657, -23.51347, -21.68950, -26.68060, -21.83469, -14.84670
-29.67518, -26.11624, -19.56648, -26.22321, -21.58699, -26.04148, -18.97566, -22.74364
-27.75747, -25.91840, -18.73562, -27.13005, -24.51690, -26.56244, -19.84704, -21.58190
-27.43719, -19.97675, -18.45551, -19.92494, -22.80821, -24.33702, -22.74836, -15.22971
-21.61042, -26.66917, -19.04147, -21.58229, -23.13971, -21.18288, -20.61669, -17.26479
-31.07706, -20.81173, -17.28720, -17.57817, -19.42413, -22.90620, -27.36106, -26.61772
-28.19765, -18.93189, -15.33172, -20.97991, -14.24541, -29.03384, -24.57568, -18.48195
-21.84904, -25.67385, -20.14543, -26.02854, -25.98251, -31.99346, -27.12401, -21.96180
-25.61328, -17.86827, -15.31075, -21.82234, -15.29785, -33.39529, -25.86297, -18.01352
-33.97406, -16.98388, -14.93927, -19.33778, -14.83188, -25.83472, -23.81527, -20.06125
-29.18166, -16.98844, -17.16065, -16.81601, -25.71220, -25.27032, -33.49105, -24.71170
-29.42352, -16.32087, -14.70383, -20.02896, -13.98444, -31.08100, -27.96779, -16.87772
-26.43296, -20.23106, -13.43924, -20.07196, -17.94061, -25.70581, -21.89957, -24.59460
-32.01891, -18.08809, -16.97473, -17.86492, -19.78832, -26.27144, -32.43491, -22.63835
-33.33841, -17.74306, -14.74126, -19.91523, -14.22257, -28.84386, -24.06092, -18.60778
-19.99184, -27.17656, -19.67945, -28.45972, -30.71344, -35.10615, -27.30337, -20.45015
-26.82695, -19.06129, -13.25935, -21.87097, -16.23037, -30.89393, -22.77657, -20.93978
-28.57978, -16.26168, -18.42221, -20.88753, -19.37423, -29.59563, -26.20807, -19.77021
-29.25995, -20.28457, -17.48035, -18.35482, -21.76887, -24.58579, -27.92299, -24.57706
-29.47625, -16.55214, -16.56608, -21.33353, -18.45874, -28.13865, -22.85010, -22.68143
-27.76761, -25.24741, -18.55596, -23.55516, -24.16675, -24.82982, -19.32063, -21.21838
-25.70133, -16.29906, -16.76176, -22.21148, -19.15633, -35.09335, -26.25665, -17.26824
-31.67407, -16.93996, -15.13002, -19.82610, -16.25112, -29.12244, -24.13695, -17.76242
-24.54801, -22.94823, -18.79100, -18.68055, -21.62531, -19.00703, -17.86784, -19.63871
-23.44317, -20.34580, -18.24461, -17.51280, -24.23251, -19.84523, -21.41243, -16.55425
-21.23528, -23.49728, -20.07616, -19.18058, -24.91234, -20.54432, -21.99186, -17.02872
-21.09242, -28.80998, -19.86084, -29.38592, -25.91120, -32.70204, -25.92070, -20.22620
-28.02102, -18.14952, -13.34362, -20.52878, -18.25315, -31.80718, -23.80403, -20.95658
-21.39362, -28.23597, -20.48960, -26.84675, -26.99118, -29.58693, -25.50658, -21.63976
-24.70052, -24.78919, -19.61654, -25.66670, -23.73008, -36.18486, -30.71204, -22.19169
-20.48186, -20.96948, -17.98991, -18.31884, -25.42356, -20.10147, -20.17638, -14.67275
-30.48594, -27.44075, -21.27218, -23.91189, -26.66540, -23.82615, -20.36500, -22.99593
-25.75133, -18.49188, -16.19654, -18.09309, -20.27992, -27.76434, -35.02464, -22.42763
-37.05570, -19.91564, -16.93068, -17.35858, -19.56940, -23.25728, -27.16189, -23.92781
-24.13637, -20.82223, -18.64849, -19.16263, -22.08960, -21.13154, -19.96365, -17.12327
-26.20032, -21.83117, -18.75250, -22.63242, -20.40504, -25.45178, -20.90478, -15.44023
-27.83210, -17.25260, -16.00718, -22.84651, -19.09057, -34.12743, -22.86053, -18.77988
-22.97710, -21.34454, -17.79114, -19.01589, -22.87023, -20.26513, -19.70865, -16.23501
-21.36247, -31.23244, -20.43792, -25.94355, -27.36283, -27.99121, -28.99737, -20.66101
-32.34353, -18.91144, -17.15959, -17.32658, -20.80491, -24.75009, -31.19831, -25.78602
-25.65677, -22.07960, -18.98922, -20.28662, -19.55537, -21.93481, -17.88458, -15.46273
-23.38546, -23.05438, -18.19510, -21.43673, -21.83728, -24.22341, -19.38166, -15.38280
-32.60562, -15.64382, -17.04256, -19.24494, -20.31338, -28.24114, -24.17329, -19.61520
-26.56069, -23.89292, -19.92374, -23.00070, -26.35853, -24.34072, -18.94776, -22.97755
-23.74168, -21.93799, -18.81157, -19.15100, -21.25082, -20.70877, -20.67007, -16.28039
-24.34279, -20.23904, -13.64304, -22.66451, -18.98280, -28.26663, -21.67263, -23.90985
-23.28522, -26.01356, -21.76207, -23.44390, -26.12458, -26.46227, -27.47437, -24.11343
-30.17625, -19.36731, -15.47671, -21.63345, -13.91067, -26.63626, -22.94660, -19.76900
-45.29705, -16.98450, -16.02762, -17.00763, -19.56674, -25.47771, -28.46591, -21.64530
-21.92021, -23.48172, -19.20907, -20.08309, -24.05108, -21.13698, -21.84677, -15.42888
-25.92792, -21.32011, -18.66198, -22.39714, -20.08007, -25.14998, -20.83634, -14.86981
-22.63397, -23.50305, -18.68955, -19.10681, -23.52411, -20.25471, -20.53711, -17.19026
-23.36684, -23.45739, -18.55537, -22.98382, -20.69920, -26.33736, -20.04415, -15.24678
-35.58700, -17.31627, -15.93380, -16.30207, -22.34583, -24.32196, -28.97139, -23.33589
-21.87335, -25.32563, -21.48809, -27.68795, -23.76465, -37.26441, -28.88998, -22.05852
-29.82404, -17.86511, -15.37972, -20.21311, -14.57447, -29.99370, -26.00450, -17.48910
-25.96433, -19.52451, -14.34099, -19.83769, -19.42886, -26.05316, -21.73994, -20.48296
-26.37798, -20.58223, -17.67441, -21.17480, -19.73704, -25.56771, -21.76134, -13.85952
-31.13616, -17.85366, -16.72454, -18.11886, -18.11126, -26.09110, -28.99404, -23.67702
-26.59154, -19.37535, -12.54052, -20.91898, -17.08686, -29.68604, -22.03166, -21.06989
-26.57160, -17.34472, -12.31040, -19.87445, -16.73475, -27.05018, -21.94275, -20.10830
-27.34704, -24.26924, -19.96032, -25.02317, -24.48184, -26.21665, -19.57642, -21.05057
-36.05258, -19.01030, -16.90269, -17.36044, -20.29283, -24.46864, -29.15818, -24.38801
-31.36384, -20.50450, -18.53370, -18.62043, -20.92999, -23.76311, -26.61233, -25.53511
-30.78150, -19.17298, -17.38261, -17.36713, -21.37076, -24.00059, -30.78264, -21.28724
-23.14487, -21.77222, -17.66513, -18.78371, -23.02014, -20.74195, -20.37855, -17.28514
-25.93375, -20.68543, -17.28529, -22.96925, -21.27951, -28.47787, -20.34928, -15.56271
-23.50313, -26.14178, -17.53690, -19.89187, -22.26304, -20.13074, -19.49314, -17.07278
-27.76934, -24.58582, -19.95501, -24.51540, -24.63579, -26.53542, -21.27940, -21.82017
-24.77101, -22.27707, -19.34483, -18.64837, -23.89700, -20.01026, -20.71215, -16.83692
-28.14488, -20.42569, -16.65920, -20.84792, -20.48588, -25.06946, -20.21643, -16.57761
-21.63501, -26.11167, -19.54159, -26.13706, -26.12864, -32.55654, -25.99391, -23.00096
-29.32286, -25.99665, -21.38561, -23.09735, -26.00717, -23.47802, -19.31230, -22.44511
-26.39615, -15.93050, -15.95337, -22.57400, -16.96170, -31.36475, -23.66654, -17.88905
-30.23955, -17.73995, -14.90254, -20.81213, -13.94291, -28.58977, -22.66879, -17.65549
-32.77822, -17.89376, -15.46752, -20.49075, -14.13148, -26.97799, -23.77873, -17.41679
-22.43202, -21.15080, -19.18050, -19.88562, -20.64846, -21.33157, -19.93214, -17.50132
-33.46830, -17.07875, -15.94282, -20.98733, -18.01028, -30.22810, -21.70852, -20.06689
-32.26230, -17.85187, -15.22190, -20.32857, -13.93639, -28.72263, -24.24986, -18.39305
-22.74437, -21.62938, -18.40771, -21.89023, -21.56827, -25.88620, -22.41758, -13.65333
-28.95389, -16.00180, -16.78225, -20.96069, -19.56752, -31.81856, -25.69567, -19.40256
-24.00543, -24.69904, -18.57142, -24.59312, -21.68222, -29.14044, -23.95594, -22.52550
-24.71599, -22.99655, -18.88755, -20.49234, -22.07032, -23.04311, -20.53302, -15.51002
-21.47889, -23.45113, -18.80687, -19.12210, -24.04639, -20.50366, -21.76258, -16.02732
-20.54640, -23.36762, -18.81636, -19.35516, -26.28213, -20.13972, -19.44173, -17.48662
-24.66011, -19.23175, -13.62465, -21.92661, -18.48343, -32.25344, -23.79465, -20.14459
-29.27604, -20.13624, -15.90679, -17.61023, -21.43461, -25.23969, -31.08973, -21.75054
-30.59655, -15.15742, -16.75743, -21.02354, -19.24351, -36.46763, -24.50601, -18.79999
-22.96358, -26.68595, -19.92147, -29.44775, -20.14910, -36.09152, -25.85783, -21.38091
-22.36266, -24.28595, -18.51325, -24.62705, -24.02578, -32.59294, -27.76478, -22.76063
-26.42208, -21.21353, -19.10276, -22.38796, -19.75858, -26.22019, -21.22217, -15.24022
-24.02939, -28.39694, -22.84072, -29.34642, -25.65484, -32.76163, -27.97750, -22.59307
-28.67262, -19.22850, -15.39798, -17.74642, -19.41490, -24.13943, -25.36646, -21.74700
-26.98671, -17.48386, -13.61855, -18.46979, -19.08038, -25.15537, -21.18326, -23.60998
-24.92200, -23.74751, -17.79974, -23.08202, -20.78796, -26.69052, -20.99447, -15.36526
-22.88157, -25.15580, -20.46953, -19.32630, -23.12431, -19.66443, -21.58991, -16.11866
-33.60306, -15.97367, -16.63706, -21.59732, -17.87460, -31.63376, -22.07988, -19.12770
-31.93633, -19.07108, -16.98170, -17.81137, -20.03139, -25.43984, -34.10647, -20.36470
-34.89403, -16.78986, -16.02699, -19.94242, -14.26218, -28.49374, -26.55205, -17.01397
-21.01105, -29.60802, -19.43224, -27.76857, -25.16753, -29.92320, -24.01473, -22.36548
-28.15649, -19.00404, -12.88054, -20.10569, -18.21009, -30.20587, -21.70281, -20.63319
-23.38753, -23.07879, -19.01658, -23.67436, -26.12801, -31.92626, -27.81432, -22.55638
-28.82681, -20.70612, -20.06692, -20.31799, -23.12575, -23.54851, -20.00843, -16.99023
-21.73609, -28.11914, -19.72392, -24.88124, -31.18170, -29.30272, -28.02557, -22.75512
-31.58035, -16.90119, -16.68672, -22.19309, -18.99176, -33.82996, -23.19144, -18.99030
-33.10406, -18.78454, -16.43597, -22.49931, -14.12555, -31.35131, -25.13755, -17.18439
-36.32246, -18.16439, -16.92292, -16.83101, -19.67688, -22.98240, -26.74083, -22.97970
-25.58434, -20.04882, -16.16559, -18.77515, -19.64000, -26.67206, -30.05926, -21.16846
-22.34019, -22.52922, -19.29728, -19.16103, -26.74266, -20.61636, -20.13173, -17.85700
-29.79174, -28.97384, -19.42420, -23.68757, -24.26515, -23.64911, -19.61656, -22.10012
-26.68644, -19.67374, -17.21977, -18.79885, -21.43525, -26.65926, -31.10037, -23.50258
-21.89225, -22.29886, -16.58739, -19.20712, -22.91639, -21.73055, -21.94262, -15.57310
-22.97797, -24.28512, -18.43554, -18.63206, -24.48033, -18.76927, -18.37523, -17.69892
-28.89909, -14.67962, -16.08954, -20.36354, -18.56133, -29.72437, -24.73473, -17.22250
-25.46919, -21.86841, -17.29717, -20.77784, -19.47687, -24.24009, -19.14594, -15.00839
-28.87921, -16.77901, -18.42500, -21.61768, -17.62607, -28.05892, -23.08879, -18.13422
-24.54047, -23.18405, -19.01277, -21.96279, -20.00675, -24.49349, -20.46255, -15.89868
-24.44704, -24.13369, -18.69053, -23.03872, -21.52689, -27.13927, -22.98465, -15.14437
-25.60075, -20.25231, -18.49965, -21.18618, -19.90315, -25.64288, -22.03930, -14.96107
-29.61517, -26.39880, -19.28281, -23.10371, -25.42609, -23.68493, -20.61188, -21.67797
-28.51832, -16.80296, -18.01977, -22.17432, -20.07282, -30.70004, -22.16446, -19.53129
-29.15503, -15.49942, -16.45411, -21.18028, -19.31946, -32.44012, -24.19921, -18.04473
-26.90411, -24.94678, -20.36644, -25.95333, -24.52347, -27.12365, -20.51211, -21.16703
-27.73209, -21.73595, -17.01001, -17.90727, -19.69413, -23.99413, -31.76687, -23.24278
-28.70497, -19.26590, -17.23129, -18.31537, -20.15590, -25.67038, -31.32999, -25.35668
-32.78968, -18.72074, -18.27719, -18.11714, -20.55317, -25.90580, -33.43767, -23.89216
-31.81824, -17.53268, -14.36336, -21.94466, -13.24408, -32.58570, -21.81393, -18.21183
-30.88413, -17.10600, -16.14457, -20.35246, -18.14542, -29.35580, -23.46241, -18.64141
-30.41604, -28.27626, -19.46883, -26.99913, -25.64902, -26.58085, -19.85888, -23.14251
-28.36149, -19.57218, -13.37420, -21.78509, -16.72623, -28.40825, -21.36531, -23.92656
-29.63834, -19.35931, -16.76849, -22.22719, -15.10041, -31.79261, -27.29110, -17.65263
-21.47224, -22.90109, -16.91946, -19.96492, -21.29690, -22.15120, -20.89213, -17.38009
-25.41068, -18.94572, -13.00927, -19.51114, -19.15825, -27.61475, -23.38865, -21.96806
-24.84268, -22.58395, -19.46706, -23.06962, -20.95468, -27.85861, -22.66657, -14.46367
-26.71074, -31.39808, -20.00386, -25.98413, -24.64040, -23.97127, -19.03868, -22.98102
-29.27665, -16.54021, -17.12266, -22.30907, -19.71738, -38.57193, -27.62578, -18.71095
-27.96763, -20.81021, -13.84915, -21.21827, -17.30682, -29.06946, -22.55228, -22.01310
-44.54398, -17.21675, -18.52071, -16.87382, -21.25897, -24.25011, -31.37106, -24.01887
-26.42546, -19.71181, -17.68022, -19.45319, -19.07984, -23.24417, -19.85944, -14.60577
-27.84107, -16.03672, -16.21608, -21.29720, -19.98109, -30.30860, -22.55237, -18.19888
-27.62549, -19.93505, -12.69388, -19.82026, -18.55002, -29.54573, -22.94328, -20.35783
-25.64472, -17.97197, -13.17487, -19.19311, -19.92557, -27.64936, -23.44786, -21.81093
-32.33514, -17.40932, -14.71322, -22.60799, -13.56379, -35.90099, -24.48680, -17.21643
-23.31214, -21.14705, -17.11507, -21.92713, -19.20882, -26.10078, -19.83490, -15.06502
-27.94065, -25.78006, -20.53377, -24.66248, -26.94569, -26.10454, -21.49476, -21.46401
-21.84663, -22.51100, -17.15939, -25.09713, -19.26307, -33.36466, -21.15276, -14.19328
-29.18309, -17.87828, -13.22444, -19.49401, -18.14743, -28.50612, -22.18659, -21.02731
-24.67268, -27.48952, -21.10923, -26.35355, -25.03358, -27.31205, -25.14760, -20.90481
-35.81589, -17.37488, -16.47762, -17.25905, -19.87702, -26.24306, -31.25522, -23.22545
-26.95256, -19.33746, -16.01019, -17.44508, -21.92883, -25.27148, -31.84998, -21.77277
-34.18523, -18.48007, -17.40434, -16.65746, -22.78999, -23.49433, -29.97659, -24.78797
-24.31559, -22.19742, -17.56721, -18.50108, -22.06138, -19.79505, -18.74671, -16.62097
-29.88190, -17.70136, -13.98449, -19.59488, -17.54372, -31.31503, -25.41376, -21.89570
-33.37333, -24.86309, -19.81073, -23.56886, -21.57188, -24.38359, -19.65835, -22.30739
-31.07449, -16.57979, -16.73699, -20.66691, -18.70359, -29.52435, -24.36976, -18.53731
-26.17587, -21.14412, -17.22235, -23.00743, -20.03413, -29.05550, -21.62642, -15.23902
-37.92847, -25.36495, -20.93739, -22.68947, -22.53678, -22.25223, -17.82135, -25.30831
-26.23307, -17.92310, -13.07925, -20.59055, -17.19030, -27.49414, -21.86677, -22.46888
-25.99125, -20.71577, -20.64051, -20.84661, -21.23378, -23.96643, -19.76230, -15.08038
-21.86074, -28.83962, -19.84526, -25.24890, -28.28037, -30.38724, -28.33827, -23.57360
-26.52055, -19.00622, -12.49589, -20.25549, -17.51616, -26.86155, -21.95310, -21.35413
-24.74493, -21.42435, -17.83888, -20.43164, -19.49354, -23.12935, -19.67987, -14.10681
-25.58442, -27.20510, -18.86087, -28.87798, -23.59353, -29.21394, -20.61599, -20.13669
-22.66670, -27.03332, -19.82076, -25.21065, -24.53116, -31.89481, -30.52684, -24.06893
-26.26492, -21.92796, -18.63050, -22.46039, -20.03671, -25.91089, -20.62403, -16.14172
-29.14895, -17.86706, -15.05536, -20.39226, -13.94060, -26.82666, -23.99918, -17.76729
-28.66302, -26.60452, -18.64167, -24.60520, -21.41867, -26.01220, -19.86566, -20.35118
-31.60567, -25.78844, -20.30141, -25.17529, -24.29994, -25.44633, -20.22371, -23.18462
-33.72312, -16.21864, -16.87934, -20.67371, -18.59363, -31.63963, -25.68886, -19.99583
-22.57476, -29.22926, -20.26378, -26.97408, -26.81813, -31.10759, -27.04543, -23.21930
-22.15367, -23.23498, -21.50580, -25.19572, -27.04614, -30.72085, -27.86912, -23.13306
-31.61869, -16.60920, -17.21843, -20.58690, -20.28136, -29.59426, -24.43906, -20.03303
-22.85899, -22.66027, -20.80766, -19.82076, -24.12616, -21.08100, -21.46118, -19.00448
-21.83907, -27.00669, -19.31331, -24.89828, -23.87322, -33.40834, -29.51215, -22.52012
-21.67194, -28.44016, -19.65171, -28.14355, -26.52033, -32.88527, -25.83922, -22.02572
-31.06729, -15.75671, -17.24742, -20.00663, -19.27403, -32.69011, -27.83863, -18.21285
-32.52561, -14.60303, -16.31028, -18.94364, -21.47477, -32.44348, -27.29602, -19.38229
-25.95732, -20.17991, -19.35508, -22.45129, -22.01558, -27.78615, -22.91710, -14.76814
-29.37485, -15.64323, -17.00787, -21.35599, -18.92689, -32.51441, -26.48899, -20.17162
-25.88132, -23.01405, -19.63431, -22.08811, -21.62829, -24.29700, -21.00819, -15.68814
-25.66135, -18.51245, -13.75482, -20.86013, -18.74160, -29.42920, -21.99243, -21.45662
-23.87806, -17.84715, -13.12360, -19.44526, -17.90699, -27.02021, -24.07623, -21.32421
-24.77297, -20.54503, -18.25913, -22.23572, -20.20259, -26.12811, -19.68093, -15.68198
-21.86033, -21.50412, -18.04658, -18.26299, -24.88489, -19.78587, -18.93287, -17.49694
-29.67760, -19.36901, -17.05900, -17.45837, -21.56244, -24.07056, -29.74738, -22.45735
-27.95024, -26.88875, -21.19703, -27.69918, -25.34260, -26.74739, -21.24435, -21.63880
-24.85061, -18.20519, -12.80510, -20.56195, -17.17849, -28.15702, -23.16504, -22.97514
-21.71252, -20.80125, -17.42597, -19.33281, -23.40286, -22.54541, -23.51856, -16.19848
-30.02674, -18.33080, -14.85259, -21.26671, -14.31441, -28.05958, -22.59063, -18.24508
-24.97283, -22.71949, -20.16857, -23.16410, -21.11062, -25.70288, -20.89424, -15.69480
-27.86414, -19.62842, -14.19302, -21.28280, -18.86205, -33.92732, -24.85461, -19.77546
-24.02214, -23.61271, -20.46135, -25.03656, -23.87513, -31.97220, -28.68941, -21.56869
-25.45157, -19.06561, -13.14605, -19.75106, -18.85374, -25.24450, -21.38488, -22.72875
-23.66995, -23.88780, -18.66343, -19.00864, -21.69454, -19.47332, -18.93568, -16.24137
-31.66687, -15.93263, -16.26638, -19.27971, -20.96862, -27.89802, -22.64687, -22.56251
-26.60159, -22.63061, -18.18106, -21.33457, -19.47207, -24.86957, -21.58370, -15.18246
-27.07944, -18.15018, -16.52124, -16.78925, -20.05388, -23.55998, -29.60352, -24.62186
-24.71262, -21.27060, -19.20314, -23.83391, -18.65044, -28.69512, -20.66071, -15.49231
-30.99608, -25.14987, -21.17338, -24.25761, -25.87596, -25.04955, -20.09721, -21.55801
-22.96591, -26.42125, -18.90889, -24.85098, -25.51724, -30.84731, -27.23807, -24.14381
-30.59621, -16.91915, -15.34159, -19.86678, -13.83338, -27.04404, -25.13400, -18.39209
-28.60593, -18.47672, -13.18495, -19.67859, -17.52864, -27.54072, -22.34263, -23.66119
-30.90016, -19.09372, -15.94773, -22.16744, -14.44723, -30.83823, -24.59661, -19.51633
-30.78242, -17.40002, -14.74909, -20.88385, -13.52345, -29.71947, -25.10960, -17.87383
-29.18789, -25.47033, -18.51589, -24.77468, -24.06307, -25.56563, -18.62631, -20.98373
-21.74865, -24.85686, -19.81864, -24.73581, -30.31371, -30.15323, -26.28252, -22.72767
-26.18600, -18.21493, -12.65441, -19.65936, -18.33595, -28.00606, -20.49484, -21.72616
-22.29164, -23.09736, -17.92838, -20.70779, -21.52518, -21.65250, -19.62089, -17.35798
-35.78978, -18.59519, -18.38863, -17.61188, -19.40678, -22.66093, -25.94725, -26.37259
-24.07988, -24.03991, -17.92259, -19.32714, -21.95532, -20.23157, -19.26999, -18.29468
-22.10213, -27.24091, -18.89709, -28.96724, -23.08085, -37.11698, -26.97317, -21.42636
-31.30511, -17.54141, -14.17622, -20.47031, -13.97414, -28.11889, -22.49948, -18.66221
-33.37847, -23.79488, -18.61435, -22.74112, -22.45284, -24.91316, -19.91097, -22.81950
-30.66813, -16.07763, -17.59774, -20.55499, -20.24233, -31.35734, -25.85438, -18.50964
-30.30867, -17.90024, -15.65805, -22.12940, -13.94943, -30.68372, -22.21088, -17.93559
-27.98144, -21.35148, -18.57787, -20.77287, -19.12825, -24.05017, -20.10796, -14.77702
-30.98852, -26.06269, -18.10153, -23.88470, -22.53121, -24.91830, -18.37624, -21.94894
-31.98224, -15.33834, -17.43704, -21.05417, -18.83237, -34.68102, -25.00407, -18.74221
-32.19925, -17.77296, -17.02465, -16.88704, -19.85267, -24.03231, -30.84055, -20.28713
-30.92817, -18.32823, -15.54289, -21.77098, -13.94723, -35.99745, -29.27814, -17.10330
-27.21636, -16.24951, -15.85185, -22.43917, -18.89751, -34.96374, -23.97162, -19.10407
-25.93976, -17.83882, -13.76337, -22.14645, -17.00130, -27.50144, -21.14561, -21.41136
-22.20399, -24.07140, -18.68564, -20.00071, -22.62055, -20.59029, -20.16953, -17.06947
-20.52774, -24.02557, -16.88213, -20.21977, -24.36231, -21.04475, -22.53414, -15.17975
-23.76338, -25.00370, -20.22945, -28.67461, -21.56418, -38.67815, -25.98173, -22.77170
-40.84129, -18.64801, -17.84700, -17.65483, -17.54818, -22.61604, -24.53040, -24.10284
-26.95911, -26.59167, -21.97295, -24.94108, -28.78213, -25.10333, -20.57108, -24.13740
-22.49067, -22.27864, -17.98862, -19.20272, -22.70765, -20.66276, -19.23326, -16.92756
-30.18104, -16.59415, -14.02927, -20.02039, -14.57302, -33.05519, -25.60979, -15.75225
-33.29486, -20.52387, -16.28592, -17.57204, -19.66309, -23.39931, -26.17225, -26.30806
-21.60888, -24.38892, -17.20232, -19.82122, -21.19885, -20.59248, -19.87610, -15.49029
-27.80651, -17.79814, -16.83498, -17.29370, -21.27603, -24.37250, -30.01782, -22.16363
-31.95283, -15.83816, -16.58290, -19.52758, -19.99592, -28.74960, -23.67603, -18.81070
-24.98301, -20.63894, -17.47803, -22.16895, -20.32541, -27.54217, -22.44809, -14.99780
-27.87665, -15.93025, -17.45225, -19.71378, -22.63797, -27.83346, -23.48294, -20.44098
-20.07815, -23.48427, -20.93261, -24.99384, -29.30818, -34.32794, -29.08006, -22.93009
-26.63480, -17.85575, -13.37495, -20.11516, -17.26931, -25.87426, -23.01508, -22.76643
-30.05262, -18.65343, -17.43841, -17.60697, -19.99519, -24.11091, -29.64693, -21.47372
-22.35583, -22.44359, -17.31064, -19.23087, -22.60401, -21.37616, -22.18401, -15.70517
-26.10223, -28.65876, -20.64207, -24.59151, -27.03813, -24.09597, -20.31140, -22.82135
-28.35144, -18.79079, -12.87374, -21.03008, -16.08386, -28.64247, -20.60902, -21.25939
-30.29453, -17.99604, -16.92389, -17.44033, -20.06391, -26.68385, -36.65990, -23.64401
-24.96027, -25.79769, -21.24108, -22.53481, -22.57876, -23.97193, -20.50321, -16.21197
-21.84621, -24.47076, -21.20914, -27.55719, -24.53509, -37.52050, -28.66667, -21.32977
-28.88479, -16.70939, -15.75714, -21.35028, -19.86259, -30.45752, -22.51738, -19.88008
-39.19020, -20.30692, -17.38269, -17.11493, -19.58708, -23.24996, -29.43868, -24.18322
-22.81268, -22.52138, -17.67848, -18.63939, -22.09493, -20.37541, -21.25933, -16.41878
-22.02003, -24.04323, -17.69333, -18.66202, -24.37744, -19.21504, -18.59424, -17.53350
-25.52733, -28.02811, -19.54845, -24.93308, -23.78944, -29.29212, -28.42039, -22.68558
-26.18659, -17.79891, -13.08725, -18.77031, -19.51248, -26.09247, -21.85019, -22.23198
-26.97663, -16.62250, -17.47080, -21.59770, -19.76978, -32.42973, -24.80318, -17.85132
-28.12672, -25.51476, -20.27697, -23.97106, -25.05400, -25.15525, -19.85349, -21.27305
-29.73355, -19.34480, -13.48582, -19.50054, -19.14430, -26.94690, -21.66279, -25.37603
-30.69424, -17.68555, -15.24784, -20.90657, -13.92131, -32.77097, -26.48433, -19.06903
-30.41962, -18.07622, -15.12747, -20.13467, -13.80720, -28.06267, -24.79873, -17.50192
-24.67141, -20.34451, -18.49839, -21.59824, -20.90218, -26.59107, -23.00679, -14.21554
-30.35834, -25.15375, -19.62502, -23.74230, -24.35989, -25.22716, -20.18641, -20.95754
-25.14718, -17.19074, -15.42015, -22.03427, -14.25688, -31.55329, -28.85901, -16.60401
-21.95029, -25.45268, -18.85486, -20.40181, -24.62347, -21.14244, -20.83585, -18.47213
-34.95940, -16.93248, -15.51669, -19.91828, -15.54565, -26.82271, -22.97326, -17.78012
-22.33688, -27.78322, -22.03006, -29.40798, -22.58383, -31.71064, -27.31312, -20.41415
-25.58949, -23.51377, -19.99158, -25.50168, -23.18378, -35.53240, -27.82435, -24.04707
-28.80477, -24.02156, -19.85798, -23.05685, -26.09591, -24.64068, -20.17674, -19.70737
-23.80884, -19.96594, -16.81768, -22.32873, -20.83135, -30.02651, -24.02648, -14.24995
-28.56313, -19.06548, -16.50715, -18.02352, -20.75527, -24.75426, -27.93436, -20.56002
-30.63753, -26.09143, -21.44233, -26.60941, -25.26742, -27.79342, -21.50523, -22.47295
-19.67940, -27.95400, -18.02520, -27.27131, -32.01610, -34.98372, -28.45891, -19.59000
-22.63044, -25.24507, -19.66467, -25.93399, -25.66242, -34.07379, -26.41217, -24.35607
-30.30527, -14.61889, -16.73659, -20.28034, -19.21594, -31.32404, -24.74530, -19.10807
-25.26103, -17.82807, -13.09526, -19.88908, -18.07974, -25.94980, -21.17974, -21.65541
-23.46425, -25.10851, -20.08247, -25.60204, -23.60376, -29.64550, -26.58907, -20.52357
-26.29481, -24.90242, -18.18888, -26.03540, -24.40356, -27.69602, -19.41185, -21.23716
-32.27271, -17.61516, -14.63921, -20.07173, -14.18432, -29.14746, -23.76977, -18.55591
-23.92108, -22.59533, -18.42368, -22.56129, -22.00141, -25.13845, -19.58977, -15.81334
-29.78145, -16.50880, -16.56303, -20.55431, -18.40759, -28.58905, -22.60947, -18.60779
-22.28355, -26.78221, -20.69749, -26.36424, -26.81247, -33.21899, -29.85878, -22.71283
-27.23670, -21.17699, -19.61774, -21.54092, -20.17207, -24.59123, -20.38433, -16.86352
-30.65855, -19.54386, -17.41654, -18.32658, -19.59876, -25.10619, -29.60521, -25.47354
-29.93370, -26.54703, -20.44019, -25.85657, -24.12437, -25.41562, -19.31292, -23.06797
-32.79025, -17.54175, -15.27074, -20.81182, -14.16023, -29.31511, -24.63303, -17.14122
-26.38958, -23.54798, -18.74168, -21.30312, -19.23043, -23.59868, -19.95950, -13.83789
-30.97088, -18.24190, -16.10469, -17.00670, -20.01613, -25.44254, -31.87598, -23.47641
-27.36844, -19.87247, -13.39617, -19.92982, -18.98874, -29.42092, -25.15569, -22.18073
-23.71616, -21.66849, -18.12422, -20.80162, -21.21337, -25.04290, -22.13497, -15.05083
-22.23137, -26.43503, -19.76743, -20.14522, -21.97467, -19.47798, -18.75830, -16.82502
-26.48771, -18.37852, -16.82347, -17.96629, -21.14129, -28.34357, -39.64697, -25.17653
-25.30022, -21.11373, -17.05859, -21.36328, -20.43073, -25.40777, -22.44192, -14.61975
-30.51912, -18.17472, -13.60222, -19.94952, -18.65589, -29.18132, -23.18382, -24.18589
-29.83112, -19.37905, -13.26434, -19.42028, -16.88249, -27.07168, -22.71665, -22.65121
-29.00254, -18.84818, -12.85195, -19.02453, -16.90051, -25.95081, -20.30181, -21.00897
-25.75920, -20.95397, -18.27973, -23.69462, -19.65180, -27.71794, -19.94818, -15.38401
-26.51209, -27.38720, -20.43444, -24.56759, -27.98736, -25.09998, -20.57143, -23.21743
-31.87242, -17.65042, -14.56909, -21.59574, -11.78489, -27.63711, -20.80359, -18.32398
-37.22680, -16.34842, -18.03938, -19.73876, -19.76544, -27.02942, -25.39697, -20.93135
-35.89058, -18.55304, -17.00660, -16.76314, -20.47891, -22.61416, -25.73201, -28.93710
-22.44095, -21.12887, -18.74598, -18.39264, -23.20748, -19.69066, -18.82148, -16.44955
-28.53090, -17.37113, -16.43748, -20.53737, -20.48954, -28.51475, -23.31642, -21.11860
-26.38857, -18.58252, -14.98005, -22.44680, -14.70903, -33.54793, -25.40609, -16.35928
-28.94227, -16.12340, -16.35903, -20.92226, -18.34181, -29.97876, -24.00672, -19.71644
-28.43107, -18.28504, -15.55259, -20.93151, -14.61176, -26.05155, -22.71882, -18.52925
-22.80540, -26.32668, -20.97659, -25.88969, -26.66643, -29.09371, -28.51983, -20.64739
-32.78681, -17.04803, -13.89075, -19.10419, -13.90730, -29.97960, -25.25141, -17.77080
-30.10467, -16.85353, -14.89224, -21.13087, -14.83445, -33.00968, -24.70209, -18.64728
-26.17755, -19.55133, -13.37154, -20.37525, -19.27592, -29.17455, -21.93578, -21.45889
-25.71411, -27.02511, -20.89639, -24.65161, -28.11727, -24.93501, -19.81790, -22.59679
-29.82177, -15.35014, -15.64279, -19.24006, -18.81632, -29.83224, -25.44887, -19.65123
-22.86731, -20.27212, -16.66388, -17.80486, -21.81325, -20.07735, -19.60450, -16.21639
-27.59653, -18.59760, -13.26964, -20.32222, -17.67317, -31.40905, -25.54274, -18.83341
-29.90907, -17.51470, -15.01365, -20.45401, -14.08915, -29.00386, -23.85250, -17.12918
-30.71754, -17.67927, -14.03219, -20.60969, -13.73337, -32.30851, -24.44599, -17.32999
-25.29835, -21.26946, -19.06823, -22.16314, -22.77828, -25.26094, -21.58534, -15.47850
-31.31227, -16.87399, -14.22920, -20.12360, -14.55995, -30.81042, -24.50465, -15.47333
-42.73763, -16.74001, -15.23186, -19.06198, -13.91756, -25.52630, -22.32867, -17.70262
-31.10778, -16.44884, -16.10879, -19.83017, -18.88541, -29.53493, -24.47484, -19.16119
-22.05803, -25.72392, -21.13158, -21.08301, -23.49951, -20.48634, -21.47428, -16.42358
-38.28290, -15.40076, -16.54616, -19.27900, -18.71335, -26.65750, -21.96218, -20.07551
-22.02506, -23.63991, -19.39199, -19.20270, -23.37015, -19.96122, -19.41256, -16.97960
-35.48049, -19.52269, -17.74562, -18.05720, -21.19579, -24.74832, -28.84024, -24.49649
-30.32552, -17.18386, -16.23455, -22.46346, -14.24983, -31.70904, -23.79646, -15.70039
-21.68379, -24.19540, -17.04667, -19.40447, -24.20754, -20.17691, -20.11973, -17.15874
-22.77494, -26.22091, -19.96069, -28.14650, -26.30921, -33.34976, -27.25800, -19.96155
-28.91679, -17.31615, -16.28423, -17.12854, -21.62756, -26.15768, -32.75181, -22.71876
-21.22527, -21.55830, -19.30396, -18.61594, -24.62646, -20.35700, -20.81426, -16.87762
-21.76350, -27.04773, -21.35431, -28.21846, -24.67059, -32.67207, -26.65412, -22.69821
-21.48567, -26.09045, -20.32271, -27.69253, -26.55837, -33.22900, -25.95872, -21.71172
-22.55822, -22.45836, -18.37498, -20.00673, -22.29803, -21.46066, -22.30933, -16.29870
-30.78644, -22.94358, -20.44021, -25.64646, -21.98105, -27.92856, -22.36746, -19.75210
-30.77921, -15.88455, -16.41436, -20.64535, -19.33689, -31.47521, -23.05692, -18.47722
-27.99065, -18.59710, -13.11610, -20.20136, -18.51180, -32.41893, -23.49111, -19.95004
-28.47159, -18.54511, -13.28484, -20.10557, -17.98936, -28.78443, -24.35548, -22.09663
-32.03597, -17.52482, -17.81965, -16.74536, -21.17146, -24.03228, -31.99137, -24.95067
-23.33086, -28.26539, -20.59697, -26.61372, -24.51164, -30.67316, -30.32611, -20.61959
-30.39492, -19.42882, -16.71350, -17.67149, -21.00733, -27.11910, -36.91759, -27.06573
-27.58537, -20.43368, -13.41997, -21.17903, -16.62474, -27.21380, -20.54631, -23.30840
-30.94334, -18.61960, -13.86443, -20.09354, -17.77173, -27.41440, -21.73796, -21.12711
-22.97136, -27.93187, -20.41549, -27.46115, -25.28162, -34.94192, -29.26620, -22.68548
-26.77490, -18.89340, -16.37732, -18.36558, -21.44958, -26.18164, -29.16324, -20.53512
-22.25608, -18.89490, -11.86869, -21.06967, -18.99781, -29.04163, -21.02872, -21.68738
-32.19275, -15.70838, -17.42026, -20.79206, -18.72989, -32.15989, -24.59423, -19.51558
-31.38852, -17.03157, -14.66062, -21.84005, -13.88035, -33.14127, -25.93320, -17.20352
-26.20135, -22.09517, -20.33507, -21.50425, -22.64735, -24.88436, -21.40948, -15.85021
-26.97429, -16.66636, -12.96007, -18.96209, -18.73729, -24.20569, -21.94089, -23.97679
-22.03330, -23.47529, -17.51549, -19.01752, -26.51140, -20.49777, -20.69606, -16.94130
-29.47844, -16.69229, -16.53573, -21.62851, -18.60476, -35.48108, -26.86764, -18.77085
-29.28811, -25.93198, -21.44503, -25.43217, -24.51841, -25.36958, -21.62731, -21.47640
-24.56134, -21.59644, -18.80148, -20.53190, -19.99228, -23.64376, -19.50777, -15.18115
-22.53111, -25.78811, -19.92199, -25.34539, -28.14810, -31.19509, -26.88171, -23.58238
-29.71870, -17.65318, -13.28981, -19.89711, -17.13333, -28.08158, -21.90645, -22.49230
-29.51137, -19.39976, -16.47696, -18.11392, -19.50213, -24.51509, -27.15849, -21.34540
-21.81819, -23.90232, -16.55700, -18.69499, -22.73697, -19.40446, -19.06204, -16.16644
-27.22737, -19.83782, -18.19414, -22.25306, -18.24645, -27.96062, -23.80060, -15.45012
-23.44052, -24.68245, -19.10876, -24.59906, -22.11298, -30.57603, -27.17135, -21.24290
-26.18788, -16.60795, -16.22675, -22.61109, -19.50724, -34.33645, -23.90998, -17.97501
-23.33402, -23.74890, -19.61972, -19.11242, -23.10670, -20.34585, -20.59429, -16.17910
-29.33641, -24.83778, -19.32901, -25.99684, -24.12928, -27.88175, -20.78713, -21.21869
-31.32487, -15.77854, -16.62737, -20.48037, -19.67576, -28.72442, -22.86656, -20.47775
-26.71671, -18.76778, -13.15049, -19.92893, -19.24863, -28.73608, -22.27254, -21.88163
-24.47905, -20.41986, -18.84514, -18.86997, -23.87241, -21.34013, -21.26443, -18.03960
-21.74114, -27.51371, -18.29241, -22.10591, -21.16974, -21.53497, -20.04025, -17.35562
-28.98167, -15.40906, -16.90791, -22.14375, -17.42292, -31.74083, -22.37684, -17.96845
-28.72712, -27.03181, -19.05167, -25.74609, -21.86983, -26.03986, -18.34092, -21.58827
-29.51445, -27.33295, -22.44713, -24.67407, -25.07515, -24.66122, -19.72075, -21.30087
-30.36756, -15.21925, -15.59537, -20.84517, -18.91267, -36.90892, -23.55334, -19.69532
-27.51917, -16.81060, -14.84144, -20.81621, -14.79336, -26.22247, -22.81411, -20.07670
-31.55312, -17.56582, -14.71332, -20.60065, -13.63732, -28.44605, -23.72541, -17.95298
-32.42936, -16.32102, -17.68169, -20.46228, -18.06148, -27.16476, -22.79143, -18.92924
-25.29193, -23.68150, -19.24169, -23.36531, -25.17578, -29.36636, -26.77566, -23.11395
-21.40072, -22.83126, -19.23176, -25.18632, -27.91442, -33.12684, -27.60868, -19.57756
-32.56698, -18.11271, -17.12678, -16.80263, -22.67722, -23.97849, -30.22461, -21.44770
-26.18871, -20.59658, -18.85622, -21.52577, -19.81224, -25.27992, -19.97445, -15.31681
-23.63174, -25.76513, -19.91201, -23.24828, -28.22361, -26.78625, -26.59458, -21.34874
-26.90899, -17.84051, -12.50168, -19.24570, -17.92521, -28.95698, -23.71975, -21.59027
-30.73613, -25.79806, -22.12812, -24.33620, -23.10622, -24.64424, -20.94703, -22.46775
-24.44558, -22.14417, -18.12703, -21.16960, -23.22934, -24.87293, -22.96487, -15.49093
-23.11725, -23.90542, -19.16756, -20.01085, -20.87517, -19.91614, -18.62310, -17.44536
-31.70318, -15.55573, -17.74585, -19.95298, -18.95912, -26.24385, -22.53175, -18.85890
-23.07974, -23.55833, -18.58896, -18.67915, -20.50632, -19.41048, -18.60350, -17.64803
-22.50917, -24.32272, -16.98300, -19.36807, -22.96556, -20.61535, -20.39504, -16.70516
-34.16711, -16.05067, -15.03121, -17.91408, -15.78142, -25.91344, -23.87901, -17.70548
-20.53730, -24.52846, -17.34297, -20.33036, -25.99226, -20.99190, -20.81117, -16.74153
-27.54353, -27.41161, -21.17476, -24.92253, -22.69773, -24.37004, -20.08344, -21.96091
-23.41639, -23.11971, -20.63114, -23.12237, -21.92312, -25.14073, -21.67428, -15.95148
-28.78378, -17.94681, -15.91711, -21.15500, -13.87791, -28.13560, -24.55896, -18.47636
-31.32030, -19.24023, -16.59362, -18.73696, -19.74421, -26.60349, -28.19396, -23.12620
-22.44090, -23.40732, -19.52751, -19.71625, -23.73680, -19.90921, -19.01650, -16.63383
-35.12818, -19.07036, -15.75234, -20.85517, -14.66629, -29.28261, -24.80078, -19.25477
-21.54403, -23.97383, -20.24732, -19.16575, -23.46386, -19.73856, -20.54983, -16.78284
-29.36756, -14.35730, -16.37833, -19.27899, -19.89136, -29.28677, -23.24069, -18.26669
-28.89104, -15.56810, -16.80391, -18.39589, -22.70869, -25.49198, -22.29714, -20.23104
-26.16059, -21.93345, -19.90907, -22.94980, -20.10822, -25.71431, -21.96419, -14.00914
-30.97314, -18.21810, -15.96732, -19.72026, -15.81647, -27.81470, -25.65170, -19.35366
-29.46040, -16.02499, -16.87772, -21.41220, -18.30138, -35.87938, -24.99602, -19.46685
-22.71032, -24.37326, -18.21184, -18.57764, -23.02434, -19.11997, -18.84152, -17.05622
-26.86419, -18.37603, -15.38169, -20.87681, -14.77026, -28.38600, -25.23353, -17.48344
-24.15927, -24.74454, -19.56530, -24.95770, -23.54547, -32.14694, -26.55073, -25.29798
-25.13694, -25.53211, -18.08461, -23.27976, -22.57560, -30.30628, -28.07227, -23.44677
-31.44351, -19.60372, -15.75851, -18.03937, -18.10029, -26.09198, -30.49342, -21.06569
-22.58410, -27.13454, -20.07284, -30.27240, -24.65796, -43.43231, -28.10767, -21.89811
-21.24878, -24.36393, -17.67300, -20.22205, -22.89666, -21.14251, -19.69959, -16.09021
-31.55588, -16.88191, -14.82923, -19.91604, -14.58511, -29.67129, -25.55003, -19.44832
-31.50309, -17.41824, -14.79728, -20.89452, -12.91643, -32.25379, -26.11286, -17.40418
-23.06373, -22.27941, -17.99280, -21.38752, -21.93680, -25.59981, -20.84801, -14.72002
-21.80229, -22.90790, -17.17244, -19.53343, -23.12673, -20.93932, -19.59279, -16.41989
-26.26203, -21.54538, -19.38575, -22.19772, -21.75527, -26.15034, -22.31045, -16.74806
-25.21771, -30.06892, -19.38256, -27.75664, -24.61827, -26.87042, -19.37002, -22.08089
-28.05634, -20.06868, -17.02416, -18.27569, -20.93740, -25.36444, -30.89191, -22.39340
-27.08956, -16.51366, -17.12808, -21.77625, -18.10391, -30.62787, -24.15751, -18.19149
-31.26284, -18.28816, -15.73426, -21.55661, -14.49419, -28.89882, -23.17887, -19.04249
-21.23320, -23.51892, -19.49208, -18.96824, -26.87482, -19.83690, -21.03581, -16.01706
-22.37862, -23.44267, -19.34493, -20.50431, -22.87270, -21.21358, -19.94958, -17.22070
-31.40352, -15.47619, -16.51411, -19.40881, -20.86602, -28.96236, -24.24423, -20.08969
-30.80493, -17.69958, -14.19800, -20.69882, -14.06011, -31.79567, -26.40017, -17.44879
-25.77594, -20.69274, -17.14693, -20.55038, -20.61305, -24.42523, -20.51940, -14.73988
-29.06498, -17.93035, -12.88711, -18.82856, -18.58239, -24.48143, -20.94753, -25.76991
-34.63466, -17.66487, -16.20539, -16.83361, -20.20121, -24.38542, -28.15766, -23.03846
-30.60506, -19.78465, -18.06493, -18.14219, -21.74940, -24.00074, -27.72699, -24.64189
-27.99844, -17.32475, -17.45045, -21.69701, -19.65670, -30.23826, -22.68145, -20.73784
-34.46102, -18.12311, -16.89068, -17.09767, -19.98873, -24.25912, -29.16372, -24.56321
-23.22462, -22.58750, -17.55885, -18.89608, -22.38052, -20.03513, -21.35731, -15.50355
-26.25555, -19.54871, -13.13756, -20.03949, -17.89484, -26.69005, -22.66663, -20.28622
-26.16839, -18.18526, -13.98309, -19.93862, -19.14396, -28.63010, -25.20513, -20.43628
-35.07023, -17.17858, -15.68098, -20.21092, -13.54439, -30.53144, -27.26526, -17.36696
-29.73774, -17.59526, -12.88184, -18.79244, -17.35950, -26.49028, -21.26848, -23.55499
-31.19900, -16.96987, -16.44542, -16.59446, -20.52351, -25.23322, -33.09845, -24.01789
-24.23252, -29.11462, -20.38189, -24.86499, -29.68285, -24.30014, -19.19381, -22.58714
-27.99344, -20.03585, -12.94529, -21.12845, -18.35888, -36.16812, -22.69334, -21.98998
-28.95719, -17.12209, -16.45377, -17.35086, -21.61109, -25.33699, -29.27519, -21.45555
-30.02233, -16.03111, -17.44290, -20.80762, -20.93368, -30.68709, -23.93495, -20.52829
-30.02444, -15.95104, -15.77399, -20.87883, -18.44478, -34.81628, -25.64272, -18.33473
-33.47584, -19.55719, -16.60890, -18.69823, -19.44493, -26.62872, -29.24921, -24.17676
-23.66947, -19.42675, -12.72452, -20.49402, -19.25942, -32.19308, -24.77019, -20.80555
-27.85093, -16.34836, -16.81190, -21.17331, -20.55664, -32.38500, -24.02924, -19.46642
-33.98953, -18.14414, -15.01624, -20.86662, -14.55699, -30.21254, -23.99781, -17.00126
-33.91707, -17.78832, -17.54473, -16.80007, -22.37156, -24.01725, -30.51401, -24.99657
-26.52748, -15.10528, -16.72931, -20.41071, -19.49592, -28.62723, -23.71343, -17.86037
-34.96830, -18.50355, -16.48079, -17.94235, -17.61723, -25.30294, -28.49456, -21.41470
-26.93097, -18.32056, -14.96230, -22.19970, -14.14025, -27.07590, -21.20924, -18.73998
-22.74992, -20.42495, -18.12301, -18.62910, -23.79783, -20.98526, -21.21271, -15.38741
-30.79890, -18.11332, -13.35785, -19.98816, -17.62048, -26.17970, -21.97797, -22.58057
-27.61101, -18.11537, -12.58900, -20.80277, -17.78618, -30.23429, -22.66575, -21.83463
-23.54457, -24.40788, -19.64335, -23.78557, -23.33487, -29.96531, -28.37369, -22.35938
-22.45584, -27.69261, -21.02267, -25.28130, -27.72999, -29.04018, -29.83063, -21.47596
-23.27096, -24.84502, -20.38655, -24.52501, -24.44027, -28.40802, -28.30307, -19.70387
-21.66022, -23.36985, -18.36572, -18.28473, -23.85598, -19.32100, -19.40910, -15.76222
-23.88914, -19.55260, -17.24142, -19.54002, -23.29660, -24.79445, -22.24972, -14.47910
-21.94485, -24.13034, -18.65832, -20.55322, -22.63833, -21.11559, -21.13918, -16.02044
-28.97859, -15.11948, -15.44935, -19.06380, -20.93421, -30.32232, -25.83055, -17.24368
-24.72183, -20.54202, -18.68890, -21.32334, -20.93868, -25.68849, -21.45953, -15.36898
-28.26456, -17.94561, -12.83800, -19.14783, -17.82015, -25.71838, -21.36337, -22.84519
-20.19467, -24.31812, -20.51860, -19.24177, -26.09616, -19.81951, -19.77586, -16.16036
-27.31033, -19.28506, -14.93408, -20.60440, -14.76786, -26.03408, -22.68567, -17.79740
-26.34620, -16.19991, -18.06318, -21.71340, -21.24980, -31.67747, -25.56274, -19.12634
-27.82819, -23.21033, -18.66505, -21.58644, -20.29801, -23.14462, -19.09833, -17.23788
-30.84322, -18.00175, -15.81580, -22.47261, -13.41897, -27.89606, -21.90779, -19.37980
-21.95505, -25.59623, -19.17627, -26.80857, -23.43341, -32.28510, -27.64695, -20.09420
-27.13748, -18.21337, -13.30191, -20.60614, -18.67911, -28.79695, -24.34204, -19.55081
-23.82956, -24.77052, -19.05321, -23.29628, -24.63385, -28.35942, -26.95331, -22.06090
-23.48114, -23.56318, -18.13826, -19.05957, -21.22372, -19.97057, -19.60867, -18.00384
-21.43626, -23.53330, -17.75177, -18.36174, -25.13953, -19.02181, -18.42723, -16.77909
-30.66107, -16.50445, -14.40848, -19.55056, -14.20371, -26.11078, -22.38958, -18.64273
-29.04607, -26.23750, -19.08223, -24.73055, -21.70451, -25.73053, -19.42695, -21.08302
-24.74104, -20.85357, -19.05390, -20.27511, -23.26168, -23.55694, -20.35208, -15.90184
-27.51309, -17.64125, -13.22040, -19.64354, -18.86124, -27.62514, -21.55396, -21.66409
-29.16355, -17.55668, -13.90247, -20.49379, -18.26620, -31.16327, -24.58343, -21.18835
-32.48158, -18.08138, -16.72179, -17.27157, -20.62864, -26.48318, -35.73975, -23.46949
-23.13303, -21.66797, -17.39270, -18.96994, -22.63621, -20.86001, -21.03102, -15.57858
-21.69686, -27.12756, -18.70196, -26.02646, -23.29883, -34.52615, -26.48175, -24.28860
-30.11932, -17.65572, -14.68237, -19.78442, -14.53228, -26.25845, -23.39593, -17.71626
-29.32430, -19.24355, -13.08712, -20.40265, -16.87433, -32.82347, -23.64681, -19.68302
-26.73127, -19.03157, -12.76754, -20.76805, -18.40337, -32.00065, -21.56054, -20.99277
-21.38821, -28.02344, -21.41861, -28.20941, -24.86115, -31.46287, -26.29617, -21.96502
-23.89987, -26.86316, -19.60108, -26.58761, -22.89241, -30.97980, -26.12824, -21.06834
-28.50297, -18.73601, -17.37516, -17.46538, -21.82556, -24.58466, -31.19261, -23.29253
-30.02761, -25.39054, -17.65483, -23.05915, -23.60747, -25.02695, -19.62987, -22.51681
-34.69102, -17.59645, -14.57871, -21.20722, -13.60718, -31.98924, -23.49439, -17.52040
-26.11082, -18.86270, -16.30658, -17.51639, -21.60226, -24.49977, -29.67261, -23.46803
