-27.96143, -42.57669, -26.49827, -52.08712, -43.75569, -48.13015, -38.61789, -28.63399
-26.86726, -39.83659, -24.52401, -40.56040, -30.31692, -40.08553, -38.70882, -22.15535
-27.08988, -37.31540, -23.26870, -52.71545, -31.49353, -41.94172, -39.01621, -23.11011
-24.92378, -29.69271, -22.33832, -37.95600, -41.05488, -45.76246, -36.98331, -26.78047
-24.13256, -30.06782, -21.92819, -44.12871, -31.55350, -43.58123, -43.89740, -25.23758
-25.36592, -30.25613, -22.86396, -41.11881, -31.46686, -40.04230, -42.43677, -24.85433
-28.23674, -40.66908, -26.78975, -48.17793, -39.02228, -45.35383, -41.89744, -27.01933
-27.34731, -39.55187, -24.15381, -40.74897, -28.83093, -40.37898, -41.95056, -22.12270
-28.27840, -38.09183, -26.23425, -49.04028, -35.50057, -48.90378, -44.85084, -27.45696
-25.22344, -32.11277, -22.06269, -40.42144, -44.44702, -42.21586, -36.23397, -29.99205
-25.20670, -30.31339, -22.45919, -40.45824, -33.52027, -40.65562, -43.16687, -25.23397
-31.50955, -39.90548, -27.78669, -43.13964, -29.36315, -53.09777, -33.22053, -24.24432
-28.48828, -40.50469, -24.23099, -48.05674, -29.69612, -47.79892, -37.50322, -21.32711
-28.90082, -39.08672, -24.68776, -43.30475, -29.02164, -40.62483, -35.45120, -23.36126
-29.23103, -40.84429, -24.85912, -46.60189, -30.15202, -48.78374, -32.00638, -21.93429
-29.16835, -38.36967, -26.30431, -41.35167, -43.23049, -44.57521, -41.12171, -30.82689
-25.52857, -30.48251, -23.03880, -38.89615, -55.23702, -40.84234, -32.58844, -28.01343
-26.98905, -40.57822, -23.87641, -43.76603, -30.47494, -39.04354, -37.37865, -22.24918
-25.17324, -30.60522, -22.08481, -36.38668, -44.02587, -35.76383, -39.65922, -30.60264
-32.51849, -43.79290, -28.21845, -40.75770, -27.84225, -51.00757, -33.26370, -25.00862
-30.88482, -44.99656, -28.20674, -42.75112, -32.15313, -58.94974, -41.59374, -25.29703
-28.49295, -32.08956, -23.63315, -34.57640, -39.85904, -38.78444, -31.28944, -28.23132
-29.40252, -38.89071, -24.83155, -45.85118, -29.11027, -39.64995, -36.12057, -22.67682
-28.51932, -38.97304, -26.42505, -46.58501, -40.05359, -46.11592, -43.06492, -28.18163
-26.90826, -37.36664, -25.59920, -42.89577, -41.79097, -39.03412, -37.24502, -29.05763
-24.93231, -29.86469, -22.27381, -41.45957, -29.56176, -40.25024, -39.39747, -24.06000
-28.08870, -32.15652, -23.93222, -34.73027, -39.73171, -40.86180, -33.24660, -28.62111
-24.31733, -29.48423, -21.94919, -36.70404, -35.09539, -42.60791, -39.56001, -31.93010
-29.28493, -38.65628, -23.99653, -46.68099, -28.26895, -44.52632, -31.83462, -21.03102
-23.66822, -29.95300, -21.90502, -39.19291, -39.75446, -41.31638, -47.41791, -27.05910
-27.70250, -30.91241, -23.11691, -32.64690, -38.36141, -37.41570, -36.53199, -29.22382
-29.46920, -43.95333, -27.63762, -49.31346, -37.02903, -49.46634, -43.84004, -28.44689
-27.78847, -39.41479, -24.35146, -44.38038, -30.45507, -39.12641, -39.66635, -22.45488
-27.58640, -35.71754, -26.06479, -42.46198, -44.12088, -40.32808, -46.38536, -29.35249
-25.31247, -29.22460, -23.11138, -42.28159, -32.23336, -41.12609, -41.71404, -25.38149
-30.48335, -41.30962, -25.01027, -49.05356, -28.75113, -41.90266, -29.94474, -21.56114
-26.91996, -31.54516, -23.34221, -42.84060, -29.18761, -45.25763, -32.44656, -24.27022
-31.37624, -41.56552, -26.95420, -42.98175, -28.53316, -46.73799, -34.03878, -24.69051
-29.79205, -42.00997, -27.73283, -51.40540, -38.75845, -56.51429, -41.74191, -27.34145
-30.43956, -37.19928, -25.23284, -44.51763, -27.89042, -38.97381, -30.84420, -22.79502
-28.91090, -38.65732, -24.85008, -46.60040, -30.66286, -39.22090, -36.07850, -23.24057
-24.75368, -29.85430, -21.41233, -36.63342, -42.59244, -37.02526, -50.70359, -29.79975
-24.81329, -31.59492, -21.81708, -40.63449, -41.92393, -41.15347, -41.34324, -29.68055
-27.87748, -38.38574, -23.99311, -44.41121, -28.58862, -53.15659, -33.78323, -20.66136
-29.40605, -31.61200, -23.97729, -34.61419, -38.53301, -38.90236, -28.49356, -28.47068
-28.97890, -31.99841, -24.13379, -33.49242, -38.33699, -38.40043, -30.71984, -28.18871
-28.70597, -38.43901, -25.02213, -46.54883, -30.81957, -42.59036, -40.08117, -23.89142
-27.71416, -40.31083, -23.72050, -48.48312, -28.23348, -47.35501, -35.99333, -20.86098
-29.29784, -40.39322, -26.49187, -37.82691, -26.30106, -54.48579, -37.61194, -22.74647
-32.53311, -41.91902, -25.94676, -47.10734, -28.87746, -42.23437, -27.95567, -21.47699
-25.04082, -29.84659, -22.67582, -41.50613, -36.15660, -41.25307, -43.31208, -27.60042
-26.24034, -30.14755, -23.68840, -43.20998, -34.91522, -46.21198, -36.56566, -26.88756
-25.65327, -29.56748, -22.95461, -42.12777, -30.56140, -43.63115, -36.12481, -24.15707
-32.44081, -44.71502, -28.26677, -39.92975, -27.19252, -45.07841, -34.86248, -23.14492
-32.21406, -39.88448, -27.23268, -42.04696, -26.87657, -48.36853, -31.32330, -23.20545
-25.21727, -29.36390, -22.80722, -40.94566, -32.79226, -40.08897, -44.79688, -25.34073
-25.37758, -30.98214, -23.39688, -44.25655, -43.67481, -58.43691, -36.56981, -28.39978
-32.73040, -42.44763, -28.46840, -41.55891, -28.65565, -50.14875, -30.99809, -24.72220
-32.28087, -41.93932, -27.17373, -46.35182, -31.17563, -50.61112, -36.44903, -26.84184
-24.63602, -32.03266, -21.60756, -39.57265, -40.88375, -39.34545, -43.55428, -29.18698
-27.18083, -39.14414, -23.58971, -44.68020, -28.91621, -41.67101, -38.95946, -22.20336
-24.55523, -31.43903, -21.23935, -38.89570, -39.73763, -39.14669, -47.56347, -30.04843
-29.89527, -41.53063, -26.55778, -42.43267, -29.50215, -50.13784, -40.89843, -25.26295
-27.83997, -38.54658, -24.36912, -47.64381, -30.80148, -42.24928, -40.44967, -22.69695
-31.58799, -41.54004, -28.47865, -44.11429, -38.20948, -47.68781, -36.78137, -27.13351
-32.27734, -42.86298, -26.60212, -44.54058, -27.45418, -40.10952, -30.32383, -20.40643
-27.51012, -41.53516, -24.17369, -48.49949, -31.18498, -42.43113, -39.08250, -20.77178
-26.55625, -31.26869, -23.40468, -41.84621, -32.47417, -43.64833, -37.16832, -25.44606
-25.53100, -31.79709, -21.85956, -37.21903, -37.02224, -37.33570, -32.86872, -28.33496
-27.14268, -37.51612, -24.30041, -47.34403, -32.52486, -41.44803, -38.49896, -22.99022
-26.48827, -39.58924, -23.88756, -43.38566, -32.84302, -39.20933, -35.81627, -23.03767
-28.10369, -41.93563, -26.49501, -46.62459, -41.05334, -43.51400, -37.71582, -28.63134
-24.99822, -32.11499, -23.02208, -42.83055, -52.14049, -48.92494, -43.28834, -26.42160
-27.10393, -39.43929, -23.60788, -46.20146, -31.63912, -40.06369, -38.70084, -23.16293
-31.13557, -40.16881, -26.79909, -41.92994, -27.18277, -50.52041, -32.83611, -23.40324
-31.10128, -31.56663, -24.91493, -33.51130, -40.36648, -40.86873, -27.84324, -27.59736
-30.06716, -38.50820, -25.95939, -41.66949, -26.86764, -50.45298, -35.15238, -23.08898
-28.36497, -31.66002, -24.11072, -34.07535, -38.47831, -37.86218, -31.93125, -27.83428
-26.06459, -30.93562, -23.26736, -43.90080, -31.53171, -49.00868, -34.82233, -24.79195
-29.31859, -34.66232, -25.20853, -35.66816, -37.60524, -41.38629, -32.76510, -27.93348
-27.87529, -39.70111, -26.67929, -50.35839, -42.31986, -48.99263, -44.22022, -27.68559
-26.89373, -30.45919, -23.10405, -33.57406, -38.15251, -36.57419, -36.28165, -28.09583
-31.23680, -42.09421, -27.95910, -40.64644, -27.98207, -52.28101, -34.12403, -24.70840
-28.14093, -38.46276, -23.96537, -46.56166, -29.98827, -43.25498, -31.83866, -21.02578
-25.79183, -32.07935, -22.31866, -38.25465, -48.72542, -39.54369, -35.49535, -31.59823
-27.73420, -39.32518, -26.64082, -49.16384, -42.31983, -45.98050, -40.75899, -27.53047
-29.47737, -31.85170, -24.46239, -34.35463, -39.14436, -39.56320, -29.92647, -26.73917
-27.88461, -39.33351, -26.69889, -46.19542, -42.57238, -45.85747, -42.68276, -27.49673
-24.85064, -29.98593, -22.58716, -43.20436, -41.83192, -50.76526, -33.62429, -28.05377
-29.60176, -41.18648, -27.54730, -46.30853, -40.89093, -45.27797, -48.48527, -28.93722
-27.26348, -29.37465, -23.44391, -39.68713, -30.08387, -39.75857, -31.60582, -26.03972
-33.80973, -41.12267, -28.54931, -41.58924, -27.52743, -47.62455, -29.76338, -24.50902
-27.82394, -41.26509, -24.49163, -43.20199, -30.60021, -38.45213, -39.11659, -22.77976
-27.79679, -41.21015, -24.75412, -42.40951, -29.69123, -40.47795, -35.36370, -21.65105
-24.53742, -30.66593, -22.17352, -41.59689, -47.51101, -50.30385, -40.30573, -27.58543
-28.95157, -38.85508, -26.90971, -44.38452, -39.09061, -43.22082, -47.95279, -27.45488
-30.08311, -41.27864, -27.70799, -49.12627, -37.80993, -53.32183, -36.04765, -28.03043
-29.31816, -38.61316, -27.61864, -47.55348, -38.10730, -49.84795, -38.87468, -27.31737
-28.30889, -39.24125, -24.38797, -46.55039, -29.34349, -42.90669, -32.28391, -20.71276
-31.42300, -40.88958, -26.70450, -44.32967, -28.46981, -52.04558, -39.62035, -24.01722
-27.88200, -37.71449, -24.40272, -43.29733, -30.16577, -39.83878, -35.97803, -23.15857
-28.28431, -40.65846, -24.76636, -43.19813, -30.39677, -38.31259, -39.85638, -22.52840
-24.47851, -30.41861, -21.45883, -37.04761, -49.88387, -36.72047, -37.11717, -31.21522
-28.02306, -39.21592, -26.97279, -49.82169, -44.97032, -46.62638, -40.87750, -28.31222
-24.66661, -30.35492, -22.81461, -44.12953, -33.99712, -40.48637, -35.27623, -26.88108
-29.57962, -41.76292, -25.02954, -47.74032, -30.00262, -42.85008, -34.28014, -21.52186
-24.84666, -29.09856, -22.09796, -40.13139, -43.67177, -46.65388, -35.29343, -29.43435
-28.40575, -43.10573, -27.71254, -50.14723, -41.81475, -49.00978, -39.50165, -27.27451
-29.08351, -41.43174, -25.19760, -46.49154, -30.29319, -43.42731, -34.67937, -22.01463
-28.66630, -32.40023, -24.12090, -34.88338, -41.43636, -39.54123, -33.62065, -28.91545
-30.28589, -39.20026, -27.79309, -46.67751, -36.35680, -46.70902, -40.33908, -27.55375
-28.70724, -39.14804, -24.13892, -47.78907, -29.48336, -43.65343, -33.14960, -21.04240
-25.56219, -31.78159, -22.37940, -36.80745, -41.48657, -36.67785, -35.65306, -28.76492
-24.98858, -30.15590, -22.69059, -39.83923, -54.56740, -43.43406, -35.46812, -28.06094
-28.67497, -40.81779, -27.29025, -49.09164, -42.43835, -49.67305, -47.27825, -27.50073
-35.37339, -43.31846, -29.94831, -40.94121, -27.27284, -48.07843, -30.17153, -24.52100
-29.41002, -33.77963, -25.13266, -34.34355, -33.67356, -43.28285, -32.96881, -35.38463
-27.93908, -36.14216, -23.98606, -45.70300, -29.26240, -41.98921, -36.98510, -22.49320
-29.04656, -42.11087, -27.40764, -50.20479, -41.16618, -48.94384, -46.33022, -28.22352
-26.16180, -30.68113, -23.60886, -42.07245, -33.00231, -40.88294, -41.24664, -26.48158
-27.13656, -32.11744, -22.58328, -38.13589, -37.96316, -42.37374, -31.83180, -28.60980
-31.13470, -41.32569, -26.62962, -41.41945, -27.48063, -52.25614, -35.20316, -23.65972
-28.88553, -39.24947, -24.48491, -47.71195, -31.68934, -45.64305, -33.72593, -22.33803
-28.11504, -39.37840, -24.39633, -43.88639, -30.65479, -38.60623, -36.60399, -24.34304
-27.70349, -39.43593, -24.36422, -44.81588, -31.73747, -40.90470, -41.84287, -23.37593
-25.72155, -29.85338, -21.48030, -35.51849, -36.68000, -36.32590, -30.87620, -29.18181
-24.24514, -29.75860, -21.83022, -42.88980, -33.61418, -44.35563, -43.23483, -25.38852
-27.95265, -38.52177, -25.18916, -41.41157, -37.82386, -41.16781, -48.81888, -27.33877
-24.87034, -30.82997, -22.59102, -40.71524, -49.33613, -47.50326, -36.64365, -27.09115
-26.06017, -32.65971, -22.56178, -38.89709, -44.19133, -40.25527, -38.21691, -30.62135
-27.98360, -30.96449, -23.59353, -33.24290, -37.99699, -37.66518, -33.90621, -27.56278
-30.15887, -38.58496, -24.44440, -44.71337, -28.40723, -44.98086, -30.95673, -20.72929
-26.83502, -39.09675, -24.14073, -42.42741, -30.28972, -39.97491, -35.38771, -22.64649
-25.64212, -30.94491, -23.52317, -40.74689, -50.58713, -43.82325, -36.31805, -26.42040
-24.32760, -30.08230, -22.04870, -38.14353, -36.11365, -43.80418, -39.11837, -31.61620
-32.28316, -41.59984, -27.18409, -45.38150, -30.40750, -50.72386, -33.17346, -25.00727
-29.65348, -41.07944, -27.18758, -45.89756, -44.06995, -49.56852, -45.09830, -29.75261
-27.84725, -32.22033, -23.72569, -34.90768, -40.24946, -38.56364, -34.21330, -28.10481
-25.65227, -29.93856, -22.16385, -40.39829, -29.73323, -40.33496, -35.52441, -25.00502
-28.44266, -43.07249, -27.01507, -52.87964, -43.55634, -52.22089, -43.85262, -28.46530
-34.78591, -45.27949, -29.26800, -42.03533, -28.20448, -42.64473, -35.95069, -24.30188
-24.40140, -29.89341, -22.10213, -40.71268, -35.19501, -40.17897, -43.12206, -25.35187
-25.18715, -29.53867, -22.27036, -37.28956, -43.87155, -42.29362, -32.70477, -29.42854
-28.58326, -40.00343, -24.33939, -46.84439, -29.12727, -43.62710, -35.10827, -20.62127
-33.48403, -41.34020, -28.93622, -41.98979, -29.75273, -48.11572, -28.87227, -25.50580
-33.60918, -44.37679, -28.30568, -43.66512, -29.30238, -45.95564, -32.58888, -25.49392
-25.65870, -30.93270, -21.90601, -35.35980, -46.46581, -36.28046, -33.54245, -33.32054
-24.15955, -30.33966, -22.04629, -39.92177, -39.91281, -46.10660, -41.99903, -28.66052
-25.33268, -30.02138, -22.90085, -41.69000, -33.09765, -39.67235, -46.79489, -26.83544
-31.03707, -42.27431, -27.36689, -43.21491, -30.72029, -57.90954, -38.70244, -25.16538
-30.19247, -40.25639, -25.68969, -46.31047, -30.09233, -37.69648, -35.93092, -23.40449
-24.66350, -29.63767, -22.67469, -44.41733, -32.82874, -41.90844, -41.97026, -26.96041
-30.38310, -42.97470, -28.18511, -49.57158, -41.29468, -51.54388, -45.01103, -28.95102
-25.35507, -29.86462, -22.55532, -38.79624, -49.44270, -43.80072, -34.53196, -26.25229
-29.76442, -40.29165, -24.83579, -46.22243, -29.26234, -43.65211, -30.53988, -21.42875
-28.47283, -31.02305, -23.59485, -33.30613, -38.93655, -37.16287, -28.97747, -28.14713
-23.82315, -30.59366, -22.26385, -42.06284, -37.86246, -39.52674, -43.33118, -25.57918
-24.94609, -30.69447, -22.44420, -41.38015, -48.55068, -49.49338, -33.98706, -28.46320
-25.62972, -31.06397, -22.25441, -37.38683, -43.82895, -38.06928, -43.45094, -30.79401
-27.80417, -31.00128, -24.16607, -33.60145, -36.98604, -37.76046, -34.49213, -28.72760
-26.38336, -30.70759, -23.41630, -43.22350, -32.37371, -45.60615, -33.02138, -26.12356
-24.71367, -29.54447, -22.25354, -41.21573, -31.53220, -40.21797, -41.48035, -24.63212
-29.27136, -38.56938, -28.19407, -47.91486, -41.59660, -48.15418, -41.61603, -27.71630
-26.10617, -30.89463, -23.30022, -41.65669, -29.93754, -40.63354, -38.41946, -24.69628
-27.41803, -41.17992, -24.49862, -42.23091, -30.88339, -41.24270, -36.96339, -22.78785
-31.47318, -40.80909, -27.76194, -40.56301, -28.41117, -51.02048, -32.02451, -24.54063
-29.36703, -40.40394, -26.83491, -39.51013, -27.49599, -47.99925, -42.48397, -23.45902
-28.19970, -37.19793, -23.88899, -50.47721, -30.60839, -43.75507, -40.92231, -22.75446
-28.77793, -42.80473, -25.49437, -44.85449, -30.16518, -44.28978, -36.49640, -21.21546
-30.59036, -33.21424, -25.08641, -33.88051, -37.25186, -40.61248, -28.29540, -29.47736
-25.27580, -31.06141, -22.93753, -39.39910, -40.63814, -46.03422, -34.34690, -28.38593
-28.13880, -40.59817, -26.99053, -50.70222, -41.37244, -48.02920, -43.25456, -27.51036
-24.31039, -30.63749, -22.51596, -40.89383, -44.84700, -43.21432, -42.16746, -28.53476
-26.24962, -29.72721, -22.58060, -36.79076, -47.69541, -43.48178, -30.86637, -31.02501
-28.43062, -31.13337, -23.54567, -33.15343, -42.06378, -37.87436, -34.80626, -30.33100
-23.92808, -29.06003, -21.68469, -37.82074, -37.63852, -43.42924, -40.34376, -29.34402
-26.90032, -32.61036, -22.71788, -36.86853, -46.43652, -39.02461, -31.60999, -33.24926
-27.95881, -31.22787, -23.83822, -34.22962, -39.80161, -39.71880, -34.18603, -30.10888
-25.19459, -29.88590, -22.42753, -37.73478, -46.68670, -42.12447, -33.90630, -28.09188
-27.02700, -43.34246, -26.59304, -52.49288, -41.88700, -46.16134, -33.34621, -27.45616
-24.81706, -31.12043, -22.14030, -38.88090, -60.14261, -38.29910, -39.88432, -31.82199
-26.27281, -30.53207, -23.72415, -42.38233, -35.49521, -44.55472, -37.55342, -26.63303
-29.00417, -33.32910, -24.78143, -35.91785, -38.96513, -39.47482, -32.54370, -27.23185
-26.49643, -30.16563, -23.53281, -40.91128, -33.96663, -40.09751, -33.00462, -28.43778
-31.32758, -41.33780, -26.56946, -42.99597, -28.05782, -50.75570, -33.85603, -24.16302
-24.47230, -30.74882, -22.57658, -45.31715, -35.56446, -44.82412, -39.59063, -26.14269
-25.06759, -30.23297, -22.17356, -39.44243, -42.12327, -43.25393, -38.72493, -26.46764
-31.34409, -39.82400, -25.33620, -43.99739, -27.12109, -43.70083, -26.67330, -20.87041
-28.62320, -37.78873, -23.63118, -44.24765, -29.18330, -47.26110, -33.08363, -20.79754
-29.80970, -41.94709, -25.17673, -54.37276, -31.63433, -40.30486, -32.97148, -21.79538
-27.89673, -44.50500, -27.07030, -48.77648, -40.75168, -51.19456, -37.98740, -26.94909
-24.91868, -30.83553, -21.89532, -37.82500, -42.54917, -36.92827, -46.12234, -30.51265
-29.26554, -44.68245, -27.55082, -52.33630, -38.50157, -56.87538, -44.07351, -26.89820
-28.07674, -37.97179, -26.88734, -46.25502, -46.83810, -44.08526, -41.03544, -30.05168
-27.32621, -39.85429, -23.12573, -47.45094, -27.37209, -40.56850, -36.60535, -19.71206
-34.75897, -43.89340, -28.87849, -43.66214, -28.17088, -49.94542, -32.85660, -24.19797
-26.50176, -31.54739, -23.31523, -34.59670, -38.02849, -38.17327, -37.69348, -29.59649
-29.52324, -32.34161, -24.48459, -34.19150, -38.46565, -39.12837, -30.24016, -27.27904
-28.87621, -38.17455, -24.29083, -46.94795, -28.68945, -43.96056, -31.95081, -21.47137
-27.61535, -38.82113, -24.57314, -42.08645, -29.66852, -42.01829, -42.60595, -22.31175
-25.18567, -31.26644, -22.90350, -43.73429, -32.40636, -42.59535, -48.22384, -26.18503
-27.63914, -38.47673, -23.66195, -44.05464, -27.29499, -48.68385, -35.06712, -19.99898
-28.97541, -45.74836, -27.61322, -54.06239, -41.24284, -50.86486, -39.44636, -26.82297
-29.14464, -31.71153, -24.39942, -33.47784, -38.50595, -38.07887, -31.39702, -29.65676
-29.37831, -40.40965, -24.78989, -40.21342, -27.14101, -37.14880, -32.44952, -21.31238
-28.30762, -41.38475, -24.47981, -41.09256, -28.52931, -38.44229, -39.65123, -22.27236
-26.05719, -29.83880, -22.85339, -39.94816, -31.14920, -40.27884, -37.53079, -24.81390
-33.22508, -42.06284, -27.38544, -43.42731, -27.37824, -44.30180, -31.01292, -25.32746
-28.70342, -39.29872, -24.36393, -48.16540, -30.28435, -42.27689, -32.98051, -21.22191
-25.94041, -32.93964, -22.83974, -40.44821, -40.19368, -38.60402, -37.09714, -32.12389
-31.56833, -42.34452, -28.22357, -47.06555, -42.08962, -61.24018, -35.52640, -28.36660
-26.58520, -31.50367, -23.55203, -40.06272, -40.69567, -52.93050, -30.59809, -31.34718
-27.82921, -30.19742, -23.04272, -33.54007, -43.33071, -38.46549, -33.65235, -29.04699
-28.14308, -41.57950, -24.49766, -47.84172, -30.03054, -41.38546, -38.79963, -20.77054
-27.14083, -38.35879, -24.23696, -41.46554, -29.31469, -41.45671, -41.89116, -21.80162
-29.56132, -40.99305, -24.75427, -48.35614, -29.78982, -43.36620, -32.57663, -21.30991
-27.61296, -41.67434, -24.72749, -39.67372, -29.65627, -38.50770, -41.11282, -22.70305
-28.30264, -30.77804, -23.05868, -32.73366, -39.67880, -37.06659, -33.10924, -28.51423
-28.17975, -39.76488, -27.72767, -53.35719, -49.55942, -49.35883, -41.91950, -29.72351
-24.56526, -30.19338, -22.47781, -38.81349, -43.69734, -42.69467, -39.03027, -26.61011
-26.55754, -33.31191, -22.59734, -39.67430, -36.59056, -42.93650, -34.93780, -27.51958
-26.68609, -37.61457, -23.39842, -45.01791, -30.96361, -40.22186, -38.24523, -22.21139
-27.56874, -30.57734, -23.80810, -34.77054, -42.24532, -38.86625, -31.33813, -29.54908
-24.89110, -31.56362, -21.69430, -37.96329, -46.36082, -37.65453, -40.01572, -31.51244
-24.36309, -30.24431, -20.99011, -37.33295, -44.28749, -37.93032, -38.52374, -31.16991
-30.93660, -41.10445, -27.10716, -40.88198, -27.50912, -49.82995, -35.33262, -23.97497
-29.20350, -31.76135, -24.26557, -33.76127, -39.37672, -38.54585, -31.46233, -28.85808
-30.45270, -33.62576, -25.60607, -36.38332, -39.88347, -41.64933, -29.85106, -27.54694
-28.65184, -32.78665, -24.02800, -34.52761, -39.31397, -41.85683, -34.23829, -27.23381
-28.56648, -38.78728, -23.96055, -46.08425, -29.31591, -47.74721, -32.96138, -21.40465
-26.88943, -37.62715, -23.77820, -41.38134, -28.46602, -44.34787, -41.67867, -23.12401
-29.60228, -41.45473, -24.83350, -45.81051, -29.28973, -45.01361, -33.58303, -21.11957
-31.15933, -40.65197, -27.23513, -44.93964, -29.99250, -54.31163, -36.01118, -25.21935
-30.12106, -40.04160, -24.82279, -47.05203, -28.74719, -43.82348, -32.89296, -20.96553
-27.71103, -36.28992, -23.59844, -45.82839, -29.59581, -49.73966, -39.61723, -23.32873
-27.99634, -40.34089, -26.95824, -48.92638, -39.91538, -44.81408, -45.83577, -27.71109
-35.25820, -43.78368, -28.60082, -43.25770, -27.49252, -44.42199, -30.79920, -24.23871
-24.27582, -29.85607, -22.34773, -44.25486, -35.21570, -43.98857, -43.48933, -26.85569
-24.88325, -30.29397, -22.35947, -40.32253, -56.56799, -47.02093, -33.92955, -27.12577
-25.79815, -30.82496, -22.72963, -40.11498, -43.87424, -61.71396, -33.42860, -28.82151
-28.25653, -38.30308, -24.55796, -46.37211, -29.65431, -43.44107, -30.85727, -21.45572
-25.66892, -30.32246, -23.03537, -40.37258, -31.31936, -39.19419, -36.96251, -24.92660
-25.28552, -30.04354, -22.69304, -38.49366, -44.03859, -44.40972, -33.38734, -28.10248
-26.33107, -40.16919, -23.63197, -42.40516, -30.93426, -38.34354, -34.57105, -21.83040
-25.41989, -30.08829, -22.89923, -41.64259, -34.52601, -41.15280, -43.37812, -26.94884
-28.16843, -37.95229, -26.28784, -45.88100, -37.95422, -46.25940, -40.10265, -26.69873
-29.33711, -41.28230, -24.80107, -46.47262, -30.20907, -38.51602, -37.90130, -22.55506
-28.66380, -41.24880, -24.40187, -51.44580, -30.98909, -41.52704, -35.54957, -21.13732
-29.32219, -41.45977, -24.69932, -46.74133, -27.63436, -42.30875, -32.26780, -20.71819
-24.74717, -32.14931, -22.14678, -40.18225, -45.38620, -38.98155, -52.19561, -30.24732
-27.80912, -33.06918, -23.55936, -34.24350, -37.47501, -39.01674, -37.50859, -28.05850
-24.60956, -29.05701, -22.55703, -41.39420, -31.23452, -38.78854, -47.94624, -25.13790
-27.49561, -38.95984, -27.35021, -49.13352, -51.38732, -48.23774, -46.82505, -28.85074
-28.09537, -38.57371, -26.09090, -45.95123, -46.79848, -46.82504, -45.10158, -29.87654
-27.66349, -38.41209, -24.59349, -42.65533, -30.51735, -40.09353, -41.24828, -22.89319
-30.33100, -43.91777, -29.28069, -52.56431, -43.25134, -56.38780, -45.57168, -28.66447
-27.73619, -32.49605, -23.14837, -35.17393, -41.18494, -41.02301, -31.89108, -27.94978
-26.17543, -30.80991, -21.97878, -36.55195, -34.83206, -37.23117, -30.98917, -28.28446
-27.65123, -40.88948, -24.51484, -42.66013, -31.15427, -40.78111, -41.42160, -23.28407
-30.31786, -42.45537, -25.57893, -51.18125, -31.08107, -39.56948, -33.67281, -20.88155
-25.46788, -29.75657, -22.96337, -41.85011, -30.64914, -41.52650, -38.21890, -25.16666
-27.23188, -31.96896, -23.73380, -35.01659, -38.66949, -39.50324, -39.43960, -26.61519
-25.31621, -29.78034, -22.58014, -38.81082, -41.69962, -51.05266, -35.71227, -28.18725
-28.07949, -43.52184, -27.30962, -47.20715, -37.79075, -47.93039, -47.53892, -26.43569
-25.12624, -31.57168, -21.73726, -37.99967, -37.24881, -37.27964, -40.55764, -28.41657
-27.54369, -36.99986, -26.04395, -45.00341, -39.14278, -41.61000, -44.27721, -27.39122
-31.16217, -39.08656, -25.49152, -46.45485, -28.11976, -39.64991, -34.72112, -23.62208
-28.54176, -42.85033, -27.17489, -48.35993, -38.67143, -44.46083, -40.44380, -27.06505
-25.59065, -30.74739, -23.21415, -42.65667, -31.77314, -41.80821, -45.89767, -25.57413
-25.53941, -31.23148, -23.45968, -42.58445, -43.27851, -53.65433, -37.98378, -27.91380
-29.16223, -31.40794, -23.85760, -33.89341, -40.43667, -40.06663, -29.66112, -27.39256
-26.68637, -32.95775, -23.56606, -36.17302, -39.03266, -40.35772, -37.66412, -27.81912
-30.25731, -41.14709, -24.98441, -49.01846, -28.04502, -42.79533, -32.33020, -21.48451
-33.97187, -43.86435, -28.04067, -44.09147, -29.02639, -49.20357, -32.31130, -24.49895
-27.89545, -32.93386, -24.33802, -35.96194, -41.06627, -39.91097, -35.45960, -28.88237
-26.82113, -39.04558, -23.11011, -47.43468, -31.24113, -48.19557, -40.13887, -21.36420
-30.82071, -41.25179, -24.96222, -44.70559, -26.51202, -43.52376, -30.01752, -20.09027
-24.45369, -29.20352, -21.82090, -42.83069, -32.46082, -44.09816, -42.64646, -25.94487
-27.98402, -39.41460, -23.88913, -42.98162, -29.47692, -38.49176, -38.32400, -22.79913
-26.30683, -31.29076, -23.73763, -45.80407, -33.29870, -59.47692, -35.30577, -25.21043
-28.53590, -40.94665, -25.04326, -43.44599, -31.20644, -38.90824, -37.71680, -23.03526
-27.89168, -41.80670, -24.87147, -45.17395, -33.90073, -39.43922, -37.87839, -23.86494
-27.21284, -37.40286, -23.91051, -47.10558, -31.82959, -40.38816, -39.94906, -23.05331
-31.94112, -41.58967, -27.18680, -43.45975, -28.48486, -51.56409, -35.40933, -23.60617
-25.99985, -31.12841, -23.74997, -42.71389, -29.43281, -43.08257, -39.22181, -24.15756
-24.85569, -29.84528, -22.40548, -43.07284, -31.66737, -42.35144, -45.10254, -25.59694
-30.71969, -41.54032, -27.43672, -41.60636, -28.72298, -52.16252, -37.37493, -24.46506
-28.69082, -33.92122, -24.63871, -34.36192, -34.67896, -40.69414, -32.66880, -28.16341
-28.77851, -32.23180, -24.52359, -34.48533, -38.77866, -39.92094, -31.86494, -31.40498
-28.55074, -31.62111, -24.76996, -34.99945, -40.70958, -38.93257, -33.78224, -28.20775
-24.28819, -29.41484, -22.25723, -40.01590, -51.50107, -41.63035, -34.72766, -27.51697
-25.34510, -30.59930, -22.80135, -40.66970, -33.69592, -40.78505, -41.05234, -24.64405
-32.24158, -43.09027, -28.17963, -40.87674, -27.83504, -51.53868, -37.06218, -24.69720
-26.01753, -31.47861, -22.68899, -38.47240, -44.28781, -37.80458, -33.46438, -32.87183
-25.54014, -31.79997, -23.68148, -41.69839, -40.95998, -48.65176, -41.03562, -27.87846
-27.41160, -39.19913, -23.79713, -47.55614, -32.26313, -48.93131, -34.62921, -22.35504
-25.52517, -31.89282, -21.82100, -36.57386, -44.18490, -37.72679, -38.37262, -31.46107
-27.47214, -40.98319, -24.77393, -41.76891, -31.92675, -38.09884, -36.45335, -23.21189
-33.29164, -45.22635, -28.80582, -40.89434, -28.26568, -49.55818, -32.60645, -23.88919
-25.16655, -30.49181, -23.18969, -43.09854, -36.42489, -41.26920, -41.96394, -27.38348
-26.35159, -32.79747, -22.94027, -38.53784, -47.26263, -39.88655, -35.56531, -31.10712
-29.13663, -30.46580, -24.42292, -33.86380, -40.22953, -37.93165, -31.71811, -27.03093
-27.79840, -37.14671, -23.42477, -47.63997, -30.07444, -38.32980, -36.19906, -22.59399
-25.22907, -30.71124, -22.47019, -43.96531, -30.19626, -44.24279, -43.58216, -25.21123
-25.42334, -32.39421, -21.74812, -37.04735, -42.69988, -38.03805, -43.75723, -30.21452
-25.36126, -31.30542, -21.66478, -36.66769, -39.97841, -37.24026, -39.16978, -30.33950
-24.11779, -29.57832, -22.27544, -40.92804, -43.14213, -43.32073, -42.98550, -29.01267
-26.52333, -38.43831, -23.51158, -42.05413, -30.23175, -39.94123, -40.28846, -22.90879
-32.00061, -42.66393, -27.73054, -44.50451, -29.29236, -53.35427, -38.27021, -24.80933
-25.23148, -39.97906, -23.58517, -38.57332, -31.80366, -39.21286, -33.75897, -23.40642
-25.36990, -30.79478, -21.74363, -37.28888, -37.90486, -37.49488, -37.14040, -29.01480
-29.50617, -42.63543, -27.82338, -47.10394, -35.31096, -57.56678, -47.56895, -25.31034
-27.57502, -30.27881, -23.44879, -33.72543, -41.41199, -37.11844, -33.94518, -28.78602
-27.36993, -32.71603, -23.31492, -34.29287, -38.23761, -39.08735, -37.12461, -27.88166
-29.56149, -31.83162, -24.23358, -33.32953, -38.55712, -38.05208, -31.49937, -27.66774
-29.39290, -39.40523, -24.02488, -45.62411, -27.64078, -43.34555, -31.20961, -20.70338
-25.31778, -30.10886, -22.25919, -36.25321, -48.89177, -36.43651, -38.84910, -30.90014
-32.61429, -39.63380, -27.58097, -43.38531, -29.19694, -49.61993, -30.79370, -24.62338
-25.94639, -30.75748, -22.97951, -42.20373, -34.51177, -45.18494, -40.00032, -26.27950
-26.70525, -37.64014, -23.76520, -44.07930, -31.41545, -43.17662, -39.69722, -23.90648
-37.56344, -40.56620, -29.08445, -41.46238, -26.39359, -44.61960, -26.84771, -23.88035
-25.08806, -30.59375, -21.84934, -37.85397, -42.10904, -37.34016, -35.04945, -31.49012
-29.08595, -39.82207, -25.05517, -40.42882, -27.59747, -37.02067, -37.40190, -21.94806
-28.82947, -42.76599, -27.54094, -47.65139, -41.10024, -44.90562, -43.82788, -28.28782
-25.32613, -31.66459, -21.60538, -37.33372, -47.56248, -38.58352, -37.20343, -32.76157
-27.32764, -39.16310, -23.62501, -42.65414, -29.18868, -38.29125, -39.28570, -21.31737
-29.04687, -42.54606, -26.84171, -40.27694, -29.68318, -65.87585, -50.90857, -24.57651
-29.56903, -41.13166, -27.50896, -44.87384, -42.47867, -50.29828, -43.73500, -31.87236
-28.16482, -38.94203, -24.79197, -43.32393, -30.46685, -41.25968, -40.01742, -23.38839
-25.35796, -30.65098, -22.47925, -39.34145, -40.67881, -53.85254, -32.98314, -29.35952
-31.10127, -41.89412, -26.86644, -43.75826, -30.63922, -47.80471, -34.64107, -25.30625
-32.30141, -40.70924, -28.10656, -41.98110, -28.26569, -50.82157, -33.92235, -24.37137
-25.92958, -29.85453, -23.20626, -40.27825, -35.92165, -40.50910, -39.94964, -27.34042
-29.90232, -44.29102, -28.01099, -52.96582, -42.27001, -54.83451, -46.18844, -28.87951
-29.34578, -39.48561, -27.35818, -52.29001, -40.50049, -57.75437, -41.19869, -28.73697
-26.52524, -30.80819, -23.41302, -41.54557, -32.76252, -42.19925, -38.91227, -26.31200
-30.37037, -40.68612, -25.86378, -49.21834, -30.46413, -44.19635, -30.99355, -22.18479
-27.51229, -39.50151, -26.86133, -44.96743, -39.16646, -42.67267, -40.16723, -29.86297
-28.94557, -44.07758, -27.34897, -53.04990, -40.72688, -55.50010, -44.09348, -28.38475
-24.84615, -29.52694, -22.76586, -40.32023, -35.22367, -39.40494, -45.12652, -24.96808
-25.02275, -28.74857, -22.11978, -38.56401, -32.14070, -37.40705, -46.52679, -25.96361
-27.14518, -37.83559, -24.25045, -43.35469, -30.02597, -41.15943, -36.93906, -22.80852
-25.28452, -29.42224, -23.07023, -41.11222, -35.88461, -39.64460, -42.99181, -28.06248
-28.86664, -40.98124, -25.24778, -43.00518, -29.75800, -40.16015, -41.08485, -22.36561
-25.30579, -31.63524, -22.20607, -39.47873, -36.87494, -38.38039, -38.35930, -28.73612
-24.79219, -30.91844, -21.53912, -36.51622, -51.81704, -38.04817, -37.31263, -31.63898
-27.26024, -37.98336, -24.13388, -40.73152, -28.38220, -40.86489, -40.08110, -22.60972
-29.45715, -39.78242, -24.06412, -47.52862, -27.26703, -42.75595, -30.39565, -20.88583
-28.64194, -32.81708, -24.04345, -34.59714, -39.34576, -40.50059, -33.31345, -27.43403
-30.94389, -42.65374, -28.35831, -40.85743, -28.93769, -61.00049, -41.31313, -24.14647
-24.70537, -30.52751, -21.74305, -36.86366, -55.24197, -36.18780, -37.25448, -33.65771
-26.39100, -37.44127, -23.24705, -46.42455, -31.92207, -54.96093, -39.91761, -21.60510
-25.42027, -30.94717, -22.62530, -40.73742, -51.42123, -49.05031, -33.69507, -28.69015
-28.30106, -40.97532, -25.41653, -40.52638, -29.55402, -39.46184, -41.22856, -22.48883
-25.40162, -32.39392, -22.56485, -39.45813, -43.83760, -39.23929, -54.05692, -29.13378
-27.63761, -37.23071, -26.83355, -47.23332, -43.77595, -43.94420, -41.84313, -27.48603
-26.24494, -32.34051, -22.06832, -37.64842, -40.11883, -39.53833, -33.32429, -31.28982
-29.96731, -41.19691, -24.76512, -46.00112, -28.27128, -40.25534, -31.23315, -20.47821
-26.46604, -29.84422, -22.95915, -38.91620, -30.25808, -37.56284, -33.83345, -25.80663
-28.24281, -39.58292, -24.45493, -48.51979, -33.55578, -39.55846, -40.40541, -23.55480
-28.02559, -31.38610, -23.54040, -33.36639, -38.69925, -38.76658, -30.01190, -28.60046
-27.01933, -38.48232, -24.77615, -39.66418, -30.66176, -39.10382, -40.93040, -23.58720
-33.45534, -42.17634, -28.20160, -42.26424, -27.49315, -48.64027, -34.42479, -24.14342
-29.43685, -40.78701, -26.93631, -46.25859, -43.74416, -48.50646, -43.60438, -30.07403
-25.32071, -29.59914, -22.48789, -37.84348, -39.66987, -47.25083, -32.18809, -29.80682
-25.88688, -30.82258, -22.14193, -36.31147, -43.75019, -36.74104, -33.41839, -32.01940
-25.90958, -31.03219, -23.65861, -40.25326, -43.06762, -45.17198, -34.34235, -29.66182
-24.72432, -29.68752, -22.29689, -38.64799, -38.48092, -45.17810, -35.44001, -30.19559
-31.22758, -41.41138, -26.72022, -40.26541, -26.71131, -51.06766, -35.06567, -23.70904
-28.78230, -41.02298, -26.71477, -50.18890, -36.20447, -48.87618, -44.90682, -26.97892
-24.99385, -31.09636, -21.46969, -37.84099, -34.52275, -36.69758, -35.42494, -27.98329
-27.86275, -39.80174, -24.40368, -44.25833, -29.05803, -47.29827, -33.97407, -21.23029
-31.25306, -31.92391, -25.19410, -34.58167, -43.80198, -42.11482, -27.25787, -29.63634
-30.13121, -40.50456, -24.90519, -45.87643, -29.23234, -45.39775, -30.24828, -21.66096
-26.86553, -39.70931, -26.77944, -50.04086, -47.95785, -43.20538, -36.20371, -29.77820
-25.01596, -29.89658, -22.12561, -38.67956, -51.94468, -43.42252, -32.97613, -29.07943
-32.29093, -38.61676, -26.75747, -44.71253, -29.55696, -49.43921, -31.26819, -25.66834
-25.70355, -30.39830, -23.11065, -42.18096, -32.75916, -42.58286, -44.29637, -25.21684
-24.80565, -30.25677, -22.89794, -41.63427, -46.30514, -45.50100, -34.65649, -26.15730
-28.48301, -38.66579, -24.37191, -44.08873, -30.07267, -38.47881, -38.60957, -22.53721
-32.41951, -41.32319, -26.88916, -42.17790, -27.82277, -48.46215, -31.64739, -24.86669
-25.01194, -29.22851, -22.92972, -41.70653, -32.03237, -40.12051, -45.14202, -25.16286
-27.69913, -31.32750, -23.34231, -34.07580, -40.08351, -41.33189, -33.90539, -26.80265
-24.55103, -30.34475, -22.78543, -39.35815, -35.02711, -44.37223, -44.65266, -29.74894
-24.56542, -30.07216, -22.55977, -42.76728, -33.45724, -39.79958, -48.12456, -26.88237
-25.11185, -30.90343, -22.22269, -40.91569, -37.39143, -39.65875, -35.66797, -30.09513
-28.82598, -41.29421, -24.81985, -46.34932, -29.44541, -43.96773, -33.50639, -20.99088
-25.92264, -40.44652, -23.29088, -45.90757, -30.20108, -50.24042, -37.92907, -20.22678
-27.74103, -37.55699, -27.55890, -47.83233, -47.67258, -44.43417, -48.95321, -29.28695
-30.39372, -31.42191, -24.84582, -35.03819, -42.82006, -42.13557, -27.06373, -27.74046
-33.87972, -44.34454, -29.04652, -43.24735, -28.18850, -49.52083, -33.24712, -24.69260
-28.95062, -40.06114, -24.20938, -47.06266, -28.38606, -42.30032, -31.95647, -21.23447
-22.95020, -29.12866, -21.15323, -39.03637, -57.74060, -39.38416, -42.88728, -25.17849
-30.33953, -32.92823, -24.54110, -33.68129, -38.38667, -39.55188, -28.88870, -30.49490
-27.61863, -40.81125, -23.82494, -46.44233, -30.10169, -42.06849, -36.22578, -20.68112
-27.94740, -31.77558, -23.43029, -34.37432, -42.37515, -41.25624, -32.82943, -28.68092
-25.70873, -30.05717, -22.61156, -40.58592, -30.92956, -40.89632, -39.95289, -24.52894
-26.41081, -37.29627, -23.54031, -46.29600, -32.13716, -43.25220, -38.83702, -23.28858
-26.35071, -30.67895, -23.13457, -41.56586, -29.65950, -40.98906, -37.02476, -24.73229
-27.93210, -39.41363, -26.85536, -48.66566, -46.18803, -46.53787, -40.90607, -29.14161
-25.64223, -30.70794, -22.03863, -36.90044, -54.75142, -38.45838, -33.99711, -33.84412
-28.47744, -32.28751, -23.98082, -34.87313, -40.95152, -43.19790, -32.34785, -27.89360
-27.24094, -39.27818, -23.51634, -47.51974, -31.45953, -46.93378, -39.15992, -21.26658
-33.05342, -44.86157, -28.44042, -43.37893, -28.72350, -50.92725, -33.86565, -24.06728
-25.14497, -30.99153, -21.89423, -38.63916, -40.36333, -38.33711, -34.36280, -29.92563
-27.34017, -30.75107, -23.76770, -33.71454, -38.05014, -37.15949, -35.00760, -29.08926
-30.65507, -43.98435, -26.70169, -40.83850, -29.67083, -37.43053, -38.81496, -22.69139
-27.82446, -39.43262, -27.25185, -54.38865, -51.49050, -49.33968, -39.83815, -28.84527
-25.66095, -30.83114, -22.74114, -42.27385, -31.44869, -40.99458, -41.12639, -26.44770
-30.52026, -32.60995, -24.89375, -33.06930, -35.73206, -40.05129, -30.16647, -29.07096
-28.18675, -39.31755, -23.86934, -46.14189, -30.95147, -46.20039, -34.25949, -21.17224
-29.90938, -40.85497, -24.46414, -45.76419, -27.22191, -43.92506, -30.75750, -20.44357
-29.16398, -40.38039, -27.45422, -45.76853, -41.97714, -45.42323, -50.21030, -28.09265
-25.66792, -31.19158, -21.61985, -36.65467, -36.66203, -37.44582, -34.51681, -29.25418
-25.15734, -31.06233, -23.06383, -44.17479, -32.73024, -44.52037, -44.01893, -24.68419
-32.67831, -42.82659, -27.65082, -43.06834, -28.34416, -46.28048, -33.84967, -24.64115
-26.96252, -31.79148, -22.63927, -36.44572, -37.65200, -36.61490, -32.28990, -30.92903
-24.84201, -29.53379, -22.79725, -37.91910, -38.15497, -40.92050, -36.18791, -30.08704
-25.09608, -30.44224, -22.48636, -38.61321, -39.89475, -48.00502, -34.16453, -27.96435
-26.59195, -37.95556, -23.66487, -45.59816, -31.64350, -40.07861, -36.60251, -22.60352
-32.25562, -41.39421, -27.23229, -43.81401, -28.62141, -50.13954, -34.90933, -24.56798
-23.82959, -30.19875, -22.18613, -40.94752, -35.48361, -47.27430, -41.40985, -30.20250
-29.85359, -42.21627, -25.48554, -48.58990, -30.43042, -45.51165, -33.47365, -22.05742
-25.90933, -30.43593, -22.51063, -40.26869, -42.14390, -50.35315, -34.08322, -27.41426
-28.08483, -42.03924, -28.11233, -50.27798, -48.99201, -50.39649, -40.44272, -27.27753
-28.56179, -36.58404, -27.22169, -45.81629, -43.87949, -42.99244, -49.32769, -29.57435
-31.67204, -41.31149, -26.73629, -42.94874, -27.33457, -49.34927, -37.33136, -23.41435
-25.35427, -36.69977, -22.83171, -47.90269, -33.41955, -43.46372, -33.32464, -23.50375
-27.92645, -32.97631, -23.51835, -35.81958, -42.41884, -43.58979, -34.81061, -27.66148
-32.62182, -42.22928, -28.73897, -43.08621, -29.65341, -53.13694, -37.37454, -25.71570
-26.57278, -43.48128, -25.61688, -56.62171, -42.70748, -45.16471, -31.36016, -27.73049
-28.48813, -39.06571, -27.20374, -47.71893, -40.76289, -43.73380, -48.39889, -28.89204
-24.87159, -28.76433, -22.37511, -41.08655, -31.56983, -39.68612, -41.46516, -25.86073
-25.31324, -31.17316, -21.66122, -38.30826, -37.74189, -38.89445, -34.19948, -29.80363
-27.99357, -39.58169, -26.70752, -49.07028, -39.69338, -50.18503, -44.14086, -26.20290
-29.58482, -40.65910, -26.27621, -40.69805, -27.73074, -54.64036, -38.70594, -24.26489
-24.99935, -29.81121, -22.32503, -38.03670, -49.01220, -42.01098, -34.08571, -28.02251
-27.87776, -40.69476, -24.59995, -40.16375, -27.95306, -40.94200, -41.73085, -22.07254
-25.73022, -30.66740, -22.84243, -42.37397, -32.11215, -44.43615, -37.19919, -24.99361
-29.25944, -42.20783, -27.66836, -50.73939, -47.15126, -52.01944, -43.04912, -29.81461
-29.32795, -38.49762, -25.28028, -44.83288, -30.08548, -40.18802, -34.96442, -23.68918
-29.31711, -32.32117, -24.78832, -34.63326, -39.39715, -40.38265, -30.73102, -30.79809
-32.60788, -42.23378, -28.34774, -40.64588, -27.56429, -50.67331, -32.86901, -24.16775
-25.09950, -30.30395, -22.46981, -40.06653, -44.50182, -49.86424, -36.55117, -28.34516
-28.32528, -41.31493, -24.57451, -41.01144, -29.91986, -36.70849, -41.00122, -21.66156
-27.19237, -30.82563, -23.37478, -33.52132, -38.25332, -36.39944, -34.21131, -27.74539
-26.00392, -32.27473, -22.36044, -36.19871, -44.74288, -37.73700, -41.29783, -33.33122
-27.71972, -39.77181, -24.00320, -50.24993, -33.14461, -38.86523, -39.10005, -23.65739
-30.62735, -42.16836, -25.85122, -43.75720, -28.52341, -38.82174, -30.75277, -20.49661
-27.12117, -31.20304, -23.89855, -33.93856, -37.26910, -36.68898, -36.38815, -31.09377
-26.35536, -37.49118, -23.28842, -47.03119, -31.95972, -44.54488, -38.68542, -22.38149
-26.07298, -30.66882, -22.41237, -36.56019, -40.55783, -36.01383, -35.75953, -32.06793
-26.30466, -31.40933, -22.32079, -35.85772, -46.37960, -38.08418, -32.88152, -32.21306
-25.75084, -31.39002, -21.72469, -37.09690, -37.21586, -38.56990, -32.01351, -27.84551
-26.80619, -37.76451, -24.24672, -39.31903, -28.46738, -42.14613, -43.13099, -22.42464
-33.10336, -44.22216, -28.23879, -44.30266, -28.82455, -51.06382, -34.43164, -24.86653
-24.96860, -29.31011, -22.54135, -39.97382, -43.27709, -48.07438, -29.12182, -28.51662
-27.77103, -30.54286, -23.89645, -39.71710, -35.27914, -43.88394, -34.05442, -27.79801
-30.55704, -31.41336, -24.50959, -33.31330, -38.96648, -37.59621, -27.39769, -28.68159
-29.16877, -39.65268, -24.11157, -46.27049, -27.02638, -40.67498, -30.68991, -20.32710
-26.59841, -31.45914, -23.33914, -41.07493, -33.01635, -41.21279, -36.51893, -26.65170
-24.17367, -31.45498, -22.28811, -43.01044, -42.50669, -48.45363, -43.80252, -27.96342
-25.47191, -30.00738, -22.82500, -41.45079, -34.53719, -41.53159, -38.18212, -26.98491
-26.03723, -31.41104, -22.98795, -41.30283, -48.55312, -59.85000, -31.75641, -28.99157
-27.91906, -40.96448, -27.26674, -49.97427, -40.70338, -46.44723, -37.39520, -26.25548
-24.24266, -29.12152, -21.60089, -36.35072, -40.86395, -39.87474, -36.86233, -28.08713
-24.42657, -29.38567, -22.28479, -39.31034, -53.48142, -40.46886, -38.96249, -28.66045
-25.63422, -32.44903, -22.17516, -38.64825, -37.15237, -38.17582, -39.09153, -28.67992
-33.21444, -44.71073, -28.33449, -42.26490, -27.84297, -46.88811, -33.78864, -24.39844
-25.02904, -29.15242, -22.11717, -38.47493, -35.54398, -38.72166, -39.51673, -26.90082
-27.48219, -37.11484, -22.89273, -44.78810, -28.42373, -47.68164, -32.46631, -20.58216
-24.74171, -31.43557, -21.66522, -37.61840, -50.59270, -39.37808, -49.54747, -30.99526
-24.64031, -30.18851, -22.21267, -39.91119, -50.57402, -46.89823, -35.80627, -26.87459
-24.05207, -29.70757, -21.81761, -38.50401, -42.29078, -41.60285, -39.63674, -28.09609
-27.65798, -38.95296, -24.47516, -42.88289, -28.84665, -43.09195, -41.14432, -22.04414
-23.90295, -30.02750, -21.34814, -40.24625, -54.71544, -46.99222, -43.96530, -26.32928
-26.08404, -29.61367, -22.40405, -38.18843, -51.23990, -49.49701, -30.61878, -27.37527
-25.65143, -30.27944, -22.65997, -39.94991, -34.60730, -40.90898, -39.70052, -25.96542
-29.27210, -43.45125, -25.95754, -44.94303, -30.01692, -41.00505, -36.31367, -20.60538
-26.52207, -29.49366, -22.77926, -40.01352, -30.33255, -41.23447, -32.74242, -25.40606
-30.23128, -41.69805, -25.09992, -48.08170, -28.75356, -39.45050, -30.89554, -21.09310
-29.56405, -32.45354, -24.87252, -35.10108, -40.13777, -39.27645, -32.17682, -27.97307
-24.50397, -30.61100, -22.57206, -45.53361, -42.94845, -54.97873, -40.78934, -26.02195
-27.87293, -40.46327, -23.96316, -44.64789, -28.37073, -56.29730, -36.48838, -20.46811
-27.88975, -41.84907, -26.78829, -49.88565, -39.37051, -50.52628, -36.66376, -26.98352
-27.03177, -30.77146, -23.07760, -33.87372, -41.15397, -37.41335, -35.80316, -28.41729
-29.05647, -40.33709, -24.38470, -51.59359, -29.56067, -41.11393, -32.01635, -21.27593
-29.30862, -42.77499, -28.13227, -55.35018, -45.36771, -57.98877, -43.47665, -28.95566
-28.21988, -41.81325, -27.16546, -50.57842, -38.96754, -51.27887, -42.63723, -27.33016
-27.20428, -39.04351, -24.11819, -46.47721, -30.96340, -49.92715, -39.09664, -21.00433
-29.44494, -37.80114, -26.85017, -43.06509, -30.66994, -68.07673, -42.69566, -24.50303
-25.08337, -29.93991, -22.55793, -41.54441, -30.40387, -40.49463, -44.25456, -24.35501
-24.81375, -31.31625, -21.70098, -37.91665, -40.45319, -37.25863, -52.98685, -29.02195
-25.59593, -31.07074, -22.08608, -36.47172, -52.14352, -37.40847, -39.33163, -33.71045
-28.89130, -30.88058, -24.13431, -33.27498, -40.14956, -38.40595, -30.77589, -28.50857
-28.37269, -42.14403, -27.50283, -51.32045, -44.02009, -48.41930, -38.07464, -27.92684
-28.16095, -31.55585, -24.38217, -33.37012, -36.24349, -35.93286, -34.66854, -30.71598
-26.39465, -32.35427, -22.75832, -38.67603, -42.03626, -39.33063, -31.58464, -30.79549
-26.31246, -31.56837, -22.41045, -38.35519, -38.45056, -39.94420, -34.55520, -29.37086
-28.50859, -41.28079, -27.84494, -50.32951, -45.55508, -45.69897, -40.09410, -29.81204
-26.81273, -32.59898, -23.31115, -36.56724, -40.73394, -40.39929, -39.10756, -26.56025
-23.95773, -31.70079, -21.04924, -38.76351, -37.90962, -35.92494, -46.10620, -30.27656
-25.51190, -29.51219, -23.16378, -41.25623, -32.59663, -40.30597, -40.00095, -25.52552
-24.14219, -29.47842, -22.08541, -39.93344, -40.12320, -43.55696, -43.30164, -30.07888
-29.60197, -40.91454, -25.46281, -44.32770, -29.87315, -38.76688, -39.86674, -23.21753
-25.73848, -30.07331, -21.52716, -36.04629, -38.86628, -36.97310, -32.55706, -32.92290
-28.77812, -40.64942, -24.08834, -46.93996, -28.35013, -48.86437, -37.11475, -20.94407
-25.14850, -30.38579, -22.96220, -41.75205, -38.58256, -41.29220, -46.15637, -27.51203
-31.50086, -41.52653, -28.22029, -42.74904, -29.52070, -57.67858, -37.45254, -24.01694
-28.57932, -40.18835, -24.48655, -42.53093, -29.46214, -36.90737, -36.03316, -22.70079
-29.14923, -40.99763, -27.20778, -49.23540, -38.82192, -47.69049, -46.33285, -28.12103
-25.48205, -30.21957, -21.95961, -37.07990, -39.91362, -36.92781, -34.01334, -30.58115
-28.11574, -32.75759, -23.74367, -35.65763, -41.76508, -42.76626, -32.73675, -27.84363
-27.99965, -40.12826, -23.52296, -44.89899, -27.90063, -46.92477, -34.23071, -20.01896
-26.47044, -35.29094, -23.87222, -49.36560, -35.99789, -44.43114, -41.11547, -24.12430
-27.69556, -38.14233, -26.26966, -46.80527, -44.15699, -46.77312, -46.32507, -27.39171
-24.70547, -30.98904, -22.60743, -44.74293, -32.68610, -43.47227, -43.47557, -25.95603
-30.45662, -41.73940, -25.13997, -52.19600, -30.36589, -38.81793, -32.92655, -21.54424
-30.43248, -40.21374, -27.01767, -42.24394, -28.98427, -56.61706, -39.96461, -24.86014
-26.10853, -29.95563, -22.96047, -41.36975, -30.95995, -40.85133, -36.11804, -26.26065
-25.52132, -31.70986, -21.92632, -37.66324, -37.98838, -37.34361, -38.57897, -29.67174
-28.96957, -37.33855, -24.38082, -45.58177, -29.15233, -50.01654, -32.77645, -21.78340
-28.48650, -42.67011, -25.37396, -44.31050, -31.10054, -44.26681, -35.44742, -21.57773
-24.74353, -29.55464, -22.65986, -43.34627, -30.89835, -44.50151, -40.11258, -24.99749
-31.78977, -42.71406, -27.53682, -39.81699, -27.87274, -46.80184, -32.53394, -24.61806
-34.72569, -45.33025, -29.29552, -41.08207, -27.91657, -43.12308, -33.02783, -24.23450
-24.36426, -28.79502, -22.19406, -40.20247, -31.37074, -36.84462, -48.71136, -25.88778
-25.27540, -29.77813, -22.43299, -39.44141, -47.20344, -43.63566, -31.69652, -30.36941
-25.02972, -29.94892, -22.32854, -38.93291, -42.46351, -46.45242, -33.67583, -29.18872
-26.61427, -30.62764, -23.42525, -42.98373, -32.42148, -48.27505, -33.94368, -25.41765
-29.10060, -37.90380, -26.49269, -44.85657, -37.94075, -45.39427, -43.74407, -27.54298
-27.51430, -39.87273, -25.53075, -57.72655, -38.29406, -54.60462, -37.65978, -27.35637
-28.66526, -32.02159, -23.63100, -33.82873, -40.06813, -40.40299, -34.50828, -27.37327
-27.93039, -38.22369, -24.39308, -41.75790, -28.93434, -39.12007, -38.88534, -22.68266
-29.83578, -41.93783, -26.79018, -48.53224, -36.31313, -58.22894, -43.93140, -26.09624
-24.70556, -30.40579, -21.29396, -35.73635, -46.82307, -35.93375, -40.41148, -32.01736
-33.52211, -41.77983, -28.86634, -44.45941, -30.12124, -48.04947, -31.85869, -24.81789
-27.74884, -39.67774, -24.14355, -50.22585, -31.82874, -43.27480, -39.77713, -22.89723
-29.50998, -41.13061, -25.20881, -43.45873, -28.08632, -42.11180, -29.96672, -20.54179
-26.62167, -30.30903, -23.14616, -43.39026, -30.68473, -48.46691, -33.70060, -25.29436
-30.73532, -40.92572, -24.99943, -48.88591, -29.82431, -39.36826, -27.88285, -21.60624
-28.36502, -40.50134, -24.00396, -46.52554, -29.90145, -47.75596, -35.89157, -21.22874
-24.93803, -29.21918, -21.75076, -36.99035, -40.06563, -40.96800, -34.18894, -24.73147
-27.28145, -41.17538, -24.00804, -45.13953, -28.53716, -53.50159, -41.29206, -20.52141
-32.49809, -43.48771, -28.47438, -42.69503, -29.73477, -47.42363, -32.04534, -24.19834
-28.22737, -41.74508, -25.55146, -41.76452, -30.52087, -39.71280, -40.27617, -22.42606
-25.47356, -30.47771, -23.08421, -40.04460, -40.75800, -50.41001, -32.59047, -29.09817
-27.95848, -32.06093, -24.07429, -35.82294, -42.54438, -39.38190, -34.05557, -28.83858
-29.52630, -41.68151, -25.00992, -43.34633, -26.97123, -41.18114, -32.48374, -20.12408
-26.12024, -30.89687, -23.47426, -38.68063, -44.64694, -43.47697, -34.27623, -28.35792
-30.04696, -42.13264, -25.32700, -50.48070, -30.01934, -39.41770, -31.44291, -20.93248
-24.71519, -28.85041, -21.88696, -40.98084, -29.28964, -40.24676, -39.95819, -24.08044
-26.46809, -30.38471, -22.63206, -39.99874, -28.45202, -40.29781, -34.22917, -23.76376
-27.30397, -39.80488, -24.69748, -40.41915, -30.17485, -38.50046, -37.56449, -21.80815
-25.97480, -30.80113, -23.15373, -37.99406, -48.51125, -42.83659, -34.32361, -27.42488
-24.92459, -29.55613, -23.01685, -41.34888, -34.60923, -39.27891, -44.53918, -26.18145
-30.53910, -41.10335, -24.77004, -47.45647, -28.31691, -41.09378, -30.17991, -20.73382
-25.12331, -31.36650, -22.60981, -40.35586, -41.30935, -52.30407, -36.32858, -28.59672
-29.09494, -37.91994, -27.27985, -45.37341, -42.64822, -43.88860, -40.94173, -29.54457
-28.28041, -37.61811, -26.27289, -42.27467, -41.89326, -41.87345, -49.15071, -28.85780
-27.30616, -31.95804, -23.44029, -34.33362, -36.16969, -40.11065, -35.22405, -29.27308
-28.02525, -41.13692, -27.52222, -53.20615, -52.08882, -47.36462, -38.06749, -30.32436
-28.18121, -41.24714, -24.21735, -45.76970, -29.23442, -41.62692, -36.04666, -21.04291
-25.03910, -29.25260, -22.35878, -37.09364, -43.67009, -40.45508, -34.53027, -30.08159
-24.30226, -29.29144, -22.26565, -38.25324, -35.94692, -43.52009, -36.85764, -29.51394
-27.53937, -40.83581, -24.02356, -42.94599, -30.31157, -38.10632, -39.03332, -22.92933
-27.90800, -40.11499, -23.75761, -46.08738, -28.48133, -45.13397, -35.33206, -20.88592
-28.64864, -38.77674, -25.10523, -47.55994, -31.64388, -42.73133, -40.61249, -24.06189
-31.33134, -45.02400, -28.02859, -40.09466, -28.76866, -50.78629, -36.64392, -24.69995
-28.11073, -33.19271, -24.21268, -35.40050, -39.20849, -40.59559, -35.14129, -27.98144
-25.30334, -30.78624, -23.03418, -44.57314, -34.65687, -47.25312, -40.41516, -25.99293
-25.81510, -30.74644, -23.24068, -40.68561, -54.43664, -46.82206, -33.01200, -28.41293
-29.30858, -41.57623, -24.67007, -49.40817, -28.44034, -41.11012, -35.72312, -20.33743
-29.03389, -41.36114, -25.10022, -45.10773, -28.84828, -42.62244, -33.36345, -21.19913
-25.90657, -29.73888, -22.63387, -39.83232, -31.25152, -39.53966, -38.59986, -25.77369
-24.38566, -29.93206, -21.95398, -37.99005, -37.48762, -42.90983, -41.26541, -30.46243
-27.19967, -37.78543, -23.36437, -45.62888, -29.56706, -41.90953, -41.47643, -22.20002
-26.70158, -30.82196, -21.96636, -35.62958, -38.16469, -36.62626, -30.43558, -32.78229
-27.80694, -30.70208, -23.29759, -33.79470, -39.55104, -37.34884, -32.14497, -27.12776
-29.59939, -33.10534, -24.98224, -35.82030, -39.17906, -40.35669, -31.26660, -27.13624
-26.20863, -31.22887, -23.80835, -42.41915, -31.60600, -41.38905, -36.85250, -25.27932
-29.00167, -31.15214, -23.99026, -33.41621, -40.21822, -38.77180, -30.56763, -29.53283
-27.38225, -39.16469, -23.61264, -45.23871, -29.39330, -49.30602, -38.99068, -20.13271
-25.80476, -32.59149, -21.95422, -37.78666, -49.96752, -41.46152, -37.55279, -31.53698
-25.46689, -31.60339, -22.09925, -37.63738, -48.16238, -39.61236, -42.48117, -30.78119
-24.92745, -29.40006, -22.62380, -37.97419, -37.80875, -44.88034, -36.35437, -28.41900
-25.72067, -30.12388, -21.71279, -35.76780, -38.44298, -36.06771, -31.63077, -30.21700
-27.59339, -30.15993, -23.21917, -32.72037, -39.32417, -37.07268, -32.63840, -29.59960
-33.50713, -43.93264, -28.44135, -41.14228, -27.27304, -46.14091, -34.07710, -23.90704
-24.99686, -31.75810, -22.17796, -38.01073, -40.00619, -35.60461, -47.72182, -29.97154
-27.20151, -31.08546, -23.00214, -34.91969, -41.80809, -39.59674, -34.92445, -27.54609
-26.11247, -30.27417, -23.35658, -41.81853, -30.80861, -40.32505, -39.24299, -25.67230
-24.63442, -29.69471, -22.28735, -40.97280, -35.69795, -40.02413, -46.71633, -26.67642
-28.70523, -32.11866, -24.36738, -34.89148, -40.35887, -39.54537, -33.10819, -31.25901
-24.42611, -32.04932, -21.58540, -37.43933, -46.18184, -36.66805, -51.41376, -31.47062
-25.40447, -30.56840, -22.97732, -42.38544, -31.57367, -40.60731, -44.44838, -25.44673
-24.88872, -30.61105, -22.42683, -40.18224, -70.82033, -45.33847, -39.62226, -26.57290
-29.73560, -31.42264, -24.17906, -32.92600, -40.29967, -39.23338, -31.27542, -30.43568
-24.92277, -29.92896, -22.24834, -43.96322, -31.18835, -45.58355, -40.06007, -25.19817
-27.75825, -31.15248, -23.67285, -34.71934, -39.99408, -40.85107, -32.18864, -28.59267
-25.32094, -31.14047, -22.76027, -42.98173, -45.83914, -52.11306, -31.90832, -28.50761
-27.53692, -38.31150, -23.39946, -47.92085, -28.65780, -44.31073, -37.25966, -20.57461
-26.29829, -30.95510, -22.17851, -37.11924, -42.24189, -38.63317, -33.66759, -32.83648
-24.64682, -30.53075, -21.56469, -37.50471, -42.34000, -35.89141, -43.45918, -32.13124
-28.44109, -38.25412, -26.61795, -45.17761, -43.97906, -46.90193, -44.21833, -28.00148
-28.27138, -41.95636, -27.59907, -49.23283, -41.82959, -45.33100, -37.46683, -27.10340
-28.00944, -39.97449, -26.51394, -50.11988, -40.63661, -51.49845, -41.08006, -25.77445
-29.67841, -40.77748, -24.25339, -50.09882, -28.53680, -38.96628, -32.21316, -20.51019
-27.02475, -37.68549, -22.93089, -55.14945, -30.76080, -40.78204, -37.73223, -22.96212
-27.85142, -41.38226, -24.53675, -45.95099, -30.08504, -43.75804, -38.20887, -20.78588
-24.67812, -29.77696, -21.54697, -40.17267, -32.60134, -41.36120, -41.83352, -25.49019
-27.63029, -38.39791, -24.16642, -45.40842, -30.70688, -39.75833, -39.70978, -23.29711
-25.86043, -30.81149, -21.70639, -36.35374, -39.85079, -37.47388, -32.62480, -31.28396
-30.35515, -41.10157, -25.36822, -46.10436, -28.51442, -36.79560, -32.34925, -20.70304
-25.86412, -32.35055, -22.68910, -40.91688, -47.00815, -73.19203, -33.04516, -28.53662
-25.68507, -30.94699, -23.39617, -44.78642, -32.42636, -44.15796, -42.91752, -25.98108
-29.89087, -39.93519, -25.38480, -43.11679, -28.76240, -42.14886, -33.60047, -22.62702
-25.85198, -30.30709, -23.41935, -41.84012, -45.89642, -49.94573, -30.50628, -29.24762
-26.20580, -38.57182, -26.25950, -49.53619, -45.51344, -42.21624, -33.48790, -28.06676
-25.07877, -31.56789, -21.71610, -38.39937, -47.47163, -39.83516, -49.48399, -31.76648
-29.28832, -39.73406, -26.37124, -45.80758, -41.23631, -53.39331, -41.63428, -27.95916
-29.60675, -40.06674, -24.74894, -45.90070, -29.92403, -45.09509, -29.93195, -21.41674
-29.76370, -40.60431, -24.20621, -46.23262, -26.69129, -41.83893, -31.27709, -20.10004
-25.08672, -29.41596, -21.91185, -38.27348, -50.65417, -44.45396, -31.36377, -28.60419
-31.58637, -41.77630, -27.21562, -42.64819, -29.53903, -47.70877, -33.15049, -25.04700
-29.00633, -39.58893, -24.48898, -45.67576, -28.52609, -39.53756, -37.45713, -22.59879
-25.40217, -30.88523, -21.71688, -37.85140, -35.42262, -37.47044, -36.18280, -28.93393
-25.16781, -30.42325, -22.13915, -37.79404, -43.14949, -37.24381, -43.66552, -30.88836
-27.56717, -30.85138, -23.70422, -33.50201, -38.32883, -36.90701, -35.81607, -28.91702
-27.39327, -38.67298, -23.42927, -46.32241, -29.25596, -47.28654, -38.27843, -20.62162
-28.09666, -39.77810, -26.94416, -46.73109, -44.55908, -43.83194, -47.19765, -30.25198
-25.46064, -30.69821, -22.19574, -38.85822, -46.49701, -51.52901, -33.28991, -28.88856
-24.82118, -31.27885, -21.85609, -37.57332, -46.76878, -37.69999, -46.54107, -29.55908
-24.77064, -31.54217, -21.70688, -38.60351, -36.69191, -36.62755, -43.65143, -28.68062
-29.35531, -44.43331, -28.12806, -54.28090, -44.15605, -53.55977, -43.08332, -28.20967
-28.81323, -41.21557, -27.03603, -51.09933, -42.60661, -55.74009, -46.34819, -27.74148
-28.18823, -32.16242, -24.05606, -34.66751, -39.69857, -39.16025, -33.43610, -27.29595
-31.59160, -40.13025, -26.35689, -44.23487, -29.11237, -49.72542, -33.00011, -25.23353
-24.55183, -29.67016, -22.25380, -39.51335, -49.73051, -43.04937, -37.18918, -27.79690
-28.02077, -32.55460, -23.54543, -34.27571, -40.04282, -40.19471, -32.69234, -29.37813
