0.642486,0.729996,0.138830,0.112240,0.258760,0.741512,0.264219,0.421481
0.395917,0.638932,0.063571,0.298665,0.286310,0.080041,0.208944,0.376134
0.339875,0.595702,0.161402,0.391840,0.259610,0.239467,0.310026,0.376163
0.772293,0.517759,0.554590,0.349234,0.553472,0.743280,0.367626,0.602236
0.353013,0.284372,0.206863,0.603846,0.386912,0.340314,0.431329,0.170425
0.791075,0.695327,0.166164,0.168503,0.243176,0.728267,0.199467,0.404434
0.657153,0.808131,0.124801,0.256326,0.165570,0.724391,0.289177,0.352998
0.670843,0.406304,0.565831,0.472737,0.564919,0.704368,0.063396,0.707462
0.610314,0.709904,0.187955,0.184012,0.362003,0.660757,0.206253,0.487853
0.402652,0.613869,0.354731,0.645471,0.351060,0.788041,0.171165,0.553966
0.501071,0.548544,0.196717,0.322717,0.258406,0.433348,0.231389,0.340679
0.473483,0.662353,0.196044,0.320553,0.294735,0.137729,0.340540,0.431639
0.481242,0.486894,0.538294,0.646355,0.282969,0.596975,0.118777,0.599560
0.326622,0.310485,0.493280,0.553427,0.069223,0.498366,0.611898,0.449520
0.778564,0.700673,0.273840,0.246596,0.231728,0.607363,0.114569,0.512052
0.642624,0.227176,0.599905,0.582124,0.240169,0.336136,0.586417,0.462270
0.521058,0.140233,0.524440,0.583005,0.302878,0.418630,0.553597,0.420661
0.433952,0.448097,0.453261,0.506467,0.322976,0.677488,0.249284,0.503469
0.390244,0.408292,0.430072,0.509682,0.293444,0.742784,0.096784,0.632384
0.746616,0.477064,0.611765,0.440609,0.560646,0.756097,0.151910,0.532834
0.370403,0.292448,0.203279,0.640633,0.388491,0.215785,0.536028,0.289678
0.328396,0.202698,0.269515,0.587271,0.302240,0.367621,0.431105,0.048203
0.816230,0.683793,0.241817,0.727702,0.239699,0.575769,0.706090,0.400311
0.672774,0.708701,0.240155,0.207354,0.149997,0.701650,0.291256,0.483157
0.426271,0.673694,0.064955,0.312136,0.244670,0.174046,0.311070,0.377487
0.749098,0.642375,0.640555,0.361111,0.608490,0.611039,0.218923,0.644786
0.862886,0.656158,0.333509,0.642208,0.120004,0.435967,0.579387,0.363696
0.522933,0.682833,0.217375,0.464013,0.279500,0.213768,0.308017,0.260131
0.542184,0.494389,0.259755,0.250571,0.638446,0.763013,0.264759,0.578596
0.279602,0.138390,0.173886,0.633895,0.365824,0.285205,0.466417,0.215284
0.683582,0.629709,0.383127,0.658746,0.172563,0.438135,0.823494,0.430233
0.354486,0.305526,0.117790,0.548409,0.311961,0.343814,0.411572,0.267501
0.816467,0.431051,0.513371,0.270584,0.574740,0.645541,0.285376,0.656222
0.656316,0.264591,0.594496,0.561405,0.117476,0.513093,0.658416,0.387909
0.485822,0.273143,0.577522,0.654644,0.214940,0.406153,0.581232,0.379053
0.553612,0.309086,0.617460,0.657560,0.154505,0.418534,0.563341,0.352180
0.727348,0.634779,0.336771,0.690391,0.420144,0.440532,0.797580,0.418583
0.377276,0.216713,0.108449,0.485812,0.321099,0.210074,0.392598,0.107326
0.393746,0.484439,0.214244,0.442950,0.596654,0.780386,0.337458,0.583117
0.327607,0.556467,0.108084,0.388234,0.288352,0.313835,0.318346,0.293010
0.541628,0.191459,0.396772,0.529044,0.260655,0.414942,0.656876,0.521848
0.756582,0.544537,0.531508,0.487133,0.605378,0.712747,0.242180,0.649971
0.399172,0.518223,0.125056,0.206671,0.251371,0.226453,0.295922,0.470591
0.390751,0.224652,0.140699,0.518300,0.329584,0.261974,0.466663,0.199481
0.849340,0.694201,0.177903,0.206597,0.341271,0.651327,0.206194,0.538522
0.258674,0.497686,0.173300,0.359795,0.284293,0.224178,0.373771,0.475432
0.747702,0.717207,0.367359,0.677719,0.227550,0.451741,0.769576,0.331431
0.404102,0.540540,0.391191,0.278461,0.801388,0.727136,0.336586,0.670712
0.357146,0.422521,0.423482,0.595896,0.312851,0.785762,0.042974,0.585924
0.238555,0.253279,0.200002,0.586804,0.321338,0.283471,0.459544,0.111438
0.445013,0.154391,0.455607,0.554967,0.155386,0.332000,0.600598,0.373647
0.377484,0.681255,0.123262,0.415769,0.282005,0.206586,0.279290,0.403949
0.238459,0.529464,0.407318,0.560375,0.270236,0.738121,0.172865,0.727900
0.586955,0.174484,0.503643,0.678041,0.238329,0.374597,0.491614,0.489479
0.391164,0.619143,0.145252,0.342095,0.316824,0.296125,0.204371,0.348577
0.734106,0.616399,0.368420,0.621701,0.205209,0.464832,0.800168,0.342556
0.389045,0.380978,0.282173,0.257290,0.639150,0.758688,0.303514,0.622803
0.465668,0.529995,0.267386,0.340348,0.615395,0.666114,0.394301,0.610353
0.373066,0.174956,0.276185,0.608271,0.285162,0.395787,0.469220,0.231894
0.846218,0.650377,0.275411,0.702194,0.267571,0.408265,0.721940,0.429748
1.000000,0.613805,0.238685,0.664454,0.279278,0.369524,0.705336,0.329290
0.492728,0.554686,0.213585,0.288478,0.637605,0.639770,0.367696,0.685761
0.456894,0.430647,0.435271,0.517388,0.367502,0.707782,0.272116,0.573639
0.343897,0.207568,0.168359,0.641308,0.238756,0.270907,0.375334,0.186855
0.736302,0.640508,0.258643,0.674124,0.258794,0.450919,0.651349,0.319483
0.393483,0.473176,0.434886,0.568882,0.491102,0.643394,0.186276,0.550397
0.252569,0.173489,0.212950,0.695721,0.430796,0.258855,0.525691,0.240879
0.431279,0.530401,0.393101,0.565893,0.247965,0.669914,0.296310,0.628614
0.566128,0.317517,0.505430,0.547080,0.161851,0.380100,0.616812,0.506728
0.716437,0.779731,0.209021,0.127190,0.253133,0.641103,0.285326,0.492018
0.659248,0.663389,0.171290,0.216433,0.309558,0.806397,0.233035,0.443122
0.328760,0.272210,0.265993,0.606119,0.327084,0.327035,0.501231,0.160536
0.472788,0.636083,0.221744,0.293943,0.556089,0.723530,0.454530,0.719486
0.687355,0.575324,0.287287,0.643391,0.259564,0.445286,0.688992,0.415095
0.320001,0.263986,0.223257,0.567671,0.327025,0.354278,0.447634,0.306226
0.478041,0.366396,0.379286,0.538272,0.218296,0.466931,0.548086,0.476012
0.422607,0.223310,0.170574,0.592045,0.355807,0.359183,0.394588,0.263744
0.327982,0.133731,0.119308,0.662107,0.299704,0.265369,0.406905,0.273730
0.410142,0.604429,0.216119,0.397062,0.286347,0.228025,0.282820,0.415772
0.407985,0.561457,0.278194,0.433830,0.593770,0.886555,0.383332,0.643502
0.801673,0.575139,0.342589,0.611518,0.188926,0.349505,0.758400,0.305343
0.468090,0.516701,0.094631,0.395508,0.250912,0.205189,0.266778,0.408502
0.423934,0.410740,0.320661,0.253598,0.701312,0.757878,0.352674,0.509605
0.327870,0.460378,0.371466,0.560402,0.340577,0.589323,0.051628,0.700775
0.618503,0.736654,0.179715,0.199341,0.192157,0.604194,0.257395,0.432608
0.775962,0.325238,0.577426,0.393119,0.531590,0.741195,0.227520,0.673181
0.374025,0.484928,0.556985,0.611839,0.363481,0.736386,0.216544,0.495628
0.398944,0.514805,0.195891,0.220656,0.774094,0.883124,0.375649,0.645313
0.549626,0.552791,0.276846,0.319501,0.655567,0.767230,0.358396,0.562185
0.350761,0.528600,0.155852,0.349194,0.640816,0.739270,0.374865,0.586034
0.362101,0.457460,0.288540,0.318826,0.652136,0.774096,0.376652,0.641245
0.592281,0.388589,0.623428,0.635502,0.193811,0.511922,0.566416,0.349436
0.740701,0.595007,0.553597,0.387561,0.510469,0.743701,0.250675,0.616474
0.422481,0.699937,0.267186,0.365089,0.097679,0.243395,0.196298,0.346037
0.407513,0.711305,0.138619,0.303566,0.381386,0.222772,0.248112,0.399058
0.757104,0.760578,0.251829,0.111331,0.239123,0.725443,0.309865,0.365229
0.420658,0.573372,0.171120,0.385932,0.251059,0.226446,0.268592,0.434286
0.447521,0.439946,0.250009,0.304143,0.675488,0.893139,0.379069,0.510006
0.291369,0.207516,0.156725,0.608400,0.418629,0.339170,0.526811,0.089129
0.606944,0.673189,0.277363,0.104312,0.274600,0.678023,0.086144,0.371150
0.395316,0.565185,0.064407,0.413476,0.114573,0.113551,0.260781,0.453819
0.539018,0.521390,0.355372,0.659534,0.283677,0.678640,0.196381,0.586854
0.456911,0.303128,0.518457,0.640513,0.187733,0.475981,0.600457,0.512994
0.247367,0.502028,0.208641,0.242111,0.518345,0.673863,0.332156,0.681740
0.279013,0.569848,0.335261,0.590796,0.318728,0.669419,0.251416,0.494277
0.457233,0.623065,0.150357,0.328164,0.259343,0.228919,0.349960,0.398802
0.723773,0.448110,0.664616,0.367019,0.493723,0.662582,0.183671,0.667329
0.363751,0.267525,0.183634,0.519997,0.224636,0.303313,0.519280,0.162506
0.760003,0.502176,0.516667,0.409499,0.534776,0.614104,0.244288,0.614932
0.234537,0.290006,0.180985,0.564023,0.290431,0.333688,0.553940,0.219028
0.782961,0.634793,0.433983,0.609440,0.265877,0.497554,0.691499,0.469693
0.357570,0.557729,0.334333,0.532596,0.203507,0.683140,0.131770,0.557103
0.438974,0.595377,0.154442,0.334064,0.279713,0.211078,0.166569,0.365659
0.372490,0.687025,0.158275,0.440593,0.223594,0.221064,0.193927,0.458404
0.444365,0.559852,0.496439,0.526824,0.234876,0.765468,0.237494,0.451957
0.724982,0.460484,0.503633,0.279901,0.618458,0.567580,0.109405,0.669768
0.475991,0.235279,0.540257,0.722155,0.224147,0.358509,0.698492,0.514412
0.453807,0.485714,0.440392,0.665410,0.221310,0.663210,0.183981,0.615066
0.522240,0.319991,0.470803,0.575202,0.216915,0.456635,0.538660,0.507922
0.309755,0.112504,0.172995,0.540602,0.274235,0.355901,0.518902,0.172627
0.632937,0.379243,0.519280,0.625128,0.149784,0.418282,0.596275,0.398011
0.404645,0.210627,0.106491,0.642431,0.386283,0.191435,0.414089,0.253513
0.471378,0.518333,0.370157,0.587960,0.199954,0.638109,0.168513,0.616308
0.329787,0.257843,0.161754,0.656430,0.223228,0.313251,0.491593,0.211150
0.666561,0.681070,0.188302,0.185680,0.237398,0.668552,0.217082,0.413856
0.734019,0.685775,0.123816,0.224691,0.191682,0.737320,0.179731,0.469411
0.368960,0.659680,0.263752,0.366424,0.214514,0.187018,0.208657,0.422799
0.692385,0.627111,0.341162,0.558302,0.209096,0.453156,0.705071,0.439560
0.206221,0.260850,0.139520,0.599704,0.376399,0.257721,0.532897,0.201643
0.662893,0.643792,0.280678,0.715304,0.178363,0.454285,0.719048,0.382942
0.808859,0.628216,0.176257,0.155431,0.204015,0.554593,0.164859,0.355020
0.768990,0.465444,0.673161,0.307454,0.678437,0.550581,0.135599,0.576725
0.312092,0.135297,0.242665,0.636971,0.203706,0.351294,0.451142,0.243890
0.602418,0.299628,0.647725,0.521630,0.273707,0.515936,0.569798,0.417224
0.458751,0.463544,0.279577,0.229810,0.656205,0.764710,0.416977,0.634608
0.640387,0.708623,0.126809,0.266687,0.336113,0.756716,0.151235,0.502419
0.444201,0.602275,0.347396,0.554539,0.241439,0.643027,0.195215,0.610878
0.465607,0.228640,0.488887,0.639063,0.283825,0.458681,0.679044,0.413458
0.757792,0.617291,0.386937,0.810525,0.260728,0.551459,0.814475,0.347434
0.785794,0.715097,0.317380,0.250866,0.315805,0.676059,0.271762,0.352717
0.622209,0.182207,0.493802,0.588747,0.208746,0.471920,0.578541,0.463195
0.568348,0.193165,0.584367,0.631153,0.184173,0.375511,0.531606,0.445761
0.384308,0.645421,0.267524,0.362568,0.263939,0.146909,0.321177,0.329999
0.483180,0.411448,0.170334,0.344125,0.729180,0.746803,0.371443,0.590504
0.767512,0.569500,0.612089,0.361041,0.507388,0.637173,0.107764,0.620283
0.469168,0.375336,0.430185,0.568658,0.266062,0.626075,0.052104,0.538517
0.646337,0.533361,0.610443,0.333458,0.605222,0.615918,0.353439,0.783768
0.357743,0.506724,0.398624,0.653478,0.361860,0.679647,0.077180,0.591127
0.651957,0.539789,0.641836,0.321527,0.650224,0.685604,0.234713,0.633080
0.500502,0.231946,0.485714,0.697608,0.194833,0.351521,0.619160,0.347799
0.705376,0.753161,0.237301,0.135973,0.341218,0.716443,0.209368,0.415184
0.407298,0.362369,0.145141,0.583754,0.196475,0.334933,0.430994,0.192361
0.781606,0.464875,0.631176,0.345916,0.512002,0.695801,0.276354,0.548687
0.903191,0.748275,0.249451,0.236043,0.251930,0.714577,0.182001,0.458560
0.428388,0.515698,0.211516,0.326967,0.261707,0.294349,0.295714,0.393593
0.754618,0.644599,0.288795,0.703395,0.211468,0.432740,0.708952,0.299383
0.740364,0.534789,0.582558,0.276967,0.538004,0.790098,0.267626,0.621669
0.688380,0.748750,0.106142,0.106585,0.314861,0.682370,0.303086,0.341562
0.453951,0.230163,0.554895,0.607625,0.366809,0.466993,0.556928,0.417994
0.844309,0.592817,0.409534,0.736279,0.194177,0.391170,0.677108,0.382290
0.298652,0.574071,0.215054,0.452160,0.270749,0.321674,0.303574,0.389162
0.638754,0.503329,0.584624,0.367516,0.515375,0.710823,0.250056,0.591577
0.723791,0.588942,0.267339,0.218300,0.330507,0.667872,0.126186,0.404035
0.403614,0.379416,0.200382,0.312148,0.707532,0.700750,0.366023,0.576737
0.811277,0.426192,0.675108,0.388187,0.554573,0.681055,0.134141,0.668429
0.680330,0.523420,0.536412,0.292577,0.594888,0.797424,0.197464,0.543152
0.767291,0.462513,0.580398,0.317815,0.673267,0.644978,0.203045,0.674642
0.746655,0.756126,0.323345,0.175682,0.309376,0.640042,0.239075,0.422494
0.285379,0.352426,0.191349,0.560121,0.319129,0.326056,0.566225,0.220532
0.404056,0.373238,0.450303,0.664197,0.213634,0.687692,0.156598,0.424857
0.454300,0.341384,0.441744,0.588683,0.250026,0.452212,0.541495,0.380918
0.740276,0.670077,0.238036,0.149993,0.267226,0.673113,0.325062,0.480101
0.459704,0.493530,0.192962,0.365090,0.119724,0.196415,0.276883,0.422815
0.727916,0.475106,0.608105,0.257592,0.654078,0.689996,0.246050,0.648807
0.457489,0.342726,0.279891,0.325346,0.675404,0.717872,0.434709,0.646304
0.848294,0.536574,0.659665,0.268623,0.594784,0.641743,0.163060,0.654486
0.341601,0.363048,0.459208,0.641520,0.255862,0.669629,0.239839,0.632845
0.893850,0.413274,0.584606,0.338765,0.584773,0.626941,0.156742,0.690726
0.793648,0.563910,0.614114,0.417809,0.614543,0.670372,0.218727,0.652546
0.299373,0.133422,0.156280,0.530341,0.260944,0.408719,0.535094,0.133342
0.675357,0.732134,0.194206,0.172777,0.271778,0.713600,0.271151,0.374379
0.441043,0.792560,0.230439,0.422162,0.333801,0.224419,0.359783,0.378693
0.307926,0.445126,0.398684,0.674981,0.459392,0.701984,0.198787,0.657601
0.827628,0.618561,0.351961,0.667767,0.248252,0.517433,0.776386,0.307167
0.456218,0.439899,0.403799,0.682871,0.347241,0.624649,0.245965,0.656452
0.871038,0.630226,0.383832,0.604524,0.217043,0.510651,0.815188,0.383827
0.356396,0.630502,0.043873,0.355892,0.278919,0.273026,0.221970,0.397157
0.729976,0.722178,0.328188,0.141744,0.250583,0.674786,0.142172,0.357145
0.362969,0.540664,0.282834,0.343813,0.624660,0.839783,0.286611,0.633885
0.723055,0.445771,0.658612,0.376508,0.503748,0.655656,0.247278,0.561193
0.770783,0.630564,0.294519,0.596198,0.249018,0.428816,0.759533,0.399933
0.548386,0.293919,0.538158,0.514448,0.126602,0.498262,0.504527,0.340383
0.460471,0.670350,0.117991,0.424622,0.238526,0.291435,0.305275,0.447175
0.441949,0.534389,0.244022,0.261891,0.678042,0.673675,0.439895,0.575285
0.739652,0.779763,0.175409,0.161185,0.208649,0.680275,0.290738,0.345083
0.821849,0.678784,0.452566,0.603045,0.185523,0.499634,0.767345,0.372436
0.487458,0.487274,0.376045,0.302027,0.774171,0.795195,0.421975,0.684167
0.475970,0.520036,0.345709,0.621127,0.309295,0.828655,0.225229,0.509207
0.225480,0.294898,0.171338,0.677534,0.314093,0.408617,0.513518,0.126215
0.398383,0.570967,0.188365,0.355120,0.231927,0.222161,0.239336,0.420735
0.695472,0.562447,0.643992,0.365324,0.560655,0.663134,0.227437,0.631123
0.464298,0.516180,0.272962,0.276439,0.679814,0.665885,0.397321,0.615808
0.887930,0.493582,0.585699,0.242298,0.610909,0.691304,0.156042,0.575075
0.359723,0.407586,0.148308,0.635641,0.329390,0.274197,0.590326,0.208631
0.409444,0.532202,0.432253,0.604588,0.389279,0.692491,0.088095,0.638986
0.803882,0.648755,0.255775,0.718317,0.353762,0.390851,0.678902,0.445994
0.312821,0.493693,0.411305,0.642588,0.400799,0.697381,0.179505,0.513732
0.762844,0.558776,0.543842,0.387563,0.649097,0.672336,0.204620,0.541036
0.509603,0.472353,0.305105,0.368032,0.678742,0.751709,0.296572,0.660608
0.485184,0.486161,0.450956,0.691635,0.408298,0.805977,0.187867,0.586107
0.432120,0.504184,0.401668,0.585104,0.277154,0.586073,0.085551,0.606674
0.398883,0.469115,0.242748,0.218121,0.588796,0.867369,0.496719,0.690776
0.441254,0.490703,0.289010,0.311982,0.547912,0.797698,0.332819,0.594090
0.656517,0.711570,0.268297,0.215019,0.208574,0.706692,0.371022,0.418149
0.368467,0.210028,0.140742,0.560084,0.316500,0.317583,0.501790,0.255952
0.282885,0.497730,0.355228,0.622490,0.402232,0.676850,0.272019,0.521833
0.680876,0.459767,0.505337,0.341593,0.571581,0.641434,0.329144,0.626959
0.755208,0.603624,0.349383,0.687064,0.210114,0.397714,0.730597,0.430643
0.310493,0.324260,0.099545,0.550576,0.322468,0.238134,0.388742,0.193810
0.627072,0.638098,0.288589,0.159475,0.272868,0.575790,0.300886,0.536811
0.670109,0.770955,0.046130,0.204701,0.278258,0.794325,0.240104,0.344208
0.536788,0.446907,0.225928,0.331937,0.719685,0.738751,0.407424,0.596863
0.396330,0.498645,0.433556,0.652813,0.324136,0.706249,0.184523,0.586267
0.737575,0.715943,0.203207,0.137629,0.239802,0.694754,0.255505,0.532884
0.531089,0.186360,0.520667,0.519792,0.330525,0.332887,0.616015,0.406119
0.282506,0.239559,0.094379,0.612195,0.277789,0.230488,0.372292,0.183228
0.303620,0.218190,0.307782,0.481688,0.266539,0.318727,0.561133,0.152059
0.725134,0.691256,0.221434,0.272832,0.223015,0.702145,0.123877,0.450487
0.699115,0.504454,0.604912,0.393158,0.626325,0.630088,0.218615,0.579876
0.677294,0.454958,0.585646,0.366949,0.614593,0.684022,0.194204,0.556733
0.784493,0.617849,0.253382,0.748859,0.198648,0.383810,0.735360,0.347815
0.344587,0.247512,0.107237,0.610458,0.328273,0.420328,0.458315,0.081798
0.440998,0.161622,0.176142,0.632957,0.259648,0.270366,0.480854,0.277824
0.426672,0.536405,0.066881,0.302811,0.204896,0.268315,0.258075,0.365481
0.411989,0.679119,0.263928,0.376912,0.237881,0.306840,0.305279,0.350997
0.400940,0.633032,0.496471,0.691093,0.263267,0.653209,0.112276,0.572611
0.459377,0.286134,0.558353,0.539572,0.269427,0.376873,0.561580,0.399455
0.430950,0.474157,0.192504,0.285722,0.642167,0.761717,0.472371,0.629673
0.474940,0.585032,0.276304,0.385469,0.386571,0.170494,0.168551,0.421779
0.251048,0.210091,0.250032,0.547094,0.268689,0.340982,0.357415,0.202304
0.394462,0.622331,0.186553,0.395511,0.346569,0.261534,0.315310,0.285621
0.820290,0.515707,0.571750,0.447443,0.567219,0.675567,0.035866,0.636564
0.506292,0.208473,0.508855,0.689773,0.227335,0.323552,0.603213,0.300552
0.462911,0.473767,0.252369,0.317283,0.643166,0.798011,0.229413,0.606525
0.322706,0.492467,0.423855,0.664176,0.175320,0.723706,0.171448,0.579883
0.332698,0.503810,0.192556,0.235205,0.655148,0.724731,0.360838,0.650280
0.519943,0.685958,0.144348,0.333704,0.319966,0.221960,0.268188,0.294035
0.282381,0.148997,0.209719,0.588000,0.240026,0.376745,0.263704,0.153528
0.370597,0.483225,0.391550,0.284838,0.648958,0.843818,0.388300,0.681184
0.691869,0.707901,0.172267,0.349131,0.246791,0.609947,0.227639,0.353727
0.739170,0.648713,0.355955,0.676976,0.170574,0.307100,0.722577,0.401588
0.730841,0.674724,0.514739,0.633387,0.133452,0.393303,0.743680,0.260076
0.476992,0.460959,0.282717,0.397616,0.668537,0.660415,0.395012,0.617107
0.372575,0.442274,0.213020,0.189106,0.558399,0.715626,0.285851,0.648850
0.835108,0.674404,0.300137,0.674540,0.235815,0.451784,0.683053,0.375021
0.792039,0.461274,0.670991,0.389477,0.616055,0.717247,0.129950,0.549543
0.810818,0.557692,0.576361,0.336912,0.626423,0.642875,0.202248,0.814786
0.538196,0.174643,0.486168,0.568469,0.236924,0.443940,0.588508,0.389293
0.615791,0.219617,0.525880,0.637587,0.254400,0.414364,0.527939,0.440974
0.726406,0.852367,0.326828,0.175432,0.241384,0.720511,0.224770,0.395384
0.523176,0.408856,0.467698,0.616258,0.220576,0.756425,0.110224,0.511807
0.379507,0.462197,0.336283,0.534398,0.304689,0.730371,0.199214,0.543811
0.889676,0.387151,0.569017,0.436051,0.646291,0.691749,0.333225,0.602205
0.722282,0.542660,0.589187,0.468902,0.521786,0.618572,0.169081,0.626793
0.715590,0.746539,0.175478,0.234382,0.383445,0.833874,0.231729,0.396511
0.790358,0.610171,0.263445,0.741312,0.190524,0.573033,0.735587,0.424304
0.826626,0.482429,0.531022,0.394508,0.628639,0.689370,0.205625,0.629867
0.315299,0.229803,0.205735,0.537696,0.350010,0.287213,0.430742,0.143842
0.419728,0.394040,0.500726,0.581487,0.202261,0.367314,0.577392,0.320404
0.552109,0.530636,0.210105,0.297453,0.578389,0.742457,0.291088,0.651829
0.372466,0.498139,0.351081,0.586741,0.276419,0.639966,0.063938,0.635560
0.751361,0.769799,0.260877,0.231722,0.260285,0.771802,0.150877,0.416071
0.426519,0.535972,0.132284,0.321209,0.667243,0.839069,0.307682,0.585475
0.406074,0.528110,0.181180,0.419811,0.316179,0.031502,0.177043,0.502187
0.444100,0.440231,0.463463,0.675313,0.319811,0.723978,0.151046,0.541640
0.843728,0.457889,0.587479,0.302018,0.597231,0.565464,0.163191,0.561169
0.456024,0.538543,0.358090,0.737037,0.290448,0.701408,0.253996,0.595953
0.854678,0.558700,0.604547,0.410297,0.490499,0.843140,0.271400,0.788945
0.452080,0.457519,0.445184,0.606392,0.240194,0.684245,0.198444,0.665348
0.419442,0.558501,0.379750,0.709605,0.373383,0.629639,0.241851,0.586679
0.433015,0.556322,0.409075,0.570381,0.252820,0.801830,0.241756,0.577185
0.462558,0.607580,0.116760,0.296226,0.244880,0.169762,0.295585,0.325760
0.342600,0.628404,0.168707,0.352133,0.244954,0.284825,0.338180,0.422473
0.369670,0.617474,0.188578,0.327955,0.290931,0.239038,0.298728,0.250581
0.299662,0.253628,0.169536,0.542962,0.299661,0.223706,0.569431,0.216076
0.733559,0.497215,0.510683,0.411675,0.648714,0.675085,0.157048,0.616902
0.724607,0.677644,0.207677,0.120769,0.320762,0.716177,0.217890,0.501058
0.412514,0.446973,0.413058,0.473581,0.306442,0.754491,0.145940,0.598262
0.728274,0.698024,0.338063,0.602461,0.217859,0.441009,0.827646,0.286851
0.836374,0.568668,0.555882,0.314218,0.384375,0.687656,0.247035,0.570404
0.242341,0.482852,0.412168,0.554108,0.298009,0.655111,0.257228,0.620762
0.451461,0.237992,0.402942,0.559509,0.229362,0.492359,0.697127,0.322280
0.756922,0.613458,0.370268,0.601605,0.274769,0.525957,0.738064,0.298511
0.309447,0.547936,0.262982,0.420912,0.696841,0.673470,0.279521,0.704618
0.470375,0.571546,0.092592,0.346100,0.325728,0.217728,0.386799,0.328940
0.509446,0.275362,0.535921,0.652283,0.386297,0.427552,0.621969,0.508827
0.785856,0.614402,0.349836,0.690770,0.221342,0.488128,0.653407,0.334955
0.823295,0.573356,0.385261,0.711090,0.330581,0.431861,0.708427,0.348183
0.736507,0.510474,0.437545,0.405328,0.543066,0.682241,0.116398,0.576896
0.693543,0.719245,0.124510,0.166343,0.224909,0.660169,0.238813,0.347838
0.385535,0.516476,0.173559,0.274824,0.608594,0.845023,0.386146,0.568097
0.760486,0.390157,0.528063,0.326429,0.644138,0.678760,0.295526,0.692796
0.369234,0.489946,0.411516,0.479631,0.280091,0.755953,0.227657,0.549788
0.462685,0.197508,0.458792,0.568067,0.169567,0.560675,0.653988,0.456115
0.800731,0.724457,0.216839,0.182941,0.251184,0.652019,0.201531,0.434007
0.888395,0.525124,0.267216,0.689134,0.400992,0.467925,0.794604,0.323877
0.386973,0.678026,0.618481,0.616332,0.199624,0.653412,0.215221,0.543770
0.682063,0.528725,0.335091,0.605585,0.210148,0.455431,0.762348,0.362702
0.344280,0.371031,0.473970,0.579320,0.237059,0.627725,0.143898,0.501715
0.277944,0.631150,0.138350,0.462337,0.210278,0.290642,0.121255,0.428001
0.829760,0.544592,0.582965,0.410335,0.578681,0.834672,0.170396,0.602707
0.419357,0.510084,0.231855,0.375781,0.251820,0.171140,0.357344,0.499816
0.380845,0.206586,0.157184,0.609034,0.376089,0.262014,0.352943,0.185663
0.325495,0.195952,0.274831,0.567685,0.261606,0.350864,0.456249,0.163298
0.305989,0.687800,0.263401,0.371363,0.178622,0.273243,0.266697,0.339605
0.401564,0.307663,0.172225,0.584225,0.240631,0.307651,0.366709,0.237456
0.689062,0.743151,0.297329,0.157404,0.261607,0.613791,0.254299,0.507834
0.870787,0.591365,0.364278,0.706544,0.253084,0.409482,0.753346,0.303740
0.324959,0.253483,0.215948,0.564526,0.274754,0.360084,0.431821,0.180964
0.484181,0.376581,0.325605,0.648229,0.360055,0.629785,0.117427,0.620793
0.788309,0.637671,0.295503,0.538895,0.377268,0.453059,0.667603,0.278390
0.643571,0.774179,0.259298,0.296673,0.345384,0.636602,0.227025,0.388393
0.442065,0.474749,0.466226,0.539145,0.302631,0.820638,0.270795,0.560858
0.273994,0.274146,0.175532,0.520903,0.332776,0.323686,0.436611,0.028566
0.756123,0.762489,0.145729,0.269246,0.308161,0.709075,0.231214,0.350898
0.404776,0.307278,0.577098,0.621023,0.301100,0.517221,0.633793,0.454423
0.325530,0.514396,0.198530,0.423531,0.352712,0.163645,0.213737,0.360292
0.396987,0.492109,0.332195,0.214619,0.624585,0.769310,0.352687,0.665376
0.685461,0.774010,0.320462,0.162788,0.210405,0.733859,0.218699,0.437108
0.391339,0.270246,0.502012,0.621564,0.166170,0.403801,0.638260,0.413341
0.643825,0.793262,0.179637,0.201766,0.194277,0.679607,0.289512,0.503298
0.392677,0.507961,0.256004,0.235259,0.631458,0.741076,0.396004,0.545063
0.399621,0.616935,0.232250,0.353434,0.202533,0.173959,0.239538,0.376409
0.445190,0.441822,0.412953,0.606046,0.217284,0.778412,0.329870,0.537700
0.520402,0.510471,0.423078,0.310657,0.672551,0.682390,0.373448,0.506981
0.398579,0.667826,0.160771,0.367088,0.303158,0.302418,0.310425,0.380875
0.369572,0.441932,0.418735,0.551040,0.416408,0.808599,0.162336,0.623892
0.338658,0.358320,0.243651,0.598816,0.357183,0.325538,0.406016,0.110898
0.464351,0.648693,0.077166,0.328677,0.294892,0.123744,0.283285,0.390531
0.375063,0.481322,0.395291,0.576250,0.299271,0.695225,0.221942,0.564260
0.317363,0.157603,0.281204,0.466419,0.270675,0.408502,0.543701,0.219654
0.316536,0.131366,0.113870,0.626991,0.267946,0.286886,0.456038,0.138462
0.306968,0.282101,0.227191,0.558592,0.234716,0.274706,0.569042,0.091071
0.440521,0.501783,0.109110,0.465662,0.831758,0.733476,0.409142,0.598861
0.288924,0.258972,0.192334,0.604272,0.283585,0.310904,0.577013,0.135303
0.756489,0.396858,0.604561,0.397315,0.593885,0.598552,0.236667,0.613748
0.791584,0.718387,0.303549,0.611581,0.302069,0.395638,0.746869,0.325035
0.413774,0.432033,0.423084,0.614241,0.361745,0.680165,0.183938,0.517590
0.373489,0.254462,0.260531,0.625292,0.242837,0.280614,0.353385,0.128397
0.604534,0.125072,0.383322,0.597223,0.276712,0.430347,0.626597,0.477146
0.342470,0.630308,0.193331,0.430887,0.246471,0.180973,0.313039,0.392239
0.653469,0.167902,0.495468,0.470658,0.239899,0.416410,0.598582,0.336758
0.390697,0.502635,0.250866,0.175226,0.756936,0.750066,0.359500,0.515933
0.542725,0.325949,0.555574,0.568360,0.282266,0.306275,0.549814,0.452181
0.508910,0.271662,0.536403,0.536364,0.347198,0.354447,0.664448,0.357984
0.461397,0.194962,0.467425,0.561370,0.256350,0.465429,0.623515,0.409145
0.800800,0.506825,0.358692,0.646609,0.091862,0.504680,0.677242,0.430219
0.785378,0.614089,0.343592,0.741281,0.113990,0.364608,0.718323,0.286851
0.328816,0.504505,0.422466,0.564701,0.319792,0.639502,0.273804,0.592317
0.519087,0.411204,0.286089,0.646856,0.308004,0.673985,0.205040,0.625156
0.797819,0.643795,0.332468,0.620036,0.254624,0.441059,0.777161,0.315466
0.429512,0.476569,0.386879,0.516835,0.331340,0.672291,0.246115,0.577954
0.895764,0.654128,0.381952,0.681034,0.205811,0.492678,0.690111,0.270987
0.719968,0.492951,0.580369,0.430557,0.565542,0.660650,0.170110,0.562329
0.355630,0.455086,0.408442,0.533356,0.304865,0.667773,0.248385,0.524999
0.525006,0.365810,0.590092,0.524600,0.254502,0.401986,0.584758,0.469128
0.460188,0.504922,0.240398,0.334726,0.642047,0.761759,0.270841,0.578521
0.366949,0.744947,0.223578,0.335169,0.197094,0.255680,0.331408,0.385830
0.381388,0.550418,0.268085,0.415492,0.695986,0.713573,0.265787,0.606295
0.456502,0.406260,0.428754,0.606050,0.310516,0.680140,0.184169,0.617115
0.292601,0.432819,0.245718,0.237129,0.579987,0.738991,0.396033,0.652629
0.757758,0.414422,0.435032,0.386521,0.603255,0.583832,0.150091,0.668041
0.746212,0.609010,0.313121,0.595732,0.186236,0.427462,0.734495,0.255328
0.332628,0.275313,0.231904,0.558840,0.304720,0.385066,0.502382,0.168231
0.820468,0.546574,0.410754,0.394976,0.561463,0.772005,0.118644,0.629363
0.743876,0.471511,0.580647,0.241180,0.550754,0.674539,0.130446,0.638154
0.489836,0.198793,0.449910,0.568228,0.347278,0.490223,0.515367,0.287819
0.745146,0.496915,0.588442,0.311321,0.622705,0.705878,0.185808,0.635157
0.718748,0.728111,0.186606,0.249840,0.287223,0.643289,0.181232,0.513729
0.382151,0.606665,0.315821,0.242401,0.670671,0.676327,0.363033,0.690208
0.624587,0.688874,0.232355,0.196246,0.314738,0.624294,0.286345,0.480145
0.517616,0.531723,0.386660,0.640761,0.388205,0.750622,0.133731,0.640734
0.661711,0.764873,0.293053,0.173811,0.279993,0.673887,0.135052,0.440327
0.598688,0.345696,0.542671,0.620036,0.248229,0.359677,0.586970,0.357823
0.725657,0.773130,0.134196,0.251758,0.305423,0.615572,0.219966,0.342691
0.460685,0.350991,0.527896,0.625303,0.272359,0.429331,0.610796,0.411930
0.371366,0.645506,0.173256,0.419293,0.343266,0.185814,0.285970,0.486937
0.436256,0.653302,0.142650,0.198575,0.318087,0.355724,0.305474,0.370997
0.528417,0.278172,0.454147,0.596309,0.283162,0.480556,0.595004,0.420938
0.659097,0.690556,0.215255,0.176713,0.205323,0.717371,0.246942,0.404643
0.484109,0.379737,0.493832,0.634926,0.289173,0.476912,0.611279,0.468443
0.383648,0.544573,0.365852,0.347057,0.804303,0.665994,0.288275,0.468979
0.789315,0.636671,0.544541,0.261522,0.610592,0.715239,0.153552,0.617177
0.247719,0.731505,0.184803,0.285207,0.381171,0.255939,0.304736,0.339413
0.849050,0.742561,0.409360,0.746924,0.182869,0.377841,0.789421,0.420291
0.671061,0.699194,0.334504,0.217203,0.275123,0.640319,0.192216,0.443815
0.438602,0.535330,0.424751,0.621871,0.299612,0.786645,0.202312,0.670140
0.307649,0.083278,0.233113,0.517829,0.266070,0.311869,0.351440,0.140815
0.773250,0.399317,0.617395,0.342582,0.603137,0.704605,0.224091,0.495895
0.321822,0.538544,0.159124,0.313812,0.667090,0.671029,0.384879,0.657421
0.526400,0.290369,0.538568,0.497770,0.127292,0.499121,0.668551,0.363838
0.752831,0.721113,0.247120,0.694504,0.229812,0.501494,0.687491,0.217561
0.450714,0.490274,0.193174,0.336081,0.674302,0.854399,0.274733,0.567103
0.407450,0.432537,0.401326,0.605627,0.279645,0.840744,0.194927,0.566817
0.362488,0.518355,0.336370,0.356938,0.728780,0.756503,0.430987,0.690232
0.736653,0.528719,0.602122,0.343938,0.496904,0.608293,0.160842,0.525149
0.834793,0.579087,0.594913,0.277367,0.580972,0.600263,0.147648,0.659144
0.746117,0.485217,0.460320,0.331250,0.549740,0.688970,0.178389,0.525831
0.446265,0.497113,0.234700,0.347828,0.308553,0.231275,0.327701,0.370886
0.439220,0.428780,0.449341,0.689644,0.234235,0.727719,0.226772,0.474181
0.291496,0.263548,0.109418,0.690181,0.273043,0.320804,0.481567,0.076324
0.374758,0.688841,0.193938,0.331725,0.283795,0.214735,0.348487,0.471944
0.467368,0.320345,0.693024,0.561632,0.275484,0.423961,0.539761,0.468828
0.390866,0.225619,0.196698,0.615001,0.296058,0.344592,0.377109,0.157355
0.587647,0.763995,0.258777,0.169537,0.201152,0.531832,0.219552,0.444039
0.777746,0.737012,0.134006,0.178901,0.276957,0.711853,0.293160,0.389697
0.330748,0.510768,0.386488,0.601711,0.270722,0.733654,0.219458,0.558006
0.699253,0.661216,0.163612,0.212945,0.374271,0.612181,0.260039,0.446822
0.426152,0.195849,0.193615,0.709192,0.226911,0.298510,0.551483,0.179294
0.793322,0.503631,0.540794,0.238597,0.648970,0.613244,0.209586,0.579888
0.590575,0.469459,0.246287,0.290321,0.683810,0.802143,0.254165,0.529109
0.387587,0.472398,0.326341,0.278924,0.637898,0.883204,0.368887,0.516402
0.538496,0.287478,0.625930,0.645643,0.238603,0.414784,0.562238,0.422399
0.853171,0.720039,0.333986,0.638228,0.253681,0.452786,0.773968,0.302234
0.383627,0.485012,0.272012,0.287291,0.574916,0.770288,0.362736,0.564802
0.457931,0.550121,0.172890,0.346968,0.241946,0.205671,0.290418,0.435360
0.815788,0.566936,0.265691,0.712485,0.211258,0.420578,0.785167,0.373062
0.763126,0.749980,0.151469,0.101966,0.322440,0.754528,0.200456,0.349585
0.434125,0.618185,0.120183,0.373828,0.260945,0.289827,0.352680,0.388776
0.522989,0.195425,0.615489,0.581720,0.266862,0.521821,0.624087,0.520853
0.521077,0.462335,0.239495,0.340885,0.615957,0.791886,0.349746,0.535852
0.426214,0.201008,0.120357,0.612182,0.351808,0.323824,0.448890,0.196259
0.837136,0.610063,0.362176,0.692659,0.229023,0.463642,0.749394,0.513753
0.752233,0.830095,0.186115,0.290178,0.352578,0.668791,0.213538,0.452940
0.409334,0.485586,0.383137,0.418478,0.721591,0.753443,0.315907,0.619116
0.561024,0.613689,0.180095,0.323003,0.264200,0.230532,0.261694,0.431031
0.345118,0.645076,0.211378,0.311445,0.285793,0.148135,0.327938,0.380139
0.627732,0.201893,0.451339,0.565904,0.314862,0.400804,0.569296,0.303271
0.380887,0.446510,0.481711,0.500950,0.344402,0.737962,0.214238,0.536819
0.722114,0.810545,0.216473,0.177592,0.266673,0.715160,0.219334,0.434762
0.279508,0.598054,0.292930,0.324600,0.646170,0.687477,0.350695,0.636685
0.686442,0.617404,0.293786,0.674855,0.201684,0.399777,0.712663,0.241439
0.793300,0.516308,0.581555,0.318579,0.649329,0.654587,0.185011,0.726239
0.511680,0.205059,0.435429,0.581079,0.203920,0.417346,0.599999,0.494298
0.300124,0.523384,0.190086,0.306997,0.285471,0.149971,0.230156,0.419273
0.191425,0.208933,0.077956,0.614766,0.355806,0.264623,0.471477,0.199604
0.349159,0.419649,0.494635,0.556819,0.282989,0.688396,0.118920,0.602961
0.403013,0.661086,0.181432,0.338254,0.123939,0.278487,0.246566,0.378357
0.608047,0.608503,0.179220,0.229857,0.255475,0.662598,0.281623,0.260714
0.790007,0.521616,0.457277,0.693774,0.267796,0.380319,0.748416,0.387738
0.407909,0.702382,0.107761,0.373306,0.306525,0.210738,0.364358,0.411394
0.407255,0.216936,0.140576,0.664944,0.377289,0.332591,0.466168,0.231993
0.769126,0.532641,0.557512,0.351157,0.581382,0.623417,0.131829,0.586895
0.493991,0.538746,0.184631,0.296323,0.222152,0.155674,0.278638,0.411144
0.722528,0.845040,0.226383,0.174189,0.356054,0.686069,0.130184,0.458476
0.733905,0.576032,0.418429,0.235146,0.575645,0.602348,0.198848,0.579914
0.515522,0.574725,0.099809,0.279281,0.346601,0.323554,0.256256,0.410744
0.364115,0.174509,0.222698,0.646998,0.259675,0.366451,0.508807,0.063003
0.697708,0.526618,0.542475,0.290759,0.629729,0.729169,0.208360,0.582547
0.378791,0.502003,0.410628,0.632699,0.354830,0.686282,0.000000,0.522196
0.364247,0.602656,0.193447,0.333662,0.177088,0.254232,0.216768,0.349364
0.705762,0.630633,0.184434,0.093530,0.293544,0.730271,0.196921,0.515600
0.507347,0.577904,0.210240,0.273207,0.218341,0.239445,0.413064,0.423847
0.784905,0.498582,0.518148,0.193962,0.523843,0.620445,0.189580,0.617328
0.426134,0.442986,0.257240,0.358577,0.714937,0.808831,0.386781,0.653084
0.833016,0.676526,0.534183,0.439365,0.594770,0.678714,0.248765,0.603989
0.679170,0.732903,0.314749,0.188713,0.266934,0.592461,0.194467,0.309991
0.533996,0.521730,0.240110,0.297091,0.729160,0.751933,0.299710,0.579279
0.702800,0.707639,0.235023,0.295664,0.305169,0.729538,0.237711,0.335767
0.308021,0.193056,0.238134,0.543806,0.290903,0.340558,0.429084,0.233249
0.427205,0.251570,0.250340,0.641078,0.299192,0.339715,0.511275,0.308823
0.464330,0.498715,0.261787,0.298360,0.616440,0.773957,0.371544,0.569481
0.758562,0.599970,0.440490,0.710015,0.186459,0.471243,0.711986,0.472530
0.330009,0.315387,0.187117,0.562098,0.264123,0.435362,0.419450,0.256250
0.383633,0.415560,0.441185,0.569564,0.242915,0.807775,0.182692,0.576447
0.628206,0.169043,0.473568,0.619763,0.271997,0.419724,0.619233,0.361978
0.748275,0.588127,0.399617,0.685591,0.211229,0.603768,0.715278,0.338252
0.589723,0.699216,0.209264,0.254263,0.301079,0.742390,0.092868,0.489578
0.508640,0.574080,0.173579,0.403784,0.273161,0.192856,0.297122,0.381477
0.525932,0.301701,0.545437,0.603630,0.271190,0.487960,0.699936,0.514483
0.401125,0.634856,0.108917,0.412670,0.229373,0.310305,0.244805,0.446913
0.315852,0.266931,0.043494,0.525124,0.324216,0.284437,0.380184,0.219747
0.753187,0.663880,0.340918,0.625716,0.189305,0.436987,0.684395,0.297219
0.767757,0.623285,0.195081,0.097581,0.257168,0.800190,0.269923,0.445391
0.550496,0.519095,0.110243,0.295428,0.235962,0.320571,0.278803,0.333948
0.825644,0.741824,0.349471,0.703953,0.092501,0.369943,0.746035,0.306501
0.528296,0.489542,0.502872,0.560743,0.257547,0.735504,0.109492,0.498571
0.663092,0.522762,0.686128,0.401999,0.534444,0.671649,0.177236,0.574584
0.409599,0.604096,0.360511,0.635930,0.290012,0.814471,0.149982,0.691389
0.350124,0.637292,0.122928,0.398414,0.283096,0.204484,0.282991,0.434406
0.453067,0.596593,0.302386,0.233533,0.600594,0.711323,0.302970,0.528605
0.773833,0.476875,0.599006,0.368199,0.524060,0.699011,0.193268,0.682324
0.859470,0.713505,0.330344,0.605653,0.245006,0.462396,0.778061,0.274437
0.722972,0.499961,0.561265,0.455686,0.680814,0.692686,0.075077,0.675908
0.427513,0.487154,0.478133,0.682361,0.347533,0.641612,0.225978,0.543637
0.569374,0.232192,0.511391,0.624610,0.259615,0.274084,0.573438,0.374101
0.403972,0.489524,0.305074,0.266090,0.643429,0.716239,0.334346,0.558501
0.491457,0.256378,0.603519,0.548757,0.248724,0.451277,0.539373,0.492734
0.389637,0.575714,0.209806,0.276668,0.696039,0.717418,0.435937,0.609426
0.687906,0.548524,0.297000,0.785956,0.320877,0.433398,0.751763,0.418874
0.820470,0.650694,0.338390,0.755557,0.260213,0.472455,0.610133,0.342582
0.779992,0.403269,0.512086,0.296697,0.586116,0.687986,0.096379,0.606286
0.566661,0.330132,0.479936,0.598009,0.219385,0.438349,0.617425,0.392145
0.443935,0.663711,0.154363,0.307873,0.186810,0.214666,0.313674,0.405774
0.842740,0.441490,0.694999,0.405502,0.615589,0.572005,0.049894,0.576367
0.274726,0.205562,0.094748,0.524545,0.255622,0.419515,0.486002,0.095586
0.397832,0.427130,0.199317,0.301741,0.650423,0.877838,0.303765,0.459012
0.751587,0.635033,0.422933,0.608075,0.241840,0.423409,0.681754,0.361409
0.362513,0.566878,0.159117,0.336670,0.349268,0.147863,0.210027,0.483184
0.756351,0.582250,0.569598,0.338519,0.612395,0.636841,0.169128,0.512688
0.657172,0.796180,0.224512,0.233269,0.259269,0.601312,0.112458,0.387527
0.498498,0.407726,0.197020,0.364554,0.634318,0.859603,0.250237,0.552374
0.531057,0.460588,0.250457,0.296280,0.622121,0.832515,0.435968,0.596038
0.473963,0.491946,0.371311,0.506696,0.323517,0.590311,0.150211,0.552260
0.776306,0.502230,0.556981,0.445678,0.627649,0.712256,0.162741,0.604912
0.617072,0.399851,0.471740,0.703103,0.116036,0.507028,0.550395,0.370524
0.794328,0.737779,0.257839,0.206852,0.455470,0.640655,0.175071,0.379837
0.511840,0.447443,0.096956,0.382640,0.282737,0.301725,0.337586,0.372155
0.328671,0.559974,0.136929,0.286758,0.544363,0.818753,0.387568,0.648698
0.501373,0.494346,0.279842,0.309692,0.710331,0.762841,0.424875,0.560579
0.522615,0.264360,0.611793,0.636466,0.240135,0.428907,0.579796,0.405299
0.839050,0.618702,0.342385,0.656184,0.322364,0.371944,0.724806,0.252846
0.423445,0.245901,0.220968,0.605177,0.200070,0.399092,0.442767,0.067716
0.409854,0.158554,0.217473,0.387164,0.377985,0.305670,0.464348,0.206679
0.451591,0.533350,0.194594,0.245540,0.714198,0.887141,0.386705,0.551253
0.723382,0.439227,0.587654,0.338371,0.676703,0.625104,0.093524,0.570802
0.512210,0.445207,0.239550,0.374975,0.706504,0.779353,0.288537,0.585224
0.743328,0.671017,0.282503,0.325949,0.210107,0.779459,0.152848,0.379153
0.342181,0.338978,0.175858,0.674831,0.206664,0.372941,0.450780,0.193272
0.413290,0.675314,0.208491,0.302770,0.623013,0.810748,0.301927,0.598139
0.495952,0.449258,0.408997,0.543391,0.192153,0.667334,0.129571,0.650154
0.665546,0.754470,0.170096,0.223882,0.320909,0.741316,0.210367,0.422648
0.312024,0.444727,0.494909,0.599857,0.329125,0.772667,0.290676,0.539876
0.777817,0.735081,0.263658,0.148660,0.345548,0.694069,0.215959,0.473630
0.344509,0.224535,0.249785,0.556115,0.395582,0.384911,0.503829,0.187428
0.437734,0.531440,0.316280,0.243658,0.705460,0.809367,0.198390,0.684819
0.766558,0.655984,0.371727,0.586994,0.192108,0.418267,0.697704,0.370418
0.250184,0.334830,0.248982,0.630568,0.346385,0.384205,0.560206,0.102227
0.365315,0.440054,0.385705,0.532027,0.288372,0.702353,0.215190,0.505507
0.327399,0.525790,0.274178,0.266434,0.532787,0.709753,0.498437,0.637514
0.570483,0.197316,0.527163,0.714542,0.258204,0.404103,0.656408,0.431951
0.650278,0.560871,0.216473,0.169124,0.377994,0.676452,0.270573,0.436829
0.425892,0.519440,0.245005,0.270227,0.722177,0.887621,0.450649,0.550054
0.734275,0.469776,0.521771,0.329938,0.716850,0.586654,0.192393,0.702043
0.743279,0.503433,0.682225,0.344069,0.648341,0.754838,0.201305,0.720318
0.524376,0.362012,0.526249,0.551572,0.290073,0.433077,0.491781,0.349687
0.753843,0.701840,0.127382,0.153241,0.326709,0.778731,0.342556,0.563815
0.435330,0.156695,0.227657,0.511986,0.418473,0.307469,0.502236,0.270735
0.630002,0.714757,0.367201,0.613936,0.185077,0.574653,0.720460,0.327113
0.824571,0.668503,0.301512,0.678169,0.240293,0.547346,0.700264,0.317973
0.804111,0.548034,0.351120,0.701532,0.259182,0.472200,0.698773,0.317198
0.541521,0.324386,0.450905,0.631580,0.266322,0.481370,0.630519,0.528679
0.814842,0.749584,0.217439,0.081785,0.323091,0.768696,0.338357,0.406615
0.495537,0.220759,0.555618,0.665385,0.216936,0.362465,0.692414,0.391943
0.730633,0.818640,0.228406,0.254799,0.251644,0.732100,0.212101,0.379289
0.638191,0.527056,0.340968,0.549809,0.225914,0.402624,0.738306,0.453439
0.390696,0.135757,0.156348,0.568347,0.235417,0.395231,0.367946,0.208684
0.778328,0.484133,0.658374,0.430234,0.660989,0.575151,0.206255,0.667232
0.497198,0.184362,0.697819,0.571073,0.181065,0.494988,0.709750,0.460938
0.718785,0.690617,0.195954,0.170110,0.287343,0.750177,0.187845,0.435201
0.333954,0.681230,0.259602,0.335485,0.288175,0.125667,0.156836,0.304079
0.351955,0.248054,0.085060,0.712936,0.305614,0.318746,0.506868,0.298482
0.640724,0.777196,0.201578,0.136644,0.277261,0.644473,0.243547,0.403579
0.703682,0.408385,0.627447,0.285034,0.570712,0.729094,0.151839,0.576433
0.814382,0.445109,0.592903,0.425669,0.706157,0.754065,0.198554,0.481084
0.779611,0.442842,0.621539,0.326671,0.643794,0.615903,0.262343,0.682123
0.579319,0.595276,0.164696,0.336198,0.336323,0.201540,0.320349,0.357309
0.578398,0.306410,0.374463,0.562966,0.112323,0.553437,0.610533,0.473356
0.766530,0.755184,0.294379,0.224562,0.319694,0.726551,0.159441,0.432599
0.716177,0.587967,0.544881,0.339805,0.485436,0.702492,0.225942,0.650867
0.524407,0.297877,0.484065,0.585066,0.228872,0.390126,0.711981,0.496404
0.769014,0.547348,0.554190,0.290451,0.588598,0.733986,0.171449,0.705171
0.448616,0.299998,0.450804,0.521647,0.307226,0.370740,0.534252,0.441741
0.806898,0.779267,0.308763,0.755189,0.131710,0.520145,0.749843,0.277628
0.424713,0.425534,0.365807,0.694483,0.309015,0.670559,0.148793,0.812773
0.738227,0.699152,0.417491,0.574797,0.226102,0.465933,0.670129,0.329799
0.431506,0.598916,0.134012,0.308397,0.218614,0.277968,0.156874,0.399203
0.231475,0.640671,0.065219,0.386347,0.193453,0.128569,0.308775,0.284128
0.717354,0.730703,0.251398,0.121610,0.324105,0.790113,0.190819,0.417623
0.378123,0.598095,0.177097,0.362877,0.294545,0.331121,0.270464,0.300397
0.778033,0.791770,0.249614,0.144440,0.237109,0.650820,0.235770,0.489307
0.463001,0.672233,0.132927,0.436605,0.186493,0.250299,0.218643,0.344950
0.548712,0.191993,0.610180,0.616934,0.212396,0.371398,0.615752,0.479469
0.441952,0.473801,0.251727,0.257369,0.706578,0.740303,0.360801,0.593645
0.843969,0.569753,0.398723,0.559566,0.147835,0.392213,0.743840,0.430731
0.475093,0.270079,0.440113,0.629322,0.232669,0.374754,0.653327,0.424584
0.449504,0.616883,0.228049,0.243670,0.356616,0.307785,0.281106,0.417762
0.389712,0.495549,0.294335,0.213111,0.727611,0.734177,0.429388,0.686858
0.816185,0.603875,0.372054,0.638134,0.177244,0.564992,0.644559,0.342162
0.512042,0.254389,0.535528,0.688388,0.097563,0.444228,0.651811,0.460783
0.789863,0.550686,0.571067,0.396600,0.543694,0.645118,0.105949,0.603494
0.667595,0.717274,0.279375,0.699030,0.196335,0.528806,0.714025,0.343055
0.861620,0.581553,0.380630,0.650600,0.298384,0.435818,0.783429,0.275172
0.416384,0.220484,0.505425,0.657116,0.288562,0.434245,0.553232,0.393700
0.384794,0.642569,0.104908,0.324923,0.314730,0.286198,0.209602,0.429497
0.288759,0.375765,0.202626,0.239982,0.601750,0.874557,0.417981,0.650263
0.547813,0.216437,0.495449,0.679244,0.232280,0.510308,0.604813,0.457292
0.510759,0.508433,0.481087,0.614180,0.343749,0.767252,0.165500,0.631652
0.605562,0.206838,0.524177,0.526877,0.230541,0.535163,0.728934,0.504596
0.921623,0.612384,0.222078,0.710098,0.262805,0.412222,0.727386,0.333959
0.402029,0.485839,0.501584,0.542035,0.271669,0.628541,0.184998,0.646347
0.746177,0.689882,0.313437,0.676197,0.265737,0.485436,0.697972,0.225090
0.779680,0.585847,0.265921,0.656874,0.180741,0.417787,0.787046,0.402596
0.398478,0.531504,0.260639,0.202172,0.664726,0.720976,0.279244,0.520478
0.366144,0.600724,0.144129,0.296031,0.284600,0.189619,0.379648,0.430884
0.278211,0.571872,0.192328,0.270151,0.663052,0.690075,0.308465,0.588176
0.711507,0.458265,0.559809,0.319215,0.595871,0.625455,0.144857,0.691705
0.407035,0.656123,0.194071,0.176908,0.289786,0.239651,0.279333,0.348033
0.421507,0.600908,0.360870,0.202311,0.631727,0.758853,0.292006,0.542426
0.468848,0.604014,0.346723,0.633297,0.222485,0.615185,0.277717,0.650458
0.970944,0.482495,0.612726,0.316517,0.493074,0.671697,0.186087,0.699123
0.356885,0.422320,0.325552,0.575940,0.341203,0.747531,0.221112,0.636537
0.866039,0.587732,0.258673,0.689271,0.241547,0.488789,0.753409,0.442487
0.485189,0.250043,0.600875,0.585108,0.187714,0.404063,0.491087,0.399645
0.707487,0.441307,0.541496,0.431933,0.605681,0.671264,0.235230,0.478640
0.440062,0.588249,0.191437,0.415993,0.212199,0.168543,0.352063,0.232766
0.787995,0.758284,0.344284,0.123958,0.322532,0.719147,0.171426,0.479896
0.704538,0.549024,0.581374,0.377100,0.560565,0.764787,0.152333,0.667744
0.706137,0.503543,0.343807,0.752496,0.265562,0.473924,0.661035,0.448012
0.678287,0.676300,0.165749,0.202703,0.090070,0.760405,0.206067,0.381436
0.398826,0.548980,0.280143,0.328477,0.676150,0.830722,0.351165,0.495124
0.298833,0.209565,0.177403,0.591561,0.172372,0.235692,0.465221,0.240587
0.745354,0.716491,0.214255,0.302799,0.164493,0.706202,0.190346,0.343832
0.406085,0.634618,0.143966,0.325885,0.295977,0.197421,0.166558,0.399786
0.710774,0.595278,0.290490,0.571401,0.253553,0.398019,0.630816,0.263764
0.397180,0.554063,0.253461,0.271183,0.691358,0.711212,0.328233,0.529589
0.544586,0.705266,0.277710,0.188787,0.221644,0.675118,0.163161,0.490299
0.640827,0.688462,0.186036,0.148563,0.318873,0.685377,0.305203,0.322493
0.935970,0.632368,0.337958,0.713878,0.264590,0.488911,0.811213,0.310835
0.421413,0.468324,0.390116,0.575423,0.388421,0.742941,0.264779,0.500923
0.411085,0.622418,0.146094,0.341520,0.212108,0.235585,0.278871,0.285039
0.594860,0.281481,0.535924,0.533709,0.195523,0.414048,0.610108,0.466416
0.354054,0.416537,0.394262,0.573835,0.381232,0.716038,0.178704,0.623218
0.345842,0.361799,0.236291,0.583156,0.402087,0.388298,0.495179,0.252792
0.361989,0.634627,0.187139,0.244428,0.700545,0.905999,0.300961,0.498879
0.476693,0.496848,0.386065,0.510914,0.241363,0.693250,0.253876,0.500445
0.493863,0.644452,0.063887,0.356569,0.162438,0.278801,0.173240,0.264339
0.643452,0.610253,0.248183,0.229850,0.280995,0.619186,0.215359,0.522544
0.396106,0.535248,0.293219,0.340736,0.606615,0.734994,0.376077,0.655606
0.460516,0.573393,0.231980,0.369323,0.339895,0.178233,0.466837,0.428621
0.441911,0.238945,0.488868,0.590575,0.125142,0.425376,0.551808,0.438109
0.783284,0.402376,0.572397,0.278224,0.563740,0.675028,0.196010,0.596055
0.767104,0.642982,0.237684,0.657090,0.172846,0.326951,0.741271,0.340760
0.314625,0.614329,0.112152,0.332130,0.237215,0.231240,0.242838,0.382826
0.721935,0.498134,0.571772,0.462751,0.635310,0.708557,0.223363,0.657158
0.707064,0.740536,0.437424,0.720743,0.183922,0.483936,0.682957,0.380271
0.404781,0.455742,0.429006,0.498121,0.174904,0.730223,0.068280,0.529729
0.456552,0.102101,0.097412,0.550432,0.333962,0.324785,0.453764,0.199589
0.395418,0.616157,0.028468,0.298569,0.281496,0.288250,0.260414,0.505378
0.329610,0.300211,0.174121,0.638467,0.225283,0.418726,0.497542,0.239955
0.340070,0.358617,0.201551,0.473615,0.362388,0.291586,0.412645,0.195668
0.817770,0.409611,0.608443,0.395904,0.569719,0.788104,0.247259,0.685962
0.533164,0.258015,0.602926,0.638259,0.265194,0.409856,0.490896,0.338757
0.430595,0.453967,0.124856,0.331038,0.285192,0.326043,0.280148,0.467838
0.368668,0.460956,0.464999,0.644748,0.310601,0.610555,0.279309,0.618492
0.426989,0.462903,0.332844,0.586316,0.232426,0.779833,0.176620,0.582522
0.531457,0.606990,0.011579,0.239532,0.204882,0.288977,0.297305,0.246736
0.745906,0.393143,0.669191,0.228250,0.720247,0.706173,0.297411,0.627162
0.441761,0.467944,0.516816,0.503700,0.293506,0.739331,0.259177,0.484583
0.576529,0.285990,0.476943,0.646276,0.267941,0.492596,0.673312,0.480547
0.337972,0.540375,0.386565,0.642550,0.177321,0.789241,0.159692,0.502826
0.477276,0.451163,0.479595,0.680286,0.280421,0.725668,0.193003,0.613081
0.685733,0.497763,0.508715,0.272994,0.576345,0.720858,0.195204,0.611050
0.337837,0.527865,0.442721,0.689275,0.355103,0.639410,0.130541,0.641669
0.361012,0.331942,0.304323,0.531866,0.344046,0.260320,0.428366,0.273686
0.686055,0.561549,0.301239,0.669004,0.271080,0.379815,0.702512,0.342984
0.253430,0.464550,0.339783,0.646553,0.301415,0.706154,0.167178,0.564566
0.441379,0.475766,0.243716,0.166783,0.698273,0.702324,0.326735,0.629382
0.781615,0.525357,0.516300,0.316176,0.588892,0.703951,0.136406,0.527057
0.437163,0.567635,0.395623,0.584336,0.373282,0.834810,0.076361,0.638093
0.385665,0.196781,0.598984,0.658842,0.217171,0.565347,0.538812,0.448112
0.424934,0.571075,0.173872,0.481176,0.260841,0.257905,0.296675,0.355287
0.787998,0.753745,0.291356,0.314992,0.204173,0.743381,0.196629,0.389262
0.764308,0.576789,0.616705,0.493870,0.569687,0.775898,0.189299,0.605591
0.749525,0.442557,0.458248,0.394069,0.496187,0.680009,0.106326,0.644139
0.755953,0.518545,0.606607,0.383853,0.604237,0.609594,0.217547,0.632327
0.739819,0.519230,0.458280,0.644243,0.301193,0.371219,0.733989,0.311332
0.820171,0.647353,0.373956,0.748216,0.208203,0.455578,0.785273,0.426149
0.444929,0.726239,0.170839,0.382299,0.276563,0.210191,0.266542,0.445846
0.739039,0.687547,0.324835,0.580636,0.253538,0.528279,0.865276,0.229081
0.452448,0.568353,0.156709,0.331770,0.279358,0.268346,0.218434,0.413748
0.792746,0.554056,0.464957,0.283390,0.568536,0.712430,0.108324,0.610030
0.713758,0.705306,0.295026,0.684390,0.180220,0.473738,0.798061,0.250452
0.279731,0.216436,0.263669,0.647121,0.287619,0.321432,0.531146,0.244645
0.438998,0.565076,0.214070,0.446474,0.300638,0.274586,0.223303,0.323162
0.492665,0.395688,0.394534,0.633936,0.272140,0.780077,0.288908,0.580172
0.304151,0.283673,0.230309,0.602183,0.339622,0.268109,0.541550,0.114646
0.497784,0.540118,0.150101,0.364841,0.280460,0.276176,0.218869,0.350849
0.282652,0.535548,0.401056,0.598402,0.320543,0.660093,0.242344,0.586750
0.386868,0.455227,0.199501,0.145044,0.620037,0.820321,0.359911,0.540602
0.678502,0.735319,0.173685,0.155755,0.202554,0.746334,0.262188,0.422090
0.483815,0.571607,0.183130,0.368554,0.300546,0.214902,0.285904,0.372817
0.739247,0.587562,0.500037,0.313850,0.512055,0.678735,0.259180,0.758558
0.798093,0.641880,0.101921,0.250864,0.398339,0.696638,0.231984,0.387638
0.337315,0.662430,0.379448,0.254863,0.632020,0.682344,0.395525,0.593121
0.371707,0.179734,0.170065,0.495316,0.286147,0.341596,0.446271,0.143401
0.450506,0.537489,0.224920,0.407631,0.241199,0.269631,0.234267,0.343761
0.369425,0.467558,0.252738,0.370031,0.087340,0.192871,0.302509,0.363021
0.542090,0.376626,0.405631,0.563558,0.177991,0.438209,0.604874,0.414110
0.350573,0.589000,0.148958,0.386855,0.305634,0.277465,0.295767,0.432395
0.495892,0.238334,0.450042,0.693971,0.230784,0.328506,0.632753,0.377270
0.313780,0.448143,0.287768,0.600758,0.201741,0.732145,0.162657,0.527811
0.551073,0.266655,0.613171,0.692939,0.224836,0.419139,0.669278,0.268284
0.703402,0.716488,0.293222,0.189734,0.259898,0.712190,0.226333,0.386766
0.444014,0.213217,0.654941,0.560970,0.228493,0.481177,0.658825,0.435740
0.889862,0.697582,0.402449,0.620947,0.252864,0.537315,0.828163,0.304859
0.464006,0.541814,0.139590,0.381793,0.329249,0.098512,0.227734,0.380295
0.484579,0.635218,0.189915,0.420424,0.259838,0.252346,0.258369,0.293424
0.446179,0.511115,0.344880,0.654116,0.194160,0.785855,0.240327,0.480804
0.383556,0.500132,0.191391,0.273918,0.692166,0.707465,0.302476,0.583442
0.361242,0.598159,0.283152,0.201731,0.645207,0.756237,0.324147,0.632542
0.349491,0.169397,0.120130,0.596418,0.362958,0.293660,0.477070,0.224321
0.388734,0.585393,0.171980,0.342813,0.277382,0.264204,0.358430,0.369982
0.413450,0.734561,0.082248,0.266786,0.275450,0.206210,0.167388,0.357781
0.818439,0.546125,0.315823,0.661197,0.088125,0.301490,0.713051,0.364411
0.544328,0.153558,0.592397,0.574882,0.149681,0.423576,0.568144,0.403723
0.502431,0.508191,0.442977,0.571859,0.381309,0.578019,0.145767,0.560692
0.654059,0.643765,0.255130,0.664560,0.223896,0.416825,0.722159,0.304350
0.650394,0.656015,0.208516,0.204884,0.239030,0.771150,0.171236,0.460720
0.470592,0.469132,0.287214,0.320076,0.723048,0.746790,0.240066,0.622279
0.819523,0.618076,0.383989,0.572380,0.068778,0.340649,0.631828,0.464510
0.510998,0.260242,0.625687,0.538658,0.146004,0.461964,0.690214,0.351897
0.741502,0.697114,0.411200,0.759689,0.239012,0.412329,0.694682,0.354284
0.729603,0.719147,0.393113,0.706789,0.219140,0.469838,0.775737,0.342723
0.692616,0.794791,0.343922,0.062276,0.273436,0.561029,0.109887,0.409856
0.716284,0.571857,0.378855,0.575682,0.196710,0.429032,0.786409,0.462466
0.532922,0.253857,0.517360,0.613966,0.237808,0.329803,0.651015,0.438971
0.326911,0.363912,0.355354,0.347930,0.758441,0.803611,0.265948,0.723089
0.727393,0.484202,0.617449,0.349628,0.583654,0.720297,0.197409,0.730638
0.572020,0.329464,0.575665,0.625953,0.198898,0.346311,0.524343,0.365241
0.831531,0.658494,0.356850,0.680939,0.277952,0.510546,0.659743,0.337832
0.657496,0.493568,0.618648,0.280850,0.442785,0.657946,0.211294,0.622467
0.755046,0.589261,0.332176,0.659584,0.152596,0.436263,0.676024,0.348892
0.485448,0.337285,0.530005,0.579997,0.204898,0.462328,0.650731,0.539652
0.683097,0.761822,0.176406,0.125103,0.163587,0.884951,0.155970,0.450511
0.413266,0.603351,0.163060,0.280382,0.221131,0.157315,0.293474,0.358753
0.422031,0.552487,0.338395,0.313537,0.619416,0.679373,0.377888,0.480685
0.351112,0.154200,0.361204,0.567658,0.245805,0.351391,0.513907,0.223228
0.415623,0.232448,0.181209,0.485384,0.306993,0.152950,0.469720,0.125089
0.781792,0.816940,0.201255,0.170612,0.242526,0.708969,0.260616,0.519941
0.859696,0.422170,0.607963,0.351204,0.551731,0.717435,0.196010,0.634924
0.312880,0.527497,0.368649,0.555809,0.279309,0.624259,0.356188,0.730812
0.672820,0.737719,0.164710,0.250276,0.210803,0.709502,0.226008,0.509060
0.690210,0.560596,0.293399,0.643114,0.194160,0.460514,0.712242,0.406551
0.469614,0.473491,0.384792,0.488609,0.322763,0.728162,0.240318,0.629922
0.392791,0.458871,0.434412,0.539570,0.413450,0.717876,0.228351,0.500742
0.748768,0.800532,0.189339,0.103295,0.306202,0.806896,0.218073,0.466805
0.358814,0.574524,0.421729,0.501625,0.343681,0.728421,0.160828,0.617571
0.339066,0.181735,0.105225,0.531483,0.347436,0.387916,0.468113,0.288844
0.437875,0.579701,0.441590,0.588894,0.287175,0.691556,0.215123,0.525891
0.729492,0.457208,0.561926,0.346136,0.496750,0.633950,0.144444,0.575756
0.397022,0.665986,0.181851,0.366805,0.318163,0.255167,0.271185,0.435661
0.635419,0.761626,0.245114,0.714683,0.330980,0.400698,0.838020,0.456659
0.579899,0.269728,0.517408,0.687881,0.170553,0.442047,0.599481,0.358532
0.451980,0.483807,0.170723,0.225470,0.622418,0.774569,0.343032,0.641859
0.741443,0.753923,0.192786,0.211076,0.306111,0.667079,0.120527,0.453427
0.363482,0.465729,0.438228,0.608458,0.220052,0.852522,0.164423,0.585192
0.644517,0.483800,0.667359,0.388979,0.580933,0.633684,0.196714,0.674689
0.631931,0.664917,0.064820,0.253258,0.299371,0.761952,0.381356,0.417796
0.438832,0.600171,0.079568,0.387867,0.231600,0.234340,0.222552,0.384794
0.519925,0.607534,0.393744,0.627618,0.333566,0.745547,0.214412,0.613913
0.866300,0.623649,0.183610,0.159254,0.399747,0.659399,0.202285,0.531956
0.865688,0.632127,0.290670,0.793266,0.161010,0.433905,0.810783,0.394182
0.400338,0.548445,0.227093,0.388220,0.249033,0.212689,0.306022,0.487243
0.439258,0.606213,0.234281,0.373325,0.372041,0.288679,0.319039,0.275825
0.374769,0.477933,0.395393,0.513103,0.261370,0.752262,0.267827,0.670577
0.704304,0.574346,0.292824,0.653192,0.204695,0.371855,0.656410,0.390202
0.285564,0.280054,0.181776,0.560551,0.332491,0.414494,0.480329,0.210967
0.530895,0.264165,0.480369,0.599572,0.294881,0.506968,0.415197,0.381465
0.416008,0.595946,0.114886,0.465672,0.266383,0.316344,0.242504,0.311072
0.466442,0.478366,0.456359,0.577571,0.426938,0.688887,0.228443,0.617549
0.397022,0.276869,0.120462,0.588996,0.322865,0.169127,0.525805,0.141040
0.517062,0.653547,0.268974,0.300182,0.272064,0.192674,0.328191,0.363556
0.671290,0.728969,0.159982,0.207322,0.265599,0.629466,0.225505,0.308749
0.506329,0.270330,0.395965,0.545469,0.172691,0.469826,0.693373,0.423954
0.295090,0.582833,0.049563,0.367106,0.275454,0.169838,0.327904,0.401904
0.373762,0.556816,0.211775,0.332308,0.662547,0.711988,0.352542,0.725086
0.653012,0.498211,0.526208,0.491699,0.785919,0.664781,0.107218,0.779811
0.470699,0.569339,0.040771,0.293256,0.329699,0.153793,0.328822,0.339076
0.538802,0.185202,0.512190,0.691438,0.082993,0.482762,0.492036,0.389863
0.408954,0.429251,0.360801,0.622980,0.283313,0.712758,0.219538,0.612220
0.331981,0.687557,0.146136,0.437531,0.204629,0.192181,0.283917,0.434657
0.691283,0.670861,0.160248,0.127328,0.237333,0.694463,0.247382,0.354194
0.774710,0.487905,0.240152,0.725159,0.257684,0.465620,0.705584,0.404098
0.489136,0.718224,0.136895,0.258268,0.293168,0.190427,0.217712,0.453119
0.733476,0.469058,0.591011,0.329376,0.421195,0.656734,0.121211,0.637193
0.737696,0.734021,0.303927,0.188946,0.259825,0.711269,0.297019,0.342712
0.531742,0.220824,0.493860,0.571165,0.173581,0.341545,0.587124,0.353482
0.442529,0.482157,0.445402,0.647219,0.247946,0.738992,0.076785,0.640479
0.775570,0.564076,0.262156,0.619670,0.205686,0.426197,0.781786,0.510533
0.713149,0.553637,0.630232,0.383877,0.627194,0.691695,0.120135,0.643469
0.434112,0.250637,0.062934,0.612101,0.264188,0.384971,0.514724,0.176909
0.776873,0.679943,0.383989,0.603661,0.073427,0.398185,0.730046,0.362653
0.406471,0.449114,0.364236,0.373518,0.585225,0.815948,0.382606,0.588895
0.776119,0.524073,0.671348,0.347801,0.657922,0.749870,0.123411,0.638781
0.782972,0.605152,0.184438,0.258199,0.249972,0.781569,0.214763,0.442620
0.724851,0.601240,0.538810,0.355879,0.495765,0.729044,0.166034,0.640979
0.740619,0.509907,0.658931,0.431104,0.635965,0.721496,0.163309,0.880282
0.901785,0.525930,0.638918,0.336263,0.455870,0.737617,0.092167,0.643862
0.841191,0.592521,0.337579,0.699297,0.326744,0.261123,0.743797,0.444219
0.364338,0.245474,0.227616,0.581164,0.311374,0.303534,0.492954,0.215981
0.702773,0.492367,0.518723,0.329275,0.637880,0.746991,0.264201,0.656242
0.841241,0.559089,0.343709,0.752468,0.258575,0.414685,0.751581,0.397391
0.805004,0.453188,0.310125,0.669708,0.159495,0.432548,0.633502,0.445922
0.636776,0.703359,0.239547,0.076453,0.297607,0.690485,0.325318,0.462028
0.404250,0.417337,0.231069,0.694718,0.323442,0.224704,0.479570,0.206658
0.406319,0.344812,0.456291,0.569104,0.346496,0.668989,0.322725,0.520581
0.883983,0.422213,0.510994,0.241663,0.454522,0.742205,0.156309,0.711697
0.873832,0.568824,0.615959,0.264148,0.604362,0.699762,0.166713,0.467711
0.393906,0.687074,0.187118,0.387289,0.185125,0.229999,0.324118,0.317808
0.447824,0.534472,0.235526,0.374796,0.681741,0.766439,0.488118,0.464031
0.407836,0.544007,0.103918,0.283767,0.266517,0.347042,0.269473,0.291912
0.518095,0.527343,0.489059,0.587582,0.287292,0.735941,0.177051,0.678090
0.932990,0.721940,0.368231,0.656578,0.253196,0.398977,0.712558,0.339981
0.566228,0.251389,0.633238,0.606329,0.199286,0.410823,0.643004,0.420193
0.399510,0.578280,0.147635,0.319703,0.295684,0.308401,0.280226,0.503736
0.390301,0.572897,0.508971,0.628544,0.292753,0.734385,0.256767,0.571757
0.702549,0.601211,0.408444,0.578390,0.120225,0.367302,0.582635,0.344813
0.371594,0.177831,0.065424,0.671391,0.233656,0.290613,0.450066,0.120438
0.900647,0.668773,0.338642,0.641764,0.177810,0.414799,0.807945,0.330323
0.423891,0.611290,0.141614,0.526482,0.200766,0.146324,0.228392,0.332991
0.772834,0.708751,0.382832,0.706619,0.297369,0.443178,0.689464,0.317465
0.581633,0.581848,0.149344,0.359377,0.117444,0.256974,0.307934,0.384050
0.305899,0.480113,0.245678,0.290807,0.659359,0.772824,0.312575,0.590989
0.402687,0.662364,0.176313,0.397785,0.239499,0.206934,0.289596,0.402790
0.654124,0.479283,0.482862,0.461575,0.499722,0.668732,0.006307,0.654073
0.793210,0.401515,0.627343,0.379583,0.520595,0.675892,0.177964,0.567962
0.358724,0.180698,0.502916,0.602643,0.219505,0.393457,0.585651,0.481990
0.661211,0.791231,0.209115,0.116976,0.364529,0.645081,0.218719,0.452077
0.344649,0.408009,0.394342,0.478079,0.208269,0.740326,0.149355,0.560594
0.849516,0.405477,0.550179,0.221587,0.541833,0.618524,0.190776,0.604673
0.488222,0.238016,0.488290,0.517092,0.145178,0.505483,0.622052,0.498621
0.445413,0.207485,0.195169,0.538591,0.212587,0.165849,0.503288,0.130073
0.685698,0.461270,0.621408,0.371766,0.576592,0.662571,0.232968,0.552923
0.413504,0.417895,0.218670,0.334886,0.592822,0.895290,0.439258,0.564256
0.440001,0.454272,0.416467,0.543703,0.280703,0.724678,0.200974,0.548483
0.376686,0.444126,0.501320,0.603919,0.283594,0.704802,0.225878,0.566263
0.735492,0.540848,0.572305,0.315138,0.625733,0.706170,0.277606,0.607365
0.759834,0.589840,0.410302,0.637793,0.278706,0.440148,0.636503,0.306491
0.739331,0.509035,0.651912,0.351279,0.714218,0.779450,0.158534,0.639726
0.763876,0.520327,0.595433,0.381812,0.584722,0.564932,0.275838,0.531810
0.780376,0.702604,0.111266,0.288195,0.349991,0.703565,0.192001,0.366011
0.750749,0.539605,0.667553,0.289502,0.605250,0.593533,0.337499,0.619079
0.319282,0.253257,0.265007,0.573633,0.350250,0.327716,0.423427,0.266960
0.438767,0.606759,0.380044,0.604671,0.272913,0.640530,0.127571,0.612407
0.424879,0.624446,0.087126,0.331662,0.233874,0.225750,0.208688,0.303298
0.710592,0.827675,0.159192,0.149614,0.296256,0.719612,0.192380,0.377413
0.413440,0.543365,0.255902,0.269104,0.542770,0.762385,0.423189,0.578012
0.778401,0.757132,0.162938,0.063514,0.313667,0.737795,0.171769,0.468184
0.373281,0.595952,0.470637,0.598023,0.382007,0.761424,0.100686,0.656762
0.386042,0.579678,0.198202,0.283152,0.668604,0.818735,0.249350,0.604885
0.465651,0.506921,0.413701,0.651937,0.322910,0.634041,0.266946,0.642265
0.474904,0.612973,0.066086,0.322390,0.291863,0.207967,0.270743,0.366304
0.444891,0.178752,0.221521,0.652280,0.378063,0.214533,0.416573,0.268858
0.717522,0.696168,0.145290,0.159581,0.326257,0.651739,0.195605,0.466729
0.356501,0.220825,0.230884,0.700090,0.300856,0.359780,0.483022,0.206339
0.773559,0.522821,0.523140,0.400753,0.588562,0.767312,0.119636,0.630433
0.433496,0.276158,0.159653,0.518350,0.380926,0.294976,0.492375,0.081501
0.432046,0.554326,0.272255,0.389211,0.575932,0.704069,0.382675,0.766371
0.317284,0.253145,0.158583,0.711881,0.227210,0.408789,0.473219,0.152372
0.698849,0.597750,0.228155,0.192984,0.275915,0.624128,0.238094,0.528795
0.365348,0.289713,0.258687,0.623391,0.302149,0.284612,0.414101,0.214477
0.658637,0.260397,0.520700,0.486328,0.155134,0.421993,0.639994,0.530599
0.696954,0.655387,0.347169,0.622359,0.175574,0.453371,0.734902,0.406768
0.801310,0.758774,0.261419,0.172182,0.291961,0.753187,0.223668,0.317171
0.425694,0.197435,0.209157,0.625034,0.399277,0.315298,0.499523,0.260665
0.429144,0.255359,0.583970,0.688894,0.175297,0.484400,0.654209,0.497023
0.275148,0.230470,0.158953,0.609009,0.348243,0.305921,0.396756,0.127032
0.703390,0.363105,0.535622,0.280080,0.595850,0.746395,0.186828,0.595877
0.385489,0.631135,0.089663,0.445211,0.218690,0.057386,0.446964,0.308807
0.428650,0.135904,0.171202,0.535226,0.217850,0.228746,0.516993,0.159301
0.407045,0.492411,0.382596,0.593538,0.338910,0.777877,0.200330,0.587302
0.705583,0.589871,0.421053,0.686892,0.185714,0.583382,0.694382,0.325654
0.536452,0.214524,0.454366,0.650409,0.230062,0.381015,0.475707,0.410761
0.539839,0.737212,0.172502,0.143396,0.254607,0.687730,0.282858,0.438310
0.300049,0.540491,0.455269,0.541497,0.253989,0.666727,0.193167,0.637271
0.422358,0.478853,0.187521,0.223856,0.708183,0.621162,0.337074,0.526400
0.835808,0.415885,0.609765,0.299996,0.655082,0.621071,0.211812,0.628064
0.771639,0.596235,0.542319,0.402574,0.674782,0.687045,0.175144,0.517406
0.740271,0.630817,0.184198,0.226469,0.064549,0.745922,0.219019,0.511765
0.433436,0.127540,0.645735,0.533288,0.151509,0.331336,0.576580,0.354275
0.375599,0.242970,0.158915,0.546653,0.311227,0.306623,0.421155,0.128237
0.490899,0.188944,0.602824,0.619762,0.233641,0.397137,0.731654,0.455129
0.495183,0.240130,0.534300,0.596292,0.217791,0.308350,0.566556,0.410540
0.734175,0.602057,0.356352,0.761811,0.199520,0.370722,0.689018,0.359758
0.406769,0.557449,0.034343,0.380453,0.350482,0.367112,0.375332,0.322974
0.818201,0.515615,0.528550,0.416622,0.680143,0.682213,0.073559,0.720407
0.531126,0.234282,0.484736,0.603326,0.247754,0.434058,0.641798,0.414912
0.423276,0.478716,0.372940,0.309911,0.617379,0.817209,0.401556,0.498780
0.452732,0.451847,0.446753,0.509464,0.218461,0.839240,0.187174,0.648479
0.511878,0.524633,0.411218,0.539907,0.253625,0.606294,0.311983,0.578021
0.370009,0.481544,0.366772,0.690357,0.174200,0.697572,0.220167,0.480172
0.335945,0.279558,0.259979,0.556069,0.354660,0.358701,0.376109,0.212972
0.554507,0.221099,0.609688,0.545722,0.305467,0.385897,0.647760,0.424256
0.382907,0.563332,0.198640,0.242172,0.699226,0.769620,0.401717,0.554620
0.431218,0.475691,0.328516,0.426226,0.649484,0.839639,0.297432,0.609769
0.528889,0.258048,0.572554,0.646321,0.361836,0.403695,0.590697,0.464457
0.779430,0.545804,0.614388,0.372877,0.419999,0.678712,0.207803,0.729874
0.467325,0.387755,0.397560,0.560624,0.252577,0.736530,0.234799,0.510733
0.592592,0.865993,0.281465,0.068231,0.395204,0.718317,0.183793,0.458389
0.617490,0.181662,0.568251,0.549769,0.240694,0.489230,0.596808,0.382658
0.873918,0.647284,0.344511,0.721889,0.240302,0.432974,0.785029,0.458284
0.528825,0.436917,0.242311,0.329253,0.530833,0.770046,0.423494,0.607678
0.468512,0.325226,0.458965,0.567778,0.303945,0.377096,0.496400,0.392330
0.529707,0.551068,0.199963,0.284256,0.610996,0.775305,0.292652,0.572106
0.488382,0.597699,0.220248,0.463247,0.262085,0.131010,0.258223,0.417180
0.545231,0.246541,0.558868,0.589425,0.175948,0.351413,0.623439,0.377883
0.523548,0.509335,0.475437,0.548040,0.300877,0.748793,0.202561,0.546070
0.505333,0.471311,0.349378,0.284011,0.669163,0.769104,0.380101,0.496880
0.487514,0.260572,0.519684,0.604645,0.113721,0.434604,0.651814,0.497413
0.827883,0.539776,0.614627,0.324212,0.567143,0.697790,0.160150,0.628991
0.433320,0.589234,0.455112,0.642765,0.309966,0.644180,0.205975,0.565372
0.776862,0.707528,0.378924,0.712861,0.192761,0.482935,0.835301,0.454025
0.755125,0.632882,0.434668,0.691956,0.234813,0.448041,0.751759,0.304093
0.302577,0.293626,0.185238,0.616915,0.300599,0.424857,0.472449,0.188974
0.497530,0.318666,0.496842,0.717280,0.177567,0.433986,0.536810,0.428027
0.358263,0.360891,0.411209,0.597723,0.311063,0.737268,0.219927,0.573425
0.368927,0.511354,0.153712,0.264721,0.542460,0.881148,0.328083,0.653473
0.391781,0.458904,0.517456,0.504441,0.401424,0.694428,0.130923,0.545787
0.798747,0.779645,0.234189,0.175980,0.345569,0.621880,0.209736,0.446412
0.641383,0.490678,0.646754,0.328680,0.548357,0.686406,0.056083,0.635143
0.593461,0.271131,0.532254,0.653101,0.292732,0.335185,0.579229,0.475527
0.336688,0.326552,0.239842,0.498442,0.309519,0.395877,0.514722,0.218361
0.384624,0.664461,0.031963,0.372846,0.279895,0.222502,0.346656,0.300618
0.547226,0.549165,0.363215,0.499970,0.370741,0.728833,0.140929,0.513887
0.747387,0.787507,0.187375,0.232743,0.245269,0.742372,0.280117,0.437070
0.338027,0.477997,0.464847,0.610899,0.284052,0.648191,0.185463,0.624124
0.752510,0.550375,0.549902,0.368466,0.495387,0.691958,0.240382,0.500985
0.430017,0.603750,0.399937,0.594147,0.261072,0.662924,0.187451,0.646560
0.768656,0.786031,0.180974,0.182310,0.323430,0.823641,0.259622,0.524301
0.700356,0.592270,0.398477,0.612141,0.277704,0.439168,0.742423,0.373028
0.863367,0.590742,0.231382,0.704068,0.156705,0.502462,0.808182,0.328924
0.807515,0.581954,0.339268,0.703588,0.327864,0.416404,0.662787,0.349280
0.906451,0.736218,0.358802,0.639014,0.224613,0.457127,0.669520,0.366761
0.359640,0.604115,0.252420,0.311788,0.126407,0.098393,0.121783,0.245495
0.373923,0.588053,0.133328,0.456576,0.268341,0.157165,0.302809,0.365273
0.366478,0.500301,0.442283,0.583288,0.229251,0.799237,0.104914,0.633811
0.708468,0.492231,0.663619,0.385676,0.593135,0.776483,0.078141,0.676138
0.741923,0.672881,0.199996,0.165769,0.221762,0.684878,0.224205,0.318445
0.725348,0.722265,0.267101,0.155910,0.191667,0.728984,0.227238,0.384126
0.458068,0.432748,0.481215,0.632488,0.353538,0.687416,0.246362,0.642065
0.765690,0.458974,0.684561,0.438948,0.569816,0.643061,0.204646,0.621731
0.499326,0.314410,0.144675,0.527841,0.363228,0.206871,0.522978,0.179833
0.565584,0.131163,0.556913,0.641083,0.248448,0.403756,0.639974,0.460869
0.296733,0.554485,0.249248,0.403420,0.816603,0.669826,0.359034,0.565649
0.356479,0.579306,0.507718,0.583275,0.259128,0.765808,0.123252,0.637977
0.360005,0.427188,0.277250,0.241971,0.670748,0.766062,0.206667,0.587643
0.714958,0.631265,0.108812,0.576281,0.287812,0.446204,0.664494,0.349236
0.643321,0.758692,0.204873,0.136651,0.285592,0.735553,0.247505,0.549215
0.445132,0.609294,0.188008,0.391059,0.666979,0.834148,0.375419,0.623309
0.591995,0.225697,0.482324,0.565930,0.148862,0.462926,0.544652,0.502350
0.298816,0.201322,0.197995,0.524975,0.376342,0.200418,0.424074,0.357645
0.759506,0.702061,0.409653,0.586368,0.245207,0.435310,0.774407,0.205823
0.344548,0.531640,0.516089,0.590764,0.302794,0.657785,0.177105,0.535524
0.786338,0.680593,0.307740,0.181542,0.285637,0.708476,0.294962,0.419304
0.330702,0.578594,0.183855,0.346015,0.169369,0.311092,0.298984,0.440055
0.633248,0.768214,0.181379,0.110399,0.393162,0.715253,0.164452,0.329267
0.749367,0.631000,0.397689,0.674030,0.232315,0.443844,0.734436,0.366073
0.520287,0.219016,0.568177,0.627008,0.357366,0.447081,0.744024,0.453056
0.564712,0.240296,0.504214,0.573748,0.178455,0.403767,0.642019,0.424835
0.598959,0.285278,0.486756,0.634251,0.340128,0.509062,0.603106,0.405534
0.399726,0.418334,0.318575,0.364785,0.616813,0.807675,0.410432,0.634545
0.538205,0.292000,0.535553,0.636580,0.187663,0.422240,0.719587,0.434587
0.801393,0.700221,0.311802,0.538214,0.258667,0.400640,0.758549,0.240023
0.364379,0.502305,0.553343,0.618639,0.326267,0.644528,0.144643,0.559919
0.732395,0.575532,0.205557,0.697203,0.279988,0.515137,0.657734,0.369816
0.363572,0.577555,0.073080,0.460470,0.223731,0.249206,0.214292,0.426748
0.296050,0.370400,0.228902,0.298852,0.695055,0.748494,0.304929,0.599947
0.711164,0.719648,0.302515,0.113373,0.329997,0.771818,0.264118,0.385828
0.739627,0.595061,0.514088,0.293994,0.565272,0.591663,0.225725,0.729241
0.432066,0.270102,0.574382,0.532374,0.301161,0.396494,0.578494,0.471810
0.477464,0.669922,0.026708,0.311946,0.313480,0.370513,0.411969,0.435930
0.402888,0.397954,0.197063,0.306358,0.767391,0.750428,0.332187,0.531039
0.837682,0.475726,0.626976,0.386934,0.673456,0.666459,0.157252,0.611327
0.501400,0.222898,0.578688,0.574387,0.090275,0.388637,0.641035,0.313099
0.410832,0.197436,0.210250,0.619544,0.294140,0.409783,0.502867,0.156883
0.798625,0.599609,0.624435,0.323463,0.635486,0.563510,0.214872,0.578785
0.772709,0.427215,0.705810,0.460665,0.593736,0.733330,0.190478,0.530953
0.471308,0.174163,0.442242,0.440400,0.246493,0.472481,0.497665,0.390350
0.787529,0.825853,0.075218,0.171350,0.172889,0.663413,0.264753,0.496292
0.377774,0.509281,0.301395,0.150178,0.651097,0.806784,0.406169,0.633837
0.685095,0.713430,0.254371,0.156785,0.180558,0.701873,0.160796,0.477227
0.696647,0.539293,0.691989,0.307136,0.548235,0.706745,0.229542,0.645285
0.365368,0.456042,0.424845,0.646921,0.363742,0.752508,0.152569,0.699453
0.389512,0.527037,0.196951,0.304087,0.679336,0.721186,0.388410,0.554087
0.346412,0.485200,0.221295,0.290482,0.678840,0.814260,0.364247,0.537801
0.399009,0.436525,0.208105,0.600719,0.330849,0.378570,0.490865,0.207274
0.538440,0.658616,0.082907,0.459896,0.239193,0.174112,0.214173,0.412618
0.546315,0.297976,0.583591,0.581146,0.251647,0.378246,0.602243,0.395048
0.547041,0.170446,0.597610,0.596737,0.301761,0.412717,0.523167,0.538347
0.785298,0.411676,0.601504,0.374809,0.654609,0.697385,0.207935,0.572271
0.720653,0.622734,0.596569,0.315140,0.654261,0.671535,0.096513,0.680944
0.570368,0.306714,0.561885,0.590107,0.300401,0.385865,0.601640,0.558396
0.444410,0.549719,0.113652,0.468543,0.252622,0.175169,0.363957,0.367464
0.696707,0.663608,0.249973,0.087143,0.382145,0.734160,0.210941,0.458558
0.409798,0.345059,0.294095,0.286800,0.666983,0.727046,0.223183,0.584532
0.487421,0.586233,0.247305,0.313579,0.666665,0.802552,0.399361,0.609551
0.651980,0.525613,0.625185,0.410926,0.568781,0.712298,0.156124,0.684235
0.414317,0.441879,0.179511,0.163376,0.618552,0.795037,0.382147,0.762652
0.354830,0.189000,0.229346,0.491492,0.323650,0.283986,0.470149,0.142081
0.355102,0.548275,0.252141,0.217367,0.670875,0.753928,0.241844,0.606399
0.852709,0.630100,0.387547,0.711399,0.293149,0.462825,0.805510,0.345970
0.325989,0.642170,0.244213,0.407253,0.385075,0.239668,0.309462,0.409321
0.357169,0.320868,0.186923,0.602297,0.208359,0.387738,0.411238,0.174783
0.286382,0.365114,0.138464,0.431479,0.415664,0.303175,0.404776,0.182267
0.382236,0.578048,0.186136,0.328191,0.326701,0.179494,0.360393,0.389338
0.370163,0.603869,0.135218,0.320727,0.295788,0.329280,0.255692,0.409807
0.855188,0.483894,0.557290,0.366570,0.598603,0.749294,0.177980,0.521967
0.746328,0.545317,0.292590,0.718865,0.306963,0.431767,0.817054,0.353810
0.744737,0.623697,0.096715,0.223854,0.309796,0.626011,0.173776,0.296196
0.615904,0.668861,0.170923,0.242662,0.285726,0.700046,0.218572,0.435173
0.384697,0.250736,0.219792,0.675413,0.219956,0.352442,0.492942,0.223980
0.834532,0.704419,0.274110,0.220182,0.356761,0.639366,0.088820,0.500521
0.365375,0.243489,0.176452,0.596630,0.270328,0.274674,0.486330,0.229784
0.502853,0.591303,0.145073,0.466387,0.213293,0.271480,0.255347,0.287999
0.608757,0.763970,0.272530,0.163424,0.362552,0.789994,0.207390,0.400481
0.214487,0.115009,0.163184,0.671344,0.264771,0.375565,0.407628,0.096140
0.648444,0.709783,0.255794,0.201226,0.262686,0.773653,0.296699,0.475410
0.588793,0.247450,0.491819,0.594207,0.203139,0.374553,0.491911,0.444785
0.336537,0.471154,0.428608,0.542672,0.222473,0.727171,0.131497,0.519909
0.372147,0.238518,0.240341,0.620975,0.242319,0.295097,0.438198,0.182062
0.344417,0.451559,0.207657,0.404060,0.730077,0.785463,0.376220,0.667250
0.665415,0.706130,0.142106,0.160878,0.246928,0.651153,0.192940,0.370686
0.376073,0.487755,0.283543,0.215851,0.670615,0.665589,0.332360,0.549704
0.782338,0.569094,0.383540,0.607918,0.069666,0.391873,0.769748,0.314248
0.794519,0.627839,0.475072,0.628877,0.294775,0.484061,0.772944,0.325085
0.408434,0.682177,0.300953,0.316105,0.288805,0.339636,0.345211,0.334438
0.544511,0.446214,0.394250,0.607399,0.202030,0.805660,0.112293,0.617959
0.313334,0.273695,0.179711,0.680345,0.433114,0.273918,0.456647,0.196450
0.430257,0.250811,0.180708,0.640933,0.239446,0.489434,0.408281,0.233957
0.359740,0.557731,0.411088,0.513937,0.319888,0.739859,0.171583,0.633391
0.654937,0.827088,0.287886,0.147921,0.256314,0.625920,0.114312,0.475167
0.495775,0.233600,0.491603,0.546507,0.268882,0.390113,0.618070,0.424328
0.720746,0.696630,0.169866,0.271277,0.271181,0.624699,0.231696,0.411892
0.431973,0.335250,0.455009,0.638546,0.126677,0.342789,0.563975,0.512428
0.564669,0.385647,0.603963,0.630321,0.191440,0.356700,0.533840,0.414477
0.441594,0.609571,0.171323,0.379185,0.278147,0.157378,0.203451,0.533396
0.509394,0.227821,0.521793,0.499388,0.195419,0.433486,0.590152,0.417463
0.414055,0.241930,0.458931,0.611312,0.373198,0.493024,0.618719,0.445741
0.752754,0.770718,0.028900,0.036675,0.379749,0.803142,0.234882,0.424541
0.466677,0.514466,0.264106,0.267703,0.309668,0.184288,0.309580,0.369974
0.312456,0.586348,0.418383,0.568526,0.336066,0.703950,0.226783,0.487435
0.538699,0.255382,0.547054,0.655063,0.204106,0.242981,0.655181,0.404426
0.513991,0.306607,0.504122,0.606823,0.172709,0.420811,0.529323,0.498322
0.722019,0.763554,0.100580,0.242577,0.269343,0.639101,0.240212,0.429640
0.459556,0.753701,0.110253,0.286770,0.239978,0.283082,0.310670,0.347506
0.417316,0.519417,0.448301,0.620826,0.359121,0.762716,0.209312,0.532072
0.453165,0.524116,0.181519,0.365115,0.654725,0.748436,0.465955,0.582069
0.761336,0.422685,0.581573,0.357758,0.543773,0.654462,0.091272,0.576729
0.819052,0.624279,0.469811,0.676104,0.284514,0.366830,0.763461,0.345544
0.670186,0.708683,0.073223,0.297168,0.223229,0.698916,0.250512,0.347158
0.391973,0.518480,0.387350,0.608112,0.299097,0.685087,0.176445,0.545893
0.628719,0.573367,0.138326,0.287063,0.280522,0.176604,0.109824,0.301629
0.498146,0.133689,0.560360,0.694007,0.250384,0.382974,0.525825,0.414607
0.735085,0.672541,0.191561,0.088074,0.286714,0.713943,0.160496,0.396642
0.334075,0.132547,0.228151,0.613987,0.353252,0.358629,0.517953,0.079042
0.442792,0.289274,0.518920,0.641131,0.239388,0.314577,0.610040,0.443016
0.534981,0.456631,0.177697,0.246491,0.728688,0.644395,0.443976,0.535348
0.369307,0.310569,0.250488,0.564913,0.324731,0.284994,0.581732,0.215912
0.305043,0.668137,0.159771,0.481821,0.171938,0.224203,0.300854,0.454065
0.707229,0.690106,0.094516,0.291779,0.225463,0.763513,0.183080,0.327407
0.743790,0.693007,0.286204,0.650531,0.334720,0.485409,0.752124,0.269176
0.795857,0.766881,0.273993,0.667530,0.158758,0.427259,0.694331,0.292864
0.348093,0.569283,0.057648,0.401712,0.222308,0.200065,0.277853,0.290208
0.444710,0.344700,0.159006,0.664323,0.293486,0.284177,0.425169,0.332552
0.761083,0.559340,0.595445,0.276795,0.623355,0.676925,0.234004,0.513329
0.774513,0.715412,0.288582,0.573966,0.181750,0.428324,0.795415,0.354123
0.420716,0.409005,0.141631,0.268220,0.567342,0.784176,0.290022,0.565978
0.464339,0.328279,0.491651,0.545586,0.212566,0.404785,0.509332,0.431165
0.670956,0.437997,0.633501,0.303514,0.645365,0.694993,0.200454,0.593161
0.736845,0.675525,0.293785,0.628869,0.150972,0.349463,0.775463,0.331660
0.409372,0.629586,0.137380,0.277279,0.314672,0.184568,0.363949,0.414779
0.723597,0.795236,0.383637,0.652144,0.198351,0.450358,0.656174,0.407110
0.321420,0.206756,0.106049,0.453738,0.251056,0.307158,0.524411,0.112641
0.373418,0.490358,0.369571,0.653078,0.186603,0.624145,0.139348,0.595372
0.833496,0.555939,0.310214,0.718544,0.187221,0.316958,0.678943,0.313936
0.348128,0.088163,0.286944,0.560921,0.233073,0.334950,0.515640,0.178517
0.833575,0.644690,0.249676,0.193287,0.298100,0.573866,0.324635,0.334456
0.512803,0.647689,0.236617,0.456521,0.318166,0.162212,0.271406,0.416508
0.589597,0.326319,0.483351,0.631842,0.231296,0.440277,0.567681,0.449063
0.442595,0.577211,0.517929,0.643185,0.291421,0.725605,0.164307,0.645435
0.531717,0.224988,0.479877,0.580030,0.237402,0.560442,0.645698,0.413603
0.942694,0.688182,0.341157,0.680750,0.170188,0.552242,0.667173,0.227537
0.754517,0.761379,0.278102,0.181211,0.253921,0.668835,0.308813,0.367427
0.597614,0.544945,0.248235,0.277382,0.780401,0.786417,0.371687,0.480916
0.445615,0.429815,0.165693,0.279532,0.758052,0.854416,0.463803,0.538962
0.568397,0.562082,0.613800,0.230471,0.599204,0.678668,0.206550,0.625081
0.782948,0.612101,0.530475,0.269291,0.591296,0.664659,0.129867,0.486769
0.503382,0.538797,0.150906,0.256177,0.316366,0.127433,0.269047,0.441607
0.464204,0.568251,0.267868,0.401003,0.794484,0.734649,0.291308,0.641112
0.398142,0.465755,0.412906,0.500970,0.325326,0.691360,0.249464,0.645132
0.452043,0.221742,0.519350,0.732990,0.262696,0.457190,0.616999,0.434460
0.821166,0.534295,0.498235,0.342208,0.527599,0.614112,0.181628,0.705618
0.259432,0.199597,0.215867,0.540654,0.306069,0.330346,0.533740,0.150561
0.703870,0.432981,0.518157,0.346902,0.491414,0.815549,0.158782,0.649076
0.415050,0.349801,0.301168,0.315954,0.656312,0.722322,0.244529,0.485863
0.281265,0.139505,0.270530,0.569731,0.354425,0.342848,0.417766,0.180788
0.737786,0.780404,0.164180,0.166708,0.196589,0.660355,0.159939,0.491087
0.285279,0.130842,0.227578,0.517284,0.337049,0.268713,0.444579,0.088037
0.370346,0.488276,0.335881,0.507819,0.284502,0.722048,0.240424,0.668983
0.752545,0.716568,0.140628,0.113399,0.276661,0.686295,0.254481,0.441502
0.543774,0.622230,0.470733,0.694034,0.207801,0.800849,0.183636,0.468350
0.538662,0.325831,0.544665,0.666689,0.215339,0.413548,0.644404,0.390935
0.375476,0.197402,0.202883,0.538631,0.309890,0.284341,0.403192,0.283701
0.491210,0.574221,0.084901,0.404878,0.292198,0.192340,0.365681,0.385283
0.765808,0.648932,0.210406,0.202315,0.413432,0.637986,0.353788,0.475611
0.665374,0.431822,0.609350,0.272493,0.647027,0.683123,0.265268,0.652607
0.416840,0.437510,0.242778,0.329040,0.696801,0.872118,0.307195,0.673265
0.253535,0.313616,0.220485,0.676326,0.363057,0.293480,0.580759,0.207246
0.445151,0.609402,0.136671,0.307403,0.290150,0.286580,0.218642,0.306422
0.442760,0.522078,0.266713,0.283325,0.621834,0.827223,0.315844,0.515052
0.733451,0.581428,0.337491,0.662229,0.140294,0.483626,0.772851,0.438162
0.875932,0.572455,0.342035,0.616441,0.266610,0.441518,0.818257,0.294661
0.856269,0.567690,0.694436,0.417286,0.634157,0.712196,0.144134,0.634046
0.679317,0.794594,0.134953,0.168781,0.218787,0.600640,0.211059,0.391879
0.699591,0.464115,0.541964,0.419207,0.627171,0.710932,0.243815,0.620501
0.446126,0.129086,0.294556,0.659358,0.369589,0.380947,0.421752,0.073497
0.539524,0.322507,0.536264,0.573232,0.271070,0.467927,0.669088,0.350171
0.625281,0.508188,0.702116,0.386333,0.514722,0.767121,0.173060,0.623486
0.638443,0.654534,0.273353,0.792115,0.167243,0.493444,0.743977,0.394928
0.516537,0.471550,0.265765,0.166925,0.619379,0.715809,0.306783,0.585352
0.455231,0.279409,0.453477,0.599501,0.297087,0.290893,0.525383,0.401289
0.489804,0.281039,0.132009,0.564660,0.340630,0.318518,0.378433,0.308892
0.432362,0.506795,0.278101,0.303858,0.801249,0.702307,0.252215,0.546897
0.283374,0.587343,0.350435,0.527655,0.353880,0.637079,0.212054,0.668645
0.411423,0.683610,0.150391,0.384537,0.265103,0.222362,0.251954,0.385450
0.730664,0.660382,0.421805,0.695746,0.188650,0.501262,0.840683,0.233520
0.637172,0.090884,0.567761,0.581160,0.305049,0.462458,0.611519,0.416341
0.727766,0.658830,0.317516,0.195363,0.252626,0.835237,0.166129,0.464599
0.663915,0.672986,0.185069,0.202926,0.307468,0.725381,0.132057,0.496942
0.491145,0.556868,0.262961,0.236712,0.665267,0.691346,0.364728,0.582452
0.218207,0.504853,0.442902,0.599717,0.234642,0.706345,0.083001,0.605910
0.637765,0.725062,0.138779,0.228937,0.216383,0.696849,0.205074,0.369025
0.338769,0.501053,0.059111,0.294806,0.183617,0.341336,0.257625,0.293570
0.479614,0.615966,0.135492,0.440761,0.274646,0.211644,0.229621,0.314575
0.412406,0.181617,0.530788,0.663257,0.250586,0.490351,0.613610,0.461176
0.720745,0.443186,0.564125,0.315861,0.606211,0.677560,0.196599,0.558920
0.722086,0.588741,0.251704,0.630621,0.158262,0.454776,0.638836,0.307005
0.433363,0.599047,0.161804,0.433499,0.340632,0.125961,0.286625,0.302205
0.313336,0.546071,0.484086,0.575062,0.306576,0.718462,0.145582,0.526261
0.706076,0.742972,0.111385,0.084449,0.286977,0.785618,0.214017,0.361147
0.384942,0.141398,0.143075,0.647671,0.300168,0.329015,0.511937,0.208757
0.512408,0.503317,0.206252,0.213901,0.696273,0.791683,0.403270,0.586591
0.524585,0.247699,0.440618,0.602650,0.132262,0.464948,0.619281,0.377574
0.451608,0.543403,0.488742,0.627854,0.336557,0.734255,0.118189,0.612485
0.731084,0.709249,0.133733,0.174269,0.371220,0.763246,0.097614,0.362193
0.523461,0.585732,0.149516,0.350761,0.270532,0.109568,0.364461,0.391333
0.842083,0.493636,0.565376,0.377523,0.459627,0.694612,0.237736,0.671067
0.515022,0.212936,0.472663,0.651498,0.193482,0.375891,0.528206,0.426677
0.371507,0.267263,0.236259,0.646442,0.336440,0.287859,0.385219,0.253136
0.464023,0.217228,0.502720,0.547029,0.229802,0.422432,0.596430,0.441101
0.461766,0.481903,0.216375,0.324789,0.715408,0.699879,0.319365,0.619376
0.662794,0.732109,0.187280,0.166544,0.229635,0.683754,0.200185,0.435572
0.318039,0.321993,0.177780,0.597129,0.317332,0.239382,0.466993,0.227475
0.720328,0.511829,0.352398,0.736374,0.186907,0.484378,0.788629,0.358713
0.418605,0.526238,0.301251,0.239777,0.660410,0.786014,0.422859,0.515385
0.421587,0.606991,0.222047,0.377778,0.273886,0.201212,0.328794,0.359665
0.774973,0.530410,0.651366,0.405735,0.520485,0.604288,0.116709,0.624500
0.789888,0.436296,0.566056,0.279925,0.641130,0.719796,0.111220,0.646416
0.464768,0.452048,0.298248,0.580807,0.276937,0.704074,0.260202,0.588338
0.701124,0.621225,0.379730,0.629231,0.225762,0.417150,0.695780,0.347006
0.354777,0.429505,0.327488,0.535848,0.282713,0.711644,0.252031,0.528504
0.430009,0.575672,0.310915,0.365594,0.325177,0.205471,0.257652,0.375311
0.382659,0.601006,0.349525,0.634885,0.372216,0.708468,0.240568,0.644598
0.520154,0.482559,0.155577,0.322718,0.722796,0.762599,0.397231,0.708417
0.565799,0.198703,0.499172,0.633147,0.082944,0.382545,0.702208,0.353882
0.722006,0.419602,0.692633,0.336078,0.502710,0.640513,0.229602,0.580621
0.357555,0.498389,0.367534,0.327772,0.516578,0.810988,0.298245,0.599438
0.549001,0.269406,0.537924,0.685089,0.083295,0.461318,0.642191,0.350242
0.323401,0.283038,0.110356,0.621818,0.240421,0.261581,0.378546,0.157346
0.801847,0.583847,0.285761,0.658665,0.263223,0.435041,0.722115,0.444596
0.803697,0.799849,0.243022,0.201673,0.289195,0.712164,0.217650,0.361900
0.415134,0.436850,0.133552,0.289239,0.296511,0.189616,0.257466,0.461182
0.468712,0.513953,0.374001,0.512997,0.165106,0.705503,0.298562,0.609481
0.487973,0.203636,0.462504,0.542257,0.227444,0.272667,0.476227,0.315078
0.369974,0.575625,0.194874,0.253020,0.266337,0.174057,0.322726,0.330740
0.555726,0.269188,0.514685,0.585315,0.300579,0.509433,0.603213,0.345409
0.491506,0.552125,0.250784,0.231071,0.678794,0.717775,0.423934,0.507535
0.411353,0.558002,0.187786,0.240742,0.703777,0.720216,0.359222,0.614281
0.459205,0.473615,0.286337,0.321834,0.720935,0.667870,0.305420,0.614089
0.324615,0.183640,0.151410,0.551830,0.151026,0.257529,0.391112,0.205138
0.847034,0.531910,0.590802,0.415396,0.555823,0.665960,0.093368,0.602854
0.334764,0.306219,0.086448,0.523748,0.433561,0.267239,0.450072,0.132028
0.272387,0.248029,0.227515,0.570057,0.374989,0.395609,0.454208,0.174662
0.792019,0.658487,0.148224,0.142712,0.215556,0.690325,0.265709,0.393248
0.702948,0.675627,0.360755,0.615128,0.180314,0.436849,0.788083,0.363072
0.728440,0.502084,0.552472,0.344629,0.664319,0.620248,0.129592,0.613829
0.351029,0.261547,0.178854,0.528707,0.293580,0.377855,0.479469,0.306213
0.489203,0.173151,0.200446,0.523864,0.344245,0.316469,0.452072,0.231644
0.486198,0.586258,0.198648,0.266564,0.626240,0.776478,0.421415,0.620964
0.254247,0.340677,0.162202,0.618424,0.233373,0.229842,0.382146,0.146187
0.330734,0.458170,0.396279,0.647736,0.259840,0.621417,0.151086,0.591453
0.863005,0.630746,0.265264,0.644742,0.136393,0.451439,0.727634,0.207724
0.703464,0.659519,0.161072,0.227082,0.352485,0.819980,0.337152,0.402287
0.564130,0.291447,0.599249,0.629483,0.319462,0.483677,0.505245,0.523715
0.433123,0.228487,0.492432,0.715205,0.167449,0.432594,0.521493,0.356093
0.262966,0.354210,0.102123,0.664755,0.351209,0.309834,0.376556,0.154173
0.722562,0.626872,0.241811,0.265246,0.234059,0.730081,0.192001,0.479811
0.776551,0.679130,0.313025,0.554900,0.256739,0.429934,0.717870,0.340404
0.430353,0.582986,0.213873,0.432449,0.671079,0.804605,0.419779,0.614355
0.415616,0.506992,0.506389,0.692222,0.327484,0.636649,0.186463,0.630800
0.711787,0.488936,0.570992,0.357931,0.610479,0.619342,0.233106,0.730918
0.353342,0.658043,0.164007,0.270685,0.294390,0.281690,0.319589,0.375350
0.449490,0.226984,0.268800,0.612215,0.230677,0.374088,0.512319,0.250084
0.585496,0.215044,0.613131,0.552614,0.280758,0.487745,0.700031,0.376759
0.209344,0.292635,0.030369,0.715901,0.320505,0.402491,0.495645,0.351505
0.644257,0.748766,0.380574,0.630183,0.153472,0.496718,0.699953,0.347593
0.721322,0.519485,0.552719,0.402197,0.526080,0.660236,0.157201,0.625061
0.828077,0.625095,0.390844,0.674679,0.190854,0.553819,0.664536,0.369854
0.328371,0.286991,0.134171,0.706983,0.232053,0.416594,0.485019,0.277212
0.598334,0.279262,0.637899,0.616282,0.244793,0.499703,0.652304,0.429417
0.403168,0.277909,0.108088,0.630908,0.324796,0.359931,0.440366,0.270159
0.368096,0.652814,0.200519,0.322684,0.366176,0.138078,0.256473,0.362853
0.355533,0.594902,0.089132,0.231936,0.095078,0.163986,0.291560,0.357433
0.732786,0.706750,0.295129,0.650554,0.185478,0.307057,0.689670,0.360642
0.452627,0.599883,0.223438,0.363607,0.389866,0.101273,0.237658,0.433413
0.609168,0.148640,0.642114,0.602575,0.319297,0.443488,0.570615,0.455181
0.277052,0.191698,0.133474,0.611016,0.175981,0.318019,0.397035,0.199911
0.791950,0.543246,0.600174,0.306986,0.649556,0.887542,0.106673,0.635309
0.715350,0.669160,0.117109,0.167559,0.387767,0.760074,0.225712,0.427990
0.383130,0.288071,0.154392,0.604486,0.350558,0.428547,0.371480,0.232632
0.826210,0.633023,0.358058,0.688100,0.266271,0.348646,0.758490,0.344713
0.889311,0.595634,0.306859,0.767488,0.225027,0.457316,0.729930,0.330247
0.334399,0.580160,0.221900,0.299073,0.688806,0.712609,0.271814,0.603010
0.668949,0.734028,0.208481,0.126698,0.261399,0.695732,0.203084,0.432241
0.741898,0.528106,0.656642,0.325889,0.501877,0.612404,0.066599,0.602879
0.471849,0.477760,0.153152,0.292192,0.586405,0.747254,0.303341,0.607467
0.540590,0.198523,0.602149,0.624698,0.290019,0.395658,0.691685,0.433688
0.519596,0.286582,0.531811,0.613501,0.070045,0.418648,0.570254,0.474289
0.580824,0.337743,0.469180,0.579039,0.250463,0.358297,0.578026,0.458577
0.851041,0.606972,0.291978,0.699806,0.163830,0.459661,0.700486,0.420490
0.444625,0.550693,0.203921,0.291318,0.697929,0.799405,0.376844,0.692311
0.457735,0.509198,0.275198,0.238444,0.745654,0.789347,0.381422,0.595222
0.766805,0.718474,0.264940,0.206612,0.386813,0.731862,0.298508,0.404173
0.403210,0.488427,0.181752,0.268142,0.561347,0.903846,0.367619,0.620385
0.885892,0.701044,0.149911,0.200515,0.340371,0.679522,0.267695,0.426299
0.695073,0.656014,0.248147,0.072057,0.201460,0.669132,0.177355,0.466991
0.445987,0.274981,0.213027,0.587544,0.295878,0.369647,0.488619,0.135676
0.406749,0.467583,0.436147,0.478946,0.292658,0.680459,0.218447,0.474247
0.400861,0.580044,0.303962,0.501561,0.388863,0.744844,0.218268,0.651873
0.509613,0.575810,0.262539,0.375481,0.735180,0.835034,0.433929,0.510868
0.293041,0.248386,0.039446,0.588329,0.373898,0.290717,0.469537,0.241658
0.550765,0.237945,0.555407,0.616899,0.178300,0.456006,0.608231,0.366938
0.815420,0.448842,0.622307,0.298872,0.648755,0.622832,0.183678,0.601006
0.262280,0.441594,0.357067,0.540432,0.305263,0.664528,0.255302,0.648792
0.739096,0.616150,0.360588,0.615013,0.194351,0.462932,0.701357,0.306726
0.561632,0.208055,0.397927,0.670518,0.129372,0.445901,0.568573,0.416108
0.333012,0.691416,0.118252,0.324915,0.191727,0.160254,0.195482,0.390718
0.906698,0.603519,0.318006,0.676074,0.186990,0.429359,0.841889,0.417732
0.514784,0.247739,0.639921,0.578898,0.320217,0.426981,0.541252,0.486908
0.476475,0.255526,0.490073,0.568745,0.271349,0.406915,0.595443,0.371908
0.696738,0.664292,0.126965,0.175897,0.281539,0.764400,0.284111,0.461464
0.736150,0.562861,0.377404,0.693051,0.269932,0.509845,0.691872,0.337985
0.383110,0.274628,0.230349,0.525554,0.328566,0.249403,0.513508,0.240366
0.430719,0.384325,0.306655,0.282599,0.634909,0.797806,0.392192,0.690682
0.421558,0.500100,0.277451,0.277841,0.684909,0.793691,0.374893,0.740731
0.314935,0.510985,0.469931,0.500877,0.229000,0.783950,0.280552,0.550722
0.700575,0.713900,0.122796,0.194045,0.279936,0.764370,0.224056,0.293804
0.445564,0.270034,0.603704,0.642653,0.294979,0.514429,0.592506,0.344973
0.308705,0.542690,0.480163,0.645422,0.268556,0.632123,0.117595,0.595121
0.827749,0.567986,0.635404,0.335334,0.623214,0.707699,0.162959,0.509553
0.425892,0.460972,0.269810,0.261156,0.573946,0.788330,0.295057,0.670387
0.724397,0.424269,0.491503,0.339439,0.513253,0.630226,0.105606,0.728914
0.396073,0.529825,0.382037,0.554275,0.294407,0.739928,0.152552,0.629337
0.453957,0.190337,0.148912,0.578692,0.353545,0.297861,0.572736,0.111990
0.336134,0.232695,0.105595,0.569535,0.329668,0.352772,0.551234,0.173599
0.301013,0.234081,0.251640,0.525445,0.377520,0.375319,0.511765,0.171238
0.320152,0.172266,0.167475,0.612388,0.290159,0.401753,0.402949,0.253852
0.608163,0.111958,0.489923,0.598119,0.311078,0.473678,0.558083,0.525834
0.377932,0.562728,0.249296,0.292409,0.690052,0.942728,0.267466,0.582742
0.676565,0.701197,0.186947,0.293781,0.243234,0.719249,0.142203,0.483356
0.495003,0.680555,0.038105,0.403971,0.292436,0.229589,0.295956,0.380871
0.381483,0.520476,0.210548,0.282608,0.219764,0.259581,0.289414,0.371852
0.770585,0.554594,0.525402,0.186484,0.571029,0.747517,0.165050,0.646993
0.628604,0.566466,0.563658,0.399671,0.500297,0.677171,0.165374,0.573032
0.743208,0.717537,0.235340,0.145867,0.307010,0.761667,0.362366,0.307968
0.847724,0.403066,0.654830,0.437201,0.633602,0.639680,0.153205,0.557920
0.711916,0.478547,0.330632,0.635970,0.211366,0.493542,0.785991,0.248382
0.449587,0.461157,0.551145,0.552031,0.265647,0.685977,0.284981,0.588899
0.785432,0.743938,0.276853,0.564345,0.186030,0.380129,0.720443,0.362096
