0.361585,0.547023,0.561509,0.676714,0.356907,0.291310,0.354457,0.552006,0.279315,0.734315,0.264063,0.587586,0.773378,0.722640,0.306282,0.236632
0.305917,0.483027,0.406057,0.711543,0.217714,0.320058,0.388025,0.671189,0.326020,0.635370,0.182481,0.460078,0.626328,0.619972,0.337246,0.323356
0.747509,0.619606,0.543593,0.393601,0.834224,0.247817,0.419161,0.880363,0.773523,0.230899,0.543600,0.352852,0.573572,0.373716,0.137619,0.519339
0.329610,0.615209,0.386224,0.601979,0.589878,0.810893,0.615035,0.132917,0.271063,0.593409,0.545273,0.595550,0.757102,0.513186,0.714701,0.652112
0.371902,0.658872,0.468788,0.544762,0.573734,0.663618,0.607442,0.218587,0.296449,0.723832,0.494406,0.557600,0.748257,0.504711,0.734424,0.564506
0.358264,0.449400,0.301844,0.731484,0.703463,0.419917,0.335057,0.213864,0.758767,0.548827,0.902295,0.605461,0.239008,0.613720,0.226906,0.533765
0.599904,0.724605,0.195754,0.656361,0.554568,0.735124,0.382181,0.366038,0.853438,0.506756,0.809662,0.222161,0.592302,0.791820,0.531627,0.267363
0.646123,0.169070,0.321433,0.328110,0.755043,0.358709,0.501767,0.572727,0.762309,0.700689,0.464865,0.847291,0.509470,0.664611,0.265844,0.780660
0.353276,0.618844,0.448066,0.729258,0.627689,0.723581,0.751353,0.128650,0.143735,0.737558,0.554592,0.489579,0.784502,0.584774,0.755258,0.520370
0.613358,0.592500,0.358662,0.404385,0.745626,0.369653,0.653914,0.660441,0.612812,0.169188,0.590163,0.752285,0.597635,0.880079,0.401696,0.442364
0.250768,0.249940,0.258518,0.840875,0.743090,0.525678,0.353701,0.146504,0.591011,0.453023,0.788080,0.545087,0.330673,0.544246,0.241294,0.525704
0.187574,0.326493,0.814364,0.626443,0.511851,0.202549,0.456902,0.591241,0.375614,0.201143,0.501761,0.319264,0.160542,0.524015,0.764773,0.259908
0.129580,0.407609,0.793792,0.730563,0.531925,0.288487,0.443393,0.641281,0.480040,0.267898,0.449602,0.224706,0.296255,0.625191,0.739287,0.369956
0.353923,0.424979,0.171597,0.665281,0.599425,0.442447,0.927289,0.722270,0.376054,0.299422,0.506045,0.439262,0.918289,0.307103,0.394638,0.388703
0.704381,0.424316,0.342158,0.328881,0.607952,0.523009,0.278407,0.539781,0.924104,0.751324,0.444313,0.669615,0.556763,0.452155,0.366964,0.620493
0.298349,0.438641,0.460329,0.752735,0.327456,0.347163,0.354393,0.641520,0.200591,0.840673,0.198788,0.666452,0.715638,0.528821,0.296807,0.241798
0.238512,0.532762,0.515920,0.722964,0.223292,0.477612,0.366647,0.566095,0.394290,0.757659,0.347524,0.550513,0.742870,0.670235,0.384353,0.198256
0.674231,0.149938,0.368826,0.206694,0.636779,0.435529,0.335327,0.706237,0.706791,0.640220,0.447014,0.691947,0.267777,0.593845,0.336448,0.750248
0.248048,0.678272,0.629999,0.847090,0.477570,0.611249,0.389750,0.476830,0.415796,0.164954,0.830067,0.443278,0.565160,0.221585,0.308043,0.684507
0.716486,0.752990,0.697036,0.297409,0.683502,0.164819,0.438424,0.779187,0.698830,0.132657,0.621797,0.389653,0.473119,0.391504,0.327817,0.532825
0.810583,0.174349,0.394477,0.206809,0.656355,0.302443,0.339603,0.639635,0.841149,0.615969,0.492788,0.715364,0.380059,0.595286,0.297486,0.709699
0.712827,0.777801,0.319946,0.694249,0.522211,0.699819,0.311051,0.327216,0.831835,0.588348,0.741172,0.134956,0.634001,0.756345,0.374535,0.339948
0.661593,0.445257,0.479354,0.150607,0.426986,0.389738,0.282559,0.571681,0.748909,0.814891,0.546915,0.668474,0.701394,0.491197,0.408669,0.550910
0.369829,0.549454,0.490822,0.792816,0.369744,0.421273,0.228844,0.596902,0.444639,0.573444,0.215424,0.517841,0.812064,0.698721,0.304167,0.207137
0.597111,0.696889,0.116440,0.643655,0.391347,0.691609,0.431501,0.095966,0.697644,0.590624,0.784862,0.184409,0.684437,0.791464,0.532860,0.389275
0.402184,0.405504,0.696959,0.477629,0.113975,0.250452,0.790589,0.149947,0.536919,0.144105,0.597037,0.643055,0.285881,0.799185,0.429731,0.821133
0.463300,0.575855,0.613271,0.396726,0.835963,0.326583,0.779684,0.510877,0.696192,0.240227,0.541081,0.891030,0.524600,0.794989,0.478039,0.359985
0.501667,0.530461,0.291379,0.551548,0.416034,0.785568,0.462419,0.628764,0.757135,0.453949,0.636388,0.521773,0.280562,0.571463,0.845909,0.351332
0.266556,0.477563,0.454551,0.742575,0.317995,0.534021,0.370694,0.600585,0.341795,0.665207,0.216488,0.576019,0.717100,0.708860,0.330402,0.208195
0.492289,0.390456,0.723302,0.508321,0.259273,0.266389,0.779622,0.184960,0.494559,0.276512,0.495565,0.562267,0.228080,0.840734,0.516314,0.888811
0.741310,0.423414,0.437876,0.846009,0.647986,0.593138,0.303115,0.662600,0.427133,0.751612,0.552464,0.569221,0.578623,0.382006,0.361845,0.731209
0.293634,0.719758,0.562377,0.739790,0.433075,0.562280,0.454057,0.608545,0.530999,0.116291,0.731905,0.429386,0.580153,0.251473,0.283210,0.739881
0.285311,0.637134,0.336829,0.698807,0.601804,0.867316,0.586320,0.162693,0.454878,0.596232,0.425295,0.694317,0.784265,0.503895,0.643145,0.684984
0.674430,0.283121,0.444279,0.304025,0.676211,0.401751,0.387725,0.680277,0.698074,0.525419,0.555518,0.602238,0.349875,0.613168,0.294077,0.717439
0.396393,0.614596,0.499958,0.758995,0.338097,0.460195,0.446168,0.539514,0.212729,0.757822,0.187406,0.572701,0.741330,0.517523,0.311656,0.156927
0.883531,0.463789,0.483413,0.743318,0.575816,0.614757,0.226087,0.677079,0.304765,0.823572,0.627855,0.505072,0.551520,0.208056,0.488375,0.842910
0.196241,0.372955,0.772616,0.614370,0.498841,0.320218,0.391012,0.500455,0.257535,0.281154,0.493831,0.386626,0.216101,0.715070,0.677304,0.207633
0.257282,0.269315,0.864152,0.637835,0.527036,0.310118,0.542237,0.567066,0.374085,0.264002,0.490211,0.236843,0.086369,0.684417,0.685771,0.190286
0.668056,0.795571,0.675777,0.446688,0.652326,0.600688,0.439769,0.570173,0.507271,0.632653,0.631367,0.262535,0.725570,0.738879,0.634049,0.766390
0.650711,0.164321,0.411471,0.384138,0.728605,0.398561,0.446181,0.580673,0.664201,0.564200,0.383492,0.750944,0.471408,0.567962,0.283305,0.757600
0.685822,0.246272,0.411157,0.227609,0.626263,0.404383,0.464697,0.758675,0.689371,0.662534,0.417816,0.570791,0.361241,0.660929,0.370619,0.774533
0.578172,0.459503,0.431184,0.565727,0.309299,0.824783,0.306911,0.604953,0.627938,0.706929,0.634416,0.566014,0.252570,0.669705,0.793397,0.321857
0.751716,0.504669,0.339326,0.216553,0.531127,0.505699,0.218934,0.536908,0.911691,0.764585,0.502547,0.762224,0.665882,0.542804,0.403820,0.580913
0.268690,0.677890,0.439425,0.585044,0.545254,0.744151,0.547513,0.269787,0.158194,0.682364,0.519300,0.555760,0.781729,0.597927,0.680753,0.628365
0.292897,0.561266,0.402804,0.829349,0.321368,0.402696,0.370714,0.679805,0.278942,0.709589,0.161834,0.547347,0.659560,0.666779,0.365575,0.143304
0.385168,0.399547,0.399190,0.302996,0.556268,0.965267,0.479303,0.367719,0.425129,0.207829,0.497907,0.576464,0.791878,0.445275,0.347668,0.959565
0.779165,0.554734,0.352384,0.328436,0.440631,0.563365,0.271304,0.594245,0.885379,0.674209,0.585928,0.700211,0.650972,0.363089,0.401196,0.683490
0.586000,0.582105,0.555414,0.364536,0.794809,0.417420,0.722930,0.613728,0.670716,0.249204,0.610362,0.847670,0.433642,0.788246,0.509053,0.293439
0.260951,0.431928,0.416772,0.744483,0.260804,0.416684,0.333101,0.655654,0.411959,0.651623,0.193487,0.443250,0.694909,0.758039,0.365536,0.310687
0.605075,0.496137,0.468652,0.251722,0.684823,0.263761,0.688251,0.564864,0.677569,0.162198,0.731274,0.761283,0.521605,0.722902,0.516855,0.326919
0.779470,0.252853,0.335619,0.122023,0.588244,0.296737,0.580435,0.639944,0.732455,0.741966,0.468809,0.762028,0.455888,0.594237,0.403257,0.646185
0.755021,0.093636,0.471459,0.316376,0.699447,0.391930,0.518231,0.580105,0.665651,0.527802,0.485292,0.722855,0.367153,0.619758,0.343599,0.775587
0.289134,0.429447,0.751974,0.691011,0.456479,0.332753,0.454726,0.539127,0.323661,0.209354,0.555533,0.349301,0.225380,0.643400,0.844543,0.326554
0.534900,0.516284,0.377572,0.661170,0.692067,0.518268,0.283327,0.654712,0.505795,0.605745,0.564681,0.456441,0.573478,0.207918,0.377974,0.805765
0.488255,0.580640,0.406402,0.576695,0.408369,0.799862,0.361805,0.486023,0.685422,0.562089,0.698236,0.521445,0.366168,0.680986,0.846331,0.365106
0.327130,0.480351,0.392417,0.847593,0.306731,0.353539,0.265016,0.634221,0.365663,0.597266,0.169868,0.561451,0.671087,0.635297,0.363941,0.097683
0.333382,0.525406,0.487614,0.843215,0.285704,0.404755,0.234336,0.625598,0.224887,0.662294,0.209659,0.513695,0.704561,0.524680,0.290772,0.212843
0.420024,0.314519,0.645789,0.554307,0.270974,0.187133,0.696924,0.218221,0.462370,0.301357,0.674401,0.717880,0.182115,0.951705,0.414718,0.760471
0.284749,0.722265,0.443706,0.612116,0.556330,0.617659,0.527269,0.269137,0.337047,0.559612,0.418090,0.496088,0.812343,0.487415,0.838719,0.492141
0.321231,0.495581,0.407645,0.712279,0.388518,0.456970,0.434758,0.574481,0.421612,0.888101,0.266454,0.550078,0.684296,0.694271,0.257284,0.261743
0.711933,0.763922,0.645833,0.293021,0.689546,0.185044,0.441261,0.941907,0.801884,0.274869,0.552173,0.320055,0.607942,0.361093,0.242661,0.440100
0.434082,0.573520,0.398056,0.325962,0.586068,0.891623,0.581557,0.405067,0.210590,0.273687,0.504045,0.472926,0.760602,0.441086,0.358925,0.848725
0.399239,0.306769,0.349850,0.765917,0.682009,0.481818,0.253532,0.220833,0.690678,0.462492,0.855471,0.555692,0.283085,0.655877,0.156830,0.390138
0.509880,0.364636,0.799418,0.573258,0.264751,0.231453,0.725351,0.342064,0.490175,0.277903,0.646338,0.628473,0.269625,0.811156,0.501363,0.780637
0.680863,0.508119,0.271247,0.184162,0.601690,0.595203,0.295529,0.648329,0.936065,0.722159,0.540468,0.786138,0.580488,0.590836,0.303942,0.771355
0.621643,0.628405,0.275609,0.737232,0.540846,0.694850,0.500479,0.373653,0.743512,0.558541,0.734856,0.108939,0.571683,0.638786,0.526864,0.215032
0.212647,0.202821,0.782697,0.838480,0.434586,0.263365,0.516428,0.481175,0.455947,0.249897,0.452855,0.341529,0.284511,0.601770,0.789687,0.392258
0.239362,0.437378,0.345213,0.726063,0.457433,0.489753,0.817960,0.537986,0.410802,0.264781,0.532594,0.364155,0.737670,0.311435,0.339024,0.339250
0.272906,0.619075,0.355968,0.698798,0.707172,0.841930,0.594017,0.287218,0.158619,0.678745,0.409455,0.458042,0.805005,0.449651,0.708469,0.579882
0.383892,0.634764,0.496988,0.682975,0.704599,0.683085,0.675862,0.184313,0.365918,0.650812,0.424099,0.569152,0.724889,0.483636,0.615852,0.658021
0.627189,0.740757,0.698644,0.323488,0.646110,0.105396,0.363717,0.828919,0.712688,0.100569,0.652125,0.308113,0.491560,0.328362,0.301484,0.603108
0.484961,0.574742,0.387109,0.478546,0.306674,0.752330,0.273840,0.469226,0.763720,0.563791,0.575713,0.623841,0.144465,0.586384,0.990838,0.292517
0.745286,0.848313,0.616513,0.347837,0.632628,0.589181,0.390541,0.530061,0.478207,0.552825,0.676840,0.249980,0.784923,0.749043,0.496677,0.575036
0.721954,0.515221,0.441019,0.741873,0.580168,0.449060,0.339170,0.658299,0.505881,0.697032,0.576003,0.501796,0.481646,0.250946,0.469992,0.776472
0.606313,0.732529,0.708936,0.362414,0.599304,0.320332,0.483822,0.870713,0.739907,0.131314,0.666573,0.255271,0.521975,0.275425,0.394517,0.607250
0.263334,0.606779,0.476312,0.628665,0.624798,0.862047,0.550366,0.278212,0.364187,0.702744,0.631817,0.608186,0.761062,0.558625,0.653122,0.634204
0.491272,0.492382,0.544676,0.420349,0.884808,0.316017,0.722303,0.614693,0.551171,0.243559,0.547589,0.788207,0.432719,0.702483,0.555317,0.370341
0.612074,0.262564,0.392966,0.296489,0.611907,0.337750,0.335991,0.604980,0.653134,0.612738,0.450768,0.632456,0.460626,0.663703,0.269158,0.643815
0.548884,0.848496,0.530213,0.305717,0.751273,0.149931,0.390916,0.832082,0.860278,0.186488,0.556122,0.311688,0.442613,0.369920,0.327248,0.545701
0.260006,0.246054,0.295348,0.781050,0.708718,0.455697,0.254650,0.136808,0.639185,0.503404,0.712699,0.463878,0.282055,0.644067,0.221441,0.554895
0.667954,0.235283,0.427774,0.255811,0.674034,0.391335,0.431403,0.594463,0.602961,0.641144,0.466488,0.582860,0.460519,0.618719,0.292637,0.781478
0.732619,0.741738,0.204993,0.655755,0.428906,0.753413,0.428139,0.206392,0.882638,0.543651,0.736201,0.263370,0.465559,0.629942,0.401953,0.359841
0.760379,0.510405,0.354106,0.204188,0.463921,0.595571,0.191369,0.550696,0.817523,0.774785,0.459627,0.753974,0.726519,0.485766,0.484792,0.555528
0.321657,0.561421,0.480854,0.804443,0.221836,0.354504,0.367899,0.697314,0.299794,0.766572,0.144810,0.639928,0.646313,0.759098,0.279248,0.173591
0.587533,0.326407,0.666920,0.546711,0.120046,0.286379,0.587399,0.210780,0.519879,0.193905,0.483901,0.653968,0.158302,0.708391,0.431211,0.757990
0.770955,0.192481,0.497302,0.288846,0.661925,0.405871,0.410010,0.707657,0.719359,0.642394,0.523496,0.634201,0.498753,0.666651,0.346917,0.719524
0.118339,0.540003,0.196567,0.749201,0.597179,0.373907,0.825036,0.595929,0.360188,0.310100,0.526125,0.423384,0.755733,0.254634,0.434208,0.362245
0.358604,0.314093,0.192533,0.876609,0.701453,0.623687,0.236381,0.172786,0.655967,0.385824,0.910638,0.610503,0.319533,0.494606,0.212147,0.400747
0.418987,0.346464,0.607648,0.516961,0.311808,0.248165,0.852782,0.241751,0.460937,0.166287,0.520418,0.654196,0.173143,0.729328,0.589081,0.780099
0.515179,0.665873,0.661728,0.307355,0.572528,0.548554,0.443825,0.507963,0.450971,0.509614,0.637139,0.382932,0.673438,0.783596,0.681259,0.795671
0.562893,0.446084,0.469321,0.386037,0.884495,0.291473,0.694780,0.599923,0.687223,0.166359,0.621790,0.804539,0.523432,0.784530,0.515093,0.403604
0.712307,0.480384,0.499892,0.779688,0.683388,0.519623,0.254786,0.606501,0.406376,0.795282,0.532483,0.473777,0.588011,0.269191,0.478333,0.725059
0.176274,0.373487,0.157649,0.747101,0.663951,0.323058,0.246811,0.201241,0.629264,0.504117,0.763244,0.565486,0.182962,0.535374,0.302165,0.443426
0.699886,0.477687,0.472050,0.461729,0.754484,0.376492,0.689154,0.641282,0.657407,0.232994,0.623648,0.836738,0.549259,0.619422,0.595513,0.342290
0.616362,0.521074,0.521975,0.389278,0.838977,0.392604,0.818641,0.547457,0.770937,0.162289,0.642580,0.804939,0.616311,0.785064,0.477513,0.318940
0.260184,0.349287,0.266924,1.000000,0.698991,0.482813,0.394717,0.109270,0.709884,0.493146,0.828811,0.624624,0.325730,0.682806,0.215470,0.566104
0.690983,0.707341,0.791240,0.316397,0.752081,0.223421,0.497669,0.663162,0.858675,0.238885,0.647841,0.317710,0.603784,0.437597,0.251472,0.542657
0.698169,0.194388,0.322540,0.193825,0.659535,0.360681,0.364716,0.573147,0.836950,0.611668,0.459342,0.673364,0.466427,0.559381,0.313175,0.742861
0.679990,0.918889,0.627584,0.438267,0.607374,0.700324,0.354782,0.599282,0.431825,0.643126,0.784274,0.260946,0.751686,0.947203,0.589309,0.696391
0.679673,0.747282,0.249914,0.720079,0.486689,0.664238,0.327127,0.424360,0.811557,0.597910,0.678824,0.167166,0.623505,0.637411,0.340492,0.317140
0.685735,0.253167,0.508204,0.205956,0.706776,0.428725,0.367328,0.506052,0.726843,0.674733,0.518387,0.720415,0.372240,0.572717,0.430485,0.699532
0.266667,0.497110,0.497072,0.719092,0.371520,0.445004,0.271739,0.644025,0.318183,0.681910,0.113832,0.593168,0.644986,0.707169,0.345100,0.265562
0.300668,0.314479,0.276980,0.805709,0.770915,0.549208,0.323647,0.227708,0.625025,0.458872,0.859179,0.430558,0.364727,0.631285,0.146954,0.549028
0.726408,0.434173,0.304856,0.108569,0.567501,0.502290,0.321431,0.478326,0.855219,0.586541,0.469317,0.770956,0.789049,0.485600,0.437918,0.606672
0.346153,0.480358,0.294305,0.731721,0.555961,0.469907,0.881697,0.671733,0.316686,0.264076,0.535070,0.382955,0.842391,0.307003,0.242972,0.229509
0.827959,0.299276,0.422104,0.244226,0.614628,0.367962,0.382039,0.536764,0.773804,0.726977,0.437934,0.661286,0.426568,0.520048,0.353642,0.801337
0.265176,0.637930,0.316311,0.762993,0.511014,0.427275,0.864653,0.652175,0.403349,0.309546,0.535682,0.375779,0.722418,0.316306,0.354026,0.479015
0.439526,0.342689,0.768281,0.570051,0.199283,0.226136,0.701221,0.149985,0.448319,0.271005,0.542592,0.649834,0.159902,0.718502,0.461816,0.925359
0.557523,0.340306,0.682752,0.559934,0.187514,0.404710,0.753670,0.270931,0.386586,0.250802,0.613632,0.698475,0.178179,0.744191,0.345437,0.852557
0.284479,0.505310,0.482020,0.705067,0.261135,0.377297,0.395671,0.757992,0.385426,0.568201,0.207332,0.415731,0.778230,0.699468,0.375127,0.263469
0.693913,0.749081,0.689047,0.402302,0.834844,0.229539,0.430602,0.815625,0.748197,0.265645,0.671984,0.320900,0.616211,0.380925,0.284239,0.423553
0.701781,0.695658,0.237285,0.805878,0.468252,0.768135,0.321512,0.265676,0.717416,0.460264,0.679108,0.222783,0.652858,0.731228,0.543579,0.187999
0.299265,0.691869,0.466236,0.534168,0.671604,0.772834,0.540092,0.263524,0.285622,0.703847,0.492649,0.591891,0.707539,0.470051,0.578427,0.608062
0.673524,0.645566,0.557389,0.433687,0.804139,0.261788,0.417294,0.823726,0.839678,0.307694,0.740483,0.380787,0.522696,0.360356,0.359817,0.609466
0.351995,0.437683,0.485324,0.786490,0.349906,0.441036,0.437689,0.624244,0.313333,0.710424,0.188839,0.580179,0.782820,0.664708,0.210371,0.098220
0.653059,0.432504,0.352431,0.759944,0.628524,0.516963,0.224775,0.678721,0.440779,0.788115,0.729232,0.523842,0.671004,0.337425,0.503296,0.719106
0.561377,0.572773,0.283605,0.596627,0.396082,0.762549,0.433226,0.543136,0.795816,0.658268,0.732584,0.558834,0.326794,0.659559,0.863044,0.261105
0.311070,0.202574,0.676930,0.619526,0.398888,0.236163,0.473835,0.515022,0.448154,0.243517,0.349638,0.286780,0.121259,0.645323,0.762182,0.215718
0.391400,0.839128,0.737608,0.720767,0.429133,0.638036,0.516956,0.492515,0.537867,0.116176,0.737774,0.503967,0.595360,0.225226,0.214777,0.819295
0.679341,0.827054,0.629839,0.281370,0.714040,0.271365,0.391803,0.666128,0.837098,0.246973,0.688199,0.442723,0.396405,0.329282,0.333111,0.487566
0.587139,0.465841,0.432778,0.102988,0.631978,0.486450,0.215131,0.499194,0.789063,0.675415,0.459306,0.831618,0.744452,0.392796,0.399272,0.535256
0.523317,0.479005,0.598900,0.306587,0.808900,0.377133,0.801999,0.703041,0.642222,0.068342,0.693083,0.918925,0.608605,0.789219,0.413050,0.520064
0.587392,0.406284,0.668178,0.490712,0.247703,0.348310,0.847285,0.210658,0.521270,0.242859,0.577201,0.589626,0.222247,0.823432,0.533799,0.735434
0.351881,0.391444,0.282233,0.773769,0.701442,0.367430,0.310753,0.169615,0.664254,0.472552,0.834587,0.518569,0.279538,0.463474,0.247193,0.466508
0.361258,0.514177,0.417133,0.169239,0.528052,0.845033,0.538192,0.475089,0.288003,0.235229,0.623048,0.370653,0.797382,0.414035,0.299775,0.913149
0.343222,0.336511,0.231355,0.999321,0.687883,0.477960,0.412676,0.331343,0.635230,0.574253,0.759271,0.499208,0.298576,0.544926,0.290658,0.553216
0.573683,0.569888,0.420883,0.479482,0.349096,0.711898,0.343953,0.491059,0.639637,0.587732,0.677863,0.608760,0.289710,0.568097,0.782657,0.286814
0.296836,0.583952,0.359972,0.646812,0.684180,0.761023,0.645664,0.165907,0.322521,0.631469,0.416522,0.620668,0.779852,0.434521,0.690466,0.598100
0.271345,0.229658,0.784903,0.839199,0.472871,0.272217,0.491287,0.630026,0.300924,0.277650,0.411611,0.190707,0.326543,0.663720,0.731662,0.277987
0.144083,0.466382,0.369215,0.773635,0.586455,0.477227,0.868353,0.674812,0.299140,0.196114,0.493564,0.369312,0.725305,0.209276,0.341513,0.375222
0.465684,0.454501,0.679733,0.354193,0.541968,0.379409,0.850937,0.643086,0.607279,0.156261,0.620608,0.920996,0.495075,0.697392,0.438114,0.320507
0.322258,0.570625,0.237997,0.699426,0.667641,0.499611,0.892405,0.652637,0.399513,0.376502,0.625227,0.410437,0.658048,0.254754,0.412349,0.199817
0.245260,0.362220,0.279915,0.743430,0.761547,0.560411,0.320327,0.290842,0.769968,0.401461,0.864519,0.464050,0.278952,0.643080,0.208909,0.527671
0.460370,0.329918,0.723499,0.620996,0.207929,0.294019,0.688770,0.245369,0.523361,0.183435,0.549761,0.615981,0.143214,0.751166,0.411869,0.772075
0.201436,0.434823,0.413023,0.787602,0.363256,0.345253,0.356435,0.583560,0.299001,0.771807,0.146028,0.604147,0.698719,0.719602,0.267577,0.095339
0.434227,0.375646,0.621839,0.521863,0.221211,0.293093,0.692109,0.277712,0.565750,0.329770,0.503003,0.730357,0.261631,0.835849,0.436965,0.823255
0.714476,0.767233,0.634071,0.349781,0.808320,0.640246,0.477469,0.536527,0.504666,0.508626,0.735539,0.315398,0.842277,0.748684,0.608278,0.741862
0.319477,0.336096,0.716064,0.539504,0.572845,0.252715,0.425994,0.530709,0.310347,0.348958,0.456994,0.262349,0.272989,0.642798,0.631976,0.200763
0.707757,0.480478,0.310472,0.208720,0.529337,0.471819,0.199630,0.609785,0.907688,0.714186,0.577245,0.734029,0.722992,0.496990,0.482351,0.627069
0.705155,0.169154,0.261260,0.237646,0.787945,0.374593,0.479429,0.669457,0.579316,0.578804,0.453190,0.545145,0.433859,0.696485,0.321172,0.534531
0.399328,0.473155,0.558931,0.705258,0.323504,0.458050,0.354362,0.595090,0.367116,0.771675,0.204122,0.675930,0.766829,0.643308,0.373402,0.191013
0.546880,0.535057,0.524808,0.449860,0.777245,0.366544,0.769100,0.577086,0.616230,0.215226,0.631776,0.841237,0.525858,0.843533,0.450225,0.335454
0.339795,0.427217,0.505414,0.700578,0.365376,0.398420,0.327670,0.610094,0.360369,0.733099,0.256062,0.461939,0.661088,0.646842,0.177400,0.168564
0.719911,0.476091,0.360098,0.121518,0.622104,0.494050,0.253110,0.556561,0.812013,0.852485,0.497929,0.734648,0.669970,0.584824,0.468138,0.637047
0.244265,0.372507,0.836054,0.606811,0.521263,0.228941,0.557877,0.483447,0.461702,0.287170,0.465485,0.195846,0.354477,0.567690,0.644604,0.269911
0.703296,0.475889,0.555105,0.752181,0.717008,0.473163,0.285595,0.729268,0.422508,0.636392,0.459573,0.540211,0.636516,0.361052,0.418671,0.702666
0.642631,0.768663,0.677479,0.370395,0.578295,0.610441,0.464767,0.586821,0.520682,0.591744,0.683253,0.222570,0.787375,0.813486,0.582224,0.602887
0.513467,0.556853,0.469107,0.453017,0.832638,0.379625,0.768374,0.582664,0.742013,0.251909,0.636466,0.892752,0.517747,0.800542,0.423066,0.340940
0.751538,0.384172,0.510090,0.698302,0.581585,0.617689,0.082625,0.564416,0.424545,0.740030,0.550428,0.463536,0.499308,0.293339,0.529854,0.734753
0.726005,0.522402,0.300087,0.187469,0.541336,0.555005,0.252890,0.530236,0.783924,0.791603,0.540228,0.632922,0.673067,0.476157,0.496562,0.609142
0.347651,0.526507,0.348291,0.669261,0.601696,0.565783,0.686630,0.597108,0.306158,0.362588,0.518010,0.405577,0.844320,0.273993,0.423541,0.436774
0.337006,0.720934,0.737559,0.705280,0.327659,0.607099,0.369082,0.565058,0.576047,0.159012,0.759506,0.481130,0.440252,0.278942,0.141247,0.837383
0.591733,0.443503,0.436201,0.751459,0.684091,0.596580,0.335417,0.642109,0.425151,0.734847,0.546699,0.395986,0.610134,0.219841,0.397749,0.747542
0.181191,0.315078,0.768485,0.794713,0.442990,0.258455,0.597297,0.528985,0.378419,0.194083,0.474791,0.239368,0.163876,0.670291,0.812664,0.280641
0.284203,0.651133,0.640895,0.597847,0.515894,0.562852,0.515159,0.479080,0.519294,0.286931,0.676580,0.311133,0.572071,0.187246,0.250509,0.602506
0.300892,0.472501,0.338836,0.770760,0.559566,0.438692,0.852877,0.664213,0.322839,0.284272,0.488293,0.491308,0.615293,0.187507,0.341108,0.354473
0.400842,0.718316,0.469239,0.619869,0.563880,0.840609,0.583850,0.145179,0.272336,0.655399,0.484106,0.625299,0.789486,0.585499,0.599078,0.634972
0.290239,0.722648,0.667997,0.703020,0.463246,0.710053,0.366637,0.491661,0.574325,0.211426,0.662310,0.378563,0.567246,0.180951,0.294976,0.743965
0.470935,0.393234,0.753381,0.489490,0.302908,0.358979,0.861200,0.000000,0.557946,0.129493,0.550856,0.743831,0.252884,0.798588,0.488497,0.896022
0.649935,0.130791,0.365773,0.147546,0.711923,0.260846,0.389797,0.586650,0.720083,0.600800,0.408560,0.713274,0.419856,0.645961,0.215781,0.719065
0.499689,0.518635,0.333915,0.600554,0.283370,0.799473,0.316027,0.482746,0.675217,0.652337,0.585743,0.417766,0.278937,0.638090,0.649327,0.361559
0.570622,0.362301,0.622319,0.427808,0.187867,0.326544,0.770517,0.225310,0.583070,0.292581,0.547585,0.623889,0.146834,0.856897,0.575746,0.883072
0.715694,0.258022,0.411052,0.254355,0.758364,0.376441,0.434583,0.563421,0.617717,0.683551,0.380561,0.786110,0.460267,0.457354,0.367836,0.655751
0.469933,0.372283,0.522178,0.457956,0.843961,0.414977,0.651971,0.620237,0.677899,0.222429,0.600942,0.828211,0.392331,0.678192,0.403513,0.359847
0.141259,0.375113,0.236079,0.880690,0.622055,0.472103,0.357158,0.269637,0.651565,0.500697,0.803413,0.615754,0.264601,0.608402,0.275118,0.583777
0.353400,0.834340,0.573313,0.666977,0.382530,0.623281,0.484252,0.521941,0.527198,0.273173,0.763217,0.408745,0.539294,0.222130,0.312226,0.739003
0.731711,0.438342,0.559673,0.830547,0.630594,0.524101,0.118875,0.618591,0.491981,0.704440,0.621506,0.550839,0.537667,0.194147,0.442001,0.694051
0.777129,0.485106,0.296987,0.191069,0.527269,0.552937,0.219157,0.502154,0.861909,0.680628,0.635546,0.704259,0.812724,0.489660,0.387249,0.588433
0.440965,0.485418,0.363737,0.756588,0.296107,0.356976,0.416790,0.614458,0.307714,0.821854,0.267271,0.537823,0.807868,0.685476,0.288070,0.167703
0.690619,0.751772,0.314328,0.742232,0.387794,0.787717,0.510901,0.233196,0.773286,0.657738,0.828070,0.291863,0.737733,0.593860,0.520880,0.271129
0.156863,0.445826,0.312512,0.750030,0.553086,0.480323,0.749755,0.601706,0.350211,0.218832,0.535492,0.477326,0.703268,0.105324,0.443076,0.266948
0.176316,0.575125,0.421345,0.734943,0.516681,0.380773,0.779842,0.673191,0.328429,0.379486,0.474882,0.318372,0.748189,0.180389,0.443573,0.224998
0.262454,0.830688,0.608326,0.801666,0.377922,0.620185,0.525119,0.410856,0.541369,0.214988,0.788872,0.376823,0.551014,0.234170,0.130682,0.904463
0.741802,0.703146,0.550152,0.307411,0.755843,0.281063,0.317746,0.918805,0.802687,0.196027,0.632671,0.273818,0.605291,0.370080,0.267212,0.491549
0.215294,0.489866,0.322516,0.693550,0.607145,0.481997,0.752125,0.602483,0.383885,0.254387,0.533263,0.412801,0.862899,0.215722,0.474977,0.277685
0.552456,0.692725,0.790136,0.336892,0.797805,0.100266,0.394478,0.813090,0.831715,0.179547,0.623754,0.223954,0.589695,0.378105,0.265666,0.528061
0.679905,0.506100,0.403918,0.729710,0.554401,0.464621,0.257316,0.700758,0.506358,0.756576,0.655438,0.419261,0.551472,0.267373,0.429816,0.814199
0.291585,0.635186,0.478412,0.483422,0.533670,0.686621,0.516390,0.274806,0.323788,0.776436,0.472081,0.563912,0.735254,0.547099,0.694707,0.688102
0.799485,0.665976,0.128231,0.668665,0.654090,0.726189,0.481154,0.330263,0.762182,0.533679,0.822753,0.152967,0.563393,0.582738,0.505891,0.350657
0.664273,0.680374,0.516813,0.323372,0.718039,0.192782,0.487818,0.818179,0.768724,0.159252,0.541951,0.286244,0.493163,0.302304,0.345368,0.431731
0.286610,0.627786,0.533941,0.722989,0.583232,0.705229,0.631121,0.262654,0.361730,0.703164,0.461568,0.611349,0.797094,0.523681,0.673535,0.594170
0.533583,0.558527,0.267959,0.226701,0.588540,0.868090,0.598310,0.302435,0.323433,0.233986,0.652954,0.385951,0.815887,0.351195,0.455593,0.802339
0.167780,0.311453,0.845708,0.734843,0.408224,0.216428,0.523672,0.471231,0.395184,0.222567,0.443249,0.341405,0.233934,0.587612,0.704677,0.278513
0.520952,0.473943,0.512824,0.422357,0.755313,0.388761,0.703425,0.657956,0.660536,0.267978,0.693754,0.886491,0.659942,0.824533,0.412724,0.180239
0.432071,0.590008,0.562000,0.403896,0.740282,0.418824,0.741976,0.554917,0.663814,0.108308,0.674591,0.858971,0.513269,0.770827,0.539457,0.306463
0.637814,0.332488,0.381954,0.284351,0.600359,0.336037,0.320845,0.703180,0.747960,0.666326,0.459607,0.699072,0.462449,0.674401,0.341923,0.680691
0.360930,0.705169,0.442178,0.652340,0.612223,0.636262,0.645395,0.311539,0.234982,0.691164,0.404156,0.581220,0.819518,0.509769,0.720831,0.585739
0.682744,0.282111,0.435401,0.219976,0.583739,0.421912,0.498715,0.558012,0.744336,0.756708,0.407041,0.733057,0.432829,0.574733,0.312971,0.684591
0.712568,0.457713,0.288744,0.101346,0.652100,0.506254,0.281975,0.550696,0.735834,0.701380,0.511726,0.621800,0.724146,0.444238,0.340481,0.633086
0.635245,0.681498,0.731901,0.273877,0.837866,0.170077,0.444447,0.680424,0.698096,0.217851,0.628766,0.392623,0.425159,0.341247,0.330851,0.516855
0.773961,0.405320,0.431383,0.866739,0.614857,0.506055,0.253276,0.570990,0.386999,0.697766,0.505929,0.575826,0.670023,0.381887,0.406557,0.710666
0.642083,0.717508,0.684200,0.366413,0.820366,0.321455,0.343995,0.835567,0.733811,0.070050,0.672849,0.356560,0.556690,0.255426,0.297420,0.476481
0.784529,0.845681,0.590872,0.290588,0.565576,0.626169,0.559759,0.563030,0.515725,0.509737,0.615027,0.313894,0.629324,0.721375,0.632331,0.726734
0.596477,0.729820,0.697137,0.354824,0.706333,0.119054,0.383232,0.643586,0.884813,0.244909,0.583435,0.339198,0.498529,0.383808,0.378154,0.601212
0.820181,0.686052,0.213356,0.670835,0.478323,0.804294,0.576811,0.385690,0.688830,0.601519,0.740313,0.248407,0.686605,0.662264,0.487665,0.255444
0.536083,0.603541,0.304291,0.577439,0.317152,0.860074,0.413810,0.562424,0.805473,0.649777,0.666038,0.526730,0.191798,0.736138,0.813086,0.364325
0.334238,0.895281,0.626357,0.739414,0.416361,0.605265,0.411513,0.465989,0.589980,0.311466,0.747349,0.374911,0.577492,0.175804,0.338171,0.834374
0.202150,0.747921,0.650880,0.774995,0.427943,0.693695,0.474923,0.521356,0.685780,0.274742,0.763401,0.391579,0.571947,0.156372,0.141371,0.794208
0.355420,0.582971,0.511814,0.627870,0.636389,0.757456,0.698198,0.189541,0.305767,0.664425,0.527921,0.584868,0.597234,0.517899,0.745871,0.571067
0.423731,0.924744,0.640328,0.732188,0.307021,0.557624,0.487927,0.492909,0.641940,0.258489,0.726930,0.518971,0.469974,0.170358,0.246680,0.791662
0.626242,0.477092,0.539480,0.749733,0.661636,0.510454,0.228559,0.514017,0.409428,0.782872,0.748361,0.495394,0.494680,0.231591,0.439027,0.832363
0.482813,0.392061,0.791663,0.522390,0.316680,0.233272,0.794564,0.214266,0.517307,0.271623,0.627461,0.591792,0.326686,0.764250,0.502175,0.937001
0.694952,0.783334,0.246530,0.736294,0.406783,0.770200,0.488577,0.390762,0.767679,0.501535,0.667484,0.355044,0.710080,0.811915,0.481333,0.370636
0.702097,0.694313,0.660285,0.375823,0.757375,0.190272,0.375718,0.886498,0.798234,0.137796,0.561713,0.348096,0.513871,0.275435,0.327858,0.494055
0.279743,0.258737,0.215274,0.838261,0.926399,0.514930,0.280352,0.141224,0.713861,0.546861,0.977314,0.574507,0.241238,0.532757,0.250899,0.502454
0.474048,0.279291,0.668822,0.489194,0.205555,0.377887,0.843252,0.270397,0.564533,0.263648,0.588100,0.723650,0.143413,0.689067,0.498845,0.851453
0.464265,0.542142,0.247871,0.417873,0.473685,0.861495,0.465209,0.450415,0.269482,0.277833,0.620149,0.512173,0.717289,0.448177,0.424598,0.703548
0.410365,0.620426,0.470929,0.589748,0.667882,0.809889,0.487891,0.237452,0.103816,0.682213,0.405706,0.613628,0.796078,0.482682,0.717600,0.576825
0.284523,0.485944,0.308573,0.648578,0.629734,0.421683,0.909930,0.665065,0.204563,0.233470,0.545597,0.365111,0.775346,0.124836,0.413576,0.315813
0.838242,0.592615,0.318909,0.235466,0.600014,0.398598,0.202786,0.585721,0.748906,0.657013,0.588979,0.668279,0.716015,0.435279,0.487736,0.571373
0.682941,0.278901,0.385043,0.216016,0.651216,0.354532,0.432290,0.566285,0.708108,0.703626,0.520699,0.618784,0.477504,0.577154,0.272451,0.746530
0.265727,0.695731,0.364118,0.848055,0.334422,0.388077,0.348136,0.575277,0.203764,0.746329,0.327632,0.535222,0.743254,0.727745,0.226873,0.172392
0.435245,0.435572,0.304377,0.680558,0.474501,0.413018,0.857196,0.736121,0.370748,0.256144,0.544177,0.344535,0.719940,0.238122,0.459081,0.377320
0.243080,0.755909,0.572594,0.931093,0.379534,0.659108,0.519245,0.444441,0.546734,0.243536,0.712074,0.440781,0.478935,0.192453,0.284980,0.888450
0.580469,0.195872,0.749851,0.669687,0.112008,0.242796,0.754073,0.263645,0.573982,0.268635,0.660432,0.669087,0.258869,0.821298,0.349344,0.873107
0.434983,0.551578,0.236463,0.619097,0.353644,0.782625,0.398560,0.597504,0.614993,0.573559,0.554740,0.576307,0.270887,0.574385,0.847949,0.211857
0.360278,0.572566,0.305618,0.301987,0.431862,0.819202,0.474219,0.469488,0.279431,0.125845,0.535397,0.436977,0.725952,0.460938,0.349468,0.830407
0.691325,0.729154,0.709489,0.479866,0.813211,0.175364,0.495686,0.795777,0.689384,0.197267,0.764549,0.323738,0.427533,0.278535,0.297730,0.471463
0.320531,0.272417,0.279027,0.766620,0.773992,0.500611,0.299105,0.216033,0.550336,0.406187,0.854474,0.517929,0.353929,0.609929,0.214206,0.485522
0.480933,0.527807,0.238890,0.543877,0.384926,0.879526,0.420973,0.522332,0.676178,0.455852,0.668568,0.523708,0.209502,0.581373,0.721810,0.298141
0.347738,0.771034,0.359168,0.699180,0.674464,0.795246,0.551991,0.327348,0.283615,0.678300,0.451965,0.637172,0.869969,0.622216,0.779599,0.827431
0.349980,0.433887,0.536187,0.761914,0.254905,0.453239,0.332819,0.570664,0.345609,0.728265,0.130188,0.662840,0.671249,0.694343,0.279365,0.157378
0.355010,0.763316,0.631482,0.738242,0.291605,0.692485,0.478574,0.581781,0.509327,0.158917,0.930640,0.483734,0.477858,0.103045,0.400516,0.814022
0.326937,0.273490,0.195093,0.899973,0.797109,0.349453,0.357300,0.109275,0.632235,0.531810,0.885233,0.554333,0.348320,0.608038,0.271643,0.404884
0.402339,0.627705,0.416858,0.565613,0.529600,0.890945,0.534038,0.257743,0.399403,0.669976,0.440237,0.536756,0.739241,0.552502,0.693482,0.566137
0.555705,0.568746,0.542177,0.347301,0.840386,0.394268,0.800181,0.628256,0.566833,0.177546,0.530654,0.808055,0.621378,0.733706,0.463780,0.329309
0.506086,0.511603,0.276646,0.580424,0.296507,0.743176,0.379552,0.601230,0.737505,0.777010,0.658176,0.504590,0.330492,0.613954,0.882332,0.303574
0.303872,0.445788,0.447064,0.756532,0.222403,0.445454,0.409945,0.614933,0.372592,0.739657,0.260888,0.562190,0.683205,0.625536,0.300358,0.191284
0.263972,0.485301,0.487214,0.705356,0.325663,0.421017,0.341558,0.678885,0.356244,0.686609,0.217373,0.610076,0.650302,0.592137,0.374822,0.139375
0.637195,0.841409,0.634794,0.346529,0.736313,0.675166,0.430351,0.603146,0.460237,0.529002,0.578440,0.153267,0.736941,0.860544,0.582762,0.751812
0.376582,0.385320,0.692953,0.363922,0.247152,0.404125,0.827450,0.142321,0.546376,0.132049,0.480691,0.571768,0.118876,0.801813,0.447297,0.747469
0.181730,0.328799,0.819482,0.745680,0.578878,0.153982,0.473982,0.504036,0.360895,0.226586,0.458295,0.225779,0.309901,0.654987,0.720644,0.296879
0.718944,0.646649,0.671958,0.388804,0.637783,0.666643,0.479781,0.560417,0.419813,0.557393,0.751051,0.266914,0.722773,0.823831,0.572031,0.721836
0.507810,0.458365,0.426295,0.321202,0.751417,0.413209,0.788388,0.569885,0.692190,0.272329,0.645622,0.852863,0.565954,0.791301,0.516076,0.290531
0.307389,0.650923,0.362109,0.757030,0.627379,0.723157,0.590745,0.326523,0.233894,0.659645,0.425101,0.731438,0.664862,0.514892,0.708217,0.589019
0.476972,0.329719,0.759880,0.584107,0.305670,0.178163,0.879932,0.258857,0.363957,0.366766,0.579934,0.683066,0.290292,0.873056,0.391726,0.775807
0.510625,0.537118,0.355636,0.630592,0.237415,0.844937,0.388880,0.459966,0.663853,0.537435,0.677222,0.628936,0.348953,0.718883,0.760317,0.315139
0.527770,0.513517,0.432276,0.289829,0.810639,0.297257,0.846087,0.705259,0.546987,0.177772,0.639732,0.835036,0.524768,0.689390,0.461233,0.428914
0.787354,0.684352,0.791384,0.315694,0.727326,0.251913,0.504300,0.922158,0.796902,0.220091,0.569297,0.167523,0.576839,0.405410,0.265232,0.528675
0.678458,0.504427,0.590568,0.818030,0.595767,0.536756,0.314816,0.706157,0.205005,0.715295,0.648523,0.640943,0.693481,0.236841,0.447294,0.759317
0.626989,0.860234,0.594297,0.442398,0.691842,0.663332,0.445058,0.519506,0.430083,0.611356,0.612859,0.198685,0.822901,0.887065,0.613050,0.848266
0.162661,0.389311,0.714163,0.596349,0.527213,0.281421,0.567903,0.583972,0.356366,0.178382,0.408477,0.349728,0.228671,0.581464,0.689019,0.307489
0.752102,0.834603,0.692572,0.366370,0.634269,0.620332,0.417961,0.569303,0.512752,0.549429,0.692003,0.186744,0.761375,0.881311,0.529258,0.807153
0.803827,0.702386,0.226146,0.698724,0.327785,0.682834,0.408210,0.402811,0.853768,0.463422,0.826613,0.110056,0.822502,0.695874,0.436023,0.415590
0.170168,0.303819,0.152893,0.751805,0.703358,0.559062,0.261802,0.269265,0.691609,0.514218,0.841970,0.596762,0.253587,0.580353,0.102274,0.475176
0.687887,0.722550,0.678601,0.347054,0.651820,0.176968,0.468830,0.769146,0.856977,0.312450,0.619832,0.257631,0.584088,0.412816,0.221591,0.485503
0.242595,0.527839,0.485553,0.601110,0.572788,0.690578,0.498833,0.262028,0.186262,0.541127,0.533308,0.569665,0.780321,0.541376,0.633321,0.580053
0.533236,0.494868,0.703905,0.602320,0.158511,0.368105,0.763189,0.241565,0.434768,0.179200,0.504314,0.623556,0.259036,0.799589,0.447262,0.878860
0.239232,0.786723,0.605298,0.803512,0.349795,0.571572,0.456163,0.566834,0.552157,0.217733,0.971598,0.485044,0.512399,0.177835,0.172537,0.738679
0.578064,0.204623,0.436291,0.251472,0.650714,0.459786,0.410856,0.613127,0.638145,0.515638,0.432496,0.604969,0.462166,0.679423,0.239703,0.758630
0.821335,0.482586,0.550303,0.851884,0.609592,0.628622,0.178449,0.619546,0.488533,0.697003,0.568748,0.519691,0.625550,0.303027,0.431754,0.821800
0.666828,0.656106,0.165594,0.690349,0.444623,0.750711,0.385805,0.289054,0.707990,0.527256,0.775321,0.197050,0.659681,0.775437,0.394182,0.333312
0.382980,0.565795,0.264612,0.727903,0.472913,0.458057,0.764728,0.594499,0.289208,0.225782,0.470864,0.424260,0.740384,0.392687,0.338658,0.346555
0.179813,0.616256,0.326957,0.671445,0.613997,0.478574,0.914521,0.524158,0.198979,0.337706,0.566614,0.383265,0.733405,0.306290,0.335316,0.395263
0.683400,0.444154,0.441957,0.160903,0.672714,0.471496,0.253412,0.579399,0.817740,0.676843,0.594684,0.752599,0.671099,0.470827,0.345185,0.572676
0.376453,0.543319,0.377390,0.695018,0.653033,0.786293,0.655774,0.253741,0.248741,0.546739,0.504329,0.518766,0.747256,0.513895,0.716028,0.705228
0.617536,0.549957,0.278907,0.538047,0.311032,0.803956,0.336148,0.386890,0.756154,0.829120,0.679686,0.509267,0.272036,0.615918,0.956052,0.322674
0.784099,0.823608,0.653799,0.469304,0.661795,0.700920,0.403456,0.562413,0.536517,0.532100,0.583119,0.281873,0.832272,0.868955,0.556640,0.670140
0.370179,0.553923,0.368392,0.199952,0.475952,0.902319,0.408048,0.381347,0.366474,0.330710,0.445681,0.356291,0.789060,0.374498,0.336237,0.794274
0.366158,0.725408,0.519548,0.760203,0.525162,0.883372,0.538363,0.236193,0.219476,0.818877,0.383535,0.613774,0.685160,0.582479,0.777967,0.722580
0.468334,0.577281,0.342574,0.302247,0.636382,0.789727,0.535173,0.459265,0.251030,0.179908,0.516427,0.480914,0.715830,0.375232,0.393199,0.898653
0.412688,0.640912,0.380629,0.766487,0.622462,0.639090,0.630142,0.224636,0.335377,0.714800,0.502269,0.539826,0.786689,0.570024,0.694819,0.717018
0.722561,0.449270,0.208026,0.217825,0.550379,0.392875,0.272307,0.549814,0.855076,0.696505,0.551109,0.775359,0.677912,0.427363,0.388856,0.546494
0.672473,0.437828,0.442910,0.695934,0.659642,0.589424,0.156861,0.711928,0.365748,0.644702,0.637700,0.464035,0.744108,0.328513,0.384150,0.839692
0.529071,0.291816,0.666284,0.500043,0.186778,0.408780,0.773312,0.231369,0.445737,0.241557,0.684243,0.713143,0.248363,0.826871,0.481065,0.698064
0.429474,0.284625,0.706719,0.579108,0.240353,0.373930,0.852254,0.280675,0.521122,0.244994,0.453084,0.694936,0.308819,0.668185,0.441472,0.831765
0.601141,0.165336,0.394538,0.230060,0.693956,0.405059,0.427221,0.679496,0.833871,0.565243,0.416519,0.703287,0.426844,0.671811,0.381509,0.597935
0.459507,0.453825,0.452161,0.347555,0.703146,0.280529,0.692971,0.648035,0.654591,0.246184,0.577794,0.907274,0.523256,0.853283,0.429102,0.368639
0.712504,0.175458,0.345655,0.270511,0.735103,0.313067,0.395223,0.572966,0.818984,0.500410,0.506317,0.770687,0.336171,0.578644,0.317240,0.750009
0.580183,0.505756,0.274555,0.141886,0.603043,0.412586,0.281047,0.624486,0.963437,0.654043,0.621656,0.689034,0.593398,0.514499,0.336514,0.573598
0.287292,0.423479,0.533690,0.732842,0.189413,0.439013,0.376750,0.545338,0.324974,0.730865,0.118921,0.551599,0.687527,0.676936,0.370958,0.182830
0.154912,0.757804,0.608618,0.790578,0.307725,0.694984,0.449093,0.615130,0.626643,0.260374,0.776094,0.418763,0.469351,0.191046,0.291592,0.797417
0.810173,0.809058,0.722875,0.402076,0.596326,0.631115,0.508659,0.526241,0.482469,0.583333,0.673528,0.310069,0.777943,0.699442,0.719840,0.671670
0.658054,0.500794,0.511379,0.734647,0.685995,0.641676,0.268042,0.567373,0.470330,0.713588,0.633489,0.524780,0.571040,0.225809,0.423493,0.748724
0.265227,0.792147,0.581731,0.710437,0.340541,0.675231,0.289438,0.584918,0.601927,0.230935,0.748478,0.374300,0.521993,0.133456,0.293277,0.801759
0.498283,0.298147,0.664138,0.563742,0.225235,0.340778,0.677356,0.121160,0.423196,0.246401,0.534848,0.732015,0.331334,0.790771,0.502966,0.662853
0.540985,0.398604,0.761573,0.445466,0.101982,0.208207,0.831960,0.182833,0.409373,0.287317,0.520817,0.553103,0.287282,0.907931,0.369489,0.813871
0.251973,0.359106,0.186710,0.942583,0.674886,0.326159,0.260321,0.252837,0.724054,0.396656,0.723646,0.642436,0.334214,0.529817,0.222972,0.449061
0.322351,0.677825,0.471907,0.722399,0.639551,0.729512,0.692581,0.137621,0.150252,0.612081,0.576147,0.422186,0.808540,0.510178,0.690656,0.596365
0.640318,0.825189,0.802748,0.304763,0.716374,0.238615,0.523803,0.848825,0.861847,0.246357,0.656872,0.231041,0.710269,0.353745,0.263997,0.509099
0.219668,0.301687,0.715350,0.624022,0.437432,0.300292,0.536424,0.467427,0.475578,0.290367,0.526985,0.313795,0.198627,0.668900,0.712631,0.320790
0.617144,0.502292,0.566017,0.751689,0.638426,0.555779,0.207898,0.659656,0.454662,0.824880,0.719509,0.519796,0.589600,0.312099,0.383161,0.838675
0.395072,0.629516,0.377949,0.668172,0.583882,0.674603,0.520557,0.186573,0.374710,0.690463,0.406424,0.537361,0.612693,0.542305,0.723942,0.620953
0.324367,0.698392,0.441757,0.739464,0.599846,0.754547,0.519526,0.140218,0.212443,0.616284,0.396555,0.643589,0.756150,0.579164,0.672174,0.552686
0.727490,0.732472,0.651949,0.297134,0.637941,0.801524,0.414750,0.497943,0.412484,0.529467,0.603321,0.216736,0.828932,0.866276,0.610184,0.803139
0.679587,0.656439,0.182537,0.670346,0.407246,0.799013,0.412837,0.245055,0.774786,0.552289,0.768182,0.319448,0.529625,0.630594,0.498358,0.301445
0.621088,0.590411,0.337609,0.625877,0.395016,0.878675,0.393504,0.502356,0.595416,0.608035,0.659493,0.500051,0.277222,0.731528,0.835074,0.251035
0.104489,0.358883,0.669499,0.531726,0.565483,0.297625,0.416411,0.540921,0.372911,0.102997,0.484225,0.266059,0.108731,0.641686,0.676447,0.339267
0.335571,0.728393,0.850954,0.741372,0.402525,0.659633,0.492835,0.636995,0.535698,0.270094,0.772484,0.468892,0.497805,0.134622,0.153357,0.807714
0.608107,0.501987,0.318916,0.542373,0.381997,0.881807,0.277104,0.602007,0.610709,0.628994,0.663842,0.522933,0.242097,0.607507,0.784156,0.353032
0.392354,0.411034,0.308932,0.969870,0.730739,0.426833,0.371248,0.280988,0.556655,0.552083,0.770277,0.525382,0.448955,0.579787,0.227629,0.541279
0.437538,0.535486,0.320310,0.216495,0.587533,0.785911,0.451396,0.382365,0.449641,0.209779,0.560617,0.445647,0.883365,0.460717,0.359703,0.947205
0.210623,0.630882,0.485003,0.609486,0.598860,0.813492,0.486944,0.223245,0.286973,0.675263,0.540791,0.562339,0.710155,0.423656,0.698047,0.625788
0.799395,0.714925,0.596115,0.185709,0.861217,0.272669,0.460768,0.797994,0.915818,0.159402,0.646958,0.363863,0.597530,0.377804,0.292732,0.531542
0.769713,0.490450,0.304170,0.243018,0.541181,0.418407,0.246219,0.555317,0.891095,0.730890,0.523152,0.705707,0.654906,0.507612,0.504704,0.557205
0.213154,0.331313,0.802879,0.725671,0.437055,0.162315,0.475150,0.495639,0.378867,0.207558,0.482872,0.413630,0.189870,0.673928,0.814830,0.288881
0.600498,0.719831,0.676177,0.195369,0.679966,0.179967,0.408090,0.745836,0.779790,0.237217,0.545372,0.300014,0.631099,0.370380,0.220958,0.608586
0.552416,0.397822,0.336399,0.568696,0.391877,0.785396,0.446180,0.434985,0.673410,0.598648,0.663172,0.705233,0.260708,0.591789,0.756280,0.317776
0.616963,0.225286,0.348751,0.255000,0.638142,0.286682,0.411601,0.692184,0.763477,0.739827,0.460313,0.632953,0.436184,0.670046,0.457126,0.747756
0.484512,0.669991,0.392054,0.429378,0.566148,0.754494,0.578829,0.456682,0.227422,0.135435,0.547792,0.501448,0.647520,0.457253,0.320242,0.874631
0.488786,0.286561,0.722215,0.546235,0.225393,0.425296,0.786524,0.206314,0.548012,0.235264,0.463466,0.570897,0.182575,0.734808,0.431146,0.741951
0.815619,0.744328,0.209428,0.664297,0.518831,0.770319,0.468099,0.343666,0.632935,0.566064,0.744961,0.098471,0.631123,0.536330,0.533483,0.344185
0.642254,0.727799,0.660865,0.336379,0.662337,0.671629,0.442284,0.713629,0.505613,0.598975,0.509522,0.239664,0.770830,0.798551,0.680404,0.728896
0.182556,0.315100,0.771238,0.760640,0.595521,0.188745,0.362063,0.528982,0.421996,0.181488,0.449106,0.312055,0.169158,0.603135,0.773023,0.288675
0.339343,0.675793,0.652525,0.771011,0.467048,0.539390,0.513174,0.579852,0.401457,0.355232,0.603870,0.434921,0.502043,0.146971,0.179635,0.836638
0.616900,0.534734,0.600823,0.301962,0.778512,0.374892,0.713472,0.599267,0.631192,0.222800,0.530856,0.893494,0.524115,0.927446,0.490776,0.267053
0.581320,0.573239,0.359073,0.574388,0.339394,0.691164,0.397413,0.563684,0.740522,0.571856,0.814371,0.544218,0.115975,0.567616,0.655435,0.348100
0.490271,0.514306,0.300732,0.439323,0.303627,0.649573,0.382973,0.611283,0.613004,0.645224,0.573884,0.569018,0.303983,0.553306,0.768951,0.241465
0.598408,0.838675,0.608705,0.378356,0.652446,0.651948,0.403705,0.630507,0.460519,0.488783,0.633802,0.377413,0.809197,0.788760,0.607425,0.844079
0.524868,0.437592,0.474270,0.408116,0.696306,0.321135,0.859254,0.567513,0.645008,0.221276,0.702159,0.824933,0.532201,0.757691,0.340235,0.280036
0.393766,0.464420,0.401648,0.284662,0.452205,0.722580,0.541699,0.413118,0.368839,0.233339,0.581533,0.566390,0.816533,0.421124,0.259418,0.733964
0.511566,0.437305,0.347253,0.216570,0.516718,0.719088,0.597603,0.448049,0.375943,0.099694,0.402539,0.600366,0.703732,0.367261,0.330468,0.847081
0.759057,0.445982,0.527906,0.709796,0.538385,0.522161,0.264961,0.696954,0.406902,0.829912,0.592697,0.509786,0.574224,0.255671,0.515608,0.844432
0.662558,0.679891,0.616343,0.251559,0.644085,0.242889,0.419143,0.683838,0.737126,0.298438,0.626315,0.254168,0.597135,0.358626,0.383258,0.553028
0.359445,0.543380,0.500223,0.575711,0.358714,0.590702,0.370174,0.623205,0.411662,0.667595,0.139927,0.631927,0.654630,0.715272,0.286072,0.184895
0.101019,0.271250,0.695009,0.732558,0.444225,0.206041,0.492323,0.426287,0.416453,0.195411,0.479726,0.315190,0.224058,0.527466,0.644548,0.364560
0.701612,0.694807,0.148017,0.756322,0.452075,0.681681,0.443050,0.385811,0.671907,0.563285,0.693516,0.167338,0.645840,0.697844,0.486472,0.385100
0.413011,0.627709,0.753536,0.804977,0.358629,0.617398,0.410510,0.521832,0.503508,0.226767,0.627208,0.364216,0.610461,0.082860,0.295968,0.863934
0.362822,0.557686,0.352476,0.274858,0.454474,0.805497,0.488393,0.468503,0.280401,0.204700,0.571542,0.457799,0.804535,0.401020,0.485720,0.808909
0.342515,0.459968,0.476169,0.763574,0.253868,0.340970,0.389338,0.589930,0.289714,0.711717,0.201962,0.489180,0.819992,0.690908,0.307601,0.251669
0.627567,0.554534,0.398395,0.193000,0.605371,0.408299,0.240246,0.499992,0.654449,0.629520,0.529168,0.693771,0.678043,0.464683,0.468603,0.591631
0.413583,0.410633,0.689441,0.606809,0.127836,0.376412,0.914876,0.156612,0.504445,0.200629,0.553024,0.620505,0.248889,0.834926,0.348446,0.830995
0.587000,0.613333,0.370158,0.462583,0.297204,0.784923,0.406705,0.583165,0.741512,0.645259,0.679314,0.536092,0.387383,0.489024,0.760815,0.330698
0.269587,0.764627,0.677594,0.856165,0.399332,0.584903,0.460436,0.592754,0.560060,0.348692,0.752705,0.396453,0.578572,0.242077,0.253311,0.858803
0.772620,0.536461,0.573721,0.792469,0.652112,0.566118,0.240487,0.605077,0.332092,0.757757,0.542592,0.457711,0.519070,0.254702,0.456216,0.791724
0.616126,0.798308,0.664861,0.418278,0.757226,0.609651,0.419492,0.643824,0.489457,0.523737,0.619143,0.242022,0.820221,0.695739,0.561723,0.693834
0.399299,0.766865,0.415110,0.276488,0.585523,0.828845,0.559046,0.408665,0.338574,0.220425,0.538293,0.421522,0.614695,0.318100,0.304375,0.892140
0.351321,0.634951,0.484897,0.673723,0.615496,0.696714,0.438383,0.254077,0.330501,0.694604,0.457720,0.612965,0.769470,0.463257,0.761528,0.652147
0.334315,0.773851,0.431196,0.690644,0.630805,0.783875,0.575647,0.243259,0.292932,0.761335,0.505230,0.604764,0.708273,0.411483,0.695487,0.682122
0.561043,0.547294,0.391232,0.297559,0.532069,0.813842,0.586497,0.443032,0.309967,0.039328,0.640362,0.500953,0.764783,0.538484,0.347543,0.855125
0.206635,0.319237,0.262585,0.831062,0.732909,0.453325,0.236233,0.269664,0.677156,0.496302,0.802392,0.609156,0.346470,0.605466,0.173779,0.456232
0.594181,0.553785,0.756248,0.272218,0.803512,0.208821,0.450772,0.812433,0.744744,0.117396,0.644385,0.312466,0.530888,0.236973,0.351001,0.476487
0.343781,0.514109,0.415768,0.820806,0.461203,0.377756,0.381757,0.752505,0.335101,0.639842,0.089820,0.592019,0.699145,0.723428,0.261044,0.259966
0.276418,0.493208,0.422635,0.700586,0.697936,0.441223,0.710538,0.639103,0.507642,0.390442,0.543014,0.357635,0.824998,0.276145,0.441191,0.288512
0.288338,0.903568,0.622125,0.796577,0.212758,0.581067,0.398573,0.500505,0.537509,0.295714,0.685342,0.444964,0.613220,0.249711,0.144393,0.918524
0.797145,0.238519,0.298292,0.235776,0.675076,0.407991,0.388780,0.630338,0.719992,0.647657,0.477761,0.640398,0.409302,0.582258,0.341398,0.797468
0.413252,0.490703,0.477968,0.678477,0.389528,0.466019,0.463307,0.570132,0.369135,0.700659,0.178795,0.572783,0.678138,0.741415,0.233812,0.137269
0.672427,0.691276,0.325374,0.668586,0.455381,0.732299,0.342161,0.235587,0.752730,0.613119,0.727699,0.261896,0.646961,0.537092,0.517627,0.375750
0.364799,0.477431,0.309847,0.255282,0.463585,0.889108,0.462374,0.494128,0.319831,0.262725,0.475225,0.572234,0.775591,0.344332,0.370993,0.827341
0.615983,0.666141,0.198448,0.668642,0.504610,0.748505,0.514559,0.338880,0.729444,0.542192,0.766046,0.228223,0.652396,0.756285,0.464216,0.253135
0.299085,0.484485,0.341171,0.638313,0.615741,0.457440,0.859180,0.617162,0.263720,0.221448,0.549849,0.438114,0.743090,0.136215,0.293224,0.419062
0.705928,0.865571,0.681804,0.437000,0.700484,0.648934,0.487954,0.548396,0.580982,0.621103,0.714915,0.246419,0.788276,0.881866,0.570936,0.737754
0.317102,0.422760,0.487909,0.707716,0.248499,0.348523,0.320824,0.704606,0.301126,0.630089,0.190550,0.583921,0.619845,0.685538,0.136936,0.236123
0.300847,0.490437,0.420109,0.652127,0.420858,0.467654,0.838575,0.606474,0.342047,0.222726,0.537367,0.478417,0.700056,0.241569,0.409539,0.344996
0.470855,0.634968,0.435138,0.326499,0.523013,0.810991,0.522845,0.396946,0.232241,0.179372,0.604346,0.530969,0.866447,0.503825,0.421226,0.758031
0.799579,0.509315,0.345803,0.234341,0.505227,0.595088,0.249951,0.615170,0.780953,0.740158,0.534123,0.682238,0.684294,0.417332,0.348752,0.601703
0.232156,0.358754,0.180761,0.879155,0.726698,0.465474,0.255878,0.320910,0.546650,0.469714,0.809181,0.378817,0.271829,0.717018,0.312243,0.619734
0.342509,0.648787,0.367714,0.343368,0.492407,0.842035,0.523708,0.483111,0.296316,0.367709,0.420565,0.568818,0.733078,0.374035,0.259235,0.814793
0.558146,0.496004,0.457661,0.584461,0.372039,0.780046,0.329090,0.641612,0.617948,0.722981,0.621236,0.524712,0.320333,0.558959,0.794630,0.323072
0.616654,0.492618,0.504049,0.401609,0.759034,0.398169,0.669755,0.638182,0.554397,0.203552,0.660059,0.808209,0.551384,0.772740,0.344331,0.272585
0.678719,0.218704,0.406048,0.295166,0.723370,0.406460,0.405890,0.471519,0.733230,0.651928,0.552335,0.647853,0.450273,0.567179,0.335395,0.762468
0.403113,0.577342,0.393783,0.768148,0.303901,0.433898,0.332383,0.581253,0.312367,0.762469,0.202236,0.571749,0.738161,0.681226,0.293947,0.114808
0.231019,0.544461,0.399455,0.836016,0.367472,0.356095,0.399886,0.650317,0.301755,0.702736,0.212568,0.438518,0.789395,0.630511,0.268186,0.243998
0.640317,0.731493,0.621283,0.296444,0.715955,0.064703,0.533082,0.716387,0.839261,0.271417,0.491656,0.306102,0.573966,0.350711,0.162769,0.456764
0.554515,0.554116,0.405839,0.574275,0.349705,0.754099,0.395282,0.572279,0.634731,0.809887,0.594898,0.648208,0.336508,0.711999,0.870157,0.353272
0.595665,0.501459,0.554633,0.404477,0.814411,0.399571,0.716930,0.495332,0.512937,0.213813,0.543370,0.747411,0.554655,0.765537,0.427424,0.458647
0.770643,0.493045,0.493768,0.759100,0.666540,0.533256,0.371367,0.594617,0.440786,0.678732,0.473694,0.518832,0.633501,0.323925,0.427474,0.659534
0.359839,0.235617,0.231205,0.798899,0.640714,0.517827,0.339530,0.164473,0.506430,0.533956,0.858403,0.533082,0.147313,0.595357,0.268736,0.409533
0.624026,0.815454,0.720788,0.270179,0.692475,0.188942,0.384259,0.740613,0.805503,0.169356,0.561040,0.289089,0.532884,0.322239,0.227515,0.524900
0.361276,0.535929,0.384065,0.309368,0.503463,0.867264,0.534246,0.394558,0.268659,0.234709,0.491022,0.318149,0.689609,0.566451,0.373312,0.833875
0.317195,0.326661,0.215114,0.800881,0.663858,0.433352,0.362852,0.210397,0.563505,0.485311,0.850459,0.554015,0.329459,0.619668,0.179504,0.651938
0.369939,0.546755,0.385352,0.371759,0.468856,0.909557,0.446001,0.516150,0.406853,0.262603,0.571633,0.533063,0.617435,0.521390,0.355447,0.804187
0.572582,0.258642,0.691145,0.481363,0.159187,0.325929,0.768398,0.177944,0.560390,0.312533,0.516117,0.612593,0.190383,0.768439,0.413037,0.755187
0.526540,0.253763,0.662055,0.407963,0.170288,0.257468,0.687678,0.244416,0.548531,0.161965,0.511875,0.639497,0.173595,0.801811,0.515821,0.851420
0.419029,0.625441,0.235743,0.257635,0.510282,0.782909,0.512713,0.326872,0.234514,0.285528,0.466456,0.530094,0.716871,0.482205,0.406701,0.846343
0.544909,0.702001,0.274106,0.649500,0.206232,0.869105,0.465574,0.531538,0.605077,0.729306,0.738961,0.639046,0.338357,0.493590,0.679351,0.275968
0.182680,0.522627,0.281004,0.565551,0.573336,0.468328,0.920963,0.585390,0.422137,0.360431,0.492311,0.497825,0.796480,0.255096,0.346191,0.310753
0.289566,0.226007,0.276029,0.923678,0.584640,0.453177,0.314495,0.218745,0.665223,0.484377,0.804499,0.517497,0.327121,0.655033,0.236880,0.514103
0.351989,0.453748,0.455065,0.698182,0.296859,0.340730,0.427744,0.683325,0.348789,0.821543,0.231789,0.542082,0.583230,0.602483,0.356791,0.297777
0.705332,0.538787,0.384386,0.366098,0.699618,0.410792,0.720911,0.575965,0.663975,0.288339,0.580312,0.804236,0.560504,0.732512,0.518452,0.392676
0.626279,0.312954,0.505389,0.412645,0.697054,0.384531,0.724578,0.625043,0.702125,0.214367,0.658005,0.824233,0.506825,0.807131,0.388873,0.391181
0.702860,0.681586,0.265049,0.751419,0.560683,0.785240,0.407985,0.383045,0.747443,0.467550,0.648521,0.214233,0.621185,0.676282,0.385864,0.362756
0.409492,0.513187,0.371212,0.282557,0.550181,0.862717,0.526492,0.319221,0.356938,0.235842,0.519186,0.522727,0.646542,0.423784,0.397561,0.841522
0.282940,0.492120,0.556088,0.824679,0.311693,0.413206,0.387990,0.626191,0.343232,0.794129,0.234441,0.572929,0.705476,0.733192,0.292024,0.237214
0.713161,0.865602,0.761016,0.378455,0.654128,0.144508,0.361697,0.847785,0.722249,0.304515,0.623563,0.362693,0.453931,0.494626,0.391414,0.459744
0.325907,0.618824,0.466069,0.711960,0.685948,0.783888,0.606575,0.215251,0.236038,0.598699,0.474875,0.649014,0.788140,0.562546,0.639559,0.620868
0.211128,0.395216,0.725846,0.593143,0.643437,0.192681,0.428645,0.539168,0.412564,0.234052,0.572444,0.343472,0.333144,0.622887,0.822597,0.329641
0.293483,0.353431,0.298285,0.758112,0.784344,0.511249,0.294692,0.232293,0.742051,0.457952,0.742215,0.481477,0.276211,0.614115,0.320022,0.498931
0.273285,0.532835,0.496561,0.781795,0.262317,0.414660,0.324669,0.646608,0.252934,0.721674,0.106542,0.671344,0.608886,0.667960,0.391472,0.184826
0.768080,0.300821,0.465264,0.232818,0.639812,0.342800,0.502383,0.670176,0.725789,0.830663,0.437273,0.676962,0.483795,0.627973,0.355290,0.802145
0.673715,0.798806,0.703344,0.347060,0.665530,0.717924,0.458215,0.651539,0.540864,0.531749,0.605492,0.323305,0.807697,0.791000,0.543539,0.641964
0.779116,0.799646,0.651756,0.438944,0.553593,0.691655,0.446741,0.633154,0.426014,0.486272,0.724222,0.308661,0.844969,0.827821,0.452864,0.774090
0.515918,0.431526,0.674937,0.496141,0.258251,0.223742,0.850095,0.179663,0.575601,0.241789,0.489370,0.672660,0.165113,0.878600,0.575649,0.807216
0.748458,0.244792,0.336066,0.207732,0.762861,0.344436,0.354667,0.621448,0.822819,0.613009,0.428284,0.689515,0.482925,0.680354,0.285075,0.834840
0.747234,0.759078,0.246771,0.608063,0.529125,0.658659,0.401689,0.375201,0.850587,0.541156,0.703643,0.130681,0.641827,0.564738,0.376864,0.370179
0.335819,0.604047,0.531964,0.784895,0.417523,0.449295,0.370971,0.582715,0.257190,0.763380,0.129889,0.513773,0.688058,0.645255,0.358636,0.160519
0.710376,0.491041,0.583978,0.812737,0.588577,0.591004,0.355446,0.656614,0.440366,0.719082,0.597738,0.479814,0.592806,0.191289,0.487126,0.739145
0.766908,0.723252,0.625502,0.409602,0.706104,0.746665,0.575266,0.651549,0.428528,0.620365,0.586650,0.266525,0.741813,0.723585,0.546437,0.751429
0.262616,0.856592,0.652954,0.728852,0.390036,0.610287,0.416006,0.636384,0.591815,0.282948,0.685176,0.355408,0.512250,0.187032,0.279121,0.760183
0.558059,0.401247,0.757064,0.511553,0.240682,0.232039,0.822178,0.207310,0.591348,0.231007,0.527493,0.628631,0.281576,0.681904,0.511196,0.802865
0.285492,0.280815,0.189733,0.901685,0.809519,0.450868,0.391948,0.203231,0.624245,0.447665,0.745682,0.518539,0.215227,0.555318,0.232013,0.421794
0.288764,0.547458,0.379220,0.695874,0.589297,0.534285,0.674283,0.710328,0.346972,0.215809,0.608196,0.317392,0.755341,0.236971,0.447676,0.301672
0.335851,0.736600,0.767192,0.738492,0.376974,0.582087,0.500360,0.544965,0.490592,0.304620,0.792920,0.449253,0.501448,0.383220,0.317047,0.905143
0.423310,0.461504,0.449362,0.737647,0.422121,0.355657,0.373400,0.483660,0.359260,0.650547,0.203154,0.610949,0.623945,0.519313,0.342503,0.160195
0.438631,0.672152,0.577987,0.755042,0.326772,0.436980,0.386467,0.778434,0.389038,0.823572,0.230764,0.640253,0.679296,0.637840,0.275539,0.269560
0.328081,0.425178,0.747017,0.603435,0.187026,0.292828,0.706310,0.167202,0.452004,0.263665,0.528782,0.576515,0.274481,0.759528,0.461824,0.812084
0.237432,0.576610,0.471496,0.611166,0.550577,0.804213,0.550177,0.211710,0.275881,0.645936,0.488132,0.579121,0.789208,0.571091,0.713759,0.633383
0.316365,0.648330,0.395182,0.544735,0.601218,0.839318,0.691130,0.285035,0.302592,0.627388,0.551936,0.627481,0.739622,0.411780,0.751236,0.664460
0.563511,0.571295,0.383249,0.651938,0.419305,0.800251,0.365621,0.633625,0.684721,0.511110,0.687746,0.610056,0.286536,0.650660,0.991816,0.430919
0.431512,0.633089,0.319501,0.287605,0.562869,0.825322,0.586708,0.462899,0.265987,0.241358,0.599489,0.495060,0.681927,0.454720,0.250104,0.908838
0.513537,0.586864,0.349447,0.636606,0.280501,0.733240,0.427599,0.611605,0.753423,0.592414,0.724704,0.565022,0.346167,0.495350,0.794129,0.324371
0.786717,0.502897,0.444802,0.228628,0.548402,0.516009,0.349149,0.622313,0.746003,0.656299,0.529713,0.715947,0.595265,0.383127,0.387952,0.662778
0.557800,0.604816,0.276137,0.612137,0.330875,0.795771,0.362912,0.495697,0.663986,0.673257,0.653033,0.608082,0.246687,0.515286,0.844898,0.191432
0.702962,0.484848,0.272649,0.255489,0.548663,0.499231,0.187794,0.533239,0.775035,0.717322,0.597713,0.750445,0.742570,0.513727,0.467811,0.578079
0.809028,0.446894,0.341782,0.223002,0.519397,0.532990,0.346350,0.602623,0.759644,0.651965,0.453476,0.748705,0.667804,0.524212,0.439252,0.545291
0.646595,0.627288,0.180727,0.708106,0.493376,0.722224,0.366530,0.278663,0.645675,0.576169,0.595320,0.131677,0.634975,0.649154,0.558209,0.290647
0.293546,0.240682,0.763364,0.657144,0.655666,0.332348,0.579585,0.518977,0.417839,0.317410,0.446255,0.294110,0.235236,0.642280,0.752338,0.173659
0.491231,0.349140,0.728520,0.539621,0.203161,0.265420,0.881789,0.226357,0.518339,0.147567,0.530786,0.518384,0.276940,0.783458,0.418164,0.843661
0.362039,0.597254,0.399176,0.655686,0.248744,0.298965,0.314972,0.702426,0.282494,0.612764,0.228543,0.585254,0.575239,0.672737,0.283147,0.226019
0.667092,0.770509,0.674916,0.451467,0.676649,0.569822,0.430717,0.498453,0.550880,0.670811,0.596087,0.341847,0.809370,0.826942,0.651035,0.550962
0.332248,0.446516,0.356346,0.651511,0.616860,0.562154,0.653632,0.652098,0.334122,0.302242,0.491979,0.415710,0.859769,0.177938,0.502270,0.330219
0.463592,0.495360,0.407517,0.639700,0.207795,0.865320,0.343435,0.673042,0.720501,0.609292,0.656802,0.590536,0.260201,0.693487,0.691484,0.295051
0.258191,0.283248,0.331565,0.743313,0.700051,0.471038,0.333087,0.194533,0.622834,0.492945,0.777404,0.582169,0.293529,0.594806,0.147162,0.537441
0.471871,0.298674,0.665505,0.659565,0.057306,0.369506,0.733435,0.335786,0.522325,0.136316,0.377418,0.619007,0.234111,0.879492,0.492457,0.821721
0.151742,0.318070,0.727607,0.672560,0.574262,0.217338,0.526282,0.551787,0.476848,0.244949,0.416753,0.266613,0.236249,0.500734,0.815252,0.250156
0.377819,0.523002,0.535737,0.778848,0.616658,0.743615,0.513010,0.217791,0.339192,0.657656,0.490211,0.577766,0.753106,0.411783,0.650708,0.591018
0.502875,0.513388,0.351747,0.557968,0.332288,0.807516,0.421848,0.616908,0.644027,0.742181,0.719056,0.582106,0.355716,0.588485,0.721827,0.249894
0.404674,0.317132,0.748941,0.609699,0.530122,0.339828,0.507650,0.553611,0.458662,0.347923,0.386295,0.219102,0.121374,0.544361,0.762501,0.189508
0.784582,0.301202,0.502571,0.227634,0.741045,0.418169,0.362301,0.667209,0.826539,0.650005,0.524654,0.830959,0.444717,0.573467,0.255262,0.807671
0.249910,0.542791,0.248557,0.632952,0.660104,0.454831,0.861221,0.653827,0.298140,0.228175,0.409712,0.420326,0.756791,0.151732,0.396285,0.287976
0.720432,0.591757,0.345095,0.237545,0.629021,0.488934,0.186419,0.413637,0.787080,0.719005,0.582873,0.676137,0.691195,0.547979,0.524658,0.541550
0.289005,0.324747,0.091327,0.924070,0.699394,0.427428,0.411283,0.193533,0.526794,0.453678,0.906007,0.468987,0.286944,0.604151,0.141188,0.465970
0.269864,0.493978,0.413516,0.768438,0.238204,0.511708,0.402294,0.695312,0.381398,0.758238,0.229308,0.529074,0.730956,0.596352,0.374593,0.183507
0.649460,0.378260,0.474051,0.314207,0.819641,0.316655,0.804437,0.535289,0.741320,0.180162,0.618791,0.863851,0.600756,0.859208,0.495970,0.363454
0.441508,0.335975,0.587077,0.526683,0.187962,0.276607,0.775336,0.136709,0.525101,0.365450,0.598871,0.653230,0.238257,0.903851,0.573391,0.789935
0.436917,0.526133,0.401314,0.657397,0.353275,0.326980,0.323035,0.582295,0.469100,0.689450,0.174148,0.595628,0.719517,0.540114,0.279505,0.043755
0.809727,0.438917,0.266693,0.137375,0.549340,0.580573,0.268415,0.518583,0.699876,0.599974,0.577312,0.764225,0.605253,0.423805,0.428103,0.605149
0.716166,0.531949,0.416573,0.867898,0.577036,0.571523,0.183226,0.655585,0.347057,0.698211,0.580926,0.490129,0.597596,0.272272,0.379270,0.812942
0.301829,0.416260,0.305205,0.716706,0.482340,0.430741,0.842844,0.686982,0.354457,0.393696,0.403964,0.374507,0.754166,0.142738,0.407952,0.327389
0.215549,0.451037,0.306336,0.730124,0.499654,0.577553,0.813489,0.524711,0.361515,0.284688,0.525497,0.407033,0.806082,0.230712,0.373620,0.262673
0.775773,0.315121,0.341002,0.285642,0.554748,0.336043,0.580746,0.697052,0.666111,0.643497,0.555544,0.645880,0.445567,0.699931,0.274025,0.769699
0.618880,0.344849,0.536484,0.405227,0.723785,0.358860,0.704812,0.579469,0.748260,0.269275,0.500080,0.782410,0.582596,0.766455,0.610431,0.261870
0.524830,0.496066,0.590360,0.461875,0.626980,0.367286,0.635402,0.605468,0.733263,0.242294,0.612304,0.895299,0.542439,0.757036,0.523659,0.285871
0.259458,0.658438,0.474538,0.624043,0.738318,0.789200,0.554201,0.282574,0.222357,0.797355,0.422717,0.508187,0.722581,0.522113,0.818918,0.664130
0.495954,0.462613,0.686669,0.542761,0.228579,0.236360,0.838736,0.109915,0.400864,0.198390,0.437311,0.699391,0.179380,0.754409,0.382567,0.794119
0.315418,0.695960,0.521068,0.648477,0.655803,0.775818,0.702475,0.216430,0.227842,0.646540,0.573086,0.586615,0.657330,0.558842,0.644192,0.569082
0.664814,0.510685,0.219268,0.193483,0.560020,0.513493,0.305886,0.453029,0.791174,0.725986,0.530410,0.798569,0.756519,0.529102,0.446739,0.592778
0.393129,0.288844,0.265166,0.740680,0.745479,0.423832,0.278367,0.186789,0.719651,0.393453,0.741951,0.575858,0.235935,0.543443,0.221823,0.357020
0.120166,0.234750,0.859950,0.561070,0.575072,0.279369,0.588226,0.478903,0.357095,0.155358,0.609006,0.220714,0.291211,0.611827,0.618579,0.278507
0.314380,0.427427,0.338538,0.735298,0.573124,0.588496,0.831078,0.702127,0.295356,0.325002,0.529203,0.405685,0.871398,0.363230,0.372739,0.368820
0.261128,0.251462,0.207238,0.894728,0.811924,0.587294,0.228543,0.111531,0.685454,0.422825,0.952766,0.625052,0.318761,0.591299,0.291766,0.445636
0.193213,0.462459,0.443479,0.678894,0.305120,0.429988,0.420811,0.663826,0.406076,0.631997,0.272707,0.539388,0.596192,0.697808,0.309618,0.186960
0.235347,0.478915,0.273025,0.580393,0.466133,0.479662,0.880683,0.661815,0.409575,0.330168,0.613820,0.295405,0.716984,0.256602,0.423185,0.377441
0.257253,0.377488,0.874064,0.670418,0.478036,0.334218,0.537088,0.517026,0.323442,0.154519,0.599222,0.267611,0.267491,0.618461,0.657138,0.237650
0.510988,0.438528,0.456456,0.371228,0.683090,0.254096,0.787472,0.587025,0.655643,0.129724,0.584649,0.817416,0.578907,0.778309,0.494293,0.327724
0.713539,0.248493,0.402022,0.228492,0.728134,0.528334,0.371145,0.578387,0.769819,0.618215,0.437637,0.736657,0.399145,0.652156,0.141129,0.809202
0.676071,0.587036,0.361776,0.129264,0.479165,0.515535,0.264053,0.624784,0.904570,0.798779,0.700360,0.751342,0.740654,0.390200,0.572173,0.574821
0.740759,0.736487,0.283717,0.774120,0.487858,0.718954,0.336118,0.274132,0.822011,0.600549,0.676352,0.186961,0.646057,0.658025,0.425460,0.293307
0.491429,0.474873,0.283379,0.176829,0.576366,0.828460,0.567044,0.274416,0.293011,0.254608,0.498499,0.492154,0.713810,0.441967,0.370722,0.775733
0.725590,0.779438,0.251359,0.666934,0.441387,0.817807,0.372254,0.368949,0.776957,0.579525,0.749382,0.202435,0.711375,0.699655,0.448776,0.392039
0.297354,0.318384,0.840451,0.738902,0.539399,0.265379,0.561970,0.580977,0.358923,0.277907,0.432951,0.265992,0.264350,0.641412,0.716027,0.208111
0.658912,0.672821,0.305781,0.651176,0.396971,0.773395,0.371484,0.267790,0.717845,0.612602,0.772507,0.314154,0.727733,0.667298,0.475892,0.252126
0.535289,0.512228,0.351267,0.647432,0.350286,0.854137,0.286446,0.515764,0.716517,0.666960,0.691501,0.614771,0.287301,0.637249,0.697993,0.276413
0.677003,0.431563,0.454546,0.723828,0.627624,0.482791,0.259995,0.558163,0.466795,0.763243,0.574380,0.419089,0.527811,0.240850,0.511621,0.807643
0.328946,0.517238,0.214654,0.633092,0.619896,0.466663,0.778390,0.714729,0.425784,0.277993,0.552989,0.423779,0.667897,0.339030,0.462806,0.421626
0.279103,0.267119,0.323617,0.690856,0.767299,0.425991,0.371205,0.210824,0.488138,0.419912,0.796191,0.559188,0.233527,0.594373,0.316182,0.495886
0.538192,0.277214,0.862538,0.512730,0.177445,0.389210,0.699943,0.296270,0.591972,0.251307,0.575174,0.666724,0.379646,0.816969,0.590600,0.846435
0.741225,0.775465,0.594588,0.361194,0.754087,0.650277,0.426512,0.523894,0.424525,0.565304,0.650017,0.298310,0.793316,0.876068,0.590284,0.603913
0.345165,0.280799,0.249634,0.863887,0.674607,0.548965,0.286229,0.116329,0.674725,0.583066,0.909744,0.574958,0.163577,0.530049,0.300800,0.510055
0.577239,0.589911,0.379384,0.547913,0.245836,0.821864,0.295504,0.536654,0.681539,0.638037,0.749839,0.559128,0.198243,0.555400,0.806351,0.189704
0.689279,0.869751,0.692668,0.227098,0.686249,0.472780,0.294366,0.573181,0.463392,0.516136,0.619885,0.330624,0.811522,0.782068,0.557091,0.748796
0.347850,0.483912,0.414498,0.315324,0.417236,0.785609,0.697025,0.372477,0.433554,0.257661,0.592367,0.561139,0.732337,0.413833,0.234958,0.895272
0.158820,0.188520,0.691785,0.595484,0.549476,0.308921,0.532171,0.511772,0.391032,0.258993,0.425734,0.243630,0.216014,0.604745,0.768970,0.364279
0.721546,0.269921,0.420232,0.233743,0.621278,0.474587,0.420749,0.544692,0.775531,0.586608,0.356804,0.742019,0.393215,0.584506,0.319434,0.641619
0.363319,0.589833,0.372769,0.394794,0.533373,0.740228,0.510122,0.421081,0.440921,0.188577,0.594034,0.503756,0.635609,0.467620,0.322708,0.855891
0.877790,0.543084,0.467820,0.797147,0.590174,0.623374,0.280299,0.686211,0.400183,0.782243,0.656523,0.440469,0.560897,0.238736,0.423920,0.898204
0.241592,0.442030,0.393589,0.696181,0.518866,0.488667,0.873188,0.624379,0.487011,0.347043,0.559447,0.477558,0.799568,0.241033,0.299057,0.288087
0.444598,0.290711,0.730133,0.557581,0.081161,0.249630,0.748511,0.076663,0.424106,0.220306,0.528999,0.583873,0.303865,0.777882,0.499302,0.761436
0.350693,0.415103,0.404944,0.603553,0.631839,0.463415,0.817648,0.677135,0.413678,0.247456,0.570770,0.450191,0.774296,0.099065,0.284505,0.375222
0.199579,0.742579,0.607167,0.837494,0.485303,0.601505,0.400497,0.533092,0.516140,0.222506,0.826257,0.493374,0.494696,0.253516,0.275709,0.802085
0.447020,0.503771,0.144139,0.288256,0.555233,0.887827,0.541021,0.356404,0.288005,0.251793,0.485395,0.532174,0.758199,0.483256,0.332695,0.950316
0.242025,0.486505,0.302449,0.731244,0.562353,0.512312,0.822934,0.650296,0.231810,0.304611,0.610324,0.416332,0.742991,0.239439,0.310073,0.405471
0.759679,0.580326,0.221729,0.602917,0.478192,0.760533,0.475548,0.410992,0.713707,0.598383,0.725161,0.202313,0.593188,0.665552,0.372693,0.272677
0.619485,0.783339,0.628038,0.323680,0.749653,0.680947,0.362277,0.564547,0.524752,0.655964,0.708223,0.287840,0.680306,0.941407,0.534466,0.692742
0.273954,0.451420,0.638877,0.738569,0.238197,0.465694,0.401661,0.717924,0.316275,0.755214,0.145327,0.603231,0.682230,0.679907,0.276885,0.161678
0.272043,0.530572,0.210287,0.728211,0.598537,0.474760,0.858222,0.581833,0.258740,0.380310,0.557983,0.381306,0.744924,0.325511,0.429911,0.362504
0.163536,0.340821,0.225168,0.942771,0.721120,0.492695,0.364959,0.205797,0.596193,0.599748,0.880205,0.634114,0.408309,0.594139,0.110459,0.486389
0.686689,0.546657,0.377476,0.074824,0.487485,0.536796,0.283297,0.495457,0.772666,0.680010,0.454319,0.704578,0.700019,0.441956,0.539021,0.623568
0.862907,0.464912,0.287675,0.324713,0.551527,0.560753,0.111216,0.664345,0.671582,0.627500,0.742131,0.765476,0.745179,0.525323,0.434062,0.555357
0.322426,0.278741,0.181928,0.928239,0.854979,0.512747,0.309566,0.329583,0.647770,0.484415,0.757460,0.499296,0.276665,0.598828,0.190409,0.490818
