0.457811,0.257948,0.759336,0.183559,0.842403,0.232308,0.446237,0.560861,0.283229,0.703599,0.760157,0.483436,0.433074,0.766061,0.715197,0.237198
0.369516,0.457859,0.361023,0.778329,0.456608,0.551769,0.336195,0.798648,0.641440,0.875658,0.310681,0.740676,0.222584,0.585707,0.204985,0.560601
0.720368,0.412730,0.420462,0.720523,0.637791,0.359566,0.237422,0.265232,0.505526,0.300579,0.832938,0.774838,0.344888,0.636117,0.403159,0.498130
0.359686,0.399567,0.281849,0.171842,0.632923,0.384105,0.685658,0.420476,0.724902,0.350457,0.404330,0.348351,0.444703,0.754417,0.477875,0.345796
0.715760,0.758522,0.486676,0.453881,0.724231,0.312691,0.590638,0.057924,0.172167,0.522249,0.259310,0.361004,0.432722,0.294973,0.520596,0.394059
0.769472,0.168157,0.645530,0.679859,0.461465,0.140960,0.631942,0.492579,0.673890,0.289858,0.111180,0.485373,0.446956,0.628780,0.558066,0.574464
0.684780,0.277245,0.545936,0.625159,0.451164,0.240913,0.488946,0.573253,0.608094,0.420480,0.181677,0.333281,0.427690,0.536858,0.412425,0.394037
0.176755,0.538036,0.340682,0.665341,0.262180,0.463935,0.608335,0.454379,0.624756,0.541679,0.662880,0.575209,0.327518,0.670807,0.708713,0.181341
0.537549,0.337103,0.740808,0.168181,0.752893,0.174286,0.407134,0.471056,0.560649,0.727979,0.820531,0.634274,0.429827,0.682311,0.766876,0.282975
0.505107,0.318929,0.788033,0.595568,0.561006,0.113069,0.199753,0.602386,0.538673,0.443762,0.426843,0.513308,0.336605,0.598585,0.786937,0.705881
0.152455,0.734047,0.717071,0.516087,0.273583,0.479283,0.391425,0.534805,0.719410,0.341773,0.470113,0.437549,0.193920,0.662473,0.353577,0.659000
0.183252,0.807594,0.209557,0.357504,0.551520,0.211376,0.352176,0.802593,0.528019,0.273257,0.331862,0.570388,0.695375,0.711246,0.369702,0.710904
0.722634,0.439953,0.328922,0.748119,0.502209,0.273200,0.237182,0.183977,0.648953,0.296508,0.724306,0.640865,0.190873,0.712401,0.441931,0.466945
0.330009,0.750742,0.682394,0.568428,0.115287,0.485482,0.158311,0.744204,0.184872,0.554250,0.253552,0.758636,0.254822,0.598712,0.687370,0.525439
0.626193,0.695878,0.484201,0.488095,0.819924,0.191178,0.610446,0.321401,0.214098,0.652485,0.214889,0.267483,0.369477,0.209004,0.554672,0.423553
0.280199,0.653807,0.293724,0.682392,0.268314,0.448546,0.642240,0.663077,0.617830,0.422370,0.669691,0.347396,0.335266,0.571992,0.520061,0.141068
0.551394,0.465732,0.347970,0.479310,0.609214,0.680885,0.783799,0.723039,0.210570,0.569241,0.352657,0.476141,0.775402,0.789499,0.328548,0.347193
0.301119,0.466456,0.372640,0.259268,0.318707,0.179400,0.077530,0.502034,0.727100,0.836692,0.513977,0.828885,0.289273,0.134837,0.419656,0.683752
0.241061,0.294297,0.421010,0.282894,0.677057,0.450312,0.760498,0.472536,0.664216,0.410171,0.340484,0.374024,0.532511,0.836455,0.448565,0.296903
0.263835,0.635515,0.754258,0.604532,0.212507,0.653351,0.320494,0.651214,0.302971,0.510655,0.263057,0.622776,0.073940,0.605100,0.650726,0.482653
0.191412,0.736088,0.653974,0.407635,0.302980,0.427793,0.440382,0.647341,0.599949,0.304953,0.223809,0.617315,0.177435,0.769372,0.312428,0.715647
0.517375,0.344200,0.641559,0.240320,0.883687,0.281733,0.408386,0.530546,0.262634,0.829244,0.885216,0.492832,0.560425,0.684581,0.689926,0.260772
0.290408,0.819177,0.222872,0.483730,0.719606,0.125853,0.257385,0.780756,0.439207,0.230875,0.287209,0.720444,0.837489,0.708262,0.358425,0.682472
0.219703,0.802364,0.597886,0.492032,0.326425,0.384371,0.445843,0.404313,0.471622,0.462569,0.435264,0.595228,0.272559,0.680878,0.386410,0.676997
0.066993,0.735245,0.606216,0.554019,0.236287,0.520826,0.425093,0.551180,0.627236,0.395582,0.385657,0.658311,0.125568,0.679555,0.491772,0.726222
0.322731,0.742708,0.801406,0.670496,0.195827,0.571797,0.304745,0.663790,0.253783,0.579070,0.367829,0.630810,0.244472,0.577898,0.664213,0.579504
0.337404,0.421588,0.349571,0.705292,0.412252,0.607485,0.299795,0.634605,0.637874,0.760982,0.225832,0.806993,0.195352,0.586603,0.196437,0.591782
0.606608,0.712115,0.594838,0.480163,0.801321,0.194708,0.600058,0.180802,0.220089,0.460220,0.272185,0.321132,0.324276,0.164788,0.527849,0.415865
0.695337,0.573842,0.374110,0.292614,0.287807,0.327563,0.580269,0.492414,0.514502,0.474341,0.423581,0.246886,0.470934,0.534873,0.298325,0.444894
0.144949,0.433342,0.184808,0.052885,0.581832,0.341854,0.648812,0.568924,0.698867,0.461677,0.333390,0.253987,0.462188,0.761725,0.544211,0.449945
0.455855,0.585152,0.439609,0.818328,0.586460,0.378991,0.423823,0.687432,0.501744,0.578731,0.131837,0.572088,0.412734,0.388364,0.256761,0.734093
0.089829,0.302613,0.290235,0.105094,0.617577,0.446819,0.666580,0.561677,0.687471,0.383795,0.382042,0.345689,0.545434,0.668557,0.476731,0.433103
0.789110,0.599449,0.434959,0.359093,0.365986,0.212908,0.615090,0.413678,0.527832,0.415702,0.490560,0.360575,0.464252,0.588265,0.104632,0.475777
0.557713,0.384472,0.836975,0.182558,0.898233,0.282974,0.373739,0.530661,0.337298,0.736226,0.824846,0.550767,0.535536,0.556368,0.653587,0.258209
0.597664,0.361525,0.804984,0.471725,0.683540,0.241627,0.166647,0.507749,0.470767,0.443500,0.440401,0.531492,0.387301,0.577595,0.630597,0.641408
0.695674,0.531698,0.354716,0.269103,0.398924,0.414417,0.617688,0.386859,0.539906,0.478690,0.423174,0.310946,0.358213,0.544487,0.323211,0.461503
0.501523,0.298972,0.430585,0.151137,0.395545,0.160934,0.241678,0.312382,0.426281,0.288116,0.222516,0.637606,0.318647,0.173903,0.786200,0.830565
0.344887,0.376554,0.435649,0.678564,0.467355,0.605954,0.152484,0.780593,0.696666,0.934347,0.323174,0.806944,0.223078,0.616850,0.119846,0.641629
0.736495,0.473178,0.399389,0.443024,0.485521,0.684862,0.722748,0.737283,0.291098,0.718434,0.395320,0.472453,0.854417,0.793499,0.374593,0.496043
0.468919,0.398756,0.555482,0.309795,0.450334,0.151294,0.447444,0.314166,0.413258,0.186331,0.130581,0.711631,0.248988,0.108232,0.678884,0.709395
0.646323,0.338334,0.491151,0.813664,0.413376,0.289459,0.228629,0.316283,0.556834,0.198319,0.682642,0.711465,0.301065,0.656267,0.318912,0.515256
0.653771,0.136547,0.808121,0.489734,0.706206,0.249156,0.187324,0.527737,0.422381,0.433854,0.514113,0.449738,0.375690,0.586614,0.714839,0.677408
0.140595,0.817419,0.555404,0.522666,0.506340,0.539650,0.399717,0.616533,0.661095,0.359470,0.270671,0.566542,0.180311,0.777157,0.383634,0.715515
0.217132,0.360289,0.336988,0.129497,0.641159,0.533371,0.733226,0.481532,0.710455,0.461915,0.334433,0.365327,0.434981,0.700278,0.462761,0.462739
0.722318,0.207687,0.460440,0.711912,0.468435,0.301267,0.587892,0.542661,0.669230,0.380769,0.026133,0.314711,0.531058,0.512895,0.401517,0.556421
0.527940,0.352044,0.779443,0.306950,0.847278,0.309645,0.307855,0.497106,0.361448,0.617331,0.804267,0.541120,0.582453,0.646547,0.723901,0.188094
0.398188,0.639041,0.355777,0.305851,0.350418,0.232164,0.217942,0.296725,0.750737,0.780099,0.447654,0.863415,0.291973,0.185915,0.411363,0.673175
0.703444,0.682695,0.432918,0.570477,0.676858,0.207879,0.691380,0.197098,0.063406,0.454638,0.366406,0.228748,0.330090,0.322277,0.534606,0.472790
0.603403,0.252172,0.589891,0.342035,0.392409,0.126196,0.455252,0.304712,0.450181,0.114456,0.196202,0.670132,0.352722,0.204748,0.792479,0.748386
0.677354,0.856305,0.510567,0.622152,0.621634,0.194103,0.685399,0.238204,0.260080,0.388115,0.240229,0.340543,0.374925,0.343058,0.587564,0.374020
0.353393,0.427444,0.485334,0.699627,0.508822,0.518110,0.171747,0.821159,0.543432,0.809731,0.304283,0.813699,0.320174,0.649462,0.339658,0.577752
0.425086,0.345470,0.417041,0.743628,0.444288,0.605477,0.252585,0.785884,0.689181,0.707438,0.269324,0.725800,0.159411,0.635775,0.333138,0.519240
0.699286,0.149072,0.517168,0.572547,0.539743,0.214697,0.653990,0.518448,0.645794,0.405721,0.137118,0.422487,0.506826,0.647726,0.380058,0.515724
0.396241,0.443983,0.908089,0.254955,0.896286,0.232954,0.360818,0.555604,0.453685,0.607306,0.804894,0.497627,0.467475,0.741946,0.602251,0.306548
0.319216,0.776104,0.353323,0.513337,0.830513,0.282620,0.374164,0.729447,0.439707,0.386140,0.346398,0.755031,0.763613,0.625233,0.352358,0.818418
0.601561,0.740613,0.564237,0.487948,0.725710,0.274893,0.638432,0.142430,0.267834,0.526082,0.191117,0.315030,0.438802,0.088158,0.545722,0.428988
0.614612,0.523984,0.388503,0.549971,0.448151,0.722478,0.709336,0.567518,0.346958,0.556734,0.496611,0.482940,0.818959,0.585003,0.301310,0.478714
0.309831,0.766878,0.191819,0.600349,0.762683,0.286336,0.243276,0.709301,0.429568,0.402267,0.264358,0.685434,0.849101,0.655784,0.305791,0.741225
0.354751,0.773645,0.705574,0.627703,0.257918,0.596163,0.325577,0.649675,0.261599,0.411059,0.335060,0.710938,0.274465,0.673495,0.535776,0.453081
0.693985,0.632594,0.516634,0.469447,0.743941,0.208441,0.682519,0.192071,0.145062,0.541987,0.145935,0.371129,0.371239,0.356865,0.593066,0.425468
0.724463,0.724240,0.524820,0.567105,0.674294,0.274299,0.637298,0.202234,0.168002,0.412998,0.307780,0.299679,0.365315,0.232758,0.461348,0.373506
0.258555,0.782184,0.737443,0.750101,0.186689,0.554372,0.053584,0.641797,0.259445,0.544808,0.337243,0.614614,0.278089,0.746457,0.703624,0.679396
0.367362,0.582599,0.363855,0.236478,0.415771,0.224060,0.298313,0.357768,0.587421,0.843684,0.529878,0.894763,0.242832,0.103243,0.452999,0.701225
0.346166,0.716560,0.716564,0.629197,0.108525,0.579355,0.232830,0.677680,0.325305,0.675225,0.280985,0.802553,0.112805,0.664072,0.683911,0.376118
0.281431,0.516722,0.449524,0.643248,0.327771,0.544151,0.370953,0.798543,0.462191,0.586680,0.208967,0.713153,0.385617,0.468483,0.356350,0.790810
0.129822,0.671405,0.265671,0.700394,0.162041,0.378642,0.606821,0.499674,0.526255,0.590362,0.562552,0.410597,0.495572,0.576956,0.752390,0.120070
0.594518,0.436376,0.214125,0.778374,0.560310,0.288655,0.278168,0.394732,0.597196,0.379003,0.586021,0.835190,0.204945,0.727246,0.201020,0.476466
0.170695,0.803281,0.167065,0.484817,0.658861,0.268263,0.247304,0.698169,0.467236,0.193348,0.242474,0.597686,0.738049,0.734678,0.398433,0.768405
0.423675,0.453026,0.477782,0.679926,0.384393,0.536213,0.201201,0.761754,0.683003,0.845158,0.334416,0.859200,0.183535,0.629467,0.199418,0.523844
0.457679,0.343151,0.450129,0.219403,0.356449,0.188008,0.370403,0.246294,0.369672,0.283502,0.178677,0.669633,0.295448,0.172095,0.810133,0.839743
0.568111,0.559767,0.480150,0.540020,0.606802,0.626740,0.741816,0.874950,0.196214,0.620277,0.353579,0.548016,0.747808,0.644488,0.268687,0.441293
0.812870,0.551847,0.435019,0.871333,0.633295,0.375208,0.224913,0.171699,0.603224,0.233301,0.824768,0.642185,0.287000,0.677795,0.412708,0.451682
0.624002,0.212633,0.459987,0.609718,0.395973,0.175715,0.551301,0.546830,0.661590,0.401674,0.173903,0.405525,0.370301,0.518438,0.528080,0.502416
0.353640,0.830404,0.650792,0.611688,0.122196,0.615265,0.229057,0.713119,0.173585,0.569589,0.232717,0.712623,0.101254,0.638336,0.561097,0.477724
0.345588,0.652706,0.373388,0.741035,0.395186,0.417310,0.442495,0.885000,0.465633,0.461367,0.117939,0.628764,0.521134,0.314792,0.378872,0.689657
0.299711,0.602269,0.249132,0.688569,0.186426,0.376012,0.530944,0.533179,0.557934,0.556530,0.586488,0.442447,0.393384,0.738207,0.731519,0.302404
0.235502,0.761934,0.631937,0.623206,0.029426,0.523170,0.286137,0.747944,0.264587,0.669926,0.337460,0.646978,0.253583,0.624698,0.681146,0.415100
0.451547,0.448840,0.420165,0.838488,0.493887,0.493685,0.090353,0.730423,0.631122,0.770229,0.324286,0.804952,0.249215,0.640719,0.184349,0.552160
0.160139,0.465516,0.306504,0.176535,0.656731,0.405145,0.810192,0.600388,0.618204,0.384231,0.462442,0.368842,0.463072,0.938625,0.539840,0.452366
0.309676,0.691182,0.373579,0.654621,0.462962,0.412770,0.243379,0.761216,0.439561,0.566110,0.176882,0.699804,0.481550,0.447084,0.409016,0.702786
0.101410,0.292601,0.306049,0.312090,0.717831,0.454751,0.602682,0.503665,0.643483,0.354241,0.423053,0.358012,0.387300,0.695479,0.441091,0.394606
0.225453,0.312714,0.329946,0.204795,0.592956,0.360923,0.693401,0.471233,0.791417,0.465248,0.404526,0.281934,0.441769,0.707397,0.508397,0.437212
0.265552,0.675462,0.693388,0.549465,0.305602,0.532778,0.473044,0.534383,0.619221,0.343237,0.231853,0.529670,0.122552,0.678266,0.496373,0.727021
0.394610,0.666139,0.432295,0.770495,0.434486,0.469216,0.318583,0.720085,0.423572,0.588518,0.215181,0.639350,0.371229,0.444128,0.278552,0.816592
0.553973,0.231321,0.769256,0.357591,0.655217,0.151659,0.179799,0.432541,0.493452,0.478364,0.439364,0.421395,0.422558,0.660447,0.624450,0.563726
0.182341,0.774599,0.357837,0.557865,0.645331,0.238740,0.357247,0.751502,0.494268,0.411531,0.306808,0.725706,0.668616,0.661283,0.367293,0.693951
0.570360,0.635004,0.315770,0.493814,0.452261,0.564754,0.689704,0.805663,0.255243,0.592105,0.439863,0.526986,0.806613,0.637150,0.309859,0.444867
0.179240,0.809799,0.534441,0.559752,0.519082,0.395837,0.456091,0.345598,0.570460,0.292579,0.388599,0.621107,0.100813,0.654255,0.399299,0.717880
0.723813,0.504727,0.289440,0.300711,0.388453,0.199819,0.595545,0.399821,0.542712,0.562118,0.334725,0.201092,0.519487,0.500920,0.259946,0.522471
0.472694,0.401935,0.926530,0.290790,0.811796,0.227609,0.397013,0.573333,0.316087,0.606493,0.804448,0.540608,0.610779,0.703491,0.711825,0.211199
0.528111,0.465516,0.364197,0.461539,0.514829,0.732357,0.744763,0.750612,0.129120,0.552346,0.433577,0.610943,0.744462,0.601663,0.301090,0.510629
0.184723,0.497905,0.517979,0.766328,0.427087,0.535388,0.163797,0.740717,0.679639,0.823732,0.254045,0.733732,0.351779,0.582924,0.155053,0.613865
0.211551,0.394820,0.324168,0.229169,0.598285,0.482639,0.704368,0.471419,0.703301,0.427354,0.323031,0.382545,0.409482,0.763343,0.448806,0.331712
0.325202,0.734737,0.249852,0.528405,0.632321,0.161857,0.292456,0.721931,0.460286,0.309824,0.381649,0.568227,0.798253,0.747374,0.355005,0.661639
0.705056,0.504332,0.370291,0.513225,0.598202,0.654569,0.797209,0.689257,0.085918,0.606313,0.389569,0.575418,0.823002,0.768449,0.392182,0.521334
0.298955,0.531980,0.240172,0.734827,0.342070,0.354097,0.575316,0.481623,0.527576,0.568873,0.679930,0.446338,0.341327,0.662289,0.641004,0.322668
0.403411,0.677613,0.202515,0.467403,0.703519,0.246709,0.330637,0.765123,0.531613,0.219675,0.382873,0.684401,0.925027,0.685016,0.383504,0.665178
0.525211,0.452121,0.342551,0.495619,0.614965,0.665150,0.621021,0.760990,0.250123,0.571864,0.457783,0.474293,0.809787,0.699938,0.327341,0.440472
0.664108,0.630191,0.487361,0.550053,0.632685,0.213383,0.733330,0.195085,0.129234,0.537898,0.144087,0.274556,0.268868,0.194985,0.495302,0.555048
0.554814,0.310707,0.684913,0.353396,0.701035,0.281347,0.209404,0.439743,0.401441,0.273433,0.555821,0.508065,0.249622,0.529420,0.588224,0.700339
0.558308,0.383783,0.491475,0.334171,0.403799,0.173175,0.313655,0.451379,0.376378,0.276188,0.333053,0.622170,0.202163,0.055362,0.745415,0.884708
0.663082,0.737476,0.518273,0.524047,0.727435,0.340163,0.648144,0.231277,0.206378,0.576834,0.254047,0.323838,0.381899,0.322773,0.449471,0.447555
0.635108,0.104643,0.575391,0.580412,0.544305,0.299252,0.629601,0.440292,0.652695,0.304810,0.290371,0.365578,0.351740,0.610829,0.439138,0.479181
0.388847,0.612838,0.394255,0.139109,0.441928,0.202654,0.163990,0.518498,0.571169,0.735943,0.426996,0.842694,0.139022,0.236248,0.481632,0.679175
0.318310,0.589319,0.322098,0.752682,0.215276,0.341290,0.724394,0.425819,0.618850,0.568647,0.643889,0.350673,0.531621,0.715904,0.716367,0.105008
0.470608,0.586449,0.434412,0.729436,0.508922,0.471115,0.413278,0.809013,0.551914,0.487979,0.073131,0.625540,0.348526,0.475717,0.408852,0.792537
0.655577,0.260217,0.721020,0.570143,0.648807,0.231679,0.237209,0.465925,0.406519,0.444954,0.501011,0.502362,0.348220,0.568308,0.603274,0.765682
0.651062,0.806967,0.511537,0.589104,0.620695,0.287566,0.681421,0.178606,0.181908,0.563178,0.265929,0.296353,0.470202,0.163282,0.538790,0.448696
0.384289,0.314279,0.542338,0.710208,0.420594,0.681647,0.158692,0.730461,0.642185,0.749101,0.323823,0.657302,0.335751,0.671083,0.184057,0.585892
0.733127,0.533512,0.451837,0.183161,0.342891,0.297715,0.678619,0.561077,0.641361,0.380232,0.372450,0.375051,0.433959,0.433244,0.280113,0.361380
0.453359,0.354679,0.746889,0.245329,0.878726,0.309788,0.490071,0.405903,0.451855,0.652872,0.714501,0.436079,0.378679,0.646793,0.682062,0.247201
0.493823,0.453654,0.522170,0.308588,0.505138,0.196618,0.297046,0.251760,0.320193,0.230703,0.152487,0.596458,0.187477,0.163533,0.695597,0.754773
0.682976,0.227447,0.712981,0.471535,0.715370,0.284232,0.290919,0.476992,0.421228,0.359944,0.404071,0.481184,0.396905,0.417715,0.606025,0.764023
0.191071,0.641959,0.612381,0.640326,0.213492,0.728634,0.262580,0.754628,0.242615,0.612436,0.307902,0.614787,0.204102,0.707925,0.514297,0.489764
0.373683,0.491679,0.369825,0.782438,0.492016,0.570183,0.218267,0.740800,0.720285,0.926156,0.365455,0.734942,0.268271,0.684982,0.129010,0.571519
0.553586,0.512859,0.495520,0.449825,0.586541,0.686457,0.785309,0.806150,0.205960,0.613147,0.344596,0.572136,0.758696,0.891998,0.392313,0.480376
0.309317,0.734156,0.428994,0.703197,0.371166,0.448824,0.459516,0.830008,0.393193,0.604194,0.179771,0.585477,0.383426,0.439785,0.335923,0.651828
0.674014,0.733875,0.537162,0.574211,0.704473,0.349112,0.659880,0.057104,0.266033,0.515301,0.210782,0.162149,0.337754,0.299448,0.509077,0.434279
0.766180,0.469703,0.486402,0.806536,0.497617,0.281356,0.162066,0.304182,0.630390,0.294564,0.680922,0.709535,0.220474,0.706587,0.429339,0.436388
0.474250,0.659293,0.418241,0.735104,0.472899,0.662537,0.411916,0.871465,0.477681,0.415987,0.256228,0.594827,0.274876,0.478465,0.256037,0.741487
0.488915,0.566536,0.477168,0.516109,0.894826,0.183370,0.680472,0.250755,0.177279,0.666055,0.169141,0.300510,0.395626,0.209900,0.581237,0.392027
0.246281,0.389818,0.311772,0.041733,0.687940,0.381992,0.747670,0.489158,0.680502,0.425471,0.429679,0.202386,0.580216,0.645913,0.415760,0.397957
0.313645,0.723288,0.655339,0.578326,0.260634,0.590575,0.225393,0.703846,0.188740,0.532251,0.230193,0.766160,0.259067,0.600586,0.607974,0.548001
0.214962,0.601174,0.535420,0.287409,0.376198,0.130042,0.191180,0.348703,0.709367,0.825970,0.546118,0.818422,0.292641,0.214894,0.323778,0.735087
0.622146,0.282867,0.690352,0.532613,0.686520,0.301959,0.241309,0.350017,0.496781,0.401012,0.538369,0.477774,0.398323,0.577967,0.707132,0.857336
0.279730,0.665759,0.366547,0.211435,0.325623,0.151842,0.171434,0.324982,0.630482,0.737009,0.598823,0.836067,0.311066,0.054047,0.483515,0.602799
0.545080,0.318045,0.769324,0.470299,0.689460,0.176602,0.162928,0.388467,0.347056,0.388705,0.315407,0.602747,0.441606,0.412288,0.645517,0.631637
0.181603,0.374119,0.319118,0.239131,0.681440,0.536362,0.710752,0.669212,0.693768,0.374286,0.371605,0.342555,0.408949,0.714371,0.589161,0.342985
0.728703,0.161830,0.478136,0.604545,0.278067,0.286968,0.663785,0.363452,0.582411,0.466331,0.168142,0.339076,0.431563,0.527586,0.391071,0.451318
0.145192,0.871377,0.477459,0.536792,0.309848,0.517949,0.480723,0.517871,0.584858,0.420695,0.351577,0.586467,0.146045,0.794107,0.347068,0.773668
0.315581,0.562445,0.240671,0.703273,0.354595,0.437086,0.672078,0.381995,0.540711,0.538254,0.580873,0.388116,0.460291,0.626358,0.554055,0.304082
0.457197,0.260539,0.792040,0.208561,0.823480,0.304677,0.418499,0.462970,0.415607,0.571449,0.897692,0.480032,0.603383,0.690203,0.653992,0.280292
0.617278,0.474715,0.509432,0.636441,0.545981,0.221686,0.335270,0.249711,0.416814,0.236432,0.712912,0.731781,0.288774,0.699115,0.294981,0.486657
0.481960,0.432359,0.506463,0.276519,0.443742,0.150482,0.387318,0.347129,0.390103,0.235140,0.203873,0.687786,0.254695,0.184291,0.699764,0.681265
0.559352,0.393552,0.866100,0.233206,0.750763,0.177085,0.366583,0.403551,0.378095,0.629302,0.783922,0.520666,0.405457,0.610763,0.629176,0.266724
0.632830,0.471687,0.441329,0.765317,0.477314,0.315011,0.061912,0.400651,0.487217,0.174761,0.739766,0.647998,0.256084,0.541263,0.378950,0.414361
0.173644,0.662405,0.278177,0.787186,0.286313,0.383316,0.540309,0.482442,0.593530,0.680693,0.571428,0.477926,0.535833,0.788644,0.746680,0.294214
0.294408,0.570820,0.246702,0.683640,0.235422,0.436746,0.527735,0.552021,0.566952,0.572557,0.609795,0.573376,0.397649,0.744716,0.722056,0.262011
0.710871,0.472385,0.446523,0.714952,0.569298,0.272966,0.031207,0.316628,0.560402,0.337216,0.733119,0.711043,0.220617,0.608458,0.326609,0.439240
0.187911,0.533473,0.190983,0.688577,0.164057,0.511583,0.629517,0.471571,0.702101,0.531323,0.603418,0.350751,0.316456,0.736379,0.602989,0.157837
0.528849,0.206948,0.530655,0.573241,0.304834,0.181490,0.506347,0.548314,0.628555,0.404907,0.287792,0.270966,0.346780,0.587743,0.466298,0.518566
0.751842,0.393800,0.332339,0.692665,0.436587,0.241386,0.153665,0.350242,0.565797,0.293585,0.693900,0.576079,0.245284,0.614329,0.439024,0.518925
0.202128,0.863133,0.220650,0.696640,0.651997,0.231225,0.485292,0.694056,0.529335,0.331018,0.264170,0.643418,0.742294,0.579054,0.433074,0.658354
0.779139,0.508361,0.345383,0.208882,0.443176,0.246988,0.639288,0.408985,0.536252,0.336169,0.426016,0.166953,0.379538,0.541684,0.290662,0.523367
0.786749,0.533085,0.290710,0.193045,0.503211,0.153690,0.630237,0.412193,0.548514,0.330389,0.325303,0.307613,0.443374,0.544407,0.323299,0.525322
0.487102,0.512145,0.882093,0.300705,0.773063,0.274247,0.322991,0.590002,0.360306,0.599360,0.818285,0.491431,0.479533,0.605552,0.706827,0.326381
0.117911,0.820580,0.605994,0.413607,0.354677,0.498864,0.467687,0.467050,0.511399,0.425406,0.333977,0.577824,0.282633,0.744652,0.451334,0.653364
0.674576,0.715060,0.544267,0.521594,0.680707,0.260411,0.651126,0.263741,0.273401,0.586311,0.222037,0.403274,0.289863,0.342850,0.468500,0.517635
0.438419,0.401417,0.401221,0.745425,0.393429,0.471401,0.158959,0.668125,0.620183,0.791744,0.327671,0.713891,0.321597,0.622203,0.263934,0.595195
0.342132,0.337841,0.497191,0.369416,0.487068,0.182499,0.359387,0.229187,0.399036,0.331509,0.269634,0.452087,0.280148,0.166782,0.796148,0.839017
0.346203,0.638665,0.398192,0.200699,0.342454,0.186115,0.146451,0.402327,0.636634,0.674276,0.644462,0.787600,0.297852,0.270369,0.396157,0.599877
0.561203,0.415872,0.908854,0.132053,0.717243,0.315262,0.424753,0.480636,0.410337,0.638787,0.832041,0.547519,0.571913,0.689791,0.719882,0.259261
0.113376,0.631789,0.159521,0.450801,0.642352,0.166207,0.241426,0.756055,0.461405,0.221496,0.316128,0.605743,0.693447,0.619926,0.372346,0.671392
0.215979,0.567036,0.263889,0.683344,0.163106,0.486567,0.475349,0.590364,0.579760,0.641412,0.635252,0.331666,0.495261,0.697613,0.615135,0.286436
0.276389,0.741916,0.718203,0.600227,0.266984,0.477344,0.345257,0.751151,0.120884,0.462988,0.275541,0.752223,0.183571,0.704426,0.565570,0.519415
0.356314,0.365446,0.540352,0.337140,0.474203,0.179575,0.402677,0.238321,0.453657,0.208249,0.194640,0.686784,0.325922,0.215715,0.728290,0.760074
0.245595,0.340287,0.506815,0.746394,0.389761,0.562867,0.207256,0.685254,0.559261,0.815258,0.302065,0.766491,0.216594,0.640133,0.298189,0.494148
0.079980,0.805555,0.243434,0.452546,0.654768,0.248644,0.326417,0.819204,0.452643,0.339996,0.273037,0.605090,0.785736,0.616731,0.404486,0.646708
0.289659,0.793531,0.733805,0.592998,0.159734,0.692577,0.308754,0.691286,0.180964,0.588924,0.253165,0.796182,0.070843,0.553845,0.680674,0.539406
0.315991,0.507683,0.415966,0.190195,0.352447,0.158607,0.205519,0.286172,0.670192,0.829991,0.495891,0.734089,0.295040,0.215570,0.470847,0.779969
0.647797,0.859422,0.460167,0.601863,0.686278,0.298685,0.775382,0.151938,0.234068,0.489043,0.217467,0.174448,0.344471,0.228735,0.602703,0.398943
0.572112,0.330086,0.924560,0.378386,0.760059,0.181343,0.202991,0.514367,0.473732,0.408700,0.478188,0.530992,0.416343,0.426627,0.682300,0.689661
0.409162,0.564641,0.453816,0.658742,0.499224,0.473007,0.498443,0.883933,0.489683,0.512592,0.232037,0.585105,0.495299,0.342412,0.314700,0.688135
0.278613,0.669472,0.419727,0.679175,0.457780,0.575910,0.397190,0.856783,0.530869,0.649242,0.262215,0.595236,0.460546,0.511911,0.331884,0.666020
0.741148,0.108627,0.498639,0.562126,0.492001,0.139892,0.571800,0.546217,0.680704,0.374857,0.110280,0.350641,0.457849,0.644839,0.510058,0.600582
0.363005,0.688681,0.701626,0.504752,0.216450,0.602450,0.241936,0.727856,0.302010,0.568794,0.262869,0.470539,0.139138,0.656080,0.630565,0.384261
0.117519,0.454938,0.278833,0.109512,0.661672,0.329331,0.739539,0.505527,0.724587,0.421600,0.298037,0.310376,0.409036,0.822204,0.407770,0.316341
0.380274,0.252088,0.597526,0.265818,0.427334,0.147005,0.450369,0.222440,0.450307,0.185681,0.104488,0.706836,0.365435,0.134517,0.811792,0.762033
0.784244,0.477172,0.161552,0.213463,0.461085,0.178575,0.565385,0.423181,0.608065,0.387873,0.367200,0.200109,0.483418,0.517250,0.220493,0.488762
0.581687,0.374004,0.870294,0.233755,0.812816,0.207630,0.464141,0.402294,0.389118,0.718341,0.807660,0.453709,0.550957,0.789352,0.644414,0.077643
0.576383,0.484110,0.311200,0.439569,0.511442,0.629490,0.674280,0.695305,0.199843,0.678511,0.277198,0.442384,0.878066,0.807758,0.305552,0.436633
0.241971,0.388435,0.295527,0.164909,0.736677,0.482631,0.711735,0.500857,0.687686,0.307225,0.411308,0.353995,0.357067,0.756001,0.419467,0.348810
0.347106,0.604898,0.274985,0.181011,0.430908,0.090220,0.231042,0.457239,0.622769,0.889729,0.458538,0.776118,0.342695,0.190907,0.493922,0.678751
0.721194,0.715722,0.482340,0.523280,0.769548,0.210037,0.575417,0.259354,0.128498,0.443841,0.240981,0.229907,0.385900,0.350439,0.531301,0.352894
0.666321,0.401969,0.318564,0.885693,0.566015,0.313326,0.180067,0.328258,0.518524,0.212199,0.690984,0.778024,0.334961,0.605243,0.317568,0.493740
0.188270,0.828034,0.756303,0.559779,0.429213,0.462601,0.454616,0.463464,0.609108,0.319642,0.211467,0.640380,0.207676,0.772004,0.469812,0.770122
0.606076,0.238284,0.818153,0.409930,0.610304,0.280909,0.211185,0.482245,0.473164,0.568356,0.469518,0.532023,0.218325,0.441330,0.718176,0.737562
0.113260,0.635284,0.223393,0.628759,0.198035,0.344046,0.675499,0.483230,0.482529,0.612480,0.675662,0.342257,0.521670,0.796677,0.668169,0.163898
0.565744,0.706169,0.516175,0.520981,0.706185,0.178330,0.673429,0.208341,0.086980,0.562595,0.189397,0.230125,0.377761,0.342897,0.592431,0.310664
0.682300,0.098848,0.501196,0.584073,0.525216,0.255482,0.583224,0.476224,0.679430,0.512875,0.137540,0.381945,0.405016,0.675473,0.514527,0.388401
0.607672,0.443114,0.334339,0.498655,0.526895,0.651690,0.757797,0.747299,0.216833,0.540003,0.284079,0.498502,0.770704,0.681485,0.387970,0.593571
0.532117,0.297769,0.650276,0.355827,0.406861,0.044900,0.503343,0.237747,0.380195,0.207330,0.267595,0.741550,0.360593,0.204402,0.795793,0.804704
0.701237,0.555494,0.422750,0.835487,0.553880,0.232486,0.137644,0.328413,0.509540,0.161263,0.679449,0.606098,0.243490,0.581226,0.470856,0.535068
0.398606,0.571638,0.448646,0.073619,0.341605,0.125252,0.235786,0.325268,0.599739,0.765436,0.579989,0.750726,0.328393,0.234209,0.537559,0.714693
0.580729,0.454014,0.322245,0.413525,0.555369,0.684037,0.595780,0.694751,0.316064,0.618564,0.366098,0.453493,0.767684,0.781177,0.440540,0.392390
0.331758,0.766863,0.690954,0.746659,0.134229,0.462384,0.283005,0.619836,0.155983,0.607818,0.309288,0.634984,0.063876,0.718891,0.445555,0.548665
0.803176,0.394699,0.432889,0.709172,0.509572,0.463140,0.311404,0.230123,0.620391,0.192753,0.779483,0.724930,0.180786,0.811277,0.428531,0.390488
0.629964,0.675766,0.550128,0.581769,0.644777,0.220500,0.633571,0.338677,0.243689,0.511661,0.194635,0.512177,0.434620,0.168111,0.551601,0.473737
0.387051,0.818729,0.440563,0.593988,0.246398,0.594249,0.157479,0.653737,0.270607,0.528224,0.274313,0.772266,0.177680,0.683053,0.542671,0.424956
0.198347,0.716993,0.302225,0.405423,0.631409,0.304940,0.445888,0.863536,0.428126,0.292480,0.228662,0.689841,0.799656,0.617184,0.380940,0.631443
0.290314,0.469431,0.427548,0.713806,0.502766,0.564371,0.218138,0.760027,0.604538,0.904010,0.371560,0.814218,0.186914,0.631286,0.326621,0.542752
0.450215,0.416896,0.378094,0.735841,0.427519,0.683128,0.183918,0.916154,0.663357,0.891556,0.432386,0.874076,0.258028,0.594395,0.371456,0.612317
0.650455,0.333770,0.756936,0.335381,0.782513,0.241830,0.473436,0.401772,0.385268,0.604849,0.741019,0.505043,0.651805,0.843416,0.699912,0.320417
0.280145,0.800378,0.578970,0.556470,0.317356,0.338057,0.421052,0.610435,0.537350,0.310360,0.302338,0.671663,0.136628,0.682869,0.390982,0.722559
0.712499,0.443179,0.398577,0.558963,0.479617,0.671982,0.669147,0.726237,0.238033,0.536287,0.386334,0.580724,0.842298,0.757395,0.414552,0.453272
0.634766,0.337459,0.756030,0.230754,0.822442,0.257283,0.417701,0.421925,0.354596,0.622178,0.711069,0.487881,0.533698,0.726242,0.716322,0.335365
0.713195,0.565439,0.399044,0.365876,0.473233,0.200520,0.665626,0.542471,0.461486,0.285864,0.324185,0.245741,0.586598,0.555314,0.237788,0.572601
0.282132,0.378381,0.437872,0.738862,0.383142,0.501108,0.192929,0.792838,0.635757,0.787573,0.318436,0.655814,0.162657,0.709871,0.125216,0.684589
0.391644,0.513508,0.383985,0.344199,0.463072,0.191448,0.202347,0.386142,0.666213,0.731022,0.519013,0.793373,0.187116,0.190633,0.445536,0.678199
0.124839,0.597941,0.263481,0.822331,0.188292,0.317129,0.673137,0.475469,0.573279,0.538294,0.594440,0.457730,0.528812,0.716188,0.662495,0.204021
0.658858,0.524270,0.375606,0.775029,0.545972,0.329707,0.212801,0.203908,0.541329,0.308710,0.688263,0.737637,0.290161,0.690873,0.409425,0.391673
0.704965,0.165408,0.532817,0.679422,0.480479,0.134381,0.645831,0.614030,0.574912,0.368515,0.191380,0.356800,0.361187,0.570134,0.423912,0.371902
0.555807,0.724920,0.522431,0.568388,0.629171,0.230486,0.627024,0.172942,0.118935,0.462779,0.307452,0.257541,0.325383,0.216235,0.567663,0.364030
0.484835,0.401794,0.821022,0.278345,0.818762,0.335994,0.429498,0.504076,0.357526,0.656707,0.883020,0.489870,0.528531,0.702009,0.730097,0.273780
0.461996,0.271452,0.525232,0.293457,0.468417,0.094207,0.506931,0.313654,0.359717,0.220274,0.235458,0.709896,0.277996,0.108129,0.685946,0.842450
0.452793,0.302907,0.441584,0.310882,0.435541,0.131146,0.519483,0.213142,0.456571,0.138820,0.133867,0.755268,0.289924,0.278023,0.846550,0.667384
0.207876,0.598374,0.270747,0.746147,0.280953,0.359336,0.568085,0.399028,0.525664,0.643065,0.628014,0.361121,0.408189,0.719149,0.668299,0.277381
0.185151,0.422548,0.488633,0.763511,0.560415,0.476086,0.130858,0.829328,0.727726,0.745693,0.303754,0.818429,0.120880,0.639941,0.250939,0.595358
0.149096,0.698533,0.232669,0.491850,0.741067,0.268065,0.316730,0.721516,0.439092,0.288853,0.309326,0.604629,0.663875,0.667028,0.441737,0.782764
0.348725,0.475743,0.407580,0.711895,0.478668,0.490049,0.192017,0.813762,0.732496,0.900806,0.424056,0.826485,0.186083,0.703263,0.239132,0.602025
0.543686,0.461456,0.350381,0.664559,0.565904,0.609227,0.785272,0.751406,0.049571,0.660160,0.350738,0.486553,0.828356,0.715983,0.332992,0.483018
0.387905,0.526950,0.315510,0.677131,0.285151,0.335915,0.612106,0.551540,0.622639,0.549056,0.660725,0.419319,0.457266,0.657689,0.612916,0.256932
0.362585,0.535981,0.391349,0.740367,0.540624,0.513674,0.374203,0.771067,0.522984,0.514196,0.255097,0.758412,0.434750,0.417971,0.427037,0.630642
0.208634,0.274178,0.303102,0.247402,0.694875,0.452319,0.716247,0.508404,0.679108,0.516342,0.457133,0.237406,0.495635,0.664405,0.474925,0.327039
0.169540,0.682968,0.694924,0.470952,0.358804,0.421211,0.435918,0.589704,0.566157,0.349298,0.200556,0.544876,0.279110,0.912288,0.340197,0.781663
0.160503,0.782070,0.240277,0.492679,0.691792,0.188764,0.297674,0.806557,0.578012,0.240014,0.295612,0.667747,0.719696,0.618234,0.318912,0.646985
0.318458,0.641362,0.614479,0.395615,0.057891,0.587114,0.185489,0.738164,0.228554,0.449879,0.276641,0.763915,0.191061,0.665272,0.666265,0.498116
0.579727,0.378101,0.798534,0.333688,0.855311,0.148056,0.334985,0.511207,0.344270,0.701963,0.693988,0.528765,0.516193,0.754670,0.615641,0.224027
0.279242,0.604814,0.341848,0.842016,0.547917,0.562039,0.436213,0.870566,0.504059,0.481351,0.204958,0.710377,0.389316,0.377617,0.319583,0.670749
0.407431,0.470807,0.431342,0.740186,0.470942,0.428953,0.485104,0.785950,0.377552,0.469276,0.176327,0.521913,0.459915,0.352519,0.287685,0.823297
0.344990,0.789974,0.676266,0.570790,0.124986,0.555569,0.274483,0.681361,0.266763,0.634437,0.267112,0.715230,0.250418,0.644369,0.584115,0.471496
0.655637,0.129464,0.493892,0.529928,0.343670,0.155664,0.494060,0.506230,0.697083,0.382313,0.117023,0.420812,0.466686,0.584686,0.421485,0.348076
0.100423,0.848833,0.609575,0.433698,0.411596,0.435110,0.502211,0.484202,0.586681,0.370344,0.348364,0.593954,0.134311,0.731412,0.526337,0.647322
0.203776,0.579406,0.300677,0.573104,0.232040,0.392823,0.679409,0.530761,0.567027,0.574756,0.598348,0.366921,0.418090,0.832672,0.610326,0.222750
0.658157,0.697596,0.612423,0.582803,0.621844,0.285469,0.607608,0.228745,0.304157,0.576363,0.238166,0.240160,0.298430,0.197626,0.556732,0.572952
0.455051,0.441757,0.375411,0.471453,0.558344,0.606468,0.707533,0.854202,0.253062,0.622266,0.388072,0.507685,0.802469,0.742354,0.365770,0.322484
0.232369,0.821234,0.622142,0.338011,0.353230,0.558615,0.450663,0.578188,0.656682,0.442950,0.303498,0.537971,0.113749,0.789085,0.446177,0.736311
0.287744,0.593913,0.355502,0.591655,0.489371,0.603328,0.254568,0.787291,0.556809,0.667473,0.221609,0.573009,0.497594,0.469352,0.359053,0.732483
0.752807,0.147107,0.533771,0.592717,0.389617,0.062853,0.625942,0.467856,0.623430,0.336510,0.077359,0.223071,0.374623,0.568894,0.541062,0.432599
0.179191,0.843955,0.182342,0.400994,0.636399,0.255934,0.398662,0.653614,0.522648,0.314565,0.221548,0.646130,0.724266,0.614878,0.309286,0.561129
0.129838,0.310467,0.223028,0.104898,0.626984,0.433927,0.766694,0.468289,0.707998,0.357420,0.502272,0.277274,0.475366,0.805962,0.529716,0.330009
0.601191,0.454909,0.314995,0.561219,0.441663,0.605632,0.779100,0.735168,0.222437,0.509716,0.315204,0.496252,0.908223,0.800838,0.361864,0.538577
0.491662,0.326578,0.495164,0.320222,0.534728,0.166354,0.376930,0.381483,0.358735,0.123027,0.200787,0.664495,0.254619,0.212403,0.664621,0.710131
0.499921,0.476738,0.452003,0.581317,0.524368,0.688953,0.774313,0.756200,0.211594,0.522341,0.389120,0.493536,0.813952,0.746056,0.431597,0.524037
0.648117,0.804448,0.386212,0.514051,0.755393,0.229763,0.551762,0.275248,0.151097,0.561856,0.238238,0.260741,0.372948,0.301887,0.541635,0.460103
0.628364,0.322299,0.778879,0.504829,0.690349,0.162157,0.271706,0.528077,0.434521,0.480961,0.418419,0.538431,0.466372,0.634823,0.631744,0.674016
0.712874,0.488108,0.373632,0.405401,0.459096,0.266045,0.620471,0.400557,0.389262,0.325296,0.455766,0.206374,0.460195,0.552481,0.232665,0.452916
0.653363,0.428747,0.347626,0.816871,0.450066,0.235347,0.184845,0.348731,0.440587,0.287898,0.781486,0.612497,0.312021,0.732639,0.382373,0.432136
0.749923,0.502392,0.335634,0.274992,0.451925,0.243408,0.697932,0.433965,0.469423,0.346676,0.428921,0.098953,0.477085,0.607532,0.154118,0.530938
0.710735,0.249552,0.524742,0.723021,0.442955,0.162098,0.529887,0.571760,0.595043,0.360534,0.208574,0.380865,0.506687,0.589260,0.390898,0.501186
0.550739,0.252840,0.510679,0.306782,0.376029,0.121904,0.369122,0.334268,0.495482,0.180799,0.212354,0.670191,0.366298,0.202054,0.805110,0.734412
0.688162,0.226309,0.507045,0.546037,0.435894,0.222228,0.584641,0.487868,0.599820,0.391586,0.132676,0.302593,0.426712,0.643441,0.501118,0.542223
0.752704,0.776004,0.470946,0.405945,0.678031,0.261772,0.721464,0.228608,0.127465,0.586666,0.205478,0.153098,0.374157,0.352374,0.591665,0.448445
0.823043,0.214739,0.553050,0.594584,0.368792,0.176629,0.625353,0.535528,0.519071,0.378684,0.154250,0.419652,0.448490,0.619630,0.593124,0.458156
0.436146,0.242525,0.834541,0.451732,0.781939,0.165491,0.222198,0.359686,0.521051,0.499895,0.513025,0.472635,0.337914,0.548493,0.510251,0.760039
0.155147,0.380338,0.358342,0.230193,0.716167,0.477951,0.673923,0.496398,0.836196,0.378260,0.353471,0.394912,0.397956,0.829548,0.349915,0.387221
0.318211,0.648649,0.363392,0.226820,0.476232,0.266912,0.211371,0.277267,0.600715,0.852969,0.446528,0.813954,0.266398,0.210494,0.289904,0.593546
0.660495,0.571744,0.336818,0.297499,0.268103,0.243062,0.704720,0.498757,0.569701,0.354248,0.579003,0.229794,0.341762,0.592267,0.171172,0.453091
0.744992,0.461320,0.429934,0.870140,0.606208,0.290517,0.206737,0.264699,0.690049,0.452527,0.747252,0.590081,0.244136,0.636743,0.249075,0.470198
0.306021,0.797983,0.573072,0.541695,0.200293,0.617486,0.330463,0.741926,0.188466,0.424511,0.342613,0.675810,0.131524,0.700013,0.532052,0.510775
0.332971,0.475217,0.433807,0.774918,0.459253,0.650570,0.131910,0.725792,0.695442,0.885388,0.331659,0.840763,0.220963,0.692297,0.196961,0.519651
0.594700,0.436268,0.790345,0.305240,0.854068,0.228064,0.361217,0.520353,0.375063,0.509862,0.847186,0.364617,0.512285,0.685926,0.559936,0.210929
0.817795,0.529882,0.508443,0.759161,0.481660,0.356384,0.175713,0.315276,0.565596,0.317288,0.807260,0.721939,0.225648,0.620959,0.527106,0.501981
0.820531,0.592234,0.394961,0.784300,0.425810,0.398974,0.189476,0.258994,0.550431,0.228479,0.722717,0.594173,0.206380,0.697111,0.328376,0.559332
0.532686,0.746493,0.492925,0.506826,0.632960,0.233322,0.599565,0.210138,0.096740,0.464621,0.085281,0.179047,0.244527,0.161591,0.571004,0.427512
0.342536,0.564000,0.279856,0.151040,0.364840,0.138277,0.178427,0.329973,0.674631,0.795383,0.629109,0.781178,0.294397,0.097007,0.325498,0.565073
0.466024,0.478721,0.610352,0.425295,0.421838,0.203039,0.345433,0.301800,0.385342,0.205567,0.196334,0.656559,0.302987,0.169288,0.797990,0.740081
0.650368,0.450532,0.421716,0.731770,0.522549,0.239680,0.117179,0.256197,0.471812,0.236339,0.620340,0.687310,0.218901,0.787178,0.298321,0.471316
0.334805,0.630754,0.402267,0.661049,0.491857,0.526430,0.419335,0.624126,0.562157,0.518100,0.268156,0.657982,0.486394,0.464255,0.382955,0.708440
0.812503,0.447378,0.340126,0.187536,0.453907,0.267124,0.795594,0.435759,0.528432,0.455496,0.429723,0.243098,0.395059,0.708179,0.289782,0.471473
0.422641,0.486969,0.382816,0.715623,0.337630,0.522621,0.262927,0.772259,0.632054,0.829496,0.299232,0.776544,0.264639,0.611964,0.195306,0.633732
0.681610,0.145619,0.375541,0.658050,0.416497,0.303122,0.543882,0.547821,0.610962,0.303652,0.224570,0.392464,0.550617,0.560174,0.347985,0.557863
0.151129,0.779458,0.230779,0.490367,0.686908,0.186308,0.273351,0.795355,0.564546,0.358652,0.376241,0.694589,0.915126,0.577109,0.422768,0.735519
0.788441,0.618050,0.344221,0.349027,0.441618,0.190212,0.527647,0.455128,0.440736,0.336421,0.510527,0.336160,0.483229,0.661909,0.198536,0.577546
0.207655,0.761278,0.656809,0.442373,0.448452,0.471043,0.456761,0.540862,0.678731,0.369031,0.338697,0.593508,0.164761,0.679671,0.463982,0.767856
0.220453,0.894549,0.619612,0.459377,0.212570,0.417259,0.443877,0.582535,0.591377,0.365212,0.476844,0.550347,0.107043,0.718494,0.435292,0.593609
0.131371,0.705367,0.286164,0.337772,0.688608,0.239719,0.316407,0.751538,0.420015,0.287765,0.284256,0.655586,0.866172,0.620122,0.304707,0.790366
0.241734,0.412150,0.391926,0.100793,0.756227,0.384204,0.743680,0.454192,0.746320,0.483636,0.409809,0.383207,0.582242,0.828380,0.508785,0.349638
0.740468,0.545695,0.424197,0.258826,0.534290,0.228426,0.550482,0.492899,0.447608,0.374383,0.399947,0.235194,0.418390,0.568493,0.239813,0.414483
0.354430,0.769895,0.717728,0.481711,0.115797,0.576687,0.123388,0.642721,0.238012,0.512687,0.263944,0.625199,0.188602,0.836141,0.662837,0.474883
0.527792,0.318640,0.555673,0.372938,0.415638,0.211095,0.380448,0.319736,0.308973,0.326338,0.310994,0.718338,0.249331,0.141303,0.763017,0.724909
0.705505,0.349510,0.512683,0.667429,0.572732,0.372683,0.113027,0.301628,0.580512,0.256339,0.658392,0.578958,0.188262,0.629493,0.424222,0.509666
0.222640,0.826529,0.047880,0.504519,0.691217,0.333951,0.361085,0.653554,0.435229,0.341606,0.275626,0.596503,0.842307,0.636913,0.339827,0.643447
0.170909,0.560629,0.216600,0.663215,0.233415,0.359434,0.623928,0.360289,0.679689,0.485830,0.666869,0.382978,0.590769,0.832921,0.639848,0.273259
0.142261,0.573542,0.408735,0.666846,0.211509,0.418319,0.600757,0.480756,0.707871,0.560668,0.684099,0.447571,0.355579,0.705639,0.571269,0.295659
0.172687,0.835287,0.110238,0.455491,0.602464,0.135469,0.311867,0.818854,0.510163,0.344493,0.396433,0.753714,0.879796,0.682820,0.289004,0.751311
0.167746,0.812770,0.623302,0.380695,0.298496,0.427029,0.461904,0.369515,0.621199,0.461422,0.381361,0.587587,0.058332,0.701215,0.571612,0.766161
0.254468,0.755720,0.688972,0.648922,0.162906,0.584421,0.291968,0.679981,0.180463,0.496605,0.330846,0.663804,0.149225,0.717856,0.631372,0.485165
0.298102,0.794638,0.610719,0.570884,0.143233,0.619888,0.180926,0.770920,0.249441,0.619136,0.199313,0.696618,0.131884,0.734368,0.651198,0.390169
0.397498,0.513130,0.403154,0.653888,0.487359,0.410691,0.372063,0.772433,0.599621,0.513794,0.224687,0.667968,0.488616,0.375153,0.346311,0.867708
0.300784,0.755762,0.180811,0.358509,0.746688,0.300799,0.334508,0.714285,0.497844,0.238194,0.308273,0.737478,0.719261,0.646762,0.375805,0.679674
0.563752,0.319993,0.508701,0.332994,0.430780,0.181536,0.380673,0.331620,0.306935,0.203001,0.278217,0.762615,0.395126,0.150332,0.794682,0.783209
0.669002,0.767111,0.487176,0.491472,0.726287,0.430489,0.661176,0.179544,0.093351,0.460678,0.311309,0.248652,0.561752,0.223385,0.591473,0.365775
0.678767,0.731262,0.473061,0.480254,0.646061,0.149449,0.547623,0.166871,0.178633,0.435706,0.283039,0.252306,0.425505,0.200173,0.488178,0.492558
0.201999,0.379066,0.438951,0.206681,0.676896,0.394250,0.720748,0.485762,0.838152,0.313855,0.359788,0.474090,0.453624,0.724084,0.429188,0.395217
0.861582,0.417768,0.340129,0.318011,0.414114,0.213116,0.646702,0.381954,0.633688,0.420007,0.350722,0.269270,0.393493,0.588621,0.302572,0.570968
0.582022,0.402902,0.817892,0.232424,0.800567,0.261321,0.424670,0.530994,0.353798,0.634150,0.869075,0.419267,0.530216,0.684873,0.770070,0.160772
0.307005,0.407802,0.584741,0.741620,0.485912,0.433305,0.167060,0.712569,0.648121,0.726371,0.212865,0.695948,0.192976,0.700958,0.240608,0.465856
0.651573,0.228954,0.521834,0.447868,0.267348,0.182535,0.565311,0.574311,0.646252,0.428787,0.221603,0.324017,0.465132,0.547658,0.466400,0.415739
0.818518,0.705450,0.618247,0.546671,0.584907,0.255669,0.620978,0.299884,0.159437,0.504157,0.255401,0.166542,0.395527,0.096699,0.490226,0.483962
0.672630,0.488025,0.366249,0.816340,0.599168,0.282509,0.310621,0.139605,0.650579,0.170214,0.660719,0.601196,0.320868,0.663219,0.389804,0.648538
0.616587,0.383597,0.282659,0.544697,0.510740,0.594197,0.770203,0.742312,0.199974,0.709595,0.419441,0.442225,0.760758,0.779229,0.448682,0.414330
0.205960,0.360919,0.330147,0.144008,0.575524,0.347671,0.763844,0.486743,0.831647,0.430744,0.505325,0.331579,0.395041,0.668209,0.403236,0.420554
0.692186,0.122043,0.610799,0.564156,0.401425,0.216712,0.681768,0.657028,0.680370,0.331898,0.209918,0.308260,0.492939,0.517937,0.459059,0.407744
0.205359,0.433716,0.238816,0.135419,0.685787,0.448738,0.607904,0.630527,0.712835,0.462022,0.359000,0.367131,0.422494,0.680081,0.510741,0.342892
0.418973,0.561484,0.519736,0.650065,0.613564,0.407792,0.294087,0.779781,0.468027,0.481758,0.268854,0.428071,0.465791,0.439238,0.371756,0.612166
0.441311,0.548448,0.481998,0.193880,0.367047,0.258917,0.177497,0.391624,0.744097,0.878714,0.520418,0.821518,0.197494,0.218431,0.332670,0.638234
0.162729,0.451533,0.399813,0.240528,0.668783,0.505048,0.614578,0.524711,0.658497,0.393513,0.257286,0.318439,0.471747,0.720903,0.463924,0.402480
0.300317,0.549885,0.272360,0.634321,0.178298,0.420876,0.571802,0.489685,0.564723,0.560803,0.604936,0.492563,0.390018,0.638074,0.662851,0.261711
0.007660,0.410660,0.301097,0.150471,0.572335,0.490730,0.689226,0.445645,0.691877,0.441396,0.421723,0.238905,0.466767,0.689265,0.607262,0.337540
0.324863,0.893792,0.768922,0.586107,0.113990,0.559886,0.342193,0.711653,0.197200,0.487794,0.414951,0.731418,0.232678,0.820826,0.636656,0.410892
0.651780,0.355866,0.894446,0.374323,0.875065,0.119940,0.484483,0.531318,0.281733,0.796934,0.705680,0.469347,0.444684,0.648853,0.682310,0.186360
0.619024,0.148671,0.480578,0.555731,0.485384,0.180420,0.722227,0.489617,0.639863,0.297221,0.296029,0.244423,0.452731,0.616146,0.383921,0.548228
0.050884,0.802414,0.474647,0.566170,0.291799,0.526150,0.425594,0.544847,0.642331,0.412471,0.267620,0.652075,0.155820,0.607769,0.388957,0.749500
0.238111,0.356275,0.437261,0.242611,0.626394,0.509800,0.724513,0.491344,0.855846,0.353667,0.383563,0.363414,0.509820,0.649456,0.476645,0.492168
0.391962,0.658937,0.441900,0.734604,0.426724,0.582466,0.310893,0.767006,0.457714,0.489156,0.287540,0.554929,0.419964,0.462446,0.334959,0.861432
0.183978,0.308334,0.296004,0.194883,0.675666,0.258443,0.642247,0.585201,0.736950,0.244070,0.333998,0.369295,0.514172,0.675440,0.486622,0.410765
0.280881,0.763378,0.656937,0.609735,0.133918,0.596324,0.236071,0.773180,0.088893,0.590923,0.239845,0.724422,0.268374,0.681202,0.626649,0.442125
0.599919,0.462061,0.432099,0.547570,0.491222,0.648769,0.714690,0.656992,0.022172,0.617428,0.367951,0.533538,0.719000,0.641197,0.280341,0.406661
0.517760,0.532291,0.545282,0.516583,0.478937,0.652890,0.580868,0.728520,0.276567,0.663461,0.487638,0.498098,0.754417,0.735071,0.294406,0.473138
0.698637,0.441896,0.557895,0.802071,0.417769,0.286017,0.139400,0.324376,0.511480,0.278227,0.648528,0.662160,0.217694,0.620295,0.325483,0.436888
0.739362,0.382057,0.347227,0.740615,0.628063,0.386804,0.198809,0.405217,0.616977,0.219835,0.747303,0.698185,0.243337,0.655636,0.375799,0.555730
0.581503,0.417272,0.350261,0.582600,0.497735,0.661360,0.703292,0.635528,0.349310,0.529305,0.421445,0.467584,0.748043,0.748142,0.354772,0.468210
0.426596,0.579347,0.404461,0.697974,0.562039,0.395623,0.375609,0.815506,0.582582,0.433552,0.242662,0.694194,0.439485,0.454989,0.300411,0.810051
0.643656,0.244849,0.471096,0.540258,0.491594,0.245896,0.563794,0.462991,0.765825,0.491801,0.198235,0.391034,0.356143,0.677910,0.508870,0.329084
0.323222,0.825782,0.734790,0.490057,0.156899,0.551718,0.266214,0.727697,0.296722,0.590905,0.333479,0.660738,0.104075,0.640088,0.485580,0.566729
0.290594,0.565974,0.544195,0.456422,0.406607,0.164259,0.161201,0.354669,0.718105,0.698505,0.534830,0.831139,0.311586,0.255466,0.432226,0.831287
0.623217,0.375437,0.362158,0.803900,0.630067,0.226005,0.120498,0.359461,0.536329,0.252431,0.634448,0.628579,0.245428,0.692040,0.359908,0.379842
0.209159,0.960112,0.606586,0.549698,0.327694,0.384066,0.457520,0.582627,0.566011,0.441178,0.304976,0.518148,0.218318,0.695011,0.492839,0.759831
0.259475,0.636854,0.549489,0.661199,0.143541,0.602948,0.238061,0.834715,0.249267,0.441084,0.385220,0.693145,0.168465,0.650732,0.625511,0.514961
0.712504,0.494784,0.394400,0.647294,0.460440,0.326742,0.149938,0.238576,0.614946,0.255452,0.798250,0.690317,0.322167,0.654151,0.418608,0.475309
0.728551,0.820263,0.501899,0.552564,0.712659,0.270745,0.519929,0.256232,0.163675,0.591103,0.275455,0.188303,0.417717,0.236710,0.581842,0.300289
0.235661,0.877287,0.657264,0.509256,0.301084,0.464598,0.454976,0.505583,0.638722,0.350673,0.369288,0.718953,0.171317,0.732798,0.290381,0.739945
0.584251,0.464445,0.432482,0.356325,0.584416,0.206499,0.513418,0.500941,0.487269,0.405135,0.517541,0.327781,0.420651,0.591408,0.359498,0.479607
0.453400,0.420761,0.543450,0.427712,0.412960,0.155945,0.283720,0.255619,0.490750,0.250919,0.254153,0.706488,0.234576,0.233598,0.715025,0.732123
0.557139,0.602434,0.483808,0.746011,0.533894,0.462499,0.385110,0.756199,0.611501,0.398727,0.323773,0.693971,0.461994,0.472777,0.331612,0.841629
0.648633,0.282617,0.815569,0.595826,0.765051,0.182108,0.246155,0.476197,0.470936,0.454624,0.467118,0.458814,0.423282,0.438438,0.654837,0.742672
0.504868,0.386272,0.808322,0.266587,0.828824,0.149811,0.357404,0.432740,0.319064,0.706998,0.773944,0.385769,0.512564,0.593291,0.658734,0.232125
0.328481,0.746458,0.592905,0.600983,0.238707,0.614154,0.255694,0.779255,0.185937,0.521288,0.085798,0.663659,0.225566,0.715018,0.669529,0.460101
0.204341,0.727864,0.616040,0.437307,0.331790,0.405711,0.458258,0.502499,0.571104,0.442065,0.352390,0.532838,0.119189,0.680041,0.493750,0.793502
0.366241,0.613034,0.272351,0.778921,0.471854,0.523602,0.449755,0.798111,0.383396,0.481131,0.313812,0.683649,0.458160,0.335475,0.351478,0.792925
0.474260,0.523606,0.366124,0.713822,0.384264,0.491084,0.241257,0.776970,0.596071,0.849546,0.249634,0.768584,0.265490,0.639999,0.144775,0.605018
0.338423,0.916238,0.729689,0.666651,0.199649,0.641065,0.289753,0.863234,0.210311,0.536199,0.298601,0.794294,0.126194,0.620063,0.706545,0.426134
0.463822,0.428591,0.574286,0.448027,0.460652,0.239763,0.358362,0.199562,0.512512,0.127210,0.287659,0.690776,0.194968,0.149634,0.789485,0.792100
0.392235,0.520420,0.390121,0.145958,0.357454,0.088312,0.176099,0.403787,0.587444,0.922905,0.521833,0.775552,0.175081,0.185409,0.575849,0.573022
0.662595,0.516026,0.399648,0.779853,0.568991,0.247645,0.136177,0.382540,0.654505,0.317752,0.749723,0.600677,0.319184,0.783711,0.450436,0.398668
0.667240,0.791092,0.675067,0.610123,0.758422,0.303164,0.738671,0.285048,0.118478,0.476173,0.173203,0.297771,0.429721,0.233109,0.524743,0.482763
0.292634,0.579848,0.193264,0.728161,0.225066,0.433368,0.618045,0.454491,0.586403,0.653849,0.581102,0.346093,0.434649,0.755889,0.728526,0.436422
0.348820,0.788434,0.714554,0.617668,0.165063,0.516649,0.304000,0.780239,0.369995,0.599529,0.296748,0.658645,0.315400,0.590171,0.528397,0.470922
0.606330,0.311763,0.873588,0.143578,0.810751,0.260258,0.303021,0.347098,0.420054,0.753567,0.852577,0.393094,0.522760,0.608025,0.708101,0.331438
0.213076,0.360766,0.316467,0.208361,0.600193,0.418056,0.651232,0.340718,0.782649,0.290257,0.435930,0.411171,0.532287,0.731087,0.410007,0.350042
0.616100,0.818189,0.470018,0.487467,0.717213,0.209336,0.526516,0.161113,0.229751,0.507383,0.253770,0.273376,0.400526,0.159353,0.579897,0.500343
0.709837,0.675673,0.477455,0.572790,0.669265,0.302091,0.632852,0.165848,0.108338,0.513708,0.237450,0.317707,0.430314,0.267746,0.458577,0.471938
0.755303,0.504174,0.232513,0.211175,0.478967,0.298801,0.544922,0.476015,0.517905,0.419387,0.515597,0.355836,0.630797,0.536562,0.240864,0.498033
0.162589,0.731330,0.194078,0.500954,0.673036,0.263345,0.327036,0.699269,0.476215,0.248744,0.321023,0.668765,0.740973,0.588401,0.474522,0.638323
0.893639,0.443111,0.410424,0.796667,0.480949,0.260597,0.227579,0.260367,0.623604,0.263923,0.644937,0.707360,0.110877,0.685930,0.320485,0.376956
0.500880,0.257915,0.786106,0.216491,0.791886,0.293241,0.408768,0.516108,0.316198,0.570561,0.765688,0.585488,0.514740,0.724937,0.776390,0.274486
0.315223,0.792392,0.374420,0.670230,0.518084,0.560368,0.386991,0.699507,0.618127,0.526424,0.218619,0.605736,0.474089,0.500169,0.269723,0.739878
0.744409,0.218128,0.568828,0.661305,0.474711,0.182780,0.589006,0.591105,0.719393,0.424260,0.114660,0.384024,0.370420,0.644520,0.586716,0.419782
0.328771,0.785624,0.162029,0.498478,0.766076,0.228497,0.297177,0.660865,0.426131,0.206425,0.317737,0.700196,0.787958,0.677382,0.370941,0.635695
0.645641,0.341105,0.851632,0.649299,0.706065,0.260844,0.329453,0.488758,0.512230,0.430954,0.609412,0.482400,0.450120,0.535228,0.549713,0.842669
0.747340,0.163339,0.612698,0.608869,0.395910,0.253951,0.589426,0.581972,0.582539,0.394680,0.154575,0.231782,0.418037,0.478248,0.385111,0.470047
0.388773,0.270147,0.463951,0.651468,0.517257,0.672981,0.201015,0.755801,0.698330,0.786563,0.332826,0.694651,0.281460,0.542326,0.226508,0.533996
0.717540,0.596861,0.535271,0.253179,0.422071,0.145610,0.483104,0.481001,0.638119,0.413323,0.377757,0.251990,0.393665,0.529848,0.353247,0.559677
0.664091,0.205310,0.525076,0.626014,0.452870,0.195470,0.584787,0.518869,0.666992,0.421186,0.169535,0.377004,0.460077,0.480206,0.356770,0.378464
0.742485,0.125481,0.390180,0.572407,0.395126,0.104204,0.488318,0.487030,0.602751,0.381617,0.158744,0.367594,0.372719,0.511516,0.513616,0.482708
0.552388,0.370570,0.769707,0.293558,1.000000,0.203315,0.400407,0.480875,0.383453,0.731424,0.974913,0.553561,0.477545,0.674666,0.666087,0.378868
0.768063,0.502808,0.367098,0.789308,0.613505,0.309058,0.109206,0.233653,0.577432,0.299064,0.655767,0.712020,0.259651,0.734182,0.363044,0.490630
0.212164,0.512224,0.189622,0.694862,0.257010,0.442557,0.546955,0.557594,0.501604,0.532951,0.593320,0.469188,0.406182,0.668306,0.632346,0.194967
0.626140,0.409551,0.285294,0.522905,0.583971,0.647486,0.780885,0.712568,0.256351,0.591868,0.383215,0.484126,0.720714,0.806896,0.317249,0.624781
0.775335,0.156732,0.581563,0.655554,0.328944,0.309206,0.587472,0.462938,0.692985,0.430814,0.200112,0.299963,0.311851,0.630088,0.496952,0.454804
0.709061,0.267129,0.596751,0.647559,0.336477,0.174908,0.554095,0.593378,0.589876,0.388315,0.099386,0.325729,0.335651,0.574313,0.467678,0.466463
0.786041,0.202061,0.441254,0.608536,0.260424,0.180937,0.758172,0.599189,0.630719,0.437271,0.220486,0.489096,0.499003,0.511907,0.475195,0.435958
0.586471,0.370448,0.264101,0.471218,0.538420,0.633364,0.750455,0.735742,0.219259,0.585817,0.273919,0.586710,0.839297,0.810303,0.402330,0.425039
0.347831,0.739238,0.723710,0.593961,0.167142,0.635322,0.177535,0.778566,0.137964,0.545027,0.317561,0.723548,0.259563,0.690782,0.643946,0.412289
0.263607,0.635280,0.246885,0.576843,0.234239,0.369160,0.607982,0.501514,0.725088,0.577361,0.608695,0.436740,0.336776,0.540826,0.569771,0.238805
0.205016,0.750097,0.606276,0.603834,0.185948,0.667572,0.273802,0.585744,0.224855,0.580428,0.228269,0.725023,0.097183,0.744107,0.513375,0.474066
0.166264,0.755635,0.567924,0.588297,0.303332,0.518946,0.495980,0.360235,0.571643,0.294811,0.386862,0.531688,0.210996,0.776371,0.525410,0.687232
0.627926,0.311117,0.359579,0.427727,0.559609,0.640824,0.831873,0.785245,0.281613,0.614623,0.219780,0.473415,0.842222,0.727545,0.315389,0.520280
0.250041,0.904220,0.561383,0.459486,0.364449,0.436788,0.407758,0.540143,0.552867,0.361461,0.211724,0.590925,0.250531,0.769010,0.381808,0.710267
0.299532,0.762025,0.106442,0.494635,0.718221,0.294041,0.359608,0.695037,0.369715,0.309006,0.341175,0.674411,0.880130,0.718949,0.466783,0.589802
0.700418,0.095981,0.461767,0.527479,0.461249,0.150829,0.670603,0.593478,0.588046,0.522143,0.151054,0.344216,0.415779,0.557667,0.323914,0.464703
0.466262,0.370190,0.440082,0.187591,0.431983,0.226371,0.311284,0.280503,0.383566,0.254097,0.236180,0.690854,0.351798,0.194002,0.754460,0.803415
0.209198,0.618596,0.589931,0.262480,0.361765,0.185004,0.151973,0.270672,0.708246,0.665916,0.621463,0.763927,0.282944,0.231779,0.649111,0.573080
0.217750,0.521586,0.294026,0.141825,0.502832,0.531649,0.722114,0.423463,0.687738,0.428292,0.361172,0.358910,0.458047,0.583738,0.436813,0.381224
0.355917,0.530873,0.077429,0.724025,0.179963,0.366099,0.692189,0.523526,0.591783,0.572425,0.605002,0.479412,0.539901,0.700770,0.598585,0.324066
0.649279,0.209696,0.551133,0.596121,0.341411,0.252181,0.637587,0.600593,0.702251,0.521882,0.181574,0.382331,0.325166,0.479836,0.475262,0.383972
0.232057,0.805743,0.621792,0.690741,0.251717,0.609821,0.196482,0.668663,0.318310,0.508394,0.213868,0.761946,0.161207,0.579445,0.489582,0.502935
0.640631,0.596147,0.248480,0.486386,0.518916,0.723994,0.804394,0.655138,0.196758,0.527681,0.316939,0.586877,0.830018,0.728598,0.406355,0.407622
0.342592,0.354635,0.320579,0.189271,0.683746,0.460815,0.686587,0.496999,0.790355,0.124058,0.331387,0.222076,0.493900,0.728550,0.476093,0.471404
0.270244,0.499931,0.386599,0.230433,0.557749,0.516138,0.734079,0.571832,0.723221,0.336526,0.401655,0.335734,0.547356,0.911404,0.474338,0.376902
0.480041,0.490637,0.317115,0.753789,0.422045,0.631635,0.277391,0.836134,0.702361,0.785060,0.264149,0.784951,0.328327,0.574127,0.226774,0.393728
0.367675,0.602242,0.479650,0.165811,0.426994,0.300828,0.230831,0.464874,0.684065,0.903074,0.489631,0.813217,0.360513,0.140425,0.338685,0.620760
0.119299,0.690213,0.359876,0.509517,0.634257,0.204666,0.315998,0.844226,0.512936,0.159869,0.263975,0.673700,0.654565,0.761351,0.309676,0.721660
0.223193,0.379700,0.343839,0.182567,0.608338,0.448485,0.700993,0.546608,0.779418,0.433824,0.352301,0.423645,0.348071,0.774979,0.526344,0.354270
0.451294,0.589477,0.358014,0.737453,0.515552,0.505258,0.362022,0.870820,0.539161,0.561567,0.304290,0.555402,0.466060,0.478247,0.397217,0.783869
0.319646,0.727610,0.579375,0.657552,0.216226,0.595954,0.200569,0.602849,0.211448,0.538950,0.185924,0.668282,0.249789,0.592083,0.681146,0.364512
0.646879,0.368229,0.509786,0.293448,0.413182,0.080143,0.487890,0.317108,0.403644,0.174022,0.130568,0.656841,0.308029,0.111440,0.786313,0.806267
0.710674,0.386227,0.360067,0.373018,0.410100,0.193383,0.618336,0.387990,0.571031,0.386999,0.530036,0.156907,0.463713,0.536366,0.142289,0.565507
0.442047,0.354020,0.904744,0.274348,0.853754,0.243028,0.423886,0.599224,0.483318,0.741044,0.722368,0.433264,0.447346,0.742352,0.748854,0.224746
0.348985,0.416214,0.518459,0.755143,0.467333,0.605295,0.258107,0.801251,0.531880,0.874879,0.316748,0.757364,0.173516,0.538444,0.185495,0.566353
0.309077,0.795108,0.600761,0.444044,0.353050,0.559240,0.427253,0.440907,0.650313,0.360309,0.376294,0.545472,0.231297,0.601718,0.469555,0.597127
0.437649,0.354666,0.416810,0.769599,0.404710,0.554755,0.289879,0.807282,0.802992,0.752084,0.351020,0.759316,0.274260,0.646578,0.404128,0.663880
0.191375,0.345762,0.286714,0.161983,0.644105,0.476278,0.738339,0.655754,0.894463,0.368012,0.298618,0.422737,0.458018,0.760250,0.526562,0.428966
0.701223,0.526121,0.361213,0.823994,0.544911,0.370710,0.156406,0.170577,0.616843,0.416179,0.645670,0.668981,0.214765,0.621358,0.438118,0.436665
0.277270,0.668464,0.552770,0.650098,0.131964,0.653032,0.125449,0.651468,0.214516,0.443651,0.309895,0.785275,0.151085,0.624706,0.649404,0.464791
0.648409,0.518780,0.403673,0.537580,0.642021,0.590811,0.589723,0.623781,0.106909,0.550319,0.331281,0.393819,0.851343,0.677707,0.257068,0.520731
0.354350,0.429810,0.540967,0.744512,0.469796,0.637247,0.227121,0.779698,0.716666,0.830388,0.306928,0.768975,0.303958,0.743949,0.106883,0.513669
0.459782,0.599738,0.294922,0.676086,0.525227,0.552170,0.275983,0.762983,0.453162,0.541123,0.168866,0.671397,0.481160,0.451559,0.359928,0.830705
0.667983,0.499449,0.274465,0.210319,0.477360,0.141950,0.719020,0.365994,0.490637,0.435452,0.519384,0.272675,0.547666,0.489745,0.324972,0.516237
0.258477,0.757648,0.669132,0.557673,0.083264,0.657748,0.252864,0.778854,0.341840,0.500578,0.354166,0.664502,0.210482,0.614831,0.595060,0.385451
0.253446,0.645400,0.652591,0.612612,0.146804,0.576390,0.264451,0.674124,0.235004,0.516117,0.319436,0.759092,0.226878,0.596710,0.574479,0.395559
0.339383,0.810981,0.723073,0.525604,0.142201,0.589154,0.277627,0.772423,0.224265,0.491438,0.357667,0.621169,0.210973,0.535962,0.661558,0.424720
0.543740,0.408170,0.552730,0.406857,0.403460,0.121075,0.360600,0.292336,0.395145,0.233268,0.274521,0.783816,0.228236,0.104880,0.727217,0.631419
0.270572,0.646011,0.132165,0.589081,0.155321,0.395541,0.510201,0.520552,0.591184,0.587827,0.637862,0.321186,0.474344,0.779605,0.563837,0.119644
0.149087,0.795866,0.508141,0.451001,0.319909,0.397267,0.403168,0.514156,0.591643,0.309469,0.241068,0.641110,0.259776,0.810715,0.534296,0.716870
0.718912,0.299709,0.801176,0.420915,0.739190,0.319083,0.215568,0.580587,0.526465,0.391246,0.430662,0.440462,0.355628,0.431085,0.711573,0.654300
0.235784,0.543734,0.332845,0.180276,0.350078,0.161531,0.084399,0.486219,0.706099,0.762988,0.595338,0.897297,0.270724,0.143142,0.385665,0.687152
0.323594,0.640389,0.262391,0.707210,0.208758,0.388362,0.549015,0.472273,0.685159,0.532569,0.554800,0.351606,0.482790,0.662875,0.683097,0.193450
0.224928,0.535906,0.149675,0.688471,0.312372,0.378000,0.607674,0.466172,0.573914,0.493301,0.565427,0.418295,0.448186,0.604315,0.583142,0.269266
0.154192,0.566113,0.201646,0.759914,0.168102,0.365630,0.564523,0.426395,0.595816,0.495583,0.663576,0.426691,0.404022,0.657982,0.700291,0.245959
0.363574,0.709816,0.424905,0.697176,0.408004,0.544399,0.441066,0.841538,0.449459,0.518145,0.261413,0.567931,0.582722,0.433711,0.357513,0.732845
0.413831,0.593414,0.473210,0.717435,0.461184,0.464420,0.284251,0.757047,0.642671,0.823194,0.323200,0.931455,0.333913,0.676124,0.138762,0.480401
0.700890,0.323906,0.421721,0.792862,0.398199,0.329781,0.324851,0.391456,0.574374,0.243610,0.632898,0.732516,0.248138,0.690640,0.403770,0.393061
0.318750,0.512842,0.452925,0.668029,0.428068,0.597611,0.168987,0.871556,0.644197,0.992550,0.192373,0.885951,0.262633,0.733869,0.240048,0.497219
0.606298,0.681288,0.540172,0.511281,0.669318,0.250049,0.528069,0.184046,0.124650,0.535628,0.379997,0.385819,0.345012,0.205362,0.417860,0.435288
0.223756,0.567010,0.436664,0.593231,0.473493,0.525800,0.499504,0.786653,0.458856,0.553293,0.286472,0.709004,0.325110,0.413487,0.322911,0.788575
0.454559,0.608657,0.422759,0.707055,0.442260,0.479336,0.381210,0.796041,0.478505,0.510991,0.204786,0.697046,0.402943,0.457242,0.278824,0.705915
0.227014,0.770980,0.181857,0.435803,0.590486,0.143675,0.244765,0.823266,0.540250,0.293276,0.337926,0.709105,0.830936,0.717911,0.354055,0.707315
0.428919,0.682024,0.357639,0.717560,0.507885,0.600630,0.443149,0.750802,0.513514,0.575718,0.269575,0.635156,0.459014,0.460309,0.338331,0.634180
0.562166,0.415198,0.779002,0.372703,0.880335,0.293847,0.515410,0.542054,0.438903,0.763445,0.867009,0.572611,0.437679,0.667093,0.700402,0.319941
0.676704,0.485530,0.280089,0.539438,0.499310,0.565881,0.645956,0.742222,0.353804,0.581207,0.374539,0.570865,0.865063,0.654110,0.326457,0.390018
0.601636,0.461516,0.243565,0.437837,0.487877,0.602545,0.677340,0.636901,0.078885,0.568124,0.383033,0.569949,0.803561,0.607257,0.438369,0.559382
0.745944,0.505886,0.332240,0.224859,0.498178,0.267428,0.698725,0.426182,0.516705,0.377066,0.410707,0.355510,0.474831,0.594882,0.267586,0.596561
0.707547,0.574951,0.237272,0.246335,0.678763,0.290602,0.669177,0.430291,0.585840,0.371640,0.263187,0.319810,0.417929,0.503733,0.328840,0.519932
0.133806,0.787181,0.236335,0.518097,0.733746,0.305138,0.351367,0.762802,0.404804,0.297493,0.294509,0.706008,0.810894,0.591071,0.409965,0.637125
0.612711,0.255685,0.797438,0.441736,0.743251,0.237409,0.257500,0.431348,0.518966,0.494309,0.435962,0.495607,0.208900,0.557722,0.539168,0.738022
0.304247,0.386949,0.427189,0.737995,0.479509,0.654598,0.151070,0.784954,0.759234,0.781550,0.331239,0.727351,0.315793,0.575312,0.279947,0.537382
0.705258,0.460382,0.365133,0.529658,0.508072,0.680650,0.678539,0.701898,0.227596,0.585266,0.324891,0.548744,0.717213,0.812488,0.312481,0.513636
0.673576,0.383662,0.287212,0.553819,0.560435,0.557641,0.767122,0.616948,0.090402,0.524822,0.394882,0.414476,0.894127,0.676937,0.306193,0.468801
0.207770,0.501624,0.286220,0.689503,0.233584,0.374911,0.538491,0.543936,0.662671,0.638103,0.618400,0.458952,0.286810,0.574575,0.537252,0.233233
0.554587,0.439716,0.735090,0.339845,0.765522,0.234252,0.418175,0.541088,0.424886,0.643913,0.822766,0.597623,0.384574,0.642340,0.736601,0.212910
0.596635,0.677833,0.434878,0.535694,0.623886,0.297205,0.713591,0.294517,0.164803,0.516179,0.174554,0.211497,0.423522,0.117325,0.540204,0.431761
0.606508,0.451134,0.357257,0.503839,0.656655,0.710217,0.702643,0.695893,0.226995,0.625578,0.420612,0.510494,0.885586,0.660980,0.358247,0.505717
0.647575,0.318050,0.491242,0.574114,0.353313,0.235187,0.624528,0.572549,0.640592,0.346708,0.130526,0.412751,0.270424,0.539609,0.543967,0.442383
0.524448,0.288804,0.715937,0.222263,0.807016,0.254591,0.431819,0.559386,0.325939,0.682947,0.778638,0.504324,0.588065,0.598287,0.678527,0.275463
0.380925,0.570693,0.459431,0.682441,0.501537,0.327803,0.392229,0.858354,0.526348,0.607927,0.221460,0.646900,0.469729,0.500175,0.260740,0.758974
0.305160,0.566902,0.384058,0.807425,0.625317,0.401165,0.492598,0.811888,0.448611,0.596501,0.231684,0.700903,0.524371,0.323045,0.333353,0.722128
0.331922,0.669363,0.382366,0.551093,0.349010,0.515320,0.371278,0.879103,0.533063,0.522673,0.236473,0.597622,0.553340,0.417513,0.347492,0.775707
0.308069,0.465694,0.625661,0.680064,0.349874,0.538954,0.178597,0.776745,0.708550,0.692564,0.364915,0.884339,0.229310,0.704346,0.178371,0.557493
0.437147,0.608196,0.381509,0.191577,0.404454,0.174365,0.286163,0.333935,0.701596,0.765489,0.603605,0.819933,0.312314,0.058913,0.477518,0.699081
0.108842,0.737377,0.220942,0.522404,0.720991,0.226323,0.316656,0.667892,0.367790,0.344233,0.369119,0.560312,0.792927,0.686629,0.374629,0.641492
0.767280,0.263387,0.532980,0.516843,0.541856,0.190454,0.584792,0.577658,0.641132,0.370583,0.100434,0.360002,0.343148,0.656792,0.470591,0.492988
0.648985,0.467391,0.549146,0.555030,0.547693,0.720337,0.634815,0.779934,0.218815,0.532142,0.265897,0.579000,0.694381,0.741023,0.361100,0.557704
0.145266,0.769553,0.649471,0.498811,0.514097,0.535463,0.495867,0.384818,0.668911,0.345540,0.391134,0.527191,0.309450,0.778057,0.386537,0.745128
0.477819,0.332051,0.549024,0.302707,0.439476,0.210464,0.463364,0.284722,0.406736,0.283608,0.157524,0.703107,0.228713,0.125963,0.803933,0.705324
0.197111,0.550903,0.243164,0.595379,0.192535,0.383163,0.690172,0.441979,0.555426,0.600750,0.649170,0.473328,0.316730,0.841326,0.614253,0.261747
0.123024,0.769751,0.680932,0.549184,0.312980,0.310595,0.378865,0.489456,0.571700,0.327195,0.339726,0.682260,0.000000,0.619645,0.426019,0.678627
0.288805,0.333356,0.410942,0.680766,0.392439,0.533925,0.282119,0.840628,0.585588,0.836750,0.268625,0.967000,0.263558,0.573819,0.316043,0.468610
0.178269,0.558905,0.341341,0.599175,0.276540,0.377389,0.551833,0.593046,0.628067,0.546910,0.659017,0.377556,0.403692,0.672949,0.546400,0.261399
0.271975,0.775373,0.220875,0.526572,0.655621,0.304532,0.271994,0.810083,0.516097,0.196623,0.325234,0.702050,0.798577,0.587316,0.519081,0.662857
0.189572,0.716108,0.187109,0.462762,0.797532,0.353943,0.287268,0.745017,0.411380,0.199275,0.407718,0.508805,0.837628,0.694308,0.280312,0.725210
0.496504,0.419652,0.893174,0.194434,0.794121,0.244050,0.418285,0.522848,0.364970,0.655688,0.794491,0.380569,0.546472,0.715769,0.744976,0.246984
0.304823,0.394589,0.467529,0.758990,0.481000,0.582584,0.238022,0.829078,0.650734,0.788985,0.363080,0.752356,0.254702,0.732926,0.299368,0.702820
0.347861,0.849296,0.735396,0.471302,0.166630,0.545905,0.245423,0.728586,0.248944,0.512952,0.265357,0.662223,0.211928,0.622279,0.503867,0.482200
0.309306,0.544680,0.183938,0.670392,0.255992,0.370855,0.572256,0.441330,0.589231,0.535151,0.537077,0.380132,0.449334,0.694449,0.570166,0.218871
0.674949,0.599118,0.379609,0.264153,0.398303,0.102098,0.572463,0.457849,0.582921,0.355424,0.451930,0.202423,0.473555,0.523338,0.246951,0.553483
0.247573,0.793352,0.653824,0.545545,0.267632,0.456535,0.480990,0.649815,0.686291,0.344798,0.278907,0.661717,0.189967,0.761897,0.351311,0.629117
0.134196,0.716427,0.657171,0.558487,0.389759,0.399218,0.408059,0.587621,0.738190,0.382524,0.323042,0.513573,0.161049,0.706678,0.477887,0.702200
0.752450,0.817825,0.497924,0.531093,0.629985,0.253740,0.676332,0.320948,0.150036,0.536754,0.209576,0.329525,0.538078,0.218824,0.516728,0.502613
0.371186,0.514548,0.415644,0.144964,0.384619,0.256186,0.268774,0.341576,0.646988,0.898764,0.478983,0.867527,0.300054,0.195635,0.490400,0.602124
0.352317,0.378519,0.466242,0.666397,0.393383,0.487626,0.126604,0.686915,0.528089,0.747746,0.410615,0.783684,0.277699,0.724103,0.269668,0.645974
0.288687,0.378513,0.590239,0.647732,0.385038,0.626587,0.193514,0.720519,0.737768,0.848335,0.373948,0.780615,0.362864,0.637553,0.207045,0.474642
0.180537,0.405888,0.394000,0.180001,0.564576,0.583747,0.779981,0.563895,0.760977,0.439931,0.306570,0.326028,0.432990,0.673903,0.502958,0.356988
0.814278,0.507176,0.374886,0.354794,0.560317,0.246511,0.605219,0.467607,0.589277,0.425988,0.514828,0.228077,0.384492,0.535682,0.264586,0.449853
0.204587,0.775936,0.230792,0.467218,0.648275,0.193365,0.257935,0.768444,0.421930,0.445353,0.291998,0.759347,0.894913,0.687777,0.374393,0.711024
0.480059,0.433998,0.487865,0.367113,0.309077,0.115030,0.333798,0.329338,0.485613,0.318568,0.163887,0.587118,0.262930,0.198575,0.753766,0.652897
0.671117,0.425380,0.380640,0.751269,0.486149,0.370925,0.201694,0.170766,0.496641,0.234355,0.646102,0.704478,0.315785,0.616605,0.376458,0.556234
0.155983,0.778145,0.162519,0.498418,0.675930,0.203654,0.264730,0.645907,0.490982,0.215689,0.389909,0.593912,0.643970,0.725346,0.404367,0.664227
0.706956,0.375889,0.401065,0.761772,0.409566,0.352768,0.089355,0.226611,0.576561,0.162872,0.712657,0.741332,0.244941,0.683684,0.422168,0.620202
0.448847,0.556920,0.392548,0.557012,0.418218,0.483294,0.446738,0.881267,0.512420,0.555140,0.171302,0.679821,0.491910,0.400976,0.359898,0.703086
0.192157,0.824833,0.632463,0.498995,0.331678,0.429734,0.387209,0.543674,0.578000,0.316288,0.359954,0.572444,0.163821,0.801752,0.400288,0.820879
0.304881,0.409886,0.305522,0.646880,0.577601,0.535580,0.185103,0.763232,0.742664,0.724470,0.178550,0.865728,0.299224,0.711071,0.299303,0.593862
0.681581,0.719395,0.511638,0.531343,0.741127,0.329757,0.603804,0.280783,0.236787,0.582092,0.285902,0.428632,0.385101,0.325376,0.452071,0.430687
0.457569,0.278581,0.583638,0.227426,0.417848,0.140741,0.396484,0.305952,0.414558,0.268809,0.154134,0.669774,0.279754,0.157311,0.754879,0.740751
0.624581,0.447994,0.421130,0.818608,0.512050,0.321401,0.080215,0.357653,0.577527,0.244947,0.622808,0.644437,0.236048,0.797753,0.421375,0.440993
0.741251,0.126731,0.649225,0.629530,0.341715,0.264872,0.588252,0.588395,0.644846,0.497591,0.176750,0.256121,0.448075,0.539505,0.606013,0.368780
0.701229,0.456266,0.445640,0.756748,0.426160,0.352589,0.076469,0.314753,0.513868,0.250559,0.779503,0.663158,0.223960,0.736998,0.358676,0.500656
0.490690,0.348009,0.777517,0.359529,0.774252,0.257964,0.459491,0.504522,0.477345,0.579735,0.779197,0.494765,0.507092,0.700347,0.670391,0.315358
0.223523,0.538430,0.302276,0.749170,0.336047,0.266835,0.592399,0.481389,0.567259,0.439744,0.607539,0.427815,0.277743,0.601496,0.679297,0.261106
