0.639357,0.247501,0.859772,0.464597,0.773138,0.167863,0.172580,0.826798,0.174879,0.466943,0.725908,0.359305,0.176349,0.733479,0.278903,0.360954
0.538464,0.498664,0.407062,0.693211,0.692142,0.708438,0.243150,0.561097,0.250213,0.240293,0.858903,0.461763,0.178946,0.733952,0.193346,0.478804
0.770772,0.343370,0.756145,0.116317,0.290037,0.649603,0.621877,0.412517,0.491790,0.545058,0.480685,0.598503,0.612488,0.589050,0.577431,0.814809
0.364805,0.583129,0.479383,0.682744,0.844787,0.392984,0.362432,0.445186,0.763592,0.716004,0.412366,0.887027,0.499302,0.394772,0.665375,0.176936
0.356571,0.587147,0.538721,0.522150,0.846347,0.813479,0.242362,0.252411,0.758976,0.467355,0.120152,0.209834,0.455038,0.269491,0.382729,0.744209
0.348208,0.789906,0.679026,0.833423,0.822817,0.587315,0.243501,0.581808,0.393196,0.191652,0.350128,0.389536,0.706156,0.813037,0.254976,0.166861
0.652599,0.394826,0.822811,0.836446,0.230264,0.679319,0.711113,0.808346,0.614883,0.599109,0.297565,0.906231,0.410415,0.316473,0.606290,0.806842
0.588583,0.570040,0.464704,0.730829,0.725488,0.688910,0.241486,0.574092,0.132928,0.266165,0.772707,0.455294,0.177376,0.570634,0.215932,0.653870
0.729513,0.613699,0.538730,0.471932,0.669532,0.344908,0.274415,0.511623,0.460028,0.806349,0.235908,0.800195,0.582427,0.324749,0.622181,0.586393
0.820169,0.821491,0.581055,0.560738,0.371753,0.752244,0.180805,0.504336,0.565269,0.220459,0.222887,0.620775,0.558445,0.432814,0.192602,0.524825
0.683547,0.614856,0.764145,0.722294,0.306562,0.685813,0.766325,0.565844,0.639838,0.429879,0.279394,0.803483,0.428222,0.422238,0.650281,0.844475
0.500153,0.798503,0.551773,0.405779,0.361507,0.405291,0.322517,0.665296,0.253548,0.441187,0.671639,0.644265,0.742002,0.826507,0.804127,0.276993
0.352645,0.684850,0.559420,0.798868,0.803591,0.635081,0.165030,0.650855,0.385691,0.227028,0.420360,0.200036,0.677555,0.851845,0.224073,0.317417
0.741794,0.359215,0.647242,0.655790,0.093674,0.828299,0.709144,0.765182,0.637966,0.546367,0.283778,0.832853,0.362070,0.389138,0.684334,0.992135
0.192488,0.237648,0.270059,0.420504,0.233899,0.249637,0.727775,0.459202,0.293588,0.610219,0.390794,0.727825,0.658826,0.696967,0.775571,0.500559
0.658166,0.403474,0.689248,0.647281,0.212760,0.640982,0.485837,0.617501,0.693166,0.711580,0.380942,0.744307,0.488583,0.262405,0.607239,0.936525
0.342295,0.574864,0.698692,0.415660,0.285358,0.452658,0.394112,0.666891,0.358996,0.381278,0.667427,0.459749,0.711120,0.760002,0.632155,0.264740
0.399261,0.653351,0.633909,0.594534,0.591650,0.372302,0.367683,0.404093,0.788226,0.651695,0.584421,0.833525,0.530833,0.498011,0.641833,0.284968
0.288328,0.695853,0.506167,0.473081,0.844998,0.708012,0.331442,0.184205,0.495324,0.421018,0.198128,0.245693,0.486308,0.203012,0.320603,0.719510
0.448314,0.653238,0.772847,0.327373,0.284491,0.446226,0.521421,0.680198,0.272828,0.331462,0.906043,0.574906,0.799229,0.784745,0.815013,0.318184
0.357748,0.867592,0.557352,0.853774,0.812371,0.693073,0.263847,0.506675,0.318420,0.238141,0.560552,0.291464,0.747457,0.736118,0.141501,0.385930
0.715778,0.370637,0.776002,0.220650,0.187042,0.702268,0.496466,0.450509,0.396819,0.539743,0.469246,0.673505,0.542217,0.586259,0.574054,0.777438
0.339556,0.166191,0.758435,0.370941,0.467832,0.169016,0.324613,0.760580,0.834189,0.726969,0.352189,0.322986,0.774360,0.174377,0.284608,0.481680
0.341760,0.153214,0.764089,0.271497,0.428867,0.222995,0.304841,0.699775,0.862532,0.587018,0.482397,0.118358,0.829823,0.294951,0.289912,0.542578
0.277254,0.583304,0.399359,0.738063,0.708122,0.609100,0.257480,0.643089,0.649983,0.745275,0.635964,0.369238,0.389031,0.635631,0.721152,0.405441
0.663184,0.508356,0.395671,0.317543,0.671252,0.225847,0.311071,0.611786,0.280171,0.692228,0.298925,0.681490,0.619950,0.301002,0.634742,0.622687
0.562099,0.113544,0.728486,0.376634,0.678032,0.198939,0.362842,0.642138,0.202186,0.496797,0.715050,0.429155,0.258740,0.779211,0.219128,0.337408
0.804857,0.495984,0.704717,0.572075,0.173040,0.602422,0.762714,0.719699,0.608402,0.443797,0.287792,0.819965,0.330165,0.320361,0.540301,0.793148
0.433871,0.264589,0.313560,0.768602,0.210707,0.578217,0.653055,0.591246,0.462850,0.662631,0.688641,0.521007,0.235103,0.623732,0.397675,0.907240
0.783966,0.338018,0.744497,0.227890,0.311148,0.656890,0.515462,0.541149,0.318313,0.503860,0.561679,0.712505,0.527351,0.505055,0.687076,0.899416
0.300676,0.804671,0.622228,0.825334,0.769832,0.629052,0.186387,0.549468,0.373456,0.185277,0.473891,0.462596,0.790068,0.804938,0.230008,0.418692
0.394517,0.115255,0.328174,0.506574,0.381973,0.186627,0.800115,0.331529,0.295675,0.543982,0.303063,0.650576,0.584666,0.597023,0.979683,0.457652
0.454365,0.246518,0.461966,0.889544,0.189034,0.616339,0.640401,0.525479,0.569277,0.742365,0.732856,0.626442,0.295010,0.641828,0.307225,0.647195
0.438354,0.688366,0.615017,0.199467,0.457556,0.563646,0.405026,0.711898,0.327890,0.373586,0.696978,0.531259,0.824337,0.727558,0.706773,0.318555
0.816678,0.495813,0.808128,0.111363,0.277784,0.499863,0.544707,0.393103,0.458653,0.637965,0.466859,0.595070,0.410388,0.464409,0.581387,0.868794
0.539865,0.220995,0.824381,0.526987,0.783020,0.263699,0.269973,0.709762,0.161463,0.408977,0.694997,0.375722,0.303170,0.693017,0.247704,0.386415
0.502197,0.611550,0.746293,0.415835,0.314835,0.500339,0.308180,0.597486,0.270549,0.377450,0.845439,0.592158,0.776341,0.840380,0.761998,0.310661
0.410291,0.600280,0.494214,0.807677,0.707472,0.680455,0.342576,0.497542,0.718284,0.829944,0.678624,0.270593,0.289997,0.712423,0.705035,0.306042
0.271482,0.613369,0.663466,0.774568,0.833845,0.460645,0.447512,0.417458,0.567891,0.603343,0.499942,0.896626,0.356568,0.350652,0.589761,0.295389
0.209161,0.152016,0.288079,0.325859,0.413456,0.199035,0.607488,0.499450,0.386590,0.550277,0.304688,0.718174,0.555805,0.612139,0.744564,0.404671
0.326064,0.605446,0.592337,0.758319,0.783069,0.528711,0.406559,0.433650,0.788470,0.627615,0.427060,0.843877,0.537015,0.407826,0.717314,0.183839
0.383745,0.436923,0.382585,0.699438,0.648086,0.661858,0.347300,0.621144,0.784243,0.785362,0.551324,0.288013,0.344353,0.589090,0.596762,0.322677
0.409342,0.255897,0.900755,0.312970,0.534739,0.447402,0.621557,0.720739,0.507303,0.473657,0.243960,0.654322,0.202419,0.508166,0.258426,0.328255
0.520972,0.508706,0.516038,0.582883,0.787212,0.622052,0.189646,0.705650,0.093633,0.413651,0.869501,0.463527,0.309698,0.630629,0.355761,0.607230
0.517062,0.284395,0.859465,0.476752,0.737382,0.258842,0.258165,0.621504,0.263314,0.400274,0.770164,0.489166,0.238356,0.731901,0.313759,0.315123
0.486161,0.219948,0.793932,0.415393,0.841589,0.140458,0.302711,0.730300,0.167972,0.497831,0.790151,0.434472,0.241770,0.794905,0.319441,0.318006
0.794715,0.441452,0.580799,0.292815,0.719280,0.447415,0.166432,0.629786,0.317818,0.690417,0.274813,0.706165,0.628081,0.169494,0.536213,0.739686
0.332998,0.772630,0.720640,0.310372,0.252785,0.432119,0.364663,0.672252,0.360285,0.303808,0.717615,0.489215,0.966013,0.920731,0.876201,0.280117
0.575710,0.213736,0.800609,0.428087,0.843292,0.120221,0.113361,0.681768,0.274793,0.490817,0.924963,0.483854,0.344464,0.743511,0.189684,0.279785
0.392823,0.279448,0.848829,0.278624,0.495072,0.108755,0.335753,0.752878,0.836031,0.653375,0.264600,0.100707,0.719899,0.293969,0.445021,0.653983
0.513164,0.331802,0.701005,0.549772,0.820119,0.130669,0.224466,0.691927,0.171399,0.545100,0.617024,0.520282,0.283469,0.734125,0.294450,0.253202
0.304826,0.825772,0.531156,0.807518,0.762307,0.688767,0.202386,0.667693,0.400373,0.230032,0.352011,0.343515,0.692440,0.950173,0.191361,0.335881
0.765713,0.743665,0.752261,0.491617,0.161876,0.821768,0.136570,0.484540,0.556406,0.249221,0.299436,0.504626,0.532286,0.282125,0.261624,0.542602
0.118179,0.141694,0.276389,0.282944,0.477303,0.132062,0.495976,0.340954,0.092856,0.616663,0.376318,0.789173,0.580780,0.425466,0.816157,0.389983
0.352683,0.670804,0.531821,0.781242,0.774656,0.350212,0.312889,0.461087,0.588041,0.672542,0.475233,0.871359,0.485315,0.395779,0.701550,0.266168
0.291131,0.155858,0.359300,0.472628,0.253266,0.291526,0.678011,0.438989,0.412873,0.543822,0.352289,0.846077,0.431605,0.682384,0.817055,0.518962
0.534483,0.224020,0.718015,0.499777,0.915593,0.195897,0.204695,0.669310,0.127209,0.504327,0.703631,0.523569,0.269523,0.646381,0.215110,0.370700
0.441067,0.698228,0.504852,0.550581,0.820350,0.807936,0.286928,0.177117,0.719840,0.338639,0.192856,0.294077,0.516481,0.153167,0.291308,0.706183
0.322361,0.408268,0.288166,0.682034,0.639173,0.668785,0.193732,0.515130,0.702273,0.836220,0.677146,0.385191,0.300331,0.610878,0.692173,0.384692
0.354249,0.359403,0.344900,0.740593,0.699688,0.591374,0.355478,0.613317,0.693431,0.806479,0.488883,0.419798,0.419957,0.571820,0.483411,0.463771
0.242774,0.230016,0.377490,0.466102,0.393948,0.288763,0.707176,0.560461,0.308357,0.565491,0.406423,0.799951,0.525390,0.614670,0.755466,0.496167
0.544412,0.714632,0.648243,0.413097,0.384343,0.563310,0.372075,0.625787,0.238737,0.405520,0.777865,0.602661,0.753514,0.877618,0.670655,0.374511
0.579795,0.448355,0.401232,0.540171,0.756826,0.672734,0.249240,0.649851,0.181317,0.384990,0.785082,0.423028,0.307120,0.574828,0.221281,0.661864
0.432465,0.790749,0.713127,0.418830,0.324338,0.551712,0.494137,0.700939,0.303970,0.477304,0.715120,0.571332,0.748287,0.756657,0.643181,0.329314
0.460333,0.300590,0.313127,0.724955,0.243598,0.691720,0.769585,0.626107,0.617094,0.712075,0.792297,0.563201,0.314253,0.655539,0.231459,0.670908
0.321095,0.263501,0.880044,0.232899,0.473195,0.381151,0.713568,0.752558,0.446220,0.568551,0.280369,0.592856,0.390120,0.630026,0.233068,0.464948
0.438310,0.497164,0.539109,0.805696,0.646561,0.695364,0.290217,0.761481,0.146221,0.254017,0.749940,0.489065,0.338877,0.729321,0.286076,0.621837
0.594936,0.203024,0.385410,0.744119,0.187460,0.721371,0.622192,0.629927,0.504443,0.774121,0.710757,0.589089,0.318630,0.716467,0.421112,0.744061
0.453098,0.253626,0.366187,0.672549,0.299333,0.600235,0.652491,0.602549,0.610747,0.772744,0.776676,0.614650,0.236754,0.798457,0.402398,0.696603
0.410655,0.844910,0.562631,0.835850,0.819779,0.555925,0.165240,0.578513,0.327155,0.215845,0.351582,0.264605,0.783122,0.796600,0.202965,0.390276
0.610207,0.428398,0.652338,0.567023,0.740165,0.193735,0.602014,0.776985,0.607762,0.170538,0.148270,0.436097,0.452922,0.333287,0.572184,0.742953
0.239152,0.711895,0.478681,0.769775,0.737199,0.418184,0.325682,0.283360,0.554776,0.690763,0.318501,0.788446,0.442216,0.495939,0.638660,0.222473
0.714020,0.552972,0.614999,0.451748,0.627778,0.421996,0.247283,0.609608,0.370901,0.703277,0.276260,0.667839,0.555278,0.234162,0.462696,0.578081
0.701061,0.408312,0.712165,0.690257,0.239068,0.730120,0.694884,0.656142,0.643754,0.534179,0.101599,0.745227,0.598517,0.282071,0.642725,0.845860
0.369099,0.599736,0.486138,0.729227,0.654114,0.668514,0.317779,0.611652,0.866162,0.789321,0.621041,0.323835,0.356864,0.575619,0.695207,0.413329
0.150601,0.162277,0.353524,0.413109,0.358277,0.216317,0.796597,0.523066,0.381465,0.526631,0.396759,0.721023,0.501870,0.543781,0.852115,0.213651
0.366345,0.540397,0.675985,0.571233,0.806783,0.351422,0.426161,0.352602,0.747741,0.762361,0.459916,0.787124,0.417879,0.417098,0.576723,0.271345
0.664393,0.312536,0.701181,0.705323,0.237231,0.621328,0.881618,0.683248,0.518562,0.552341,0.166388,0.829219,0.494642,0.326944,0.620924,0.904424
0.353827,0.484889,0.490530,0.714420,0.688232,0.667974,0.243601,0.540631,0.845319,0.891652,0.550985,0.359140,0.406550,0.666083,0.621573,0.323136
0.306111,0.823262,0.512883,0.463360,0.894839,0.873064,0.336456,0.133966,0.675743,0.449427,0.269734,0.226501,0.497910,0.272349,0.269821,0.537504
0.778542,0.592062,0.702986,0.507982,0.105008,0.713653,0.264234,0.534592,0.622370,0.205690,0.256959,0.626182,0.491514,0.391824,0.213796,0.586360
0.260206,0.862000,0.565445,0.523930,0.874678,0.864306,0.411115,0.186700,0.648857,0.360847,0.285126,0.193157,0.426104,0.205541,0.249141,0.676884
0.377329,0.662281,0.456361,0.598082,0.709613,0.469501,0.272309,0.319574,0.755440,0.652161,0.450901,0.846177,0.522908,0.418990,0.740069,0.191579
0.389848,0.650488,0.550768,0.677593,0.788354,0.416504,0.413662,0.440784,0.549889,0.613947,0.469256,0.839289,0.524172,0.326789,0.568157,0.315340
0.839250,0.783201,0.667742,0.399306,0.172119,0.731118,0.157130,0.621949,0.541393,0.287354,0.189332,0.536017,0.362892,0.371736,0.255453,0.663428
0.369918,0.303849,0.801800,0.447195,0.471283,0.234781,0.228043,0.812527,0.817132,0.648333,0.190962,0.283941,0.780134,0.236060,0.415267,0.516065
0.297860,0.543669,0.660254,0.358468,0.284013,0.407097,0.400406,0.727894,0.338877,0.334351,0.628353,0.603531,0.731747,0.932122,0.761448,0.385320
0.389045,0.226402,0.386324,0.381869,0.385281,0.291164,0.785288,0.433774,0.475693,0.509582,0.361911,0.782527,0.384973,0.686447,0.710478,0.382602
0.545246,0.163539,0.788663,0.392268,0.730092,0.204117,0.139689,0.635994,0.371835,0.438885,0.786526,0.503917,0.199388,0.604169,0.272229,0.361620
0.484481,0.206397,0.425105,0.726972,0.220536,0.488077,0.638770,0.703926,0.687775,0.643721,0.736375,0.629846,0.311705,0.716192,0.390361,0.750524
0.361143,0.922478,0.546794,0.814476,0.820600,0.608169,0.170152,0.534881,0.359641,0.169044,0.336632,0.202116,0.699061,0.871170,0.183153,0.392750
0.786015,0.480770,0.317179,0.695974,0.698874,0.627397,0.287032,0.567170,0.205601,0.402118,0.827168,0.461171,0.251437,0.664884,0.325421,0.539675
0.480869,0.749141,0.627577,0.361761,0.315047,0.568371,0.391879,0.651502,0.375776,0.340119,0.745323,0.637582,0.814591,0.815311,0.618799,0.360780
0.768067,0.352296,0.806571,0.207853,0.186158,0.526626,0.634599,0.472730,0.314608,0.564881,0.556538,0.632301,0.540198,0.573706,0.593912,0.771265
0.426723,0.752032,0.492362,0.445071,0.885598,0.827868,0.375505,0.175243,0.543063,0.440034,0.122282,0.212572,0.506178,0.314267,0.356023,0.811005
0.321164,0.868704,0.546606,0.831333,0.835578,0.556689,0.245651,0.602438,0.388149,0.324555,0.509337,0.266871,0.709151,0.750696,0.221394,0.345430
0.654339,0.373510,0.779255,0.670312,0.171671,0.636776,0.675782,0.722872,0.733682,0.522740,0.192229,0.840145,0.385462,0.403344,0.736203,0.850834
0.732453,0.664305,0.531285,0.377581,0.751246,0.330611,0.070653,0.518841,0.417173,0.637744,0.338188,0.952488,0.552170,0.174917,0.751216,0.509959
0.461677,0.674387,0.419120,0.515900,0.765636,0.706749,0.431410,0.116659,0.542156,0.261810,0.211999,0.167829,0.356117,0.376532,0.328161,0.746394
0.392555,0.699468,0.485840,0.662196,0.918870,0.356865,0.310202,0.516816,0.710018,0.573818,0.447262,0.814890,0.429681,0.441605,0.707339,0.223453
0.355540,0.249920,0.251849,0.418123,0.243877,0.251446,0.662267,0.419651,0.385458,0.570603,0.426518,0.934055,0.368336,0.663727,0.728604,0.503695
0.593025,0.256921,0.735080,0.354889,0.697087,0.319161,0.075332,0.763503,0.210828,0.548776,0.890181,0.496970,0.294469,0.715554,0.237733,0.543239
0.700356,0.501724,0.737171,0.658339,0.738410,0.351639,0.765704,0.881849,0.484169,0.159568,0.098625,0.476047,0.405641,0.460534,0.615917,0.567838
0.236784,0.110134,0.233683,0.453330,0.300955,0.236105,0.648412,0.401993,0.442886,0.441327,0.339655,0.696095,0.433713,0.586046,0.710181,0.406227
0.825300,0.822311,0.775222,0.458400,0.238307,0.534387,0.067526,0.650932,0.586693,0.320854,0.178188,0.477521,0.528871,0.456844,0.158425,0.632942
0.642638,0.440967,0.421198,0.698849,0.789494,0.708466,0.266664,0.548797,0.298574,0.259072,0.841652,0.400303,0.261216,0.658679,0.288088,0.721535
0.701507,0.548614,0.822211,0.734779,0.238466,0.779354,0.612378,0.595255,0.653228,0.416419,0.251200,0.770260,0.306947,0.396692,0.621876,0.898085
0.256200,0.184866,0.364019,0.338374,0.284584,0.156238,0.677731,0.485306,0.305106,0.621518,0.333587,0.781117,0.483002,0.511485,0.955021,0.528831
0.635975,0.240473,0.812850,0.612959,0.796291,0.169224,0.207432,0.650855,0.212377,0.492528,0.761056,0.523238,0.187663,0.777725,0.131268,0.424440
0.431194,0.890384,0.561524,0.857972,0.947818,0.663857,0.051922,0.574057,0.298511,0.180239,0.369886,0.476011,0.604599,0.884143,0.204441,0.214292
0.945758,0.728554,0.616767,0.511949,0.209782,0.634666,0.190452,0.530465,0.588776,0.271225,0.225994,0.669637,0.518954,0.441872,0.212915,0.651897
0.452316,0.377281,0.375957,0.797461,0.229742,0.535903,0.547525,0.608115,0.600072,0.603749,0.715457,0.707970,0.322731,0.613458,0.419299,0.765303
0.161295,0.182222,0.357797,0.298479,0.261213,0.212570,0.770946,0.476228,0.393989,0.481030,0.343954,0.683797,0.512349,0.585235,0.877089,0.474984
0.273716,0.052456,0.386780,0.598291,0.292936,0.200181,0.764367,0.380787,0.301604,0.583625,0.251198,0.790410,0.481810,0.602718,0.716674,0.435742
0.726986,0.495415,0.855414,0.751732,0.069414,0.626734,0.739913,0.602661,0.679391,0.551222,0.261777,0.821591,0.542328,0.338311,0.505138,0.817371
0.383224,0.749006,0.637986,0.325755,0.267323,0.630773,0.433056,0.672934,0.333446,0.475468,0.690621,0.589277,0.606500,0.776509,0.718876,0.364572
0.523234,0.574901,0.506225,0.639083,0.813847,0.626657,0.311101,0.724802,0.247771,0.208324,0.779947,0.437645,0.324728,0.643657,0.337201,0.661134
0.469869,0.686472,0.512183,0.608749,0.845679,0.751081,0.370466,0.266051,0.616911,0.349876,0.239337,0.367645,0.537876,0.284862,0.279584,0.720731
0.343346,0.590537,0.536589,0.685047,0.850083,0.483211,0.458792,0.365166,0.723224,0.614084,0.461631,0.729130,0.429422,0.397351,0.629753,0.247685
0.496692,0.625958,0.674939,0.387355,0.398480,0.434360,0.530127,0.715112,0.206245,0.522309,0.875309,0.561439,0.721490,0.850150,0.748135,0.180006
0.310855,0.759151,0.594616,0.666899,0.905439,0.409086,0.287741,0.412741,0.661502,0.739404,0.461679,0.765825,0.444904,0.501286,0.663609,0.358893
0.227753,0.561638,0.471924,0.536325,0.807107,0.407211,0.418590,0.538051,0.581965,0.586275,0.556631,0.852632,0.550122,0.435550,0.726306,0.078174
0.238540,0.594733,0.710780,0.702747,0.832221,0.371051,0.301947,0.520266,0.770670,0.547720,0.335431,0.879908,0.473688,0.433790,0.727999,0.226854
0.363918,0.814670,0.409293,0.469462,0.685138,0.904481,0.282803,0.258091,0.506094,0.313692,0.197495,0.305025,0.375748,0.334581,0.247453,0.608563
0.577615,0.280654,0.780091,0.478661,0.837396,0.121446,0.172587,0.548555,0.135277,0.481355,0.755332,0.525567,0.363778,0.770418,0.317179,0.275840
0.894117,0.375324,0.754531,0.196930,0.203541,0.593176,0.513120,0.453121,0.354596,0.520647,0.440754,0.750225,0.553392,0.612034,0.577857,0.751813
0.533917,0.580749,0.299570,0.652505,0.705744,0.482681,0.175466,0.688260,0.187106,0.332510,0.729565,0.568119,0.234872,0.543439,0.270553,0.687782
0.493977,0.207785,0.345918,0.735505,0.152744,0.599833,0.528084,0.730022,0.657850,0.628868,0.846080,0.549586,0.384189,0.675906,0.451743,0.767132
0.329440,0.792775,0.481146,0.584078,0.727825,0.753572,0.331633,0.087739,0.644876,0.373163,0.270729,0.170788,0.407620,0.227004,0.341284,0.727448
0.442560,0.638127,0.738394,0.417889,0.259460,0.391033,0.406322,0.630552,0.369067,0.367799,0.795084,0.595851,0.687104,0.852637,0.747226,0.495709
0.437535,0.251609,0.662178,0.295747,0.535974,0.244950,0.306202,0.806908,0.848937,0.680443,0.481201,0.220334,0.893580,0.301957,0.325513,0.428740
0.741483,0.317924,0.734467,0.250277,0.206887,0.636189,0.445283,0.497574,0.337273,0.545312,0.391630,0.685825,0.626496,0.525695,0.584606,0.872279
0.771820,0.445321,0.767018,0.769290,0.161743,0.632665,0.625508,0.636687,0.735621,0.589358,0.233956,0.906417,0.508695,0.294282,0.516835,0.864451
0.248562,0.232619,0.448650,0.352423,0.200925,0.286696,0.634480,0.433968,0.412733,0.548148,0.487385,0.739061,0.504107,0.566859,0.839307,0.470686
0.347359,0.610369,0.656542,0.715448,0.802372,0.462726,0.300346,0.405001,0.584087,0.721564,0.489504,0.839680,0.470965,0.478803,0.699340,0.144151
0.528234,0.524408,0.500745,0.763266,0.797256,0.699515,0.332651,0.648343,0.153316,0.296950,0.877325,0.477751,0.210184,0.691388,0.287345,0.616831
0.642898,0.438151,0.493867,0.643032,0.767666,0.654941,0.272680,0.625085,0.185389,0.289586,0.778673,0.498413,0.175130,0.675577,0.355260,0.646916
0.292631,0.528604,0.342761,0.809613,0.759212,0.620854,0.407843,0.503877,0.685200,0.858916,0.451506,0.270101,0.300222,0.442304,0.617646,0.380205
0.775274,0.753609,0.715333,0.533883,0.150456,0.709868,0.104414,0.536725,0.563753,0.169813,0.135655,0.542105,0.559787,0.362241,0.214087,0.494580
0.280753,0.718736,0.561187,0.401252,0.781480,0.623958,0.143190,0.180839,0.686724,0.313441,0.190583,0.240232,0.436051,0.307596,0.411491,0.860693
0.482499,0.716079,0.712095,0.425983,0.225898,0.533580,0.376029,0.608209,0.251458,0.444181,0.848180,0.509316,0.730047,0.877114,0.633976,0.232494
0.797040,0.346538,0.733626,0.229266,0.271864,0.603834,0.520617,0.419109,0.429795,0.622606,0.411781,0.734483,0.525509,0.610902,0.530919,0.810854
0.417763,0.416886,0.350882,0.862173,0.809858,0.570732,0.254001,0.579085,0.718431,0.857786,0.571424,0.352733,0.377115,0.627839,0.676964,0.332258
0.631255,0.486224,0.774276,0.722079,0.109039,0.630176,0.650618,0.599221,0.810496,0.465442,0.197635,0.841400,0.401838,0.325416,0.619776,0.879860
0.388194,0.544107,0.585618,0.729747,0.699431,0.363950,0.377822,0.427135,0.747938,0.610958,0.432228,0.921361,0.466001,0.484078,0.655187,0.266645
0.583281,0.216815,0.781519,0.411641,0.771159,0.310290,0.295847,0.647665,0.177865,0.509561,0.741050,0.433027,0.494801,0.643078,0.192465,0.393686
0.349505,0.191580,0.758941,0.566939,0.856535,0.243104,0.198060,0.724680,0.000000,0.473983,0.772787,0.495658,0.318304,0.872769,0.330562,0.279319
0.433779,0.711310,0.667648,0.403269,0.097215,0.554758,0.375710,0.693859,0.485432,0.394645,0.839514,0.636130,0.840665,0.731802,0.790821,0.356033
0.566632,0.462855,0.407222,0.678483,0.786816,0.632435,0.289453,0.769711,0.189465,0.252127,0.854175,0.441490,0.209059,0.791467,0.350926,0.587146
0.491440,0.561323,0.677420,0.627681,0.910306,0.302517,0.652452,0.830920,0.627950,0.131719,0.256436,0.529930,0.591648,0.378021,0.556591,0.761772
0.531973,0.303272,0.364461,0.809589,0.165437,0.621597,0.685513,0.561981,0.509483,0.724176,0.772185,0.521494,0.262886,0.460426,0.415926,0.716424
0.322281,0.711686,0.622491,0.410528,0.727555,0.703857,0.450447,0.193773,0.568120,0.440831,0.163309,0.219291,0.416197,0.320189,0.235624,0.832017
0.332763,0.810220,0.617802,0.464046,0.788513,0.840973,0.352217,0.213723,0.601392,0.364304,0.138241,0.268570,0.344943,0.227529,0.200332,0.621285
0.699754,0.522156,0.449483,0.430784,0.652589,0.298815,0.213147,0.455847,0.326134,0.654951,0.346725,0.728871,0.493090,0.245267,0.566874,0.595395
0.577707,0.489267,0.467565,0.678737,0.820059,0.600694,0.227642,0.721618,0.240116,0.182006,0.844564,0.452404,0.241044,0.769558,0.337762,0.513205
0.306257,0.705256,0.506333,0.556550,0.734235,0.772130,0.217269,0.098000,0.668631,0.323881,0.176160,0.181044,0.427944,0.360079,0.339102,0.724675
0.401289,0.287551,0.531012,0.901069,0.260514,0.547592,0.640537,0.660859,0.662637,0.763010,0.849728,0.688608,0.331241,0.559437,0.185317,0.643267
0.720034,0.471023,0.780604,0.724944,0.248540,0.751140,0.688488,0.663780,0.629535,0.477184,0.246620,0.755911,0.407830,0.286110,0.632518,0.846936
0.535157,0.419166,0.264542,0.586533,0.711494,0.611402,0.244995,0.599348,0.209052,0.293749,0.862566,0.518091,0.348598,0.589618,0.311001,0.655681
0.384887,0.255138,0.788063,0.233210,0.416989,0.367015,0.555359,0.837734,0.653594,0.625083,0.202853,0.547496,0.173233,0.522687,0.162623,0.313488
0.305669,0.191682,0.869674,0.162577,0.480209,0.358855,0.583358,0.831587,0.472268,0.467046,0.352021,0.763432,0.338738,0.520935,0.131269,0.534375
0.719604,0.513565,0.469655,0.730067,0.834039,0.604607,0.318789,0.594908,0.153777,0.315850,0.715029,0.439775,0.334849,0.582043,0.394630,0.802920
0.693626,0.504330,0.679508,0.393892,0.778447,0.247351,0.269820,0.548168,0.217249,0.666233,0.225295,0.620640,0.564124,0.243211,0.593132,0.620868
0.533252,0.287533,0.755792,0.477868,0.731210,0.246785,0.277116,0.702257,0.222463,0.407082,0.654414,0.382657,0.311427,0.713141,0.275690,0.381335
0.428947,0.653587,0.594631,0.665747,0.895482,0.396431,0.351665,0.482269,0.664568,0.681057,0.600884,0.814007,0.623077,0.516213,0.608242,0.347737
0.772722,0.507596,0.730984,0.727172,0.224572,0.677942,0.768872,0.577473,0.723966,0.568789,0.237084,0.835934,0.486289,0.276768,0.616201,0.914978
0.615884,0.469185,0.726101,0.567411,0.837231,0.185110,0.643715,0.789088,0.544161,0.194266,0.342218,0.596993,0.443062,0.516025,0.648586,0.636893
0.341684,0.805155,0.484617,0.423539,0.840451,0.815081,0.224624,0.220076,0.799112,0.427039,0.164833,0.240249,0.465858,0.318206,0.295719,0.692413
0.412680,0.760657,0.550540,0.409411,0.216252,0.355759,0.313818,0.821646,0.370013,0.419162,0.752484,0.594028,0.722341,0.907382,0.842965,0.287981
0.686847,0.523992,0.470320,0.449763,0.563614,0.427360,0.151246,0.599721,0.410505,0.622306,0.369122,0.646949,0.743506,0.210067,0.537976,0.664071
0.537659,0.845858,0.787361,0.353470,0.191889,0.505970,0.515591,0.525761,0.278041,0.495676,0.742507,0.559997,0.829554,0.760896,0.762805,0.363800
0.178215,0.332127,0.733916,0.322089,0.308418,0.258392,0.349096,0.767750,0.779653,0.608839,0.278435,0.175166,0.740367,0.371551,0.286197,0.623754
0.810278,0.593392,0.516460,0.413245,0.770087,0.285168,0.343406,0.636578,0.282684,0.767694,0.328232,0.761850,0.567166,0.220512,0.533444,0.630006
0.753743,0.765143,0.658117,0.540942,0.229394,0.799807,0.144253,0.622339,0.553497,0.183988,0.146018,0.457134,0.560918,0.400382,0.159830,0.673106
0.467317,0.212424,0.346445,0.873935,0.116641,0.600306,0.649237,0.512406,0.504633,0.601037,0.467896,0.648338,0.257210,0.695264,0.413884,0.847680
0.726368,0.585703,0.776103,0.758837,0.138983,0.625475,0.725117,0.823181,0.712364,0.532592,0.276488,0.694850,0.482991,0.284877,0.621667,0.755780
0.384251,0.751714,0.725022,0.344369,0.321058,0.613924,0.441471,0.537621,0.240075,0.489054,0.723428,0.613450,0.766323,0.737877,0.720287,0.303646
0.491777,0.350123,0.835082,0.508995,0.814776,0.140441,0.236257,0.627241,0.192438,0.524990,0.791124,0.445896,0.188470,0.779338,0.269496,0.394208
0.708318,0.371214,0.731172,0.163823,0.284224,0.571216,0.469779,0.468278,0.409517,0.623232,0.495926,0.693178,0.538170,0.508342,0.570126,0.853329
0.294734,0.905344,0.545056,0.772846,0.807442,0.691007,0.254747,0.709466,0.274109,0.238607,0.458295,0.274120,0.734363,0.820964,0.165486,0.411190
0.611280,0.324491,0.679977,0.821849,0.227821,0.791919,0.740278,0.691864,0.864526,0.589656,0.292587,0.790169,0.444972,0.370597,0.482718,0.890509
0.888417,0.486642,0.548257,0.329792,0.747015,0.389062,0.190343,0.481545,0.388212,0.736436,0.259168,0.639027,0.525821,0.226348,0.675239,0.604094
0.379548,0.197123,0.278187,0.374949,0.253275,0.181944,0.619102,0.462957,0.326584,0.558191,0.463474,0.691078,0.482143,0.505479,0.776910,0.354175
0.339551,0.574428,0.471020,0.412421,0.749793,0.746077,0.400673,0.245580,0.662868,0.317684,0.224800,0.293462,0.411238,0.263928,0.232618,0.595321
0.602221,0.493097,0.728060,0.627913,0.785554,0.240363,0.936401,0.729371,0.595952,0.196477,0.107348,0.498722,0.453561,0.413386,0.604549,0.774556
0.580839,0.199718,0.374382,0.633412,0.256877,0.570158,0.618500,0.735293,0.528702,0.743287,0.816616,0.573230,0.364136,0.704490,0.468913,0.662550
0.467090,0.259581,0.830722,0.353976,0.399528,0.267329,0.442215,0.777015,0.745527,0.663382,0.422385,0.203104,0.782465,0.295839,0.445513,0.576588
0.458842,0.856535,0.597298,0.857158,0.808933,0.726280,0.186059,0.607170,0.395650,0.165507,0.503134,0.304822,0.721062,0.818000,0.201034,0.322844
0.537727,0.390880,0.373632,0.661084,0.747270,0.658411,0.334388,0.603514,0.290840,0.231264,0.890653,0.354162,0.380849,0.615838,0.375527,0.551239
0.104303,0.321243,0.382866,0.418982,0.457720,0.221461,0.761216,0.377825,0.223682,0.563857,0.353252,0.771184,0.461261,0.603158,0.770210,0.339928
0.396859,0.605487,0.536600,0.726871,0.856149,0.397706,0.461495,0.460223,0.686300,0.742793,0.436267,0.799675,0.499805,0.490064,0.587914,0.315198
0.573306,0.358060,0.368237,0.693367,0.092936,0.694451,0.615736,0.654706,0.679680,0.610543,0.753284,0.550186,0.230998,0.692569,0.330222,0.716277
0.334180,0.536392,0.371271,0.653818,0.791612,0.683428,0.208226,0.556430,0.661408,0.719674,0.463462,0.383230,0.221237,0.572489,0.704890,0.361636
0.750446,0.454869,0.770537,0.606448,0.793469,0.262533,0.667731,0.790673,0.573082,0.124280,0.328798,0.539642,0.458423,0.622594,0.544922,0.715299
0.682614,0.497825,0.769239,0.602494,0.803717,0.255422,0.733130,0.864234,0.442430,0.284081,0.237774,0.457180,0.412822,0.547480,0.750355,0.703854
0.652702,0.499654,0.640589,0.717811,0.224552,0.599025,0.672740,0.480329,0.642047,0.490296,0.316657,0.787779,0.302047,0.377030,0.638642,0.832374
0.788071,0.667867,0.609031,0.391502,0.709042,0.248035,0.380355,0.625850,0.321838,0.760442,0.326185,0.634894,0.637620,0.145107,0.581331,0.683946
0.351236,0.023655,0.400716,0.260210,0.139692,0.327695,0.669936,0.409905,0.395403,0.555188,0.251886,0.800601,0.394645,0.692537,0.776604,0.356578
0.301471,0.686246,0.544194,0.575126,0.749506,0.391621,0.465639,0.515652,0.823653,0.620983,0.413448,0.889496,0.541433,0.497261,0.703467,0.361586
0.746411,0.287161,0.707595,0.149637,0.386853,0.571154,0.493903,0.306676,0.481104,0.627085,0.468298,0.652436,0.534595,0.613803,0.619555,0.804662
0.505125,0.261374,0.297852,0.860327,0.218989,0.679493,0.576881,0.579965,0.503002,0.687726,0.594975,0.677988,0.302314,0.620579,0.208188,0.657548
0.570092,0.095583,0.736925,0.490986,0.834380,0.108148,0.310668,0.661716,0.131580,0.451298,0.747934,0.497059,0.258028,0.853323,0.326628,0.285067
0.330526,0.753330,0.619097,0.813597,0.747467,0.597287,0.235028,0.650653,0.410681,0.277748,0.504574,0.202889,0.817998,0.958200,0.261270,0.330632
0.748614,0.665181,0.833412,0.769855,0.826423,0.323212,0.710864,0.880644,0.581943,0.140102,0.117706,0.380608,0.479955,0.439012,0.591430,0.684009
0.877266,0.746375,0.646235,0.525063,0.113718,0.686342,0.085931,0.380894,0.659013,0.285726,0.258078,0.533816,0.551183,0.330964,0.295562,0.703623
0.580574,0.309399,0.777758,0.446977,0.698572,0.300061,0.301120,0.692248,0.181822,0.569289,0.781197,0.514749,0.237651,0.737312,0.314811,0.441337
0.413608,0.613238,0.606056,0.630065,0.810744,0.392986,0.274379,0.378182,0.639511,0.639908,0.380554,0.758536,0.369341,0.531328,0.683531,0.183716
0.641835,0.511510,0.671118,0.697821,0.825546,0.300056,0.799849,0.904732,0.452310,0.108919,0.254763,0.387681,0.575045,0.460163,0.639681,0.760112
0.857117,0.768376,0.641992,0.521956,0.156600,0.765046,0.112779,0.547575,0.601454,0.334652,0.246051,0.560402,0.535638,0.340745,0.250294,0.607394
0.358598,0.269712,0.841852,0.213125,0.513443,0.318572,0.700281,0.748948,0.608167,0.597620,0.296740,0.699318,0.358397,0.417347,0.351334,0.430486
0.356741,0.439481,0.392304,0.939028,0.755467,0.672498,0.377808,0.504172,0.670316,0.868149,0.565838,0.324037,0.245719,0.584967,0.626712,0.311401
0.780761,0.388548,0.821875,0.296586,0.273948,0.496921,0.580084,0.523321,0.430470,0.500002,0.502822,0.658301,0.539070,0.519465,0.787554,0.880270
0.343335,0.202195,0.881607,0.342945,0.528325,0.501197,0.637486,0.800318,0.549703,0.545334,0.138684,0.732311,0.316483,0.441888,0.121820,0.288554
0.333684,0.246945,0.851163,0.393203,0.454425,0.190489,0.289283,0.712660,0.755915,0.710483,0.430590,0.206909,0.762742,0.199518,0.432851,0.561319
0.832871,0.754386,0.712184,0.479315,0.179951,0.647948,0.141758,0.548541,0.629962,0.196439,0.210743,0.554743,0.522245,0.459289,0.216002,0.704568
0.574938,0.310364,0.616908,0.532446,0.707553,0.247974,0.306225,0.614155,0.166181,0.377514,0.654246,0.523537,0.326342,0.787091,0.267667,0.439148
0.413425,0.250385,0.763377,0.313941,0.419052,0.211498,0.413818,0.748127,0.762802,0.487320,0.468616,0.232506,0.733883,0.172151,0.430877,0.658758
0.418676,0.776262,0.542558,0.853146,0.941849,0.621278,0.238759,0.728283,0.272782,0.223202,0.436713,0.298594,0.680845,0.779998,0.261474,0.372850
0.243086,0.351621,0.751544,0.217281,0.511045,0.208286,0.257862,0.692574,0.799661,0.560683,0.334792,0.145023,0.672417,0.324028,0.310755,0.544271
0.790773,0.337955,0.743042,0.194673,0.199119,0.579890,0.401837,0.436530,0.438499,0.653059,0.366931,0.667655,0.463955,0.534542,0.609769,0.812540
0.411635,0.804962,0.472362,0.393641,0.659976,0.828823,0.346153,0.074205,0.487982,0.334822,0.096981,0.274970,0.421045,0.354103,0.377617,0.631587
0.695737,0.811285,0.546589,0.529006,0.192841,0.808344,0.095421,0.466209,0.651617,0.245144,0.292989,0.699377,0.560581,0.344348,0.355095,0.599052
0.294630,0.458541,0.337804,0.781835,0.702835,0.663527,0.253732,0.674932,0.877614,0.724608,0.567786,0.296716,0.469432,0.641312,0.527800,0.338502
0.293386,0.605970,0.476475,0.806730,0.630328,0.452676,0.404934,0.470245,0.666566,0.702303,0.442604,0.962116,0.622478,0.445933,0.623068,0.294825
0.359456,0.631253,0.642837,0.554280,0.856695,0.324334,0.296467,0.434576,0.778177,0.800157,0.528463,0.771154,0.494385,0.400074,0.633250,0.246230
0.454882,0.591218,0.584102,0.346941,0.356886,0.410464,0.398935,0.730738,0.365764,0.428562,0.679124,0.608858,0.789349,0.865157,0.767813,0.390913
0.355190,0.026052,0.318786,0.419374,0.153098,0.321619,0.737800,0.516839,0.364611,0.434667,0.400039,0.699211,0.535986,0.605613,0.835792,0.366822
0.395765,0.749590,0.571303,0.693421,0.754952,0.814533,0.245754,0.184352,0.555355,0.245135,0.114030,0.418583,0.523364,0.259556,0.339364,0.728398
0.839784,0.705731,0.661547,0.601438,0.191830,0.749456,0.188246,0.666421,0.686169,0.276169,0.223244,0.618181,0.513227,0.525657,0.354554,0.613659
0.291282,0.623826,0.746231,0.627756,0.772981,0.403219,0.448088,0.478943,0.714511,0.663926,0.520875,0.826858,0.471337,0.437392,0.765247,0.199583
0.577236,0.425698,0.487701,0.707292,0.645376,0.612682,0.288601,0.605870,0.209437,0.441703,0.589630,0.324357,0.272258,0.720421,0.276163,0.552117
0.548765,0.233400,0.729686,0.482551,0.704847,0.253189,0.270348,0.751899,0.178684,0.395439,0.739713,0.455182,0.257155,0.692973,0.295495,0.299910
0.793774,0.308436,0.688709,0.187586,0.326961,0.434498,0.523718,0.453748,0.373974,0.621187,0.442687,0.736191,0.561272,0.659508,0.592129,0.833192
0.823864,0.777541,0.619644,0.537938,0.092008,0.692114,0.145813,0.498911,0.438250,0.299408,0.214587,0.663709,0.381856,0.373203,0.239730,0.650420
0.313242,0.423441,0.349787,0.693169,0.633112,0.571103,0.336749,0.557892,0.598463,0.791244,0.675275,0.289949,0.340085,0.490805,0.487508,0.395105
0.152410,0.632883,0.456878,0.664063,0.901195,0.389839,0.481032,0.531473,0.580098,0.634706,0.554131,0.854768,0.405809,0.376133,0.562434,0.372011
0.259683,0.280278,0.251669,0.351635,0.398852,0.175133,0.674220,0.457603,0.425939,0.548841,0.358755,0.805328,0.407927,0.656246,0.993316,0.398729
0.566270,0.758199,0.647125,0.382712,0.326775,0.427902,0.360139,0.705123,0.352826,0.411131,0.750933,0.629774,0.784718,0.786419,0.747973,0.318726
0.273482,0.196593,0.712879,0.374835,0.442873,0.179728,0.325093,0.759624,0.742585,0.578982,0.461802,0.165665,0.827483,0.271549,0.535677,0.562425
0.815574,0.489642,0.731234,0.237855,0.223612,0.554073,0.543542,0.564180,0.437671,0.631497,0.546056,0.715529,0.479815,0.684025,0.603434,0.843086
0.565178,0.207974,0.404173,0.753262,0.342245,0.670143,0.602982,0.487054,0.466319,0.729277,0.742630,0.716126,0.237521,0.622864,0.373293,0.786259
0.620684,0.551396,0.690484,0.563163,0.813334,0.234718,0.722408,0.906461,0.500868,0.158183,0.133179,0.421629,0.505091,0.472340,0.840294,0.621063
0.364224,0.728843,0.529940,0.823905,0.945513,0.632418,0.136633,0.660068,0.423043,0.289668,0.420495,0.231893,0.708017,0.762009,0.320639,0.374465
0.291804,0.210184,0.465543,0.381953,0.205105,0.298142,0.763159,0.468408,0.284861,0.545391,0.404686,0.740179,0.427957,0.667349,0.807425,0.482576
0.360330,0.289835,0.818870,0.243531,0.482928,0.288382,0.421492,0.656923,0.809520,0.559479,0.359263,0.109359,0.834116,0.228263,0.279694,0.486303
0.321264,0.384110,0.284690,0.783619,0.827965,0.600635,0.188590,0.629428,0.837551,0.860637,0.619341,0.360614,0.239287,0.581306,0.566525,0.422834
0.493498,0.222675,0.296313,0.774334,0.086914,0.633990,0.549835,0.620921,0.590861,0.827456,0.667613,0.552358,0.321055,0.525583,0.351418,0.644350
0.376425,0.121753,0.885613,0.277999,0.654641,0.445200,0.687137,0.830116,0.566405,0.552665,0.149235,0.593650,0.315760,0.576621,0.223808,0.250124
0.693762,0.688108,0.716283,0.446969,0.161360,0.772079,0.205096,0.546613,0.456484,0.213374,0.240708,0.559148,0.627982,0.406279,0.127943,0.556415
0.339068,0.739044,0.520690,0.569873,0.789503,0.789094,0.314260,0.214240,0.494525,0.308683,0.166236,0.314439,0.502374,0.204405,0.230197,0.759415
0.439040,0.743443,0.577691,0.634771,0.844919,0.380337,0.284925,0.536300,0.489591,0.665659,0.386728,0.746462,0.501735,0.335115,0.713580,0.199145
0.259329,0.462628,0.425084,0.858613,0.729729,0.610521,0.257135,0.496689,0.712285,0.750740,0.643529,0.351130,0.288044,0.655174,0.605592,0.338253
0.553855,0.645187,0.733514,0.384499,0.375873,0.423952,0.320658,0.668245,0.280884,0.397616,0.752254,0.461459,0.755638,0.871921,0.704730,0.271028
0.545957,0.150050,0.905658,0.470298,0.835544,0.182683,0.244735,0.557744,0.170780,0.528925,0.696161,0.379027,0.282698,0.589706,0.141288,0.278614
0.413397,0.282547,0.848445,0.201770,0.477728,0.383391,0.651250,0.683360,0.491140,0.570074,0.230921,0.793976,0.353741,0.573459,0.399519,0.421187
0.394800,0.719537,0.584126,0.422654,0.891451,0.635425,0.343767,0.112645,0.646366,0.426855,0.200676,0.243025,0.560999,0.152883,0.371116,0.773100
0.286157,0.343458,0.754899,0.422417,0.516564,0.218499,0.393572,0.700091,0.851128,0.687277,0.259988,0.100680,0.809926,0.276393,0.490806,0.597900
0.250087,0.144177,0.814473,0.123476,0.336563,0.382430,0.662442,0.773654,0.687639,0.626782,0.254855,0.677833,0.217174,0.567519,0.206922,0.321188
0.680200,0.466088,0.775821,0.238026,0.195584,0.540031,0.558350,0.463733,0.350211,0.585281,0.508120,0.620578,0.514309,0.517083,0.666547,0.831023
0.766653,0.649691,0.706078,0.576838,0.279182,0.651627,0.125127,0.546641,0.478789,0.296110,0.423252,0.656228,0.568510,0.396480,0.185819,0.567833
0.856342,0.710744,0.683546,0.609138,0.138646,0.761755,0.278289,0.663006,0.513101,0.086167,0.228247,0.509149,0.629987,0.403656,0.158265,0.626491
0.713680,0.395613,0.659711,0.262371,0.341792,0.688265,0.552784,0.357565,0.473434,0.629744,0.458505,0.701951,0.437470,0.555807,0.689146,0.875024
0.700733,0.416155,0.708434,0.310979,0.373793,0.568881,0.538075,0.486447,0.356781,0.556197,0.559459,0.716188,0.531460,0.530345,0.603422,0.650680
0.528706,0.191847,0.344354,0.738939,0.176303,0.468188,0.582054,0.750278,0.445369,0.758967,0.789647,0.525443,0.249978,0.671145,0.315605,0.775864
0.837840,0.569911,0.536102,0.507660,0.769750,0.384211,0.191129,0.526738,0.356906,0.674420,0.394416,0.739555,0.558633,0.218540,0.492114,0.591208
0.561862,0.216005,0.839577,0.685249,0.929166,0.224222,0.249261,0.630769,0.184021,0.451694,0.799100,0.377867,0.321804,0.671596,0.258621,0.367201
0.706132,0.444914,0.666452,0.796762,0.255678,0.657862,0.664254,0.611586,0.615229,0.535448,0.210811,0.911229,0.521369,0.364178,0.660240,0.841039
0.478917,0.387531,0.822237,0.380490,0.857305,0.230749,0.264488,0.699802,0.216509,0.297529,0.767047,0.482485,0.176548,0.778634,0.257992,0.428943
0.538510,0.173662,0.365549,0.715272,0.270638,0.509495,0.611680,0.704419,0.445394,0.673576,0.796196,0.618664,0.142560,0.701398,0.382025,0.666605
0.390227,0.314243,0.803100,0.290531,0.481132,0.195980,0.388666,0.651139,0.805360,0.729429,0.291491,0.119317,0.578179,0.341958,0.404254,0.446848
0.641095,0.352565,0.816157,0.481170,0.879317,0.251673,0.293213,0.740081,0.102770,0.530340,0.800164,0.423405,0.379880,0.851183,0.345973,0.350713
0.222389,0.202075,0.848095,0.260873,0.539580,0.446776,0.489962,0.805345,0.537359,0.484940,0.358790,0.590929,0.197723,0.440901,0.179168,0.318584
0.804606,0.543355,0.662142,0.789407,0.226265,0.736012,0.695682,0.792514,0.629388,0.582785,0.280487,0.887202,0.485742,0.266271,0.763767,0.803484
0.624790,0.533163,0.331081,0.655397,0.752682,0.598239,0.259490,0.660468,0.207631,0.322907,0.826278,0.347047,0.211327,0.657563,0.280440,0.651085
0.653421,0.670247,0.828078,0.552059,0.693647,0.270219,0.837939,0.750511,0.520676,0.155648,0.268265,0.500261,0.549814,0.557892,0.608165,0.663635
0.606773,0.305355,0.716256,0.609181,0.872650,0.089214,0.268311,0.783967,0.230238,0.518608,0.721237,0.354043,0.320287,0.706569,0.211302,0.414037
0.292864,0.275202,0.834650,0.207666,0.488372,0.426026,0.629328,0.851208,0.628075,0.702706,0.259619,0.674545,0.379570,0.461611,0.238877,0.241381
0.238120,0.163722,0.452389,0.397007,0.247380,0.144817,0.641347,0.407272,0.323485,0.585835,0.341595,0.821022,0.537159,0.596978,0.839699,0.410041
0.707968,0.491623,0.727334,0.356788,0.254745,0.620461,0.522931,0.527626,0.320009,0.535710,0.409666,0.666582,0.592529,0.524605,0.676744,0.847211
0.655298,0.500191,0.403468,0.695353,0.777618,0.609004,0.302716,0.737082,0.167161,0.313785,0.869699,0.508826,0.285164,0.607575,0.316916,0.577938
0.605978,0.551748,0.715269,0.597680,0.756582,0.381993,0.699194,0.754216,0.710404,0.149666,0.194978,0.414362,0.631027,0.431920,0.566152,0.631886
0.362022,0.949534,0.577997,0.751617,0.744385,0.567559,0.089633,0.509753,0.304588,0.314444,0.564653,0.169488,0.676512,0.920961,0.218618,0.431845
0.482348,0.687351,0.685278,0.275110,0.326593,0.398159,0.468457,0.685209,0.232001,0.386168,0.795482,0.693245,0.668497,0.799365,0.768505,0.361018
0.286665,0.443716,0.426099,0.842025,0.828065,0.707562,0.379995,0.504361,0.685721,0.732803,0.539523,0.465055,0.386696,0.631363,0.672363,0.352600
0.348824,0.247011,0.405165,0.412866,0.234261,0.129908,0.721135,0.402942,0.399581,0.487048,0.285537,0.630132,0.583648,0.574958,0.876639,0.358611
0.507842,0.315515,0.186151,0.693326,0.247173,0.637602,0.654643,0.668097,0.478956,0.742675,0.760843,0.654611,0.342757,0.722958,0.386120,0.798422
0.389015,0.344077,0.955147,0.472729,0.416659,0.127738,0.269436,0.778986,0.801037,0.698332,0.457607,0.255921,0.830071,0.181493,0.228705,0.513121
0.409199,0.458878,0.398209,0.824743,0.809848,0.669774,0.312191,0.599807,0.673833,0.672017,0.551391,0.356113,0.438667,0.644762,0.821886,0.364281
0.391390,0.132184,0.816605,0.159309,0.474692,0.444067,0.599338,0.730863,0.555849,0.561279,0.373029,0.654680,0.160353,0.416197,0.298652,0.321327
0.595570,0.563298,0.713178,0.527099,0.760823,0.279291,0.788720,0.872818,0.482425,0.237665,0.225471,0.485105,0.538192,0.511691,0.546297,0.639230
0.530200,0.317463,0.469718,0.822146,0.147026,0.641893,0.657468,0.717908,0.573482,0.738510,0.739304,0.685165,0.348751,0.664930,0.437829,0.683948
0.250646,0.632897,0.373842,0.680480,0.709651,0.584130,0.297072,0.502296,0.727193,0.879379,0.698156,0.322330,0.248936,0.590366,0.729277,0.437098
0.306217,0.801067,0.427391,0.451518,0.877346,0.815873,0.385587,0.276037,0.635559,0.448177,0.185904,0.333203,0.516594,0.270834,0.212041,0.677204
0.741370,0.600936,0.649860,0.464438,0.269029,0.711998,0.200977,0.549978,0.519441,0.269152,0.211835,0.483645,0.440695,0.366928,0.158886,0.626619
0.504199,0.511642,0.749609,0.502601,0.333498,0.561043,0.445154,0.687160,0.341645,0.381024,0.843141,0.538797,0.696144,0.792200,0.705912,0.290142
0.503211,0.222267,0.837203,0.487027,0.864587,0.256014,0.282701,0.779756,0.208390,0.243033,0.737108,0.579550,0.257848,0.686714,0.305372,0.457273
0.286380,0.784288,0.594457,0.741020,0.845933,0.662670,0.271389,0.766896,0.360457,0.302350,0.499167,0.256374,0.685074,0.818901,0.192366,0.501234
0.334788,0.701694,0.675394,0.350173,0.259131,0.524289,0.342419,0.680999,0.181745,0.329673,0.911484,0.520401,0.755159,0.803221,0.745279,0.323222
0.409992,0.367714,0.789408,0.263593,0.305782,0.257537,0.429341,0.768018,0.809154,0.674172,0.375531,0.095392,0.741851,0.302398,0.314049,0.577824
0.470282,0.639000,0.635906,0.356512,0.285419,0.503468,0.410189,0.737211,0.190110,0.405616,0.705803,0.569226,0.741666,0.746740,0.828857,0.217897
0.626421,0.657802,0.677101,0.521712,0.837756,0.215058,0.681933,0.711622,0.467516,0.241389,0.224658,0.404204,0.557323,0.480394,0.688365,0.679740
0.336667,0.190347,0.762659,0.213136,0.474062,0.331518,0.596764,0.743398,0.604980,0.728763,0.295111,0.730271,0.276327,0.500857,0.174485,0.226365
0.832202,0.490650,0.798893,0.729663,0.098199,0.647060,0.710818,0.692932,0.646480,0.587574,0.209403,0.805282,0.267461,0.290694,0.569257,0.735306
0.397332,0.389631,0.857453,0.243135,0.382569,0.121925,0.305534,0.703517,0.837760,0.651291,0.332091,0.250701,0.859580,0.448698,0.413917,0.565709
0.346281,0.437774,0.420276,0.746003,0.655595,0.563864,0.185312,0.699693,0.815379,0.867592,0.531574,0.254417,0.313858,0.605827,0.656098,0.494747
0.688860,0.437907,0.760320,0.637671,0.164755,0.666379,0.767376,0.697226,0.658977,0.417614,0.321598,0.896134,0.487724,0.297665,0.642272,0.739691
0.617421,0.507207,0.742606,0.607716,0.806523,0.323640,0.843598,0.887721,0.624644,0.089125,0.248620,0.513338,0.422821,0.523871,0.608127,0.720807
0.298090,0.737121,0.575404,0.497657,0.826376,0.907516,0.400788,0.250403,0.599819,0.229304,0.274869,0.250682,0.522785,0.341136,0.342862,0.711357
0.638214,0.448138,0.487071,0.660009,0.653260,0.661907,0.160144,0.617220,0.223762,0.318435,0.826005,0.479860,0.208207,0.705723,0.339745,0.606911
0.371821,0.838129,0.575182,0.828744,0.785840,0.640164,0.143548,0.660394,0.405577,0.236490,0.305930,0.396873,0.676298,0.897580,0.159862,0.316696
0.409561,0.637889,0.564163,0.552616,0.803405,0.450163,0.297272,0.413131,0.725361,0.658559,0.379657,0.819552,0.417856,0.383765,0.708974,0.270786
0.394206,0.639378,0.522918,0.493044,0.752951,0.718269,0.301362,0.163548,0.612345,0.333373,0.139858,0.314650,0.339952,0.264482,0.371733,0.601982
0.596803,0.119192,0.821391,0.415615,0.742010,0.273980,0.350263,0.708551,0.196096,0.506987,0.707782,0.436192,0.303486,0.691782,0.264859,0.388720
0.439552,0.742864,0.617007,0.899042,0.674690,0.757804,0.323481,0.556083,0.303678,0.205536,0.367914,0.317312,0.839924,0.867965,0.242558,0.390126
0.328710,0.786059,0.430256,0.519281,0.797818,0.713346,0.371847,0.203590,0.685709,0.391324,0.277090,0.290211,0.468807,0.280916,0.223581,0.551846
0.602425,0.337164,0.374598,0.884143,0.167514,0.618262,0.589432,0.635932,0.644959,0.625952,0.794431,0.633555,0.299748,0.691285,0.465618,0.609736
0.501707,0.269479,0.298835,0.860153,0.168183,0.559122,0.639259,0.771460,0.611139,0.670371,0.734731,0.654247,0.267845,0.646465,0.218186,0.642025
0.716246,0.459184,0.732919,0.701988,0.156792,0.547536,0.928705,0.684105,0.554347,0.612467,0.206001,0.730373,0.469028,0.394817,0.663443,0.776525
0.518283,0.795794,0.749754,0.446025,0.221895,0.529330,0.399559,0.627809,0.351863,0.302972,0.643893,0.705671,0.811265,0.828198,0.723975,0.229661
0.721415,0.355590,0.717750,0.614189,0.174978,0.522605,0.831214,0.607833,0.628757,0.541700,0.230762,0.846874,0.416232,0.377504,0.487352,0.837565
0.407997,0.704213,0.535957,0.441046,0.891574,0.758288,0.401150,0.295186,0.588523,0.337858,0.149982,0.200098,0.369559,0.259469,0.375189,0.614526
0.589312,0.615877,0.467894,0.687817,0.716920,0.675637,0.418497,0.557170,0.134771,0.273065,0.762961,0.518927,0.365373,0.603520,0.182822,0.693432
0.403341,0.812191,0.471748,0.401021,0.809415,0.839190,0.445594,0.289917,0.576846,0.395246,0.307910,0.391664,0.521441,0.328172,0.310833,0.649634
0.485387,0.306536,0.328854,0.781706,0.195022,0.616060,0.712030,0.641193,0.576597,0.735851,0.774966,0.568955,0.340612,0.690051,0.294358,0.931441
0.745365,0.361486,0.792213,0.150251,0.307741,0.640477,0.526842,0.444237,0.358916,0.494484,0.470298,0.634215,0.661166,0.511806,0.626023,0.884843
0.459517,0.545431,0.387564,0.729623,0.629171,0.668790,0.330608,0.600677,0.863695,0.767828,0.603342,0.397029,0.358374,0.541561,0.681144,0.317624
0.797861,0.657271,0.735093,0.497581,0.211796,0.715533,0.243680,0.599742,0.571060,0.190868,0.156190,0.505572,0.545212,0.415318,0.228355,0.680057
0.891864,0.366157,0.708334,0.195263,0.346980,0.565549,0.551404,0.529869,0.384655,0.479223,0.507085,0.583115,0.437627,0.458130,0.554928,0.884776
0.762495,0.495686,0.766275,0.847331,0.308601,0.572986,0.692178,0.697766,0.673367,0.623305,0.275755,0.848802,0.426891,0.283064,0.724803,0.845328
0.686316,0.616550,0.769012,0.688005,0.811472,0.333086,0.731908,0.711469,0.633691,0.163799,0.336455,0.350430,0.452576,0.659996,0.611184,0.744734
0.658564,0.498827,0.424943,0.453300,0.751250,0.424473,0.283940,0.501334,0.514188,0.760137,0.240240,0.684772,0.556195,0.276232,0.648195,0.538624
0.414466,0.218378,0.807233,0.239224,0.354323,0.360106,0.376880,0.748083,0.898749,0.530582,0.216713,0.102471,0.674047,0.267479,0.448051,0.556130
0.175873,0.193702,0.413849,0.374245,0.122440,0.253651,0.635379,0.462104,0.249254,0.571304,0.403980,0.658063,0.505243,0.610164,0.827164,0.392712
0.465361,0.180353,0.317883,0.842384,0.097870,0.496698,0.618629,0.720680,0.592441,0.844986,0.764873,0.505886,0.294281,0.610387,0.249343,0.726485
0.563110,0.601216,0.722333,0.325248,0.301539,0.476840,0.285336,0.623598,0.432014,0.449588,0.774380,0.522319,0.870907,0.948848,0.733660,0.267970
0.518578,0.198372,0.382110,0.895179,0.204295,0.604257,0.632698,0.570669,0.611077,0.673645,0.780417,0.506868,0.335315,0.646259,0.343561,0.694002
0.505736,0.275898,0.328537,0.830216,0.190905,0.600628,0.573862,0.666382,0.584002,0.606899,0.626134,0.624000,0.317478,0.771673,0.264245,0.959358
0.299107,0.237382,0.777329,0.481506,0.422476,0.161419,0.377612,0.880733,0.984545,0.732620,0.338237,0.223360,0.783058,0.240247,0.403437,0.497010
0.305238,0.709030,0.677722,0.550924,0.865025,0.758065,0.406992,0.212579,0.619697,0.422461,0.288582,0.257492,0.502085,0.144655,0.292231,0.856069
0.427010,0.713002,0.689493,0.335462,0.323708,0.614289,0.395831,0.638777,0.365630,0.422454,0.737968,0.699337,0.802191,0.875309,0.776062,0.213915
0.539069,0.228384,0.707486,0.395157,0.872613,0.236289,0.279946,0.565269,0.297969,0.536450,0.733917,0.531126,0.274866,0.768613,0.102746,0.437754
0.245489,0.096869,0.258869,0.505471,0.317619,0.216297,0.666270,0.329579,0.266501,0.578232,0.320643,0.730339,0.484333,0.606189,0.808711,0.399256
0.274399,0.789121,0.591050,0.934748,0.882649,0.618228,0.146863,0.615388,0.192822,0.170042,0.254839,0.258687,0.690745,0.674004,0.250769,0.425368
0.361765,0.890444,0.607740,0.891720,0.806001,0.563875,0.144160,0.652437,0.497019,0.281581,0.443790,0.404535,0.646112,0.656160,0.125413,0.333854
0.697297,0.355669,0.718907,0.229539,0.240475,0.668745,0.582126,0.512933,0.286363,0.567709,0.485086,0.644626,0.540001,0.527443,0.553943,0.835745
0.138446,0.106082,0.363940,0.431152,0.223605,0.266964,0.779127,0.563242,0.391794,0.441257,0.468584,0.746546,0.573700,0.635909,0.916287,0.315627
0.285205,0.250481,0.734798,0.248937,0.499539,0.442768,0.636547,0.836683,0.547347,0.560857,0.244978,0.694472,0.299190,0.517813,0.238336,0.357946
0.660860,0.490461,0.425742,0.655041,0.837833,0.594053,0.095388,0.580539,0.294852,0.343783,0.820397,0.532830,0.409748,0.524169,0.229590,0.593070
0.299925,0.243697,0.893117,0.322725,0.480761,0.134524,0.441733,0.770777,0.825383,0.589909,0.386576,0.135861,0.847653,0.313693,0.393719,0.472873
0.634311,0.486880,0.694513,0.719386,0.212220,0.595787,0.706560,0.773248,0.579025,0.519157,0.278228,0.668855,0.470338,0.322441,0.538810,0.654354
0.406159,0.359600,0.720032,0.340590,0.420801,0.204128,0.344503,0.807918,0.867855,0.626656,0.351855,0.299043,0.887517,0.293650,0.401512,0.530873
0.692230,0.371364,0.797469,0.816918,0.154278,0.630535,0.714310,0.693265,0.825910,0.492200,0.357880,0.941515,0.538065,0.324221,0.746282,0.870677
0.406908,0.705767,0.647065,0.846803,0.763072,0.661930,0.265066,0.637283,0.393796,0.308887,0.484807,0.323405,0.668918,0.602570,0.229802,0.315802
0.301617,0.802175,0.536831,0.985482,0.770273,0.587343,0.185845,0.654153,0.382130,0.294692,0.372692,0.369290,0.716947,0.791913,0.178484,0.250916
0.326056,0.116034,0.370098,0.447381,0.413137,0.197427,0.629352,0.441139,0.418325,0.401852,0.225934,0.805016,0.436833,0.648947,0.836853,0.429742
0.323594,0.514133,0.568803,0.578316,0.769340,0.496603,0.262489,0.383170,0.619899,0.624307,0.466227,0.879064,0.463639,0.427174,0.619037,0.211319
0.404305,0.670559,0.562218,0.213329,0.380097,0.491549,0.340865,0.625494,0.218906,0.383801,0.706497,0.588550,0.844548,0.800760,0.756331,0.368280
0.416180,0.680125,0.681278,0.628582,0.840382,0.370568,0.337034,0.475317,0.707104,0.758381,0.471893,0.806808,0.403268,0.586402,0.717300,0.239374
0.330601,0.688695,0.577603,0.530577,0.695906,0.840551,0.317181,0.141032,0.652026,0.316594,0.184170,0.336211,0.434887,0.315461,0.381548,0.698550
0.277416,0.328124,0.823202,0.211217,0.380863,0.330561,0.492810,0.833408,0.534558,0.618117,0.374777,0.646269,0.369819,0.604308,0.224614,0.379996
0.560603,0.505712,0.440779,0.655831,0.819256,0.637682,0.171430,0.631360,0.222812,0.182685,0.831177,0.576163,0.259085,0.667299,0.207072,0.515363
0.321534,0.092033,0.393327,0.313033,0.225426,0.165666,0.724051,0.568665,0.413810,0.575728,0.347657,0.679025,0.568306,0.542892,0.804011,0.463514
0.781248,0.590506,0.501075,0.443323,0.766530,0.343211,0.152751,0.460936,0.388008,0.758663,0.285563,0.645883,0.584985,0.178330,0.533031,0.572430
0.338131,0.736108,0.590936,0.596228,0.752774,0.351486,0.387476,0.402334,0.616816,0.656686,0.516425,1.000000,0.447405,0.405565,0.618507,0.136767
0.342599,0.560945,0.522185,0.732017,0.761062,0.436847,0.239270,0.506962,0.666462,0.766378,0.463042,0.736239,0.477690,0.354470,0.668919,0.285771
0.653515,0.461484,0.766072,0.645395,0.825892,0.265234,0.686050,0.899170,0.638442,0.202125,0.196337,0.524776,0.383539,0.339513,0.672262,0.712624
0.642211,0.426316,0.458886,0.661568,0.616161,0.591278,0.183686,0.609889,0.240187,0.223117,0.849092,0.415039,0.300068,0.634652,0.378992,0.636188
0.712791,0.537118,0.497022,0.465232,0.726877,0.432811,0.217490,0.541129,0.390954,0.717187,0.214875,0.646351,0.603876,0.264637,0.437766,0.615575
0.391718,0.540982,0.439455,0.748223,0.721783,0.618313,0.245029,0.633004,0.784542,0.704133,0.623989,0.354255,0.387034,0.674490,0.687058,0.376107
0.684389,0.569555,0.602845,0.340701,0.661919,0.410099,0.325082,0.715997,0.366219,0.653331,0.262960,0.743083,0.541744,0.176275,0.627765,0.713908
0.274893,0.070145,0.844520,0.341232,0.435186,0.235454,0.239184,0.760424,0.761199,0.583667,0.418050,0.158339,0.743747,0.266303,0.323440,0.602991
0.307042,0.927173,0.574022,0.787058,0.830621,0.717167,0.124697,0.681456,0.302179,0.160607,0.408633,0.297548,0.609801,0.844774,0.224072,0.425738
0.501830,0.358420,0.942687,0.318343,0.406887,0.088742,0.214920,0.823818,0.869086,0.587291,0.460004,0.182103,0.726239,0.241049,0.257140,0.512643
0.353864,0.270230,0.857943,0.180781,0.531193,0.462235,0.613327,0.730263,0.612179,0.447971,0.226106,0.709264,0.361806,0.507672,0.364432,0.341379
0.236184,0.755425,0.525861,0.436432,0.693072,0.660423,0.424652,0.164271,0.612893,0.390478,0.193469,0.275777,0.440491,0.285318,0.187269,0.637879
0.304645,0.154525,0.809459,0.252200,0.366407,0.298227,0.619372,0.756096,0.483342,0.644103,0.251790,0.655196,0.318763,0.449463,0.201180,0.424157
0.823766,0.658574,0.614097,0.368928,0.776604,0.491551,0.297116,0.575701,0.344137,0.651743,0.254894,0.676056,0.662747,0.243262,0.563567,0.606911
0.665362,0.490112,0.685783,0.786218,0.301299,0.612871,0.746589,0.679895,0.623260,0.508258,0.308510,0.900858,0.402031,0.321407,0.585507,0.836983
0.441144,0.720504,0.650656,0.473240,0.268141,0.536023,0.520983,0.533524,0.311045,0.384042,0.676992,0.440685,0.851816,0.683277,0.744673,0.436256
0.566958,0.485505,0.513340,0.600125,0.670845,0.593609,0.294511,0.556949,0.246419,0.196104,0.842422,0.445729,0.288520,0.630091,0.381254,0.559340
0.383829,0.365399,0.858174,0.338714,0.451441,0.442565,0.536995,0.633043,0.534335,0.508312,0.304144,0.629496,0.363900,0.513033,0.306080,0.303227
0.464318,0.167073,0.807305,0.239389,0.571911,0.417925,0.542976,0.685594,0.650189,0.551752,0.305200,0.716881,0.341011,0.428605,0.054733,0.436956
0.324463,0.713580,0.568032,0.707722,0.902855,0.368807,0.370671,0.521921,0.801102,0.670867,0.444228,0.810599,0.485949,0.388919,0.717338,0.182728
0.702338,0.564628,0.695270,0.436289,0.779203,0.244191,0.207438,0.540294,0.330393,0.718826,0.285621,0.752648,0.619570,0.268707,0.538855,0.615349
0.523509,0.156691,0.653205,0.454721,0.754434,0.164665,0.274903,0.617168,0.195753,0.484549,0.736650,0.398113,0.323693,0.718324,0.220656,0.428183
0.650615,0.243267,0.798587,0.505938,0.815989,0.091715,0.351957,0.651859,0.168626,0.537790,0.699293,0.490946,0.274611,0.619855,0.171411,0.264508
0.520280,0.245101,0.288259,0.827839,0.101950,0.603514,0.544115,0.652491,0.529911,0.753465,0.694636,0.743565,0.149554,0.720663,0.324997,0.703187
0.287351,0.870060,0.651569,0.963528,0.961565,0.618935,0.313687,0.513646,0.337258,0.170269,0.462978,0.371319,0.630644,0.785625,0.230925,0.344187
0.636573,0.519474,0.399576,0.625295,0.810315,0.684149,0.271973,0.680780,0.220592,0.451924,0.923053,0.413157,0.235441,0.593353,0.241779,0.639896
0.344991,0.230102,0.813956,0.231948,0.492424,0.391536,0.550996,0.732050,0.589910,0.599191,0.102966,0.731711,0.252513,0.454881,0.124234,0.426352
0.396969,0.759926,0.503442,0.458453,0.755700,0.793818,0.425497,0.205000,0.525931,0.296292,0.230886,0.176244,0.395228,0.182934,0.324761,0.804699
0.717702,0.540121,0.545741,0.340558,0.717433,0.345787,0.339825,0.619056,0.315636,0.697830,0.326895,0.722103,0.575754,0.186964,0.561699,0.625636
0.342411,0.193366,0.810684,0.191021,0.571564,0.375834,0.549537,0.697523,0.611645,0.606031,0.164321,0.595477,0.196982,0.509900,0.132879,0.371503
0.204827,0.105306,0.352273,0.298030,0.345135,0.243205,0.649326,0.447769,0.448844,0.574646,0.395332,0.750832,0.384733,0.566485,0.816411,0.448791
0.597334,0.472286,0.471377,0.704751,0.682354,0.610593,0.248775,0.761118,0.203884,0.433148,0.808728,0.500267,0.275573,0.702808,0.295015,0.624147
0.191400,0.772552,0.566309,0.825772,0.812335,0.635570,0.382217,0.613846,0.336347,0.228005,0.397027,0.224812,0.729941,0.720961,0.210795,0.326386
0.289039,0.446030,0.320736,0.778141,0.668039,0.557775,0.119162,0.742404,0.795049,0.762101,0.560689,0.343605,0.391261,0.676891,0.743722,0.285005
0.401931,0.210068,0.843220,0.310850,0.348261,0.170096,0.253747,0.795764,0.804465,0.656588,0.317846,0.262871,0.650846,0.289891,0.404849,0.599852
0.734778,0.607208,0.593561,0.407916,0.685189,0.361754,0.214329,0.602674,0.418473,0.656373,0.278618,0.670294,0.591702,0.201613,0.573341,0.628154
0.786863,0.709817,0.677037,0.648131,0.080437,0.752982,0.117172,0.570588,0.721448,0.239407,0.101243,0.589943,0.564134,0.375101,0.292577,0.612236
0.455797,0.588629,0.529923,0.902620,0.832779,0.492432,0.423030,0.286423,0.646744,0.675558,0.741652,0.918413,0.457357,0.464130,0.658736,0.124933
0.856307,0.562732,0.548919,0.393130,0.703424,0.468269,0.333300,0.660889,0.360110,0.722978,0.321114,0.690464,0.675523,0.289489,0.526175,0.634944
0.277506,0.635226,0.662878,0.694134,0.812621,0.490963,0.239090,0.447452,0.652127,0.658637,0.315644,0.797857,0.577602,0.394878,0.628761,0.169848
0.255272,0.756927,0.688750,0.473439,0.815473,0.762733,0.433047,0.351469,0.501250,0.323350,0.092638,0.285711,0.419939,0.291224,0.313401,0.769367
0.388134,0.157340,0.405434,0.720501,0.302047,0.576942,0.757963,0.707980,0.599248,0.654957,0.702548,0.708675,0.410200,0.712855,0.433710,0.730327
0.280356,0.134888,0.389560,0.470103,0.284744,0.282726,0.715734,0.410943,0.409462,0.620866,0.400672,0.896157,0.430846,0.641923,0.830849,0.329029
0.670132,0.456949,0.748107,0.720604,0.248138,0.741544,0.783631,0.690496,0.687132,0.570962,0.205530,0.773026,0.460683,0.350046,0.630805,0.875194
0.336975,0.302696,0.436274,0.762910,0.567161,0.738959,0.314191,0.528718,0.612810,0.826860,0.572076,0.320997,0.384656,0.613379,0.790551,0.285307
0.833755,0.474024,0.735356,0.144728,0.315250,0.605884,0.610023,0.425419,0.278785,0.592837,0.515108,0.568458,0.465697,0.478749,0.652782,0.703040
0.311754,0.874304,0.594054,0.850502,0.797529,0.667288,0.317323,0.639110,0.339237,0.260805,0.481507,0.319529,0.796909,0.779089,0.204575,0.232755
0.364516,0.181608,0.835237,0.219585,0.507735,0.323669,0.586772,0.681286,0.565634,0.591065,0.258529,0.541091,0.277705,0.391684,0.266237,0.259675
0.774414,0.652669,0.706008,0.460045,0.249874,0.713267,0.300969,0.533491,0.519413,0.252137,0.332934,0.575733,0.489265,0.346463,0.214143,0.561558
0.450435,0.776414,0.669682,0.261249,0.324514,0.432818,0.299450,0.567128,0.318336,0.452790,0.724522,0.460324,0.767512,0.900108,0.791442,0.245374
0.445264,0.484502,0.458890,0.584741,0.760261,0.741315,0.317359,0.738030,0.160505,0.319605,0.759961,0.350950,0.303855,0.662978,0.218495,0.623006
0.449293,0.606180,0.638334,0.321198,0.328103,0.517450,0.245377,0.654000,0.183376,0.345677,0.704915,0.574365,0.742821,0.773786,0.813689,0.308909
0.543175,0.844780,0.645285,0.421917,0.465526,0.281056,0.468918,0.716767,0.381863,0.430602,0.738608,0.569924,0.740878,0.849477,0.705881,0.320329
0.651303,0.431432,0.800545,0.645340,0.791480,0.275430,0.610521,0.882426,0.587840,0.254104,0.215947,0.444773,0.529361,0.470093,0.706397,0.671174
0.723961,0.497831,0.707263,0.815195,0.285397,0.750015,0.634257,0.668896,0.624126,0.513547,0.294713,0.899382,0.484337,0.398899,0.626662,0.861709
0.778282,0.399568,0.726883,0.262910,0.262103,0.586295,0.624992,0.419529,0.336582,0.586672,0.588783,0.703881,0.422354,0.622265,0.622848,0.856695
0.290698,0.225040,0.977254,0.431400,0.522512,0.273956,0.274795,0.811023,0.906645,0.583004,0.326855,0.187626,0.704945,0.340478,0.332318,0.613300
0.570094,0.409051,0.512978,0.567880,0.773141,0.637318,0.205946,0.717781,0.326985,0.246934,0.837129,0.420945,0.251407,0.671778,0.199574,0.655198
0.707332,0.355245,0.641401,0.257654,0.219198,0.489176,0.441574,0.481902,0.446460,0.552369,0.484807,0.741329,0.639682,0.603794,0.567416,0.875572
0.678547,0.771159,0.809379,0.450904,0.293185,0.714949,0.158157,0.535201,0.544718,0.193011,0.275985,0.469200,0.432687,0.316124,0.257760,0.627740
0.224464,0.172871,0.473790,0.454378,0.215791,0.079950,0.755867,0.408787,0.357836,0.480564,0.303963,0.751843,0.575164,0.620888,0.786058,0.423353
0.605900,0.399648,0.512459,0.718181,0.793045,0.616711,0.248246,0.575850,0.216322,0.278789,0.686745,0.437712,0.297465,0.707859,0.302599,0.494581
0.331853,0.896274,0.595821,0.849165,0.823692,0.595488,0.193119,0.594142,0.304165,0.188720,0.363140,0.275181,0.658109,0.779178,0.271402,0.359685
0.300962,0.818539,0.472070,0.844108,0.842317,0.695804,0.147664,0.456130,0.490362,0.336010,0.409265,0.154460,0.691342,0.671994,0.240377,0.359912
0.839487,0.487850,0.810898,0.713793,0.098336,0.657988,0.850270,0.740001,0.684546,0.507267,0.186944,0.843652,0.516953,0.183617,0.690800,0.925850
0.670597,0.563507,0.802290,0.544802,0.671710,0.150123,0.864024,0.769865,0.700881,0.224128,0.199332,0.487146,0.457740,0.586497,0.554057,0.718546
0.821410,0.516127,0.536515,0.459935,0.827191,0.416378,0.256618,0.592343,0.310148,0.604071,0.327070,0.702619,0.485660,0.252477,0.572505,0.698211
0.455938,0.576947,0.551954,0.548766,0.686011,0.478359,0.343733,0.491745,0.661946,0.598034,0.363053,0.907926,0.562755,0.425205,0.777322,0.163982
0.183864,0.200860,0.403101,0.376701,0.326776,0.112431,0.757171,0.399062,0.362945,0.419205,0.376498,0.707208,0.494502,0.472850,0.800614,0.347218
0.584013,0.429572,0.380352,0.639893,0.710608,0.717355,0.195787,0.694289,0.436840,0.314695,0.645776,0.431043,0.247790,0.605100,0.141130,0.590294
0.414940,0.665318,0.403838,0.588415,0.825277,0.839261,0.202378,0.088592,0.627050,0.286251,0.175786,0.230383,0.513027,0.139427,0.404665,0.627374
0.435642,0.807942,0.470213,0.530801,0.621024,0.789161,0.363647,0.135545,0.660468,0.340958,0.248720,0.333176,0.477949,0.195705,0.316557,0.735370
0.672978,0.473810,0.553797,0.668157,0.661038,0.664819,0.124446,0.716342,0.271615,0.237842,0.782942,0.399316,0.223512,0.590565,0.254324,0.531593
0.540308,0.581064,0.451783,0.671548,0.903884,0.158040,0.806000,0.754764,0.596660,0.254057,0.118925,0.514498,0.561934,0.449731,0.654610,0.650694
0.358092,0.186918,0.919179,0.337197,0.415308,0.181542,0.452703,0.839006,0.774987,0.539149,0.386646,0.180996,0.711693,0.209406,0.231432,0.546459
0.343546,0.504347,0.324724,0.769405,0.753806,0.634191,0.269996,0.604168,0.730478,0.883506,0.437626,0.351451,0.475979,0.637869,0.632519,0.415747
0.268879,0.246646,0.954284,0.209860,0.363251,0.195478,0.284147,0.810966,0.736099,0.466424,0.467467,0.210664,0.761845,0.327008,0.340198,0.530484
0.738940,0.397307,0.731290,0.723317,0.124050,0.709476,0.790762,0.567629,0.589090,0.455518,0.277841,0.821465,0.391748,0.399446,0.763396,0.757238
0.435870,0.687514,0.451823,0.510978,0.878513,0.809534,0.367348,0.030054,0.717108,0.355657,0.226443,0.211767,0.413345,0.219646,0.362661,0.616312
0.535202,0.651156,0.617650,0.315943,0.350007,0.494065,0.507011,0.661338,0.409809,0.556206,0.723854,0.640856,0.763678,0.659489,0.691829,0.272597
0.775078,0.677384,0.627175,0.716478,0.679934,0.214350,0.820436,0.913953,0.618598,0.197938,0.243606,0.551337,0.515570,0.510021,0.527063,0.601985
0.491230,0.518869,0.689672,0.590281,0.738843,0.202385,0.745045,0.795366,0.542176,0.193416,0.218379,0.366593,0.514592,0.444421,0.493549,0.805908
0.614150,0.470189,0.690533,0.609184,0.908771,0.265322,0.740288,0.846091,0.562851,0.088500,0.154866,0.340967,0.494870,0.487633,0.623546,0.632006
0.335996,0.817117,0.530655,0.436082,0.738246,0.924711,0.349084,0.122202,0.581838,0.372314,0.164583,0.236185,0.506086,0.242175,0.302971,0.584441
0.811309,0.657260,0.621137,0.457319,0.145744,0.720432,0.217952,0.529696,0.782447,0.199767,0.069661,0.579205,0.537388,0.453037,0.195233,0.685605
0.922737,0.829267,0.692307,0.572636,0.164397,0.762554,0.246592,0.560037,0.625180,0.318343,0.206717,0.635954,0.490084,0.424563,0.159193,0.569067
0.339708,0.585318,0.474133,0.728124,0.739532,0.395883,0.197844,0.356880,0.702582,0.726403,0.335498,0.919371,0.384597,0.441209,0.638597,0.212497
0.246589,0.532269,0.422736,0.860437,0.654359,0.583265,0.401871,0.486867,0.790598,0.885789,0.758926,0.305605,0.320401,0.720176,0.762161,0.314149
0.272635,0.623677,0.551320,0.699893,0.733146,0.360299,0.195513,0.418834,0.708343,0.713583,0.435309,0.934209,0.428679,0.312959,0.666484,0.256336
0.324116,0.049913,0.374691,0.379726,0.245289,0.042148,0.715524,0.492504,0.342015,0.639996,0.325415,0.699889,0.435627,0.584778,0.939645,0.423647
0.715361,0.463536,0.851221,0.720621,0.221073,0.635486,0.628191,0.638064,0.781951,0.497041,0.287651,0.751661,0.520461,0.349207,0.622675,0.917234
0.280441,0.510036,0.304674,0.762901,0.671256,0.626133,0.265858,0.606020,0.673256,0.849079,0.730733,0.314566,0.392184,0.750018,0.563691,0.386149
0.367769,0.741162,0.626449,0.328209,0.303723,0.479236,0.435387,0.670184,0.379276,0.477245,0.731903,0.507234,0.732541,0.732797,0.763668,0.258227
0.616792,0.620046,0.633722,0.717128,0.797831,0.284015,0.743812,0.795190,0.632043,0.171710,0.185294,0.425823,0.534832,0.553833,0.666937,0.654374
0.311921,0.276593,0.425292,0.458380,0.240908,0.161268,0.711071,0.390235,0.393044,0.674701,0.272773,0.787151,0.526834,0.582828,0.801030,0.445414
0.293968,0.734475,0.630276,0.574259,0.702359,0.735055,0.317284,0.197303,0.637688,0.344113,0.075522,0.302463,0.444032,0.334936,0.276440,0.590006
0.715801,0.433586,0.778677,0.696526,0.727236,0.143365,0.772254,0.819330,0.616843,0.212867,0.256308,0.383073,0.427532,0.423337,0.655821,0.637912
0.339985,0.835894,0.611058,0.934337,0.886430,0.697385,0.269707,0.517020,0.273526,0.289129,0.392848,0.368775,0.596631,0.742769,0.125034,0.336575
0.949075,0.680079,0.666778,0.422071,0.258277,0.610409,0.263696,0.490612,0.624610,0.321806,0.095464,0.571464,0.503020,0.353252,0.132355,0.575342
0.699437,0.573250,0.612897,0.390442,0.784545,0.425083,0.238535,0.598376,0.339296,0.657522,0.229483,0.666782,0.563697,0.085457,0.535635,0.602540
0.293652,0.418798,0.794567,0.511736,0.400789,0.107332,0.324188,0.879632,0.841291,0.656761,0.318698,0.295672,0.735339,0.261097,0.341672,0.595284
0.569580,0.530360,0.687964,0.582426,0.680240,0.280458,0.714479,0.830064,0.596097,0.101742,0.169691,0.521505,0.327566,0.458976,0.643671,0.646746
0.688115,0.524257,0.806492,0.783481,0.188222,0.617841,0.720585,0.589658,0.486684,0.508566,0.224531,0.823724,0.419223,0.346407,0.692315,0.773281
0.587688,0.518074,0.377287,0.654070,0.662680,0.683861,0.322967,0.576331,0.289205,0.347669,0.747674,0.473644,0.300840,0.691818,0.245567,0.588126
0.546585,0.269109,0.815469,0.533954,0.692892,0.287355,0.298332,0.710611,0.261425,0.440031,0.772650,0.513962,0.273067,0.666678,0.344694,0.506018
0.282609,0.732485,0.695745,0.657206,0.710027,0.362565,0.330831,0.508221,0.689759,0.580782,0.415173,0.806136,0.420010,0.466951,0.719158,0.233811
0.353864,0.640078,0.552284,0.618455,0.848055,0.532333,0.290963,0.371503,0.544783,0.839596,0.442795,0.813246,0.366791,0.521450,0.553995,0.321973
0.758646,0.778261,0.718269,0.588195,0.288810,0.704071,0.243210,0.437000,0.652615,0.294607,0.283042,0.535456,0.505666,0.316623,0.143541,0.573316
0.319142,0.215762,0.840442,0.302740,0.537427,0.453893,0.552471,0.722147,0.595212,0.516318,0.175026,0.609964,0.267933,0.582992,0.333403,0.398706
0.282681,0.895481,0.512867,0.879884,0.862771,0.628244,0.192866,0.671728,0.253086,0.172848,0.307885,0.288253,0.696086,0.892232,0.095229,0.378460
0.417684,0.701043,0.550301,0.755316,0.818453,0.628318,0.248482,0.511066,0.326162,0.278145,0.489378,0.359726,0.665026,0.705459,0.236380,0.251801
0.269161,0.585691,0.599197,0.689614,0.761961,0.422708,0.475696,0.492074,0.688166,0.682127,0.415431,0.772633,0.474350,0.510822,0.544806,0.269705
0.522983,0.506304,0.444767,0.743444,0.719839,0.711960,0.211974,0.628245,0.253601,0.333391,0.873942,0.445713,0.185449,0.722473,0.352132,0.567570
0.790504,0.311625,0.839637,0.780228,0.215741,0.632295,0.762176,0.710405,0.638740,0.584194,0.303761,0.827436,0.630431,0.463694,0.542418,0.891793
0.266358,0.200612,0.361009,0.471700,0.180454,0.222324,0.691938,0.473634,0.305370,0.623223,0.427626,0.772512,0.468668,0.606841,0.681421,0.473177
0.623206,0.623530,0.793133,0.611873,0.749055,0.369412,0.728024,0.872594,0.573951,0.271423,0.219255,0.459178,0.493891,0.413656,0.709904,0.687670
0.648796,0.630988,0.658507,0.554478,0.859004,0.232249,0.736573,0.860589,0.526312,0.237064,0.175382,0.418254,0.507027,0.503794,0.651103,0.576993
