0.353222,0.517850,0.414554,0.461805,0.759274,0.504884,0.659154,0.602601,0.662790,0.311511,0.750646,0.778243,0.612937,0.394637,0.674556,0.780623
0.790019,0.161758,0.284222,0.420980,0.337224,0.337005,0.247742,0.493209,0.654621,0.373892,0.300770,0.431984,0.571967,0.820462,0.844892,0.429127
0.229969,0.462738,0.534034,0.712163,0.695375,0.661075,0.473108,0.619616,0.751904,0.588279,0.714342,0.778811,0.214874,0.672323,0.534053,0.512664
0.390763,0.754298,0.511444,0.511746,0.580425,0.439990,0.421920,0.138656,0.289173,0.584824,0.527664,0.608323,0.827376,0.646416,0.352367,0.481859
0.489791,0.557550,0.444562,0.632559,0.491350,0.459597,0.766950,0.376316,0.323674,0.432277,0.449200,0.268586,0.805012,0.861813,0.333012,0.493686
0.763428,0.353196,0.270502,0.805188,0.684995,0.478369,0.540538,0.770218,0.755143,0.332527,0.573959,0.755795,0.574039,0.358135,0.144963,0.363531
0.353210,0.506461,0.413822,0.570754,0.812978,0.439223,0.566883,0.565331,0.584804,0.286367,0.620061,0.746590,0.565266,0.446226,0.621067,0.750390
0.445408,0.443108,0.457415,0.711667,0.723271,0.356713,0.564373,0.304918,0.430611,0.458433,0.606854,0.556544,0.473398,0.690095,0.411503,0.887370
0.381042,0.564909,0.380789,0.717401,0.666926,0.444597,0.479785,0.721066,0.803351,0.663578,0.770696,0.794018,0.190972,0.906746,0.540788,0.455889
0.335777,0.618137,0.562199,0.669548,0.798536,0.543991,0.594195,0.387776,0.409719,0.578832,0.605070,0.763444,0.521476,0.182387,0.380921,0.847770
0.339948,0.717083,0.766160,0.418932,0.750535,0.752967,0.452855,0.724920,0.261460,0.329571,0.527693,0.373496,0.776291,0.254280,0.651653,0.246284
0.662431,0.651198,0.283748,0.621243,0.335681,0.475369,0.676482,0.408610,0.607490,0.730335,0.639919,0.736743,0.250619,0.515434,0.646004,0.289355
0.747027,0.610185,0.295907,0.747983,0.343678,0.508128,0.712583,0.453834,0.639399,0.625866,0.708093,0.717248,0.370508,0.413339,0.540376,0.216110
0.324043,0.647037,0.546044,0.725580,0.816989,0.520181,0.541371,0.203234,0.421701,0.562550,0.596716,0.735887,0.536693,0.340771,0.475521,0.789328
0.631155,0.353011,0.928311,0.916787,0.479866,0.620717,0.292747,0.866348,0.763069,0.523686,0.807413,0.322110,0.421748,0.319110,0.560506,0.302013
0.251956,0.870770,0.718636,0.531440,0.767404,0.797852,0.646964,0.648890,0.260067,0.466790,0.498283,0.249910,0.890930,0.164091,0.664659,0.253825
0.819055,0.493049,0.780096,0.768251,0.311629,0.601302,0.458517,0.691459,0.541498,0.532281,0.889605,0.231217,0.536827,0.450488,0.322768,0.755711
0.520475,0.579516,0.284119,0.485832,0.493254,0.462591,0.675747,0.320159,0.369048,0.506253,0.271764,0.441672,0.778782,0.745005,0.326199,0.512241
0.661225,0.209584,0.254854,0.388739,0.329377,0.311578,0.114044,0.658271,0.681994,0.494613,0.181219,0.367907,0.490029,0.737447,0.845739,0.404953
0.420734,0.478586,0.348380,0.554128,0.594127,0.461739,0.630432,0.238087,0.362184,0.343634,0.413876,0.280345,0.808685,0.735945,0.312267,0.514066
0.382873,0.544683,0.370486,0.511609,0.545252,0.430239,0.694977,0.406591,0.400419,0.460774,0.520483,0.342271,0.856598,0.764657,0.238291,0.474306
0.302247,0.810260,0.529897,0.504483,0.562064,0.425139,0.517995,0.208360,0.186346,0.732910,0.577078,0.630217,0.803613,0.694922,0.301651,0.371358
0.307825,0.492918,0.778954,0.295199,0.649588,0.899018,0.384129,0.452568,0.741931,0.296905,0.582342,0.609732,0.639588,0.530936,0.326636,0.529296
0.633691,0.304763,0.793988,0.769847,0.656022,0.566848,0.315036,0.833025,0.752111,0.607609,0.763963,0.284407,0.422088,0.370144,0.531987,0.321595
0.667524,0.498889,0.840081,0.769760,0.736386,0.549939,0.815708,0.198845,0.414516,0.484271,0.799501,0.477322,0.354971,0.451873,0.489889,0.527003
0.418510,0.512115,0.442478,0.509819,0.858405,0.442064,0.537225,0.587898,0.701231,0.277235,0.589396,0.854084,0.619735,0.408413,0.702128,0.679684
0.719093,0.332871,0.211940,0.475003,0.392795,0.306424,0.345788,0.592165,0.632250,0.524459,0.288140,0.410527,0.634310,0.715598,0.782470,0.432921
0.565687,0.440248,0.963040,0.827991,0.747441,0.616580,0.639720,0.309486,0.360210,0.491916,0.633434,0.522462,0.398943,0.398896,0.426163,0.494937
0.205638,0.671838,0.397993,0.713816,0.817613,0.526509,0.497688,0.321515,0.391711,0.511307,0.733571,0.667976,0.391880,0.435905,0.389936,0.764917
0.835759,0.562358,0.591850,0.311912,0.569229,0.777690,0.613481,0.378990,0.717606,0.296454,0.674455,0.611037,0.526440,0.563772,0.682359,0.508301
0.358159,0.562017,0.471338,0.755986,0.660722,0.555916,0.408581,0.709717,0.766183,0.602495,0.680844,0.797810,0.321964,0.764061,0.402240,0.548166
0.717236,0.285008,0.890631,0.831913,0.355257,0.698549,0.248243,0.867790,0.801972,0.665564,0.693229,0.358665,0.472683,0.553890,0.584899,0.207714
0.915668,0.476829,0.528162,0.344629,0.621318,0.752943,0.672458,0.353657,0.729934,0.270232,0.720190,0.537918,0.454783,0.666485,0.659244,0.377164
0.277536,0.743280,0.497033,0.475922,0.701819,0.596035,0.460778,0.137997,0.251941,0.746587,0.496038,0.792557,0.807838,0.568342,0.232931,0.508188
0.346851,0.506568,0.536600,0.611829,0.782694,0.350194,0.804075,0.537479,0.667998,0.245897,0.679251,0.855850,0.800986,0.363690,0.655382,0.628848
0.466605,0.378258,0.307890,0.662647,0.610822,0.563019,0.663201,0.266574,0.382871,0.425910,0.455583,0.289932,0.797398,0.804397,0.299999,0.477115
0.225150,0.710910,0.788412,0.541814,0.639407,0.842286,0.549896,0.777185,0.355124,0.424623,0.533711,0.281653,0.815080,0.090267,0.614414,0.364307
0.319860,0.513122,0.415022,0.616484,0.830903,0.350316,0.681970,0.409699,0.705972,0.306694,0.691903,0.796960,0.632627,0.483902,0.647485,0.664875
0.641478,0.451077,0.811300,0.805055,0.744292,0.497606,0.706361,0.362093,0.493414,0.440023,0.685748,0.516588,0.364371,0.513895,0.461239,0.493785
0.794846,0.697050,0.336452,0.631703,0.308328,0.525352,0.716156,0.462865,0.514450,0.665587,0.675642,0.605463,0.248489,0.506107,0.522812,0.167455
0.591017,0.542840,0.652018,0.665461,0.327293,0.487223,0.544376,0.336790,0.279544,0.674468,0.338734,0.771519,0.734301,0.201981,0.539011,0.770577
0.850850,0.669853,0.385402,0.679532,0.412532,0.458359,0.730718,0.462707,0.629211,0.717561,0.757947,0.752095,0.258793,0.471801,0.522357,0.253739
0.382685,0.470718,0.393719,0.600935,0.646463,0.561595,0.684544,0.592239,0.687871,0.237039,0.630494,0.818635,0.554428,0.435769,0.576580,0.724367
0.310981,0.545391,0.424941,0.631874,0.727597,0.509258,0.483882,0.715303,0.719917,0.641111,0.844514,0.819150,0.235047,0.786835,0.357195,0.553417
0.437710,0.519710,0.321539,0.620709,0.435535,0.405617,0.690370,0.315896,0.344158,0.486774,0.611835,0.404166,0.729557,0.691257,0.292230,0.490672
0.316967,0.439044,0.374590,0.545791,0.901378,0.475938,0.741403,0.659761,0.742696,0.291572,0.651950,0.842639,0.664655,0.354754,0.754393,0.571051
0.412301,0.469692,0.590630,0.766959,0.790432,0.745670,0.538959,0.754831,0.842158,0.712776,0.771770,0.860475,0.257787,0.741297,0.323871,0.534489
0.420570,0.525454,0.435486,0.763807,0.675836,0.551922,0.407846,0.685878,0.832726,0.640913,0.629236,0.755712,0.342164,0.766201,0.450940,0.647556
0.194680,0.730689,0.450691,0.704036,0.887358,0.466435,0.531921,0.169500,0.487734,0.516733,0.557722,0.689346,0.551821,0.367159,0.491670,0.749959
0.362259,0.508471,0.407269,0.657333,0.778430,0.497304,0.595441,0.611579,0.662857,0.264411,0.613940,0.727280,0.657958,0.385288,0.782536,0.673418
0.306217,0.730768,0.767040,0.608192,0.766144,0.730986,0.590297,0.806127,0.098764,0.446015,0.385969,0.232593,0.717576,0.196579,0.669758,0.234690
0.642196,0.472935,0.856420,0.803313,0.494363,0.632362,0.265238,0.921603,0.788408,0.603570,0.736952,0.349843,0.571516,0.318245,0.567955,0.195201
0.394357,0.843738,0.491976,0.595877,0.656453,0.498133,0.424013,0.311433,0.218836,0.657852,0.666073,0.608472,0.864698,0.781661,0.365577,0.477308
0.465253,0.571032,0.241088,0.666160,0.529971,0.439114,0.560106,0.380940,0.397189,0.496756,0.474121,0.444442,0.807384,0.803041,0.277252,0.477322
0.798247,0.304918,0.375459,0.776650,0.840228,0.342653,0.442482,0.616976,0.761216,0.366898,0.659732,0.712987,0.659615,0.338892,0.216561,0.365424
0.167588,0.886591,0.828224,0.558173,0.783483,0.816983,0.535936,0.819471,0.307004,0.337105,0.388500,0.389554,0.786446,0.196671,0.692035,0.305527
0.511373,0.398696,0.811222,0.834887,0.756932,0.516601,0.853645,0.388355,0.426530,0.464626,0.644363,0.601939,0.321965,0.402820,0.394226,0.505463
0.431832,0.480525,0.345904,0.539782,0.798326,0.432927,0.691022,0.522261,0.809103,0.327299,0.700124,0.776595,0.574963,0.383023,0.656991,0.672227
0.748072,0.380599,0.159379,0.415298,0.266701,0.287743,0.285098,0.627595,0.622023,0.433757,0.302347,0.493905,0.629673,0.842948,0.789817,0.405201
0.494785,0.410604,0.457456,0.527235,0.604854,0.289647,0.638102,0.339814,0.420055,0.551675,0.452547,0.411376,0.829956,0.685781,0.266304,0.577966
0.378469,0.403932,0.517020,0.685746,0.661055,0.520135,0.474978,0.828369,0.826874,0.628348,0.827993,0.817428,0.244265,0.827081,0.420935,0.517734
0.289397,0.837307,0.653459,0.533419,0.766220,0.791661,0.588287,0.843056,0.189012,0.382687,0.436770,0.287884,0.766317,0.194269,0.737777,0.212377
0.642244,0.369699,0.862744,0.893080,0.778063,0.608159,0.742676,0.194566,0.418220,0.518143,0.691147,0.437580,0.234253,0.417778,0.434277,0.403993
0.334629,0.475503,0.631734,0.803365,0.803815,0.565565,0.578712,0.708222,0.839504,0.542019,0.767427,0.716957,0.260550,0.794566,0.494851,0.521992
0.724414,0.694160,0.299206,0.685280,0.317970,0.453624,0.804259,0.495054,0.626640,0.773636,0.863567,0.614609,0.217966,0.423208,0.528802,0.274664
0.884739,0.598313,0.438734,0.373270,0.695339,0.859624,0.649431,0.414386,0.682575,0.341573,0.754312,0.703927,0.378658,0.614636,0.586343,0.431696
0.425239,0.574721,0.428958,0.817088,0.615735,0.400650,0.625549,0.390352,0.459164,0.540795,0.554993,0.410889,0.588254,0.785003,0.489335,0.718845
0.446120,0.644286,0.456913,0.628649,0.754999,0.532995,0.652014,0.680928,0.621756,0.240933,0.724772,0.875080,0.541286,0.351176,0.615911,0.713113
0.386058,0.581686,0.861108,0.317934,0.589583,0.818786,0.493191,0.605802,0.814539,0.378679,0.504824,0.691635,0.676724,0.520642,0.454869,0.565824
0.323590,0.668963,0.846130,0.471294,0.665088,0.728335,0.583841,0.880763,0.175980,0.398773,0.447999,0.317195,0.693516,0.204764,0.733260,0.162509
0.408756,0.547777,0.451592,0.661759,0.701436,0.407607,0.562367,0.412367,0.527671,0.554483,0.678627,0.513618,0.489130,0.678737,0.446978,0.751859
0.229044,0.625714,0.409721,0.457324,0.665104,0.492289,0.539596,0.334882,0.301063,0.747396,0.545407,0.687552,0.810233,0.725341,0.287076,0.465776
0.687731,0.332762,0.809169,0.823548,0.531960,0.582381,0.155271,0.828053,0.771690,0.607430,0.703454,0.460178,0.445960,0.444045,0.667122,0.259634
0.207539,0.571123,0.543482,0.411303,0.668970,0.633167,0.301396,0.268144,0.292721,0.652800,0.582466,0.661884,0.859702,0.770408,0.284983,0.350053
0.794451,0.305446,0.343849,0.443472,0.210884,0.295707,0.120942,0.557073,0.639647,0.532307,0.385505,0.481994,0.645468,0.891447,0.997227,0.430032
0.228870,0.691168,0.521316,0.704811,0.861102,0.706945,0.513742,0.294120,0.325655,0.574141,0.727243,0.808309,0.430911,0.257434,0.491160,0.792867
0.381390,0.669650,0.514827,0.516658,0.577355,0.493310,0.448725,0.137695,0.298744,0.715993,0.542274,0.629056,0.757435,0.699211,0.333738,0.295240
0.434997,0.429629,0.818420,0.243905,0.612438,0.842861,0.424172,0.580632,0.827784,0.296028,0.546918,0.658010,0.713056,0.570046,0.437624,0.506811
0.699195,0.471402,0.868590,0.708104,0.257309,0.527248,0.420379,0.650244,0.694039,0.363270,0.763338,0.281013,0.546092,0.394489,0.282242,0.846583
0.325717,0.737193,0.535729,0.516753,0.647012,0.615968,0.588238,0.174216,0.361720,0.638078,0.510258,0.683460,0.844616,0.555725,0.373965,0.403444
0.279120,0.616009,0.557566,0.463539,0.579897,0.652762,0.412202,0.289703,0.230680,0.643434,0.528714,0.690911,0.806110,0.716462,0.229745,0.542242
0.839095,0.429393,0.448443,0.789807,0.847958,0.290046,0.496979,0.725891,0.831028,0.406036,0.696843,0.684444,0.635928,0.377985,0.190207,0.325511
0.297515,0.786621,0.900873,0.530408,0.743469,0.778451,0.580801,0.780877,0.297414,0.367729,0.378641,0.356741,0.792144,0.293439,0.607272,0.277541
0.571284,0.676259,0.726079,0.760793,0.281960,0.323720,0.545999,0.268950,0.300735,0.626298,0.433564,0.653822,0.772812,0.199203,0.623497,0.809930
0.263053,0.756198,0.814702,0.537559,0.819228,0.739061,0.669494,0.844168,0.259965,0.449832,0.425353,0.272178,0.693392,0.224777,0.684286,0.304753
0.629268,0.362513,0.924891,0.910493,0.496166,0.571622,0.334517,1.000000,0.671417,0.643433,0.730296,0.451620,0.494906,0.445959,0.665051,0.322821
0.536271,0.380704,0.802544,0.912453,0.785274,0.484904,0.751028,0.274033,0.495341,0.476732,0.650030,0.562493,0.292404,0.464533,0.446061,0.392089
0.969836,0.535169,0.398170,0.238955,0.633494,0.757271,0.530733,0.418160,0.688441,0.401466,0.751613,0.535713,0.330339,0.545501,0.677059,0.423035
0.477898,0.606600,0.497774,0.713187,0.692254,0.426435,0.592424,0.482250,0.453119,0.481010,0.635373,0.335446,0.568369,0.692472,0.411526,0.687021
0.802699,0.506694,0.673325,0.666183,0.298903,0.677631,0.559454,0.712402,0.476711,0.434394,0.797929,0.294446,0.501855,0.421715,0.258037,0.778047
0.801469,0.431024,0.361086,0.789668,0.734616,0.348822,0.578203,0.729887,0.707107,0.365674,0.614779,0.743715,0.535319,0.304472,0.218999,0.389649
0.757116,0.533155,0.778550,0.800868,0.198346,0.558375,0.458166,0.759620,0.619685,0.491391,0.878537,0.191709,0.543259,0.505643,0.246091,0.597856
0.639981,0.379210,0.238253,0.454375,0.188404,0.324753,0.207292,0.562080,0.760415,0.572888,0.313528,0.423314,0.555962,0.901580,0.772351,0.377946
0.160697,0.741809,0.884619,0.478926,0.694910,0.687394,0.573526,0.820633,0.301579,0.393746,0.410395,0.298272,0.853817,0.367346,0.655826,0.193810
0.310344,0.480667,0.530975,0.640569,0.747808,0.590789,0.565351,0.642551,0.802124,0.656684,0.778110,0.708669,0.193479,0.718549,0.441732,0.464513
0.455228,0.565969,0.452127,0.740541,0.692940,0.405391,0.607635,0.440424,0.494323,0.438520,0.663270,0.507529,0.600831,0.595814,0.539891,0.764363
0.381912,0.535659,0.472149,0.737466,0.745397,0.513851,0.462323,0.826855,0.809178,0.687919,0.814947,0.751470,0.234618,0.806064,0.479676,0.557025
0.710761,0.200489,0.202704,0.518699,0.306728,0.471550,0.258773,0.728138,0.648275,0.508692,0.297880,0.446626,0.562436,0.925133,0.866122,0.381427
0.198424,0.777335,0.838057,0.459646,0.750981,0.869898,0.638323,0.743975,0.362888,0.450355,0.458549,0.349447,0.793315,0.179252,0.623210,0.257158
0.703599,0.419072,0.872279,0.831965,0.834106,0.549892,0.678732,0.318305,0.490204,0.423130,0.660653,0.542319,0.322067,0.411598,0.450232,0.445092
0.450616,0.361031,0.487488,0.466569,0.830526,0.490771,0.686565,0.604307,0.725479,0.292897,0.792893,0.756334,0.578541,0.387847,0.711559,0.677488
0.407802,0.497753,0.402556,0.575751,0.780745,0.530569,0.702111,0.570131,0.738763,0.161414,0.663335,0.741512,0.579032,0.440994,0.645911,0.769687
0.344438,0.653379,0.530877,0.589811,0.657045,0.560832,0.492833,0.318935,0.209329,0.615128,0.524981,0.592158,0.857896,0.634078,0.207609,0.458967
0.858833,0.471669,0.362156,0.733539,0.866588,0.344776,0.509921,0.706823,0.712881,0.344937,0.677306,0.853458,0.552880,0.325339,0.325476,0.410171
0.900651,0.447010,0.741965,0.758196,0.277655,0.631785,0.374942,0.793454,0.533078,0.568284,0.787517,0.191224,0.614770,0.360075,0.317132,0.791270
0.244418,0.664322,0.582124,0.817479,0.880491,0.623567,0.515592,0.196297,0.386502,0.637414,0.540091,0.702175,0.351508,0.281511,0.467058,0.721496
0.275706,0.536593,0.421960,0.569443,0.569427,0.370359,0.612351,0.355663,0.360201,0.451180,0.480602,0.352822,0.784811,0.637522,0.390945,0.560164
0.724381,0.630198,0.269260,0.692680,0.273660,0.482842,0.807504,0.546127,0.730764,0.752306,0.753357,0.674771,0.251124,0.547153,0.538327,0.206410
0.607480,0.536142,0.692879,0.753562,0.360534,0.480926,0.665856,0.275349,0.452104,0.582822,0.360775,0.640161,0.774318,0.281673,0.489505,0.781272
0.361602,0.728895,0.458229,0.617963,0.641467,0.559953,0.540342,0.196589,0.311513,0.523377,0.454017,0.644376,0.799013,0.636608,0.227445,0.462719
0.478676,0.500804,0.458177,0.597186,0.791804,0.541523,0.751962,0.602902,0.638938,0.206405,0.680886,0.767092,0.563878,0.446425,0.640400,0.698681
0.539012,0.493336,0.607440,0.672870,0.696033,0.487770,0.573490,0.372914,0.425915,0.443031,0.693552,0.445504,0.455587,0.761234,0.541033,0.830656
0.526601,0.591759,0.674527,0.912423,0.304558,0.409091,0.644414,0.331221,0.407967,0.671832,0.454308,0.696387,0.699122,0.319744,0.603500,0.736327
0.407826,0.536961,0.543750,0.746536,0.712922,0.498176,0.495927,0.760292,0.781976,0.694234,0.769127,0.831429,0.288753,0.687823,0.370755,0.554907
0.314555,0.457911,0.829255,0.270099,0.635655,0.769778,0.397690,0.698320,0.815464,0.295496,0.727793,0.721720,0.614085,0.580888,0.320672,0.519507
0.607647,0.315541,0.837401,0.761116,0.471131,0.629670,0.289318,0.763152,0.776913,0.705311,0.707298,0.344404,0.556878,0.366685,0.533308,0.234654
0.697034,0.304315,0.826193,0.762533,0.434924,0.670735,0.238940,0.835022,0.586853,0.699722,0.654630,0.260360,0.333045,0.391621,0.669122,0.297075
0.805167,0.517825,0.816425,0.829613,0.201274,0.645757,0.443542,0.721398,0.632400,0.484656,0.760460,0.255500,0.649200,0.364226,0.187766,0.641492
0.320111,0.698370,0.505865,0.709082,0.836335,0.479751,0.644068,0.293355,0.334772,0.412447,0.659550,0.778988,0.538602,0.349723,0.394580,0.844243
0.445360,0.522965,0.367335,0.653395,0.671380,0.406597,0.552512,0.447908,0.511598,0.496079,0.654718,0.324147,0.546831,0.768491,0.498032,0.791450
0.742496,0.205490,0.264672,0.543285,0.202309,0.361747,0.298970,0.638696,0.610226,0.404342,0.359432,0.346027,0.590765,0.815756,0.796549,0.466504
0.471471,0.610830,0.728986,0.717564,0.223337,0.426714,0.614048,0.304277,0.323119,0.585764,0.283838,0.784287,0.784827,0.295649,0.570685,0.631614
0.732655,0.587711,0.304817,0.780977,0.155848,0.504602,0.749933,0.489165,0.596062,0.689678,0.645514,0.798344,0.259303,0.573970,0.549766,0.309765
0.907491,0.314515,0.354040,0.765500,0.841920,0.421442,0.479938,0.619396,0.678527,0.418523,0.596258,0.796984,0.555134,0.357222,0.234725,0.420463
0.637029,0.369726,0.843140,0.828144,0.451431,0.549918,0.241721,0.789396,0.772804,0.541394,0.505729,0.315088,0.438246,0.358058,0.568803,0.310765
0.641486,0.240409,0.173200,0.429038,0.168540,0.357153,0.283848,0.508164,0.562606,0.560342,0.350231,0.468173,0.641693,0.831733,0.826355,0.459988
0.325402,0.437983,0.895179,0.395540,0.566515,0.764884,0.300032,0.571606,0.802734,0.298056,0.608590,0.646876,0.610191,0.444278,0.444938,0.603203
0.542679,0.508951,0.335274,0.634167,0.464895,0.509102,0.616203,0.282687,0.436974,0.405269,0.460680,0.275251,0.813215,0.758283,0.288187,0.512834
0.218056,0.746238,0.711689,0.529442,0.724034,0.728819,0.599983,0.758902,0.251801,0.417050,0.365938,0.408116,0.819797,0.272895,0.619725,0.280528
0.255131,0.781875,0.620198,0.683610,0.945427,0.530814,0.565495,0.267791,0.301910,0.560270,0.713538,0.723726,0.466018,0.361283,0.335168,0.705670
0.582366,0.646285,0.793328,0.948947,0.313800,0.382754,0.650381,0.319763,0.257378,0.631827,0.440971,0.644506,0.785612,0.382488,0.632912,0.800344
0.695046,0.709655,0.311490,0.603584,0.230753,0.485367,0.683053,0.495921,0.697331,0.763716,0.748109,0.722207,0.271610,0.526915,0.500578,0.219852
0.163526,0.782069,0.718405,0.583306,0.685315,0.740209,0.573691,0.669679,0.245013,0.382429,0.488798,0.325794,0.725651,0.329037,0.632227,0.307299
0.674593,0.496674,0.673416,0.874874,0.257048,0.532048,0.397458,0.703326,0.675942,0.493685,0.682643,0.298798,0.691795,0.423750,0.244748,0.747498
0.863635,0.451727,0.686404,0.789792,0.317379,0.627592,0.391837,0.709653,0.569784,0.494743,0.877242,0.255019,0.527607,0.458977,0.214707,0.580470
0.338953,0.560048,0.506195,0.800440,0.763365,0.605027,0.600334,0.735643,0.702268,0.714390,0.774261,0.833626,0.279901,0.748636,0.360854,0.572256
0.285450,0.734935,0.821371,0.459877,0.634652,0.820266,0.588785,0.778001,0.396799,0.363322,0.403777,0.295642,0.771979,0.294915,0.601526,0.272587
0.693726,0.537331,0.768875,0.713738,0.208560,0.626624,0.376232,0.759096,0.491124,0.489278,0.795224,0.293570,0.566590,0.511180,0.201916,0.784997
0.272347,0.469395,0.543631,0.728296,0.795076,0.493705,0.517869,0.739100,0.741420,0.596907,0.631341,0.723034,0.369347,0.733935,0.406510,0.535746
0.787740,0.537753,0.491270,0.268562,0.538701,0.735389,0.642823,0.333523,0.782423,0.328734,0.779239,0.626200,0.444509,0.441619,0.554611,0.439467
0.331441,0.569121,0.415693,0.548470,0.852036,0.365564,0.489322,0.622713,0.685176,0.420538,0.719510,0.862039,0.651116,0.461660,0.646669,0.720804
0.384176,0.776988,0.599299,0.654667,0.843149,0.596455,0.539790,0.387321,0.323113,0.513620,0.638875,0.693933,0.527725,0.155766,0.488307,0.859773
0.542684,0.359947,0.322622,0.489972,0.560360,0.512001,0.694769,0.397423,0.301976,0.555511,0.599504,0.369468,0.619717,0.653484,0.224965,0.519894
0.810803,0.487984,0.519972,0.212725,0.606547,0.769872,0.610240,0.408994,0.814857,0.319772,0.745767,0.559963,0.458159,0.413874,0.519035,0.372443
0.561659,0.392033,0.893154,0.808140,0.797870,0.536857,0.707251,0.320128,0.354749,0.517781,0.715011,0.502913,0.348261,0.462191,0.438567,0.392507
0.378006,0.756689,0.404784,0.433172,0.595014,0.509052,0.541853,0.231449,0.250239,0.688427,0.626025,0.635154,0.768343,0.706974,0.365507,0.513955
0.493435,0.483308,0.275429,0.606107,0.517176,0.486168,0.655574,0.394915,0.294246,0.455702,0.450755,0.366474,0.762643,0.772930,0.247819,0.415499
0.712292,0.326691,0.900997,0.793438,0.580320,0.602382,0.184942,0.919744,0.765980,0.665603,0.693144,0.392574,0.540908,0.433185,0.601795,0.215691
0.467016,0.482271,0.487095,0.763356,0.705712,0.518590,0.573933,0.323955,0.524747,0.392777,0.693551,0.499260,0.500364,0.711714,0.466224,0.769012
0.664239,0.379234,0.811629,0.913188,0.498950,0.523992,0.272340,0.765031,0.811601,0.605496,0.779359,0.309961,0.500515,0.338232,0.656671,0.408158
0.808832,0.602951,0.385402,0.540782,0.312131,0.418462,0.781869,0.551145,0.638576,0.742113,0.792974,0.717970,0.326729,0.493207,0.486037,0.283486
0.199271,0.752438,0.727576,0.530521,0.680915,0.767914,0.557698,0.819410,0.293001,0.340961,0.358976,0.324173,0.830795,0.280307,0.710273,0.298113
0.842513,0.277863,0.347925,0.804247,0.768085,0.381405,0.499815,0.716877,0.707577,0.250245,0.703087,0.908148,0.491745,0.278858,0.277121,0.384740
0.329034,0.612893,0.801298,0.196624,0.660189,0.862162,0.373490,0.577509,0.832678,0.433153,0.552817,0.621121,0.612981,0.554124,0.347257,0.496393
0.303361,0.717192,0.544741,0.673685,0.839799,0.649253,0.508614,0.289928,0.500629,0.550578,0.699492,0.695261,0.591885,0.135095,0.342334,0.733225
0.570926,0.645816,0.701102,0.894483,0.298859,0.384555,0.598327,0.242535,0.222085,0.748670,0.421845,0.668436,0.746964,0.156853,0.609809,0.753166
0.324147,0.726617,0.464387,0.661606,0.851153,0.572820,0.591933,0.256636,0.379225,0.581547,0.675051,0.800882,0.454875,0.268681,0.340988,0.891759
0.465706,0.760658,0.425012,0.490093,0.627158,0.630480,0.431127,0.340048,0.223833,0.651581,0.521093,0.589059,0.756891,0.621117,0.249978,0.387120
0.485273,0.469054,0.247525,0.541927,0.693226,0.423086,0.665584,0.259328,0.430840,0.483015,0.442769,0.461015,0.809030,0.786391,0.269115,0.576159
0.722227,0.419719,0.534568,0.419919,0.770869,0.756668,0.662460,0.468517,0.587343,0.317336,0.724234,0.534530,0.452249,0.584738,0.571712,0.523084
0.450697,0.499073,0.856517,0.235404,0.585979,0.841007,0.444095,0.580461,0.797142,0.257144,0.454332,0.707674,0.637885,0.540834,0.425231,0.589179
0.890661,0.507514,0.901624,0.758682,0.267914,0.655122,0.412772,0.770635,0.664199,0.524742,0.748199,0.182319,0.541000,0.493227,0.277575,0.606059
0.400932,0.608522,0.572524,0.346429,0.663443,0.587394,0.467455,0.190749,0.269085,0.849171,0.495853,0.620821,0.820289,0.637893,0.379254,0.451725
0.772984,0.476052,0.890555,0.818662,0.304049,0.611539,0.408012,0.715480,0.635945,0.652211,0.817429,0.083174,0.539826,0.467517,0.242936,0.667633
0.442332,0.700622,0.386142,0.560160,0.748870,0.534385,0.580318,0.225030,0.299164,0.667791,0.522747,0.638328,0.720028,0.668635,0.275895,0.470310
0.779974,0.608994,0.649659,0.311753,0.656003,0.682641,0.537392,0.367932,0.639487,0.302752,0.697933,0.661525,0.413220,0.523736,0.624671,0.417470
0.494591,0.744299,0.602666,0.829127,0.344006,0.328141,0.584250,0.492454,0.337578,0.565257,0.358362,0.716146,0.658919,0.178992,0.510768,0.696470
0.496567,0.331792,0.760681,0.921730,0.769029,0.581973,0.851078,0.329873,0.297792,0.381808,0.738068,0.586619,0.251290,0.475652,0.469882,0.427612
0.429571,0.523774,0.489460,0.739218,0.738336,0.488058,0.496624,0.414668,0.545116,0.435429,0.601102,0.556113,0.512541,0.674081,0.455816,0.777052
0.768556,0.370088,0.267050,0.791325,0.747425,0.368190,0.574172,0.640426,0.573975,0.403780,0.641392,0.738034,0.746525,0.271208,0.258168,0.343970
0.854040,0.655395,0.185742,0.575008,0.289364,0.333414,0.762919,0.485219,0.687384,0.630329,0.744465,0.792813,0.280769,0.462743,0.507271,0.272893
0.396182,0.425571,0.442203,0.791278,0.768764,0.423009,0.466881,0.722527,0.888757,0.665854,0.736396,0.737507,0.343756,0.838286,0.288431,0.550252
0.666031,0.293550,0.822223,0.890192,0.525342,0.579121,0.226834,0.882822,0.753292,0.616663,0.710695,0.232334,0.251329,0.399959,0.660676,0.190679
0.741294,0.691916,0.478220,0.230156,0.734072,0.910931,0.592029,0.404684,0.759175,0.365902,0.815237,0.574918,0.322632,0.569184,0.560940,0.430580
0.530270,0.653851,0.770330,0.864125,0.300633,0.286491,0.702136,0.312513,0.318995,0.516799,0.378337,0.736075,0.822962,0.260873,0.519815,0.697826
0.198755,0.377954,0.499356,0.689193,0.837011,0.679022,0.329612,0.668965,0.853453,0.669381,0.815028,0.889624,0.247038,0.843590,0.397355,0.447967
0.630479,0.314494,0.780806,0.872607,0.469226,0.657880,0.248087,0.819001,0.739017,0.600647,0.810824,0.397773,0.484709,0.441226,0.605452,0.297209
0.540250,0.706705,0.802672,0.803767,0.276040,0.409894,0.680005,0.326800,0.383074,0.623241,0.312141,0.639277,0.804458,0.201954,0.594619,0.712244
0.575016,0.455178,0.914731,0.823900,0.633621,0.570516,0.870235,0.261621,0.568327,0.467936,0.761910,0.596555,0.369600,0.401492,0.486333,0.334474
0.719369,0.154887,0.850788,0.895462,0.579477,0.648631,0.237232,0.766893,0.693260,0.520135,0.717217,0.243518,0.449795,0.421464,0.644577,0.303056
0.664213,0.605857,0.317371,0.558258,0.441549,0.441909,0.690027,0.526168,0.540941,0.636270,0.703439,0.666773,0.239882,0.481285,0.495199,0.343180
0.480084,0.503709,0.408985,0.442235,0.657227,0.355629,0.778305,0.378342,0.301602,0.420030,0.444459,0.375022,0.737388,0.723706,0.352822,0.469246
0.751105,0.226388,0.207384,0.476124,0.345623,0.380918,0.139869,0.554233,0.646383,0.543642,0.247474,0.430693,0.630118,0.817310,0.870584,0.495883
0.748358,0.504997,0.861947,0.767208,0.230258,0.612871,0.471232,0.724224,0.445037,0.589439,0.743020,0.396395,0.577677,0.542705,0.071774,0.709466
0.510797,0.462968,0.367716,0.768158,0.804733,0.438087,0.497019,0.510490,0.482268,0.499465,0.590256,0.418602,0.536103,0.515313,0.427091,0.769157
0.694224,0.354169,0.883429,0.802558,0.412593,0.613431,0.310031,0.905376,0.841148,0.534773,0.671486,0.185424,0.454771,0.317707,0.567290,0.284661
0.783166,0.458610,0.326371,0.819036,0.801231,0.348905,0.422220,0.603546,0.740293,0.261398,0.685042,0.704823,0.513617,0.318941,0.273709,0.391539
0.285511,0.764610,0.424373,0.456817,0.713147,0.584798,0.601331,0.334339,0.320513,0.746013,0.492399,0.684222,0.939570,0.690549,0.288833,0.598590
0.795290,0.330582,0.303339,0.716685,0.767342,0.441447,0.417892,0.712332,0.825700,0.304045,0.696038,0.802381,0.735961,0.304567,0.278835,0.378947
0.384296,0.477487,0.516794,0.715235,0.738936,0.538543,0.502797,0.316417,0.502719,0.450930,0.693872,0.368512,0.554029,0.665525,0.389892,0.781481
0.769790,0.516444,0.623424,0.795531,0.362870,0.591361,0.389057,0.794628,0.453272,0.517850,0.837909,0.295555,0.559620,0.421806,0.327014,0.657914
0.715412,0.145994,0.301711,0.466326,0.303018,0.376493,0.372034,0.634352,0.623797,0.571240,0.335769,0.369592,0.567269,0.938784,0.810201,0.442993
0.445359,0.460277,0.893111,0.265413,0.649441,0.857992,0.355237,0.562271,0.701279,0.280911,0.543183,0.626591,0.653829,0.602010,0.328987,0.477309
0.463251,0.326060,0.815310,0.911588,0.663091,0.587871,0.285139,0.947388,0.753289,0.622120,0.773498,0.354676,0.481648,0.370354,0.492299,0.313302
0.755201,0.518365,0.539631,0.367997,0.789270,0.818631,0.609708,0.372702,0.634340,0.248874,0.733582,0.632563,0.410871,0.525591,0.552652,0.304079
0.364187,0.607716,0.497323,0.600585,0.821805,0.506687,0.540676,0.224636,0.318229,0.561610,0.736572,0.752485,0.475164,0.207359,0.405474,0.824206
0.215812,0.690083,0.796556,0.561779,0.694301,0.803954,0.698147,0.839808,0.181398,0.304015,0.377511,0.402371,0.815759,0.257846,0.578045,0.195042
0.509521,0.515631,0.936619,0.266221,0.564925,0.859973,0.353386,0.572133,0.661339,0.339640,0.524231,0.771049,0.657360,0.502016,0.297344,0.540874
0.755153,0.352012,0.223118,0.485945,0.298388,0.255421,0.280303,0.621939,0.715745,0.462793,0.368811,0.430948,0.630239,0.899660,0.827906,0.304896
0.245913,0.709396,0.485996,0.692671,0.802943,0.615712,0.608417,0.247794,0.311912,0.589200,0.726318,0.722796,0.390505,0.291352,0.507446,0.682152
0.365057,0.610015,0.374742,0.593429,0.668291,0.526471,0.591929,0.566253,0.760359,0.255046,0.682809,0.800049,0.625158,0.459092,0.645435,0.632850
0.773105,0.250460,0.267771,0.520089,0.169847,0.399777,0.178459,0.572552,0.717284,0.538777,0.465048,0.400989,0.613678,0.804876,0.766066,0.406754
0.485869,0.524229,0.220056,0.584176,0.501249,0.484833,0.566380,0.317118,0.396484,0.337135,0.435904,0.314335,0.906596,0.788743,0.287638,0.433030
0.391756,0.508220,0.385255,0.524038,0.745865,0.482386,0.688864,0.550126,0.734527,0.205840,0.689515,0.881697,0.502004,0.509318,0.613676,0.804575
0.597263,0.548646,0.737356,0.787069,0.286431,0.565347,0.520179,0.333302,0.306688,0.718469,0.320992,0.707287,0.791259,0.293317,0.555773,0.805767
0.322955,0.582340,0.436749,0.440233,0.646003,0.473733,0.564072,0.178544,0.259843,0.741172,0.427368,0.797963,0.772821,0.537897,0.361037,0.412429
0.466965,0.435781,0.474798,0.723465,0.842492,0.495283,0.540954,0.448553,0.544247,0.431154,0.621577,0.447864,0.459075,0.698061,0.459669,0.790830
0.398373,0.536046,0.859018,0.105691,0.660508,0.749871,0.359051,0.544566,0.732779,0.260448,0.511162,0.707974,0.692017,0.503292,0.407220,0.545327
0.492827,0.496764,0.390160,0.727094,0.735380,0.394742,0.627211,0.446540,0.548675,0.483830,0.643420,0.425593,0.446566,0.585895,0.464212,0.836653
0.222179,0.706545,0.450359,0.580998,0.868743,0.580378,0.534416,0.300084,0.526794,0.551520,0.632120,0.786719,0.368440,0.321585,0.364673,0.747951
0.571801,0.363774,0.719876,0.889647,0.766997,0.513027,0.785830,0.331244,0.404392,0.500291,0.616176,0.555922,0.325956,0.378539,0.469531,0.509125
0.581082,0.278088,0.835982,0.901363,0.761416,0.503153,0.755270,0.352816,0.340510,0.619599,0.675967,0.653629,0.276609,0.385957,0.447754,0.481919
0.570196,0.389690,0.963844,0.767079,0.586435,0.586955,0.164273,0.815022,0.860686,0.605223,0.598858,0.361206,0.404274,0.353833,0.653108,0.261601
0.367913,0.540139,0.799860,0.217418,0.647520,0.841689,0.447344,0.586158,0.710023,0.363796,0.561670,0.684997,0.455872,0.470187,0.371002,0.499113
0.689050,0.732073,0.361665,0.543271,0.269206,0.475289,0.748559,0.511192,0.627670,0.741492,0.796916,0.713847,0.177164,0.356982,0.455813,0.247872
0.371769,0.411408,0.818042,0.275358,0.582245,0.749242,0.481654,0.596473,0.729883,0.275243,0.453422,0.586632,0.525404,0.467655,0.382789,0.580145
0.804894,0.490336,0.813628,0.689057,0.343413,0.568373,0.428348,0.729621,0.629864,0.579169,0.709971,0.262374,0.554345,0.421117,0.228115,0.681621
0.404668,0.543549,0.498990,0.543400,0.846172,0.529003,0.772975,0.542983,0.725066,0.200845,0.748987,0.783670,0.690469,0.358517,0.618363,0.801244
0.593407,0.283485,0.889267,0.857901,0.485418,0.539858,0.285246,0.862413,0.763857,0.838232,0.712975,0.378620,0.471894,0.383841,0.543767,0.327987
0.665157,0.622528,0.676207,0.805691,0.384599,0.338208,0.713494,0.238157,0.374251,0.589144,0.277136,0.730266,0.820166,0.235618,0.534777,0.757631
0.446490,0.408884,0.804160,0.297347,0.537084,0.761479,0.313098,0.459832,0.866052,0.296297,0.484858,0.654052,0.652565,0.496352,0.298081,0.561257
0.565913,0.401444,0.807304,0.863804,0.747400,0.442397,0.785781,0.362063,0.408135,0.504822,0.607849,0.583696,0.420405,0.451204,0.347935,0.335025
0.352543,0.641367,0.471405,0.673879,0.738919,0.523975,0.451611,0.712972,0.751182,0.620481,0.776008,0.831266,0.288206,0.854744,0.437181,0.579282
0.364463,0.470805,0.865108,0.226403,0.663093,0.781623,0.396077,0.649940,0.825813,0.346741,0.585872,0.752032,0.653722,0.551286,0.346394,0.656828
0.331834,0.668790,0.509857,0.536267,0.677115,0.522738,0.428051,0.231699,0.288549,0.633901,0.640472,0.607563,0.777753,0.720717,0.247068,0.418164
0.365611,0.846289,0.501100,0.445477,0.621105,0.588110,0.434301,0.220740,0.191650,0.598325,0.533419,0.712186,0.771620,0.605538,0.261514,0.363510
0.635137,0.402085,0.868119,0.806243,0.744901,0.479344,0.838446,0.267581,0.455586,0.490065,0.621125,0.516945,0.228118,0.424446,0.429296,0.363685
0.588012,0.702646,0.648847,0.727781,0.315318,0.336632,0.543930,0.298069,0.494868,0.605446,0.285586,0.780312,0.688754,0.252213,0.545928,0.750924
0.356682,0.617149,0.501234,0.471758,0.523394,0.520453,0.518261,0.299929,0.285160,0.588504,0.557118,0.621412,0.906519,0.580434,0.320759,0.412178
0.707347,0.332639,0.901320,0.852828,0.408302,0.726555,0.266800,0.794129,0.622576,0.692739,0.786829,0.442465,0.423839,0.397313,0.536560,0.152975
0.757309,0.741448,0.268674,0.504040,0.300239,0.523977,0.658383,0.552328,0.547180,0.672831,0.791415,0.629522,0.269687,0.460433,0.610502,0.241256
0.419658,0.464542,0.794918,0.379731,0.598044,0.848434,0.314428,0.657576,0.745069,0.273868,0.524564,0.644751,0.565377,0.508472,0.333494,0.534136
0.680356,0.520566,0.908807,0.889188,0.338678,0.529217,0.391297,0.696842,0.475494,0.519900,0.815703,0.214803,0.574999,0.423067,0.193239,0.685441
0.291523,0.469613,0.475467,0.648006,0.690247,0.513505,0.444937,0.660576,0.830736,0.708711,0.735197,0.765473,0.224613,0.777138,0.457725,0.486868
0.551259,0.624328,0.731478,0.783289,0.243919,0.374227,0.623512,0.308739,0.328350,0.508709,0.395927,0.803074,0.831925,0.273927,0.579437,0.716771
0.870624,0.409428,0.734003,0.812938,0.260630,0.645079,0.390561,0.693953,0.491446,0.383488,0.782122,0.085513,0.622994,0.529702,0.241797,0.745993
0.353634,0.680211,0.554960,0.644603,0.811039,0.608671,0.494383,0.263726,0.327201,0.484449,0.695626,0.764394,0.394512,0.196427,0.566006,0.753864
0.648963,0.262775,0.858199,0.783872,0.528785,0.579614,0.200115,0.826959,0.819508,0.657819,0.662316,0.341664,0.450970,0.479747,0.601483,0.268590
0.351739,0.629829,0.840531,0.141018,0.723064,0.846758,0.432105,0.671184,0.746886,0.336887,0.549634,0.677847,0.630208,0.530564,0.433490,0.586828
0.646815,0.268372,0.217844,0.499065,0.320361,0.258341,0.175771,0.676120,0.498211,0.593958,0.367061,0.537330,0.462028,0.668249,0.828539,0.342622
0.820760,0.385842,0.316054,0.862355,0.746924,0.316096,0.506412,0.678445,0.756694,0.350329,0.627056,0.666916,0.547403,0.399747,0.272996,0.455142
0.792827,0.780428,0.374947,0.510496,0.227491,0.543363,0.773385,0.527127,0.658406,0.647256,0.688049,0.659646,0.240821,0.518062,0.587603,0.304322
0.348505,0.706473,0.314054,0.567866,0.672933,0.655857,0.540229,0.291436,0.325594,0.772623,0.479060,0.661188,0.772060,0.712618,0.283814,0.526245
0.507753,0.552534,0.283508,0.540880,0.551470,0.420822,0.678345,0.269393,0.426285,0.455218,0.413532,0.372829,0.850863,0.783664,0.433023,0.400826
0.387134,0.609600,0.499113,0.731437,0.729190,0.372494,0.595482,0.313693,0.511137,0.460028,0.619894,0.507586,0.470296,0.687952,0.523477,0.828060
0.585130,0.641979,0.789078,0.940964,0.328704,0.272041,0.730401,0.264743,0.317016,0.613355,0.286275,0.696120,0.792039,0.180213,0.601335,0.646053
0.277325,0.445969,0.423094,0.379684,0.937870,0.402608,0.683978,0.500883,0.719076,0.283051,0.718715,0.883295,0.634769,0.247359,0.681452,0.626270
0.620268,0.385355,0.879739,0.831740,0.381089,0.598825,0.322791,0.762833,0.804239,0.659297,0.677153,0.220928,0.441100,0.502534,0.596743,0.330785
0.521987,0.758562,0.821692,0.739641,0.202222,0.384924,0.622853,0.278959,0.306761,0.525468,0.467231,0.759670,0.771298,0.200698,0.502503,0.670923
0.788698,0.521167,0.434534,0.329682,0.551588,0.671749,0.568057,0.375584,0.778966,0.367466,0.733972,0.587501,0.329919,0.574915,0.619621,0.412257
0.749320,0.649684,0.359053,0.469882,0.268600,0.512428,0.776257,0.497736,0.677248,0.720183,0.718837,0.715569,0.280584,0.522427,0.484870,0.075081
0.868572,0.477499,0.337619,0.737301,0.768579,0.364166,0.418530,0.680587,0.626462,0.286929,0.707932,0.781484,0.570834,0.367481,0.281830,0.312059
0.792585,0.482299,0.301526,0.790624,0.741209,0.326465,0.563345,0.650406,0.675593,0.207765,0.588662,0.698650,0.573117,0.264319,0.246993,0.359899
0.840723,0.377757,0.364632,0.837147,0.837905,0.436119,0.722000,0.697473,0.817602,0.381710,0.631122,0.796881,0.545592,0.260972,0.294195,0.503535
0.348606,0.541222,0.796122,0.244742,0.536903,0.904781,0.293206,0.656137,0.719264,0.271887,0.532212,0.753961,0.661278,0.495117,0.282958,0.600209
0.852650,0.463605,0.458308,0.386992,0.654506,0.797730,0.590914,0.346416,0.712821,0.277454,0.747560,0.554350,0.439145,0.520791,0.648742,0.371142
0.267836,0.713704,0.775094,0.583327,0.776904,0.757518,0.659909,0.772762,0.123566,0.448419,0.331171,0.185933,0.825101,0.284480,0.667683,0.321447
0.521404,0.455131,0.465258,0.793808,0.773958,0.428960,0.609733,0.409915,0.546721,0.443493,0.687493,0.548237,0.648764,0.661312,0.543754,0.815133
0.307881,0.758212,0.435256,0.472283,0.480940,0.640226,0.566978,0.217753,0.300920,0.702714,0.626084,0.563902,0.771371,0.799276,0.339648,0.462563
0.293583,0.744641,0.759347,0.519820,0.709482,0.743692,0.603770,0.869739,0.209605,0.453552,0.393082,0.270926,0.884564,0.191872,0.715725,0.253541
0.295845,0.425055,0.457739,0.423436,0.879050,0.397846,0.583907,0.648049,0.654779,0.187666,0.665763,0.768416,0.631529,0.345459,0.627768,0.624762
0.325360,0.465516,0.785807,0.255247,0.605160,0.885338,0.421483,0.665272,0.845263,0.300348,0.563744,0.598274,0.751466,0.487211,0.334764,0.650262
0.685833,0.360068,0.859228,0.821385,0.475798,0.556322,0.165086,0.858744,0.693461,0.556960,0.689642,0.327168,0.356932,0.318824,0.613340,0.226428
0.218303,0.763998,0.545321,0.663088,0.779228,0.581294,0.489995,0.267669,0.407118,0.499736,0.641529,0.713782,0.393674,0.262953,0.373200,0.685390
0.472798,0.790059,0.465721,0.500008,0.639218,0.584209,0.471068,0.261462,0.332078,0.825436,0.557129,0.628726,0.890179,0.658146,0.278054,0.433072
0.745381,0.483289,0.881613,0.643728,0.401674,0.545419,0.487668,0.671497,0.456702,0.639411,0.740747,0.293591,0.566012,0.439846,0.243940,0.700404
0.327632,0.471045,0.819777,0.236672,0.611849,0.788127,0.411810,0.532853,0.769021,0.304627,0.481637,0.679597,0.635753,0.435582,0.251316,0.612758
0.259234,0.834330,0.720460,0.592586,0.673522,0.774260,0.565597,0.658920,0.140479,0.500790,0.352220,0.432864,0.747444,0.233600,0.692067,0.209882
0.758082,0.520165,0.373729,0.849786,0.820322,0.400524,0.584097,0.655469,0.804624,0.208700,0.707561,0.780381,0.580203,0.396899,0.442062,0.442361
0.788645,0.459167,0.830845,0.758047,0.383164,0.581935,0.507419,0.648636,0.528610,0.612213,0.801349,0.283427,0.494135,0.405958,0.198215,0.698177
0.665454,0.671434,0.385122,0.732183,0.264490,0.450288,0.684565,0.479893,0.706536,0.679735,0.658475,0.664651,0.224602,0.523134,0.456412,0.329194
0.829775,0.634750,0.463488,0.317802,0.713282,0.751458,0.606668,0.355626,0.771750,0.274315,0.695860,0.665438,0.319551,0.421396,0.700253,0.470311
0.743266,0.245874,0.274757,0.410173,0.283230,0.349705,0.175617,0.636594,0.641078,0.497116,0.311512,0.366097,0.707805,0.724507,0.813845,0.352980
0.765582,0.402893,0.161142,0.437209,0.189464,0.315936,0.214018,0.564598,0.603083,0.485060,0.282670,0.361901,0.606742,0.913792,0.754511,0.227153
0.405684,0.492133,0.582225,0.718222,0.708906,0.583346,0.649818,0.761357,0.750066,0.705039,0.783817,0.802008,0.298487,0.811047,0.322381,0.591372
0.863173,0.535951,0.784392,0.768456,0.170094,0.588081,0.443425,0.720115,0.537081,0.510689,0.844310,0.380114,0.611007,0.542324,0.176073,0.674521
0.171203,0.661052,0.845786,0.517483,0.676898,0.744487,0.557162,0.918234,0.245959,0.347937,0.364525,0.329750,0.718897,0.200501,0.628552,0.202825
0.317259,0.664466,0.510772,0.644261,0.695367,0.573064,0.577793,0.149190,0.389701,0.517393,0.588664,0.717328,0.349948,0.290350,0.486418,0.720320
0.831263,0.524622,0.431212,0.348149,0.662448,0.794896,0.764982,0.464300,0.729714,0.303258,0.717166,0.545558,0.375123,0.654480,0.640891,0.407458
0.647726,0.647492,0.766623,0.919161,0.377256,0.425674,0.657740,0.335460,0.453034,0.537212,0.291124,0.689889,0.707388,0.216928,0.592577,0.802349
0.602645,0.594550,0.807060,0.758827,0.222028,0.421009,0.495044,0.210140,0.422511,0.613601,0.385948,0.643497,0.556295,0.133848,0.488671,0.899399
0.346090,0.488451,0.789943,0.169658,0.548888,0.846460,0.425215,0.571262,0.578906,0.225712,0.584005,0.803275,0.723409,0.511725,0.339550,0.512338
0.535407,0.601727,0.722912,0.725297,0.426091,0.393595,0.615492,0.390410,0.358702,0.664251,0.297412,0.791246,0.809822,0.214096,0.614514,0.794384
0.497663,0.533323,0.495403,0.500636,0.699205,0.322344,0.580509,0.585725,0.717384,0.330493,0.711166,0.926591,0.707208,0.385745,0.780915,0.656436
0.832733,0.495660,0.522632,0.361072,0.678105,0.809593,0.581451,0.464730,0.782497,0.199965,0.736285,0.579560,0.417246,0.557419,0.635306,0.343753
0.462613,0.476942,0.382801,0.755083,0.684314,0.439778,0.615936,0.335884,0.519493,0.409710,0.600214,0.406995,0.504555,0.637813,0.448297,0.775423
0.239774,0.811243,0.816073,0.472220,0.740649,0.819949,0.567687,0.791774,0.174068,0.261633,0.421182,0.404388,0.804278,0.274404,0.537604,0.324146
0.427653,0.724950,0.499321,0.584033,0.788118,0.495010,0.477660,0.218128,0.300759,0.533954,0.675078,0.775727,0.460023,0.335979,0.474594,0.700108
0.627024,0.434307,0.369253,0.632614,0.547831,0.346015,0.769532,0.398143,0.425335,0.394044,0.412448,0.357013,0.768903,0.771863,0.373752,0.473141
0.825045,0.370676,0.336114,0.768076,0.779681,0.471141,0.593531,0.623708,0.759879,0.338695,0.504082,0.715148,0.587397,0.348370,0.222464,0.443622
0.495368,0.527032,0.482973,0.732220,0.869789,0.541231,0.631841,0.423511,0.557152,0.401368,0.679666,0.458776,0.493739,0.639204,0.449420,0.826809
0.356821,0.403041,0.436195,0.861737,0.638388,0.424148,0.549226,0.436824,0.464845,0.446470,0.666475,0.432937,0.509693,0.667500,0.521976,0.834707
0.427938,0.503461,0.290153,0.484549,0.550344,0.505087,0.626291,0.281703,0.403924,0.479060,0.468233,0.470589,0.794310,0.765215,0.323479,0.525526
0.515759,0.432700,0.341212,0.462541,0.579174,0.363758,0.663526,0.184065,0.317884,0.409954,0.403775,0.379544,0.761070,0.738037,0.306826,0.414228
0.858245,0.413893,0.303597,0.989547,0.911999,0.376449,0.453023,0.568018,0.710911,0.375193,0.590378,0.796020,0.583872,0.326891,0.234100,0.407910
0.353702,0.503546,0.413113,0.778664,0.700169,0.434558,0.702238,0.421499,0.565287,0.429612,0.602372,0.404720,0.602852,0.616204,0.463041,0.931823
0.346384,0.486529,0.610095,0.708865,0.734876,0.665337,0.643680,0.726796,0.781059,0.626872,0.688785,0.792528,0.316422,0.879892,0.360875,0.523606
0.729290,0.449655,0.458186,0.228731,0.779234,0.792039,0.623181,0.451770,0.615188,0.402847,0.603349,0.538719,0.391028,0.489397,0.561353,0.367697
0.740242,0.242118,0.378637,0.501957,0.192339,0.221021,0.287437,0.539753,0.756599,0.396751,0.233199,0.448553,0.531565,0.894430,0.888271,0.467467
0.500769,0.584059,0.571690,0.720769,0.771365,0.277579,0.590401,0.267723,0.468655,0.381542,0.550300,0.459879,0.448795,0.606811,0.438514,0.761535
0.617730,0.243955,0.745659,0.868099,0.445036,0.675379,0.342118,0.882568,0.731562,0.678519,0.691334,0.362648,0.458443,0.414989,0.686187,0.206897
0.705631,0.236974,0.874044,0.765547,0.447113,0.563994,0.291792,0.933276,0.775790,0.654943,0.660136,0.257748,0.438571,0.439059,0.709377,0.423782
0.695705,0.355293,0.811462,0.766484,0.448584,0.641966,0.265778,0.893347,0.729739,0.652407,0.783457,0.510438,0.356503,0.390752,0.628286,0.318066
0.447009,0.578588,0.404522,0.692666,0.712522,0.559510,0.572819,0.307409,0.364155,0.447477,0.678513,0.440869,0.528051,0.631920,0.565777,0.825734
0.894683,0.480564,0.518537,0.290143,0.585855,0.654734,0.576541,0.302801,0.801534,0.289589,0.674062,0.624979,0.437036,0.631897,0.654696,0.333024
0.420561,0.667081,0.318354,0.549273,0.572270,0.606472,0.476239,0.315839,0.209759,0.580250,0.655856,0.737336,0.836992,0.560277,0.323166,0.581638
0.217266,0.723567,0.750825,0.527628,0.756169,0.839042,0.591448,0.723866,0.182451,0.431644,0.382924,0.319089,0.780743,0.200344,0.606225,0.158433
0.484998,0.538231,0.797322,0.858065,0.305241,0.282726,0.597372,0.357213,0.395868,0.534802,0.346087,0.865611,0.752931,0.166290,0.559049,0.757637
0.772675,0.524175,0.477772,0.415316,0.628130,0.592768,0.542159,0.401756,0.734211,0.280361,0.810554,0.460103,0.390197,0.671945,0.607830,0.420541
0.795541,0.728719,0.379931,0.681547,0.234119,0.425162,0.615929,0.508202,0.561415,0.700784,0.762157,0.667646,0.363709,0.475709,0.463974,0.346877
0.173943,0.908714,0.812758,0.486359,0.698953,0.775675,0.575321,0.737351,0.251714,0.296008,0.317729,0.361331,0.823515,0.260384,0.588472,0.322004
0.579542,0.242964,0.758650,0.743695,0.833603,0.513002,0.687460,0.351919,0.315197,0.490577,0.723223,0.473297,0.254431,0.339290,0.380177,0.463319
0.526875,0.650189,0.733499,0.755840,0.333341,0.379421,0.607034,0.364182,0.431342,0.530066,0.442280,0.754524,0.757078,0.353697,0.615413,0.786573
0.734283,0.532520,0.838554,0.840052,0.359249,0.619845,0.382746,0.692207,0.592257,0.496388,0.645618,0.360974,0.596934,0.362221,0.289387,0.731671
0.392555,0.543782,0.395580,0.644649,0.723649,0.478792,0.570350,0.393076,0.471998,0.550130,0.664083,0.441167,0.498958,0.687255,0.556475,0.761551
0.764257,0.353534,0.280670,0.458744,0.201461,0.348637,0.158374,0.581516,0.690793,0.576061,0.487073,0.454518,0.769245,0.884245,0.813056,0.400619
0.617802,0.351180,0.934545,0.757577,0.758051,0.588239,0.742496,0.343989,0.345630,0.509013,0.701332,0.457072,0.267064,0.407612,0.418621,0.432989
0.858753,0.556422,0.531257,0.328089,0.597860,0.858466,0.737557,0.352444,0.764780,0.379676,0.647593,0.529656,0.562673,0.556870,0.610228,0.295772
0.801270,0.470684,0.768501,0.705934,0.190022,0.638541,0.425704,0.736195,0.458582,0.547694,0.725446,0.194074,0.515035,0.522911,0.261779,0.638156
0.305242,0.675483,0.423988,0.492630,0.671137,0.690248,0.468165,0.219089,0.355463,0.710013,0.523470,0.642292,0.790600,0.735934,0.235828,0.409145
0.641437,0.703221,0.382466,0.633199,0.428120,0.379070,0.754181,0.484264,0.644567,0.696276,0.774966,0.661111,0.264412,0.541648,0.513923,0.165364
0.384030,0.726697,0.725870,0.235491,0.647895,0.826917,0.463512,0.509665,0.845139,0.266625,0.608302,0.708823,0.663276,0.486556,0.245046,0.468766
0.744867,0.382107,0.720342,0.908794,0.528432,0.584361,0.238674,0.817582,0.727467,0.598049,0.687541,0.468611,0.487061,0.422522,0.598599,0.348259
0.298913,0.592728,0.625047,0.702153,0.799369,0.708374,0.564949,0.724168,0.850898,0.651272,0.766710,0.753946,0.239413,0.808894,0.420871,0.528233
0.479485,0.462488,0.453753,0.772624,0.608256,0.408996,0.607920,0.375435,0.477502,0.365177,0.641653,0.475023,0.511056,0.763137,0.489427,0.769503
0.489117,0.538592,0.548524,0.692564,0.701093,0.549602,0.548855,0.744015,0.692571,0.736398,0.777534,0.890449,0.192275,0.769475,0.381203,0.534342
0.362298,0.445714,0.500289,0.734656,0.667098,0.467047,0.494609,0.688050,0.704121,0.589439,0.839596,0.851710,0.264214,0.875418,0.506005,0.518946
0.692988,0.483143,0.803265,0.804344,0.335275,0.673166,0.372837,0.653054,0.658873,0.592225,0.706746,0.219039,0.602092,0.423666,0.296957,0.770164
0.727970,0.609173,0.514553,0.384415,0.728408,0.687315,0.538542,0.427527,0.638319,0.324167,0.628371,0.584229,0.437635,0.471916,0.608672,0.358231
0.267773,0.609330,0.573081,0.374612,0.629561,0.644613,0.499815,0.319152,0.278502,0.633411,0.633556,0.722808,0.823328,0.745714,0.197203,0.491745
0.576352,0.583536,0.642468,0.871632,0.222859,0.366119,0.512137,0.348099,0.351887,0.612629,0.340304,0.735364,0.764745,0.209102,0.441988,0.846856
0.601118,0.638216,0.656838,0.818423,0.224294,0.385988,0.663411,0.265017,0.351153,0.443908,0.311093,0.582764,0.752200,0.269804,0.569056,0.788289
0.420719,0.588282,0.471082,0.703508,0.696322,0.465254,0.596458,0.477865,0.579037,0.589299,0.602307,0.461762,0.504627,0.666352,0.495340,0.775799
0.341999,0.551757,0.466112,0.621590,0.708696,0.463750,0.634488,0.576182,0.674808,0.302634,0.606059,0.833199,0.696363,0.419800,0.606903,0.552231
0.496556,0.652872,0.793237,0.885377,0.326218,0.450931,0.724484,0.191385,0.518909,0.630525,0.399966,0.827914,0.816568,0.205349,0.629792,0.807031
0.723693,0.374027,0.798885,0.810963,0.375294,0.520657,0.165439,0.787207,0.751762,0.653234,0.658144,0.385768,0.480462,0.429697,0.561538,0.219629
0.615569,0.657198,0.524968,0.934220,0.287674,0.368372,0.561746,0.292283,0.356153,0.662899,0.267992,0.736923,0.794693,0.240342,0.562397,0.751643
0.374122,0.647261,0.468376,0.470914,0.702543,0.525699,0.467920,0.260555,0.391609,0.640592,0.577328,0.623533,0.889867,0.589314,0.291299,0.451232
0.781548,0.166101,0.164229,0.461156,0.266106,0.365295,0.207034,0.563760,0.643731,0.614493,0.273737,0.480169,0.597673,0.902115,0.845414,0.342490
0.422589,0.338104,0.608200,0.658243,0.773758,0.498305,0.524583,0.749885,0.771038,0.687011,0.703064,0.775002,0.210625,0.684851,0.405104,0.493308
0.690212,0.496374,0.787096,0.822238,0.240001,0.518722,0.312514,0.743176,0.612491,0.584094,0.803251,0.461390,0.641850,0.525941,0.176365,0.687189
0.680695,0.350570,0.993539,0.875030,0.815761,0.447358,0.785706,0.427741,0.410046,0.631535,0.744164,0.611368,0.346255,0.511114,0.328374,0.412339
0.262642,0.497689,0.472940,0.663472,0.659770,0.572455,0.489160,0.719506,0.745324,0.568531,0.662086,0.892610,0.293845,0.793852,0.441106,0.453966
0.750351,0.433017,0.681649,0.768293,0.196170,0.694217,0.422122,0.850136,0.527875,0.486094,0.726584,0.276874,0.648596,0.325057,0.304136,0.695672
0.873759,0.446615,0.757627,0.815937,0.373200,0.692945,0.415537,0.608675,0.714415,0.459774,0.887313,0.364573,0.557664,0.409522,0.251215,0.714501
0.408921,0.496939,0.856456,0.165861,0.645146,0.885006,0.238465,0.593044,0.917419,0.268457,0.619577,0.701166,0.701149,0.499277,0.311914,0.511032
0.686915,0.607153,0.265996,0.691613,0.393790,0.462227,0.760749,0.536602,0.657981,0.655455,0.800292,0.693546,0.212089,0.307844,0.516944,0.174053
0.794614,0.521718,0.743220,0.736927,0.336594,0.578292,0.450070,0.688259,0.537630,0.550137,0.773328,0.403430,0.567221,0.461834,0.231350,0.751034
0.738058,0.661917,0.319290,0.628147,0.386244,0.513423,0.668375,0.428189,0.631158,0.731862,0.734003,0.564628,0.334129,0.409272,0.524006,0.231145
0.763510,0.251990,0.251233,0.496918,0.294183,0.240362,0.311680,0.518062,0.742852,0.556863,0.249885,0.460276,0.677386,0.863231,0.914542,0.382642
0.729156,0.538630,0.479175,0.332601,0.730706,0.712493,0.537864,0.519938,0.690407,0.326604,0.752989,0.495170,0.575341,0.551182,0.665164,0.432831
0.899286,0.399007,0.397886,0.738277,0.843934,0.400709,0.639304,0.634075,0.867902,0.386388,0.639283,0.738223,0.669836,0.290836,0.283985,0.536377
0.699704,0.321041,0.889570,0.770197,0.484876,0.525537,0.289741,0.942718,0.636598,0.637719,0.696780,0.458463,0.314069,0.386666,0.643321,0.350427
0.315115,0.547136,0.389320,0.691028,0.833286,0.631301,0.559052,0.199666,0.420918,0.497648,0.641360,0.701322,0.492037,0.186495,0.343207,0.660544
0.294383,0.594072,0.440190,0.523243,0.597528,0.630389,0.469856,0.169819,0.271262,0.640403,0.546840,0.594396,0.817810,0.540570,0.274651,0.416689
0.687926,0.528515,0.583402,0.353295,0.650548,0.635069,0.642582,0.459075,0.708445,0.303309,0.859418,0.538104,0.374230,0.571557,0.496959,0.405885
0.223524,0.712320,0.735842,0.585661,0.775690,0.765448,0.669707,0.844060,0.219209,0.445141,0.296199,0.221006,0.792402,0.268614,0.693320,0.253277
0.493272,0.420479,0.314442,0.525792,0.549444,0.379309,0.591288,0.351008,0.422221,0.436971,0.515538,0.258308,0.689975,0.716455,0.318894,0.459888
0.666687,0.488281,0.692457,0.867825,0.292467,0.617764,0.398297,0.669493,0.428146,0.443834,0.882353,0.382451,0.624326,0.461160,0.313714,0.618648
0.535674,0.653961,0.638257,0.840920,0.367659,0.393280,0.685456,0.388693,0.520542,0.598660,0.338467,0.763605,0.720498,0.309856,0.510182,0.737049
0.702848,0.302246,0.232337,0.413990,0.294777,0.411485,0.300243,0.483607,0.655920,0.535190,0.373852,0.467134,0.571880,0.742642,0.885588,0.315867
0.244520,0.537964,0.862052,0.251528,0.559483,0.863709,0.375499,0.575341,0.776188,0.244152,0.496649,0.724058,0.750541,0.634088,0.350207,0.567089
0.562986,0.301979,0.761501,0.843200,0.791663,0.606801,0.898458,0.367981,0.277769,0.565464,0.712725,0.577590,0.375033,0.460089,0.494989,0.466523
0.800571,0.443083,0.732052,0.799070,0.328366,0.697160,0.503388,0.638704,0.677339,0.457388,0.807827,0.192069,0.647159,0.383702,0.306149,0.675437
0.339644,0.439039,0.475950,0.472707,0.796646,0.571275,0.581294,0.748297,0.598382,0.185196,0.778401,0.831318,0.590504,0.458703,0.587475,0.692417
0.319911,0.817869,0.396331,0.507020,0.662037,0.469517,0.421107,0.164541,0.340928,0.607138,0.587948,0.592065,0.749350,0.683043,0.314893,0.342129
0.238560,0.771729,0.501221,0.702663,0.807848,0.535350,0.556194,0.299941,0.419493,0.478429,0.607337,0.728869,0.352281,0.336816,0.429527,0.798241
0.234185,0.695700,0.951553,0.500296,0.634658,0.824093,0.682242,0.723287,0.295047,0.503680,0.366558,0.279610,0.796321,0.349016,0.642686,0.278732
0.746526,0.585594,0.700602,0.855793,0.200965,0.640232,0.439685,0.693317,0.658591,0.611362,0.746744,0.227190,0.582817,0.417377,0.177984,0.781598
0.405661,0.559828,0.874463,0.239183,0.637155,0.779475,0.399159,0.604191,0.767326,0.117459,0.518465,0.859084,0.643159,0.484738,0.367548,0.607486
0.399827,0.610770,0.876821,0.193969,0.580778,0.801188,0.355358,0.603958,0.789767,0.270360,0.650707,0.785256,0.653990,0.462227,0.325784,0.495173
0.317827,0.726668,0.457639,0.527407,0.672861,0.522147,0.470366,0.266717,0.288364,0.712541,0.554848,0.644594,0.812490,0.676300,0.338640,0.320224
0.648889,0.589372,0.749603,0.797175,0.275575,0.603754,0.446660,0.634497,0.480721,0.514976,0.878864,0.266819,0.628089,0.316607,0.368926,0.703442
0.558006,0.508445,0.780495,0.800247,0.317570,0.383636,0.669412,0.266719,0.329002,0.656049,0.302696,0.707115,0.645805,0.285152,0.565729,0.749267
0.649291,0.589973,0.550385,0.244145,0.665434,0.779823,0.485601,0.334924,0.792503,0.260208,0.705082,0.724424,0.351289,0.622193,0.608942,0.287769
0.309267,0.605133,0.462528,0.787955,0.714834,0.545330,0.535134,0.693528,0.952291,0.599605,0.712956,0.825566,0.331319,0.824010,0.443250,0.512333
0.236596,0.749028,0.846230,0.527324,0.655389,0.728426,0.611636,0.709539,0.154199,0.346973,0.367460,0.433317,0.743773,0.240088,0.654006,0.313973
0.442505,0.593330,0.472589,0.770947,0.774401,0.331214,0.489158,0.335918,0.568020,0.461013,0.608825,0.400996,0.415855,0.698952,0.489306,0.820450
0.244311,0.668606,0.606884,0.485071,0.629124,0.573999,0.435537,0.143634,0.425287,0.670304,0.491622,0.714497,0.796689,0.595007,0.229483,0.336431
0.540939,0.478123,0.300366,0.708510,0.446206,0.508324,0.718372,0.294445,0.302563,0.441113,0.464978,0.367953,0.819505,0.761505,0.283965,0.506510
0.432562,0.629504,0.457522,0.460478,0.609957,0.582331,0.566446,0.248976,0.388807,0.651860,0.602700,0.715821,0.836727,0.699818,0.204416,0.508372
0.956162,0.471416,0.335472,0.735520,0.710388,0.383998,0.569840,0.671179,0.711483,0.330669,0.602064,0.728297,0.605913,0.319133,0.284057,0.463533
0.578426,0.327232,0.858314,0.765751,0.525475,0.686031,0.169831,0.814957,0.715500,0.790790,0.737738,0.298739,0.442113,0.311184,0.606040,0.336497
0.720293,0.481548,0.582922,0.188391,0.653025,0.670768,0.565523,0.407661,0.782486,0.169310,0.744539,0.605926,0.382492,0.551967,0.636152,0.386990
0.311388,0.711176,0.802510,0.631541,0.696040,0.822948,0.680046,0.892790,0.218744,0.532742,0.352600,0.312394,0.911506,0.233264,0.517600,0.244070
0.520492,0.449294,0.488630,0.733332,0.776290,0.396802,0.576595,0.355395,0.628286,0.461183,0.581645,0.440725,0.440742,0.755460,0.566804,0.807153
0.670639,0.720064,0.330991,0.571887,0.288310,0.408861,0.707545,0.476250,0.531171,0.671259,0.834187,0.726289,0.319949,0.426996,0.681416,0.300847
0.807926,0.683812,0.417681,0.615058,0.277885,0.467200,0.766094,0.499950,0.504377,0.720065,0.773992,0.804584,0.204045,0.533174,0.621985,0.285804
0.425225,0.814500,0.535036,0.465390,0.712749,0.487120,0.546040,0.175028,0.258930,0.752590,0.524771,0.734902,0.869223,0.652732,0.315882,0.466253
0.406421,0.714945,0.616655,0.509125,0.673344,0.532167,0.507977,0.166896,0.267162,0.731917,0.553315,0.640338,0.814428,0.682801,0.344780,0.328233
0.238028,0.546478,0.504031,0.714182,0.739285,0.542187,0.578282,0.704638,0.803898,0.642970,0.745365,0.821674,0.180138,0.822389,0.331651,0.564318
0.420058,0.425665,0.261978,0.633265,0.573282,0.423777,0.756993,0.306492,0.263511,0.443647,0.416037,0.273421,0.917037,0.768074,0.339554,0.571380
0.759031,0.426184,0.553375,0.333111,0.723396,0.660230,0.567478,0.390095,0.734939,0.380524,0.645481,0.532951,0.496202,0.584026,0.530897,0.429333
0.760348,0.249868,0.324358,0.464319,0.309105,0.286836,0.365976,0.638279,0.632880,0.640155,0.293235,0.344049,0.528770,0.837336,0.869474,0.359221
0.431591,0.453934,0.379858,0.785864,0.745346,0.494520,0.634275,0.433944,0.448138,0.439659,0.624239,0.586640,0.464569,0.600291,0.427679,0.857902
0.862905,0.484445,0.689332,0.729659,0.184961,0.722501,0.415928,0.694961,0.586657,0.652789,0.835843,0.250070,0.561121,0.410291,0.172677,0.596247
0.375146,0.793115,0.595904,0.665618,0.859352,0.511018,0.607613,0.257661,0.324026,0.518748,0.676777,0.601147,0.387777,0.341503,0.424103,0.801197
0.579673,0.238061,0.891857,0.847691,0.475220,0.618844,0.227569,0.871177,0.831745,0.774684,0.704288,0.396440,0.461237,0.529215,0.535583,0.198186
0.687247,0.379396,0.841298,0.745036,0.531259,0.561351,0.277832,0.837252,0.669214,0.557741,0.729995,0.355328,0.525099,0.433082,0.656013,0.299900
0.632444,0.680580,0.734512,0.791384,0.374152,0.433203,0.761926,0.322927,0.399023,0.584102,0.307108,0.903079,0.791799,0.230269,0.569995,0.736524
0.787380,0.446393,0.710093,0.650817,0.315242,0.658525,0.356163,0.608572,0.474273,0.476234,0.907747,0.307211,0.571187,0.534084,0.294411,0.845759
0.479944,0.451388,0.413100,0.652252,0.695699,0.451514,0.630984,0.325731,0.563542,0.392516,0.618107,0.434321,0.611967,0.690936,0.614137,0.855168
0.220749,0.742660,0.765930,0.603977,0.725981,0.751218,0.697002,0.726431,0.217311,0.447729,0.427915,0.328501,0.829907,0.267195,0.606360,0.369668
0.299636,0.563289,0.542711,0.751734,0.782856,0.625071,0.521485,0.709972,0.757118,0.713273,0.816097,0.897085,0.295911,0.794428,0.379798,0.569361
0.316400,0.543080,0.762443,0.239690,0.655803,0.812394,0.485776,0.576575,0.837387,0.279076,0.528310,0.675548,0.679491,0.624826,0.362946,0.460709
0.396508,0.419302,0.812697,0.191008,0.577570,0.882903,0.506651,0.584126,0.786702,0.292916,0.602426,0.685913,0.707220,0.616828,0.397187,0.512054
0.339527,0.727274,0.401546,0.746115,0.751622,0.484794,0.522561,0.327548,0.419169,0.594596,0.628070,0.722241,0.399781,0.255112,0.449601,0.780046
0.699209,0.397033,0.000000,0.441753,0.148247,0.244283,0.347186,0.586880,0.672793,0.503365,0.263798,0.425798,0.630207,0.741459,0.832590,0.280326
0.602273,0.411264,0.749139,0.819297,0.561649,0.551141,0.326247,0.837974,0.747825,0.595292,0.667785,0.361098,0.498178,0.431741,0.594363,0.291238
0.558432,0.465832,0.802324,0.838104,0.847698,0.495211,0.769988,0.303188,0.381959,0.559370,0.565122,0.474623,0.314310,0.467808,0.385643,0.342149
0.470228,0.451035,0.352688,0.588663,0.529519,0.470417,0.657975,0.376533,0.249638,0.396328,0.457985,0.273931,0.832082,0.808567,0.319364,0.499370
0.361732,0.503287,0.470972,0.643042,0.624625,0.568044,0.540673,0.719977,0.828043,0.636539,0.716643,0.680584,0.358465,0.710764,0.456525,0.625203
0.724180,0.514814,0.538871,0.371646,0.585620,0.705257,0.701582,0.343075,0.741732,0.291991,0.890130,0.603722,0.397158,0.595297,0.507106,0.369000
0.492306,0.352398,0.484712,0.544410,0.886703,0.426682,0.593269,0.592304,0.815880,0.333544,0.662146,0.764255,0.700763,0.481245,0.629032,0.667308
0.493034,0.635547,0.423174,0.795278,0.632138,0.491190,0.594331,0.497785,0.434957,0.384958,0.540860,0.568495,0.490851,0.572051,0.445517,0.845924
0.172008,0.694924,0.543379,0.578109,0.816505,0.571633,0.600309,0.199180,0.469430,0.563232,0.729937,0.805164,0.491555,0.304951,0.304758,0.714826
0.401900,0.510941,0.889980,0.211459,0.600637,0.731328,0.311543,0.626943,0.795190,0.201218,0.555904,0.684882,0.578549,0.544686,0.343962,0.538796
0.338531,0.673911,0.525819,0.730457,0.838537,0.598943,0.445298,0.204560,0.329112,0.567294,0.888036,0.749254,0.461211,0.270783,0.473829,0.842995
0.103282,0.792723,0.805283,0.469606,0.691928,0.771200,0.584095,0.753508,0.225902,0.336576,0.437074,0.425583,0.773341,0.278129,0.785511,0.308959
0.639752,0.379765,0.797619,0.887884,0.753483,0.440303,0.743121,0.314713,0.382560,0.584089,0.711616,0.578276,0.373040,0.431469,0.422431,0.427691
0.274963,0.497562,0.606836,0.709393,0.666338,0.606987,0.540760,0.639873,0.732452,0.570127,0.791242,0.739370,0.177215,0.779203,0.455908,0.482483
0.775085,0.645762,0.416128,0.690502,0.321656,0.469589,0.722957,0.488746,0.708053,0.717916,0.714704,0.699727,0.168079,0.472637,0.387818,0.162579
0.660070,0.367859,0.893765,0.813981,0.515660,0.654932,0.291451,0.859735,0.722825,0.724198,0.731940,0.401749,0.293529,0.351677,0.520018,0.268545
0.261569,0.392555,0.453747,0.737383,0.789066,0.486715,0.587861,0.674827,0.702865,0.667750,0.751857,0.781714,0.263960,0.801497,0.433545,0.504584
0.731365,0.345201,0.375484,0.743683,0.750059,0.298278,0.565277,0.715519,0.715921,0.440011,0.652035,0.785773,0.581642,0.348639,0.234114,0.365016
0.336552,0.445090,0.548131,0.681680,0.741149,0.477728,0.551912,0.717578,0.941529,0.733489,0.693502,0.735911,0.300982,0.721406,0.449691,0.592199
0.702334,0.709549,0.337296,0.752665,0.288066,0.441726,0.652965,0.484704,0.537887,0.568424,0.690102,0.763593,0.298655,0.488806,0.455451,0.233261
0.266578,0.725085,0.895902,0.439633,0.730331,0.727661,0.629434,0.813917,0.127932,0.441907,0.473399,0.325739,0.754461,0.286674,0.672020,0.311886
0.385496,0.566080,0.669438,0.252042,0.591974,0.866685,0.408784,0.607467,0.879676,0.200468,0.492938,0.775877,0.739642,0.474007,0.431331,0.593409
0.492198,0.548803,0.489295,0.713647,0.728509,0.329114,0.519331,0.426193,0.454419,0.374769,0.581844,0.570473,0.491771,0.700490,0.480295,0.953088
0.542622,0.566307,0.445065,0.781401,0.677217,0.344964,0.552690,0.361483,0.456904,0.515932,0.592323,0.399705,0.529681,0.707711,0.587891,0.812742
0.550008,0.448288,0.427504,0.729474,0.562404,0.444592,0.630271,0.333790,0.340602,0.438503,0.519812,0.360414,0.827567,0.830713,0.269754,0.553057
0.855352,0.411886,0.270596,0.839765,0.804466,0.393149,0.494242,0.739715,0.768601,0.310145,0.545276,0.700399,0.506086,0.264640,0.289294,0.480462
0.218609,0.709163,0.847008,0.400778,0.798676,0.717895,0.647108,0.776034,0.275388,0.352543,0.516752,0.345221,0.823268,0.219813,0.686904,0.310237
0.786443,0.576561,0.827565,0.627355,0.310033,0.616642,0.451656,0.772584,0.664909,0.411510,0.751708,0.373198,0.558251,0.433848,0.231632,0.700880
0.296195,0.668020,0.545499,0.657765,0.750204,0.593741,0.561049,0.623830,0.765392,0.681332,0.784477,0.893633,0.269549,0.725305,0.529557,0.467061
0.166304,0.710606,0.811612,0.499746,0.739171,0.836623,0.629887,0.660829,0.284046,0.370835,0.327730,0.274045,0.721015,0.257778,0.583844,0.320223
0.358264,0.658597,0.550823,0.482274,0.627841,0.589328,0.489035,0.254005,0.313270,0.695157,0.571388,0.754307,0.801522,0.635358,0.193928,0.286544
0.699297,0.568148,0.738472,0.683161,0.344148,0.655494,0.453341,0.765175,0.598493,0.534411,0.737130,0.301885,0.550543,0.581808,0.367406,0.797927
0.398262,0.503190,0.321034,0.437979,0.730707,0.484394,0.563548,0.646829,0.681917,0.348385,0.722227,0.798549,0.595928,0.437072,0.532989,0.651666
0.471083,0.465986,0.382615,0.641078,0.598467,0.466811,0.648605,0.340311,0.226576,0.382705,0.462342,0.301055,0.809838,0.755236,0.339866,0.426623
0.411212,0.722200,0.392482,0.483958,0.526460,0.576231,0.409581,0.296034,0.330822,0.643229,0.586104,0.680710,0.835290,0.660093,0.312596,0.431521
0.238630,0.582387,0.716775,0.229194,0.594349,0.900110,0.287803,0.573399,0.812808,0.399486,0.539929,0.712577,0.628007,0.587887,0.415471,0.510812
0.746401,0.174923,0.315316,0.417549,0.306717,0.333766,0.265474,0.421162,0.641665,0.614050,0.381333,0.392747,0.690860,0.887862,0.880783,0.372202
0.674727,0.236237,0.234641,0.447976,0.158302,0.336279,0.268644,0.513235,0.750187,0.461850,0.315943,0.434984,0.618230,0.757271,0.854949,0.334583
0.435326,0.504484,0.319424,0.624871,0.447647,0.570821,0.628754,0.375804,0.430432,0.369149,0.475939,0.410922,0.723489,0.693173,0.320245,0.391226
0.582754,0.357904,0.768947,0.771444,0.608947,0.451275,0.740994,0.371851,0.372643,0.500739,0.683944,0.532606,0.200057,0.414665,0.564835,0.478910
0.348477,0.787320,0.593070,0.732284,0.838173,0.590191,0.564971,0.179828,0.341132,0.648958,0.662136,0.566400,0.473211,0.294913,0.346790,0.949809
0.662376,0.374190,0.369470,0.677868,0.777890,0.360534,0.525332,0.774001,0.702395,0.289177,0.659625,0.800847,0.586453,0.309058,0.240777,0.501249
0.734536,0.556254,0.396274,0.200078,0.620788,0.795764,0.587088,0.266631,0.641939,0.365824,0.623471,0.508641,0.383966,0.394379,0.647356,0.342045
0.672302,0.460383,0.779760,0.811766,0.759525,0.408569,0.701062,0.394484,0.462573,0.526466,0.708350,0.595719,0.246915,0.539779,0.400969,0.397681
0.802764,0.380044,0.297045,0.802431,0.721550,0.355252,0.426408,0.829612,0.742119,0.330939,0.717209,0.719266,0.533233,0.351319,0.313057,0.456875
0.174888,0.741062,0.788416,0.497743,0.667405,0.721709,0.697775,0.597621,0.190295,0.441078,0.299754,0.256598,0.713341,0.153102,0.633382,0.313324
0.334765,0.721930,0.562627,0.410137,0.657179,0.518856,0.482485,0.229888,0.392291,0.772004,0.548054,0.654688,0.920454,0.693270,0.386915,0.385935
0.345694,0.468365,0.875274,0.277540,0.610911,0.750871,0.253513,0.518650,0.748649,0.262461,0.431355,0.607558,0.623214,0.544246,0.328806,0.524111
0.443270,0.608626,0.457217,0.769747,0.743799,0.437475,0.623015,0.524406,0.583954,0.369035,0.509052,0.412522,0.376095,0.516772,0.428142,0.739592
0.292314,0.718661,0.857222,0.433770,0.672402,0.758447,0.624201,0.668133,0.358395,0.281236,0.376284,0.394893,0.816751,0.294881,0.690749,0.414127
0.781440,0.505764,0.449273,0.251311,0.705647,0.694204,0.548503,0.486583,0.611536,0.366181,0.787001,0.587936,0.333941,0.533947,0.599974,0.512639
0.629068,0.345686,0.876573,0.945157,0.812280,0.452808,0.772901,0.279117,0.444935,0.576920,0.675398,0.570958,0.328120,0.478009,0.487956,0.417590
0.440388,0.548211,0.339775,0.439811,0.786183,0.390086,0.657318,0.826115,0.683801,0.354593,0.744629,0.715389,0.623412,0.310647,0.723653,0.611607
0.406941,0.602945,0.508101,0.763551,0.808218,0.444176,0.701849,0.393799,0.524428,0.416107,0.698241,0.433980,0.544055,0.688736,0.444295,0.933327
0.521656,0.231601,0.846095,0.801654,0.820586,0.474486,0.761655,0.273591,0.449470,0.543408,0.605727,0.535969,0.385075,0.471025,0.512505,0.370923
0.775305,0.703141,0.417585,0.700460,0.137215,0.480390,0.745966,0.651262,0.594238,0.669543,0.726869,0.699150,0.198467,0.605712,0.546089,0.303495
0.191905,0.764774,0.710770,0.454798,0.697771,0.789587,0.649191,0.871453,0.263657,0.345958,0.383895,0.259166,0.855535,0.243139,0.718278,0.314755
0.361477,0.524663,0.838450,0.306201,0.536634,0.934434,0.369816,0.514436,0.942808,0.262076,0.557447,0.655198,0.723527,0.358822,0.382879,0.440778
0.707707,0.365011,0.885783,0.835150,0.514351,0.545260,0.251660,0.811198,0.677935,0.677973,0.690504,0.399813,0.398058,0.412414,0.520571,0.357648
0.267099,0.714818,0.701380,0.436918,0.681478,0.825665,0.644741,0.820842,0.154169,0.301846,0.412469,0.211412,0.856018,0.259327,0.718959,0.296616
0.270544,0.722419,0.812037,0.575720,0.658548,0.738440,0.648172,0.759316,0.231379,0.406545,0.365533,0.336405,0.843473,0.193020,0.577887,0.322012
0.672501,0.660904,0.681970,0.787249,0.307537,0.405404,0.588283,0.369535,0.428775,0.548312,0.299278,0.760346,0.827867,0.293930,0.496071,0.626348
0.365730,0.696443,0.480952,0.506380,0.505927,0.623101,0.465701,0.245169,0.205748,0.821555,0.598169,0.547333,0.791297,0.639270,0.207956,0.342740
0.350875,0.513490,0.393887,0.584441,0.774548,0.409147,0.672058,0.627661,0.710962,0.333695,0.608533,0.848189,0.605359,0.315070,0.666050,0.707382
0.746932,0.580353,0.468331,0.257845,0.662571,0.703878,0.722820,0.421137,0.725041,0.150763,0.839146,0.734167,0.389298,0.536965,0.657111,0.454845
0.339095,0.496945,0.516580,0.760239,0.616438,0.667822,0.461543,0.722676,0.821629,0.586128,0.669562,0.812882,0.243943,0.796310,0.398855,0.565220
0.327496,0.443123,0.542283,0.635068,0.663046,0.578888,0.449135,0.712992,0.773187,0.582290,0.767685,0.946380,0.296702,0.734476,0.380435,0.569377
0.661457,0.604220,0.746194,0.827659,0.214202,0.598355,0.477106,0.661724,0.599205,0.460140,0.820806,0.368602,0.550748,0.340531,0.338494,0.668188
0.310981,0.614878,0.510204,0.772491,0.733185,0.470636,0.552584,0.515560,0.498719,0.396856,0.753017,0.471545,0.538351,0.752233,0.622399,0.793922
0.718599,0.458244,0.284626,0.753192,0.826505,0.413468,0.449788,0.648478,0.749721,0.381622,0.679424,0.833919,0.537118,0.266882,0.183098,0.427935
0.814877,0.426599,0.715655,0.671386,0.262599,0.559924,0.485794,0.735776,0.575901,0.685621,0.833105,0.166980,0.664953,0.465459,0.247674,0.732808
0.862030,0.541421,0.771576,0.783556,0.300530,0.687581,0.366910,0.634009,0.507959,0.571493,0.764423,0.268014,0.580422,0.425272,0.309443,0.726370
0.520531,0.392311,0.343949,0.788755,0.714063,0.432934,0.709590,0.341244,0.588624,0.460042,0.606518,0.337393,0.447883,0.773196,0.496090,0.845870
