0.171499,0.559308,0.399176,0.693038,0.543407,0.162642,0.580315,0.632753
0.394077,0.229384,0.416519,0.371487,0.348596,0.460744,0.751064,0.481378
0.813881,0.870814,0.263972,0.328372,0.627010,0.251751,0.733840,0.890187
0.265005,0.209028,0.365106,0.523354,0.388499,0.433288,0.704227,0.609097
0.790944,0.295489,0.565231,0.360592,0.672023,0.322842,0.798497,0.553571
0.130990,0.663836,0.413616,0.758765,0.680055,0.156778,0.729037,0.611041
0.205257,0.590308,0.218745,0.944245,0.611796,0.250819,0.577159,0.703467
0.144412,0.653403,0.297381,0.844436,0.630730,0.186365,0.665165,0.571694
0.731028,0.301546,0.679128,0.278164,0.817472,0.277499,0.831901,0.570983
0.289641,0.419160,0.751862,0.357363,0.690303,0.701105,0.666998,0.290928
0.736244,0.377221,0.652262,0.312941,0.738460,0.277657,0.891583,0.416259
0.195910,0.529010,0.844390,0.382641,0.696183,0.689038,0.622027,0.242840
0.892029,0.309936,0.635396,0.321504,0.694619,0.265810,0.765031,0.599790
0.280262,0.544003,0.743898,0.275601,0.700838,0.694517,0.661131,0.315031
0.363288,0.133812,0.411416,0.518001,0.276930,0.366562,0.616907,0.661038
0.820001,0.604168,0.236085,0.268881,0.707285,0.455038,0.302536,0.700994
0.166308,0.530185,0.384123,0.871365,0.459712,0.133109,0.741997,0.693297
0.728605,0.789606,0.548786,0.350712,0.723331,0.123892,0.678473,0.799463
0.673706,0.807666,0.364242,0.288961,0.724426,0.308171,0.640287,0.763857
0.678440,0.826914,0.351797,0.165177,0.586315,0.246669,0.786046,0.789402
0.125301,0.660996,0.311134,0.821899,0.515022,0.175881,0.754810,0.725040
0.657822,0.648949,0.281987,0.501837,0.716212,0.449337,0.309467,0.727249
0.754505,0.560213,0.141926,0.482676,0.702233,0.562035,0.178488,0.751132
0.139569,0.557804,0.353546,0.842755,0.499835,0.067218,0.593729,0.537379
0.819964,0.829786,0.235722,0.970091,0.309510,0.178873,0.776401,0.683696
0.559965,0.590318,0.123699,0.458012,0.663399,0.487830,0.269260,0.728031
0.836784,0.345857,0.537724,0.481658,0.770241,0.318803,0.879826,0.527530
0.934823,0.417158,0.501612,0.348398,0.703905,0.357129,0.760637,0.503503
0.331026,0.263809,0.361513,0.513027,0.373797,0.602112,0.751107,0.570089
0.269986,0.584655,0.452407,0.821067,0.514703,0.234205,0.546341,0.664234
0.814072,0.336086,0.265297,0.672548,0.698929,0.768685,0.905639,0.350200
0.178276,0.472946,0.538624,0.180170,0.769698,0.707166,0.665264,0.196149
0.736695,0.333101,0.188358,0.718589,0.692355,0.720829,0.837895,0.346276
0.250236,0.622652,0.215749,0.913156,0.550778,0.207191,0.745358,0.659761
0.866265,0.835033,0.291080,0.843477,0.297312,0.275406,0.847768,0.788002
0.731435,0.671335,0.385928,0.606269,0.698905,0.450025,0.310194,0.694995
0.721963,0.838564,0.369760,0.151217,0.645760,0.239533,0.567729,0.752101
0.460910,0.414777,0.554306,0.406184,0.490721,0.541237,0.754260,0.569780
0.946625,0.708451,0.198920,0.863992,0.283893,0.308939,0.807776,0.938442
0.723442,0.377961,0.280488,0.630031,0.430424,0.793507,0.770715,0.428693
0.232716,0.608813,0.299682,0.801797,0.678580,0.273530,0.719098,0.542388
0.349128,0.233851,0.384350,0.497302,0.371646,0.461007,0.797768,0.487301
0.693862,0.314722,0.221281,0.575796,0.555967,0.823751,0.814127,0.432009
0.211947,0.622819,0.331825,0.856551,0.584255,0.171807,0.636140,0.470030
0.735616,0.862206,0.385127,0.177495,0.677484,0.164649,0.814349,0.830159
0.793771,0.253816,0.545696,0.366645,0.700607,0.189971,0.839298,0.410956
0.659326,0.599112,0.267227,0.446715,0.901768,0.567747,0.344006,0.590147
0.793475,0.747367,0.422828,0.271154,0.720822,0.282455,0.677771,0.904790
0.887015,0.845284,0.314215,0.784487,0.300004,0.160524,0.843632,0.823450
0.824644,0.751811,0.376322,0.327941,0.692331,0.294909,0.570760,0.873731
0.737167,0.813160,0.393037,0.146290,0.668959,0.214218,0.745019,0.844197
0.734431,0.785577,0.190540,0.907509,0.288864,0.219594,0.801994,0.785988
0.381046,0.397149,0.428942,0.507018,0.412009,0.575522,0.672382,0.581830
0.310024,0.579329,0.652875,0.339976,0.612387,0.599999,0.584864,0.319528
0.715600,0.869416,0.359823,0.476382,0.760810,0.199039,0.668112,0.757647
0.848673,0.812440,0.240739,0.890810,0.284603,0.219541,0.736973,0.786173
0.152725,0.555499,0.740570,0.239742,0.615740,0.643424,0.839074,0.238209
0.176548,0.651446,0.397961,0.879152,0.614407,0.141713,0.720770,0.661249
0.844870,0.847412,0.138739,0.772456,0.314172,0.341985,0.782605,0.826444
0.268394,0.279902,0.507415,0.571589,0.411769,0.454185,0.768781,0.547034
0.179507,0.465673,0.652297,0.333881,0.631611,0.750427,0.475189,0.325488
0.838726,0.864423,0.360517,0.827121,0.255525,0.158794,0.700621,0.812662
0.295689,0.309715,0.316589,0.483323,0.296736,0.342675,0.657666,0.658828
0.384049,0.183853,0.446350,0.544839,0.470693,0.500083,0.711959,0.539461
0.618303,0.490608,0.230022,0.582173,0.729967,0.487950,0.311776,0.789673
0.711815,0.318564,0.261950,0.651960,0.551421,0.739703,0.863698,0.481345
0.735453,0.374697,0.484627,0.298211,0.649944,0.286331,0.707056,0.679785
0.325975,0.293937,0.500318,0.583038,0.309592,0.431040,0.762702,0.576522
0.842708,0.275830,0.701859,0.442163,0.663338,0.342325,0.724117,0.432358
0.594691,0.406292,0.228680,0.476993,0.597347,0.506180,0.285532,0.768502
0.339094,0.131813,0.531155,0.618115,0.396539,0.519699,0.699182,0.468388
0.708744,0.767741,0.327175,0.781380,0.286726,0.201590,0.797962,0.865796
0.638117,0.560772,0.198214,0.519695,0.679679,0.496351,0.278089,0.735268
0.808907,0.764200,0.406003,0.230641,0.718819,0.237397,0.633969,0.718216
0.728753,0.787323,0.308338,0.189900,0.813320,0.279401,0.694657,0.809964
0.640595,0.553148,0.219135,0.382130,0.753303,0.584234,0.344946,0.715090
0.636776,0.513956,0.314248,0.451901,0.802779,0.514346,0.311742,0.682927
0.645550,0.519310,0.355215,0.480238,0.745167,0.569805,0.377265,0.686777
0.825917,0.210778,0.570361,0.366553,0.660545,0.144118,0.768091,0.520582
0.816660,0.831231,0.215378,0.772940,0.451048,0.367124,0.771122,0.743112
0.380310,0.310290,0.426987,0.491978,0.359472,0.410628,0.753219,0.441866
0.754005,0.341077,0.289464,0.625018,0.577781,0.787487,0.894633,0.234647
0.693625,0.592712,0.204620,0.407916,0.671876,0.583637,0.143613,0.852990
0.218918,0.599454,0.773711,0.315444,0.680857,0.726364,0.670420,0.232921
0.604647,0.360623,0.221152,0.511283,0.568707,0.735087,0.805670,0.275448
0.248292,0.469612,0.671113,0.156683,0.662756,0.579757,0.632088,0.154319
0.939803,0.293070,0.630152,0.452483,0.739396,0.221885,0.681720,0.544350
0.741977,0.287053,0.550791,0.185682,0.706985,0.376693,0.830106,0.436667
0.359012,0.132391,0.443205,0.452275,0.459454,0.415150,0.637537,0.531226
0.827619,0.287150,0.517799,0.339153,0.707671,0.318279,0.714682,0.574573
0.509440,0.303885,0.438156,0.458354,0.197860,0.359313,0.748893,0.603473
0.728353,0.774475,0.255812,0.774858,0.392265,0.092563,0.932879,0.845226
0.741698,0.291120,0.664217,0.342013,0.571829,0.306641,0.919100,0.543310
0.728390,0.563626,0.218117,0.520449,0.748256,0.515675,0.263718,0.808841
0.637926,0.560721,0.180976,0.420648,0.686556,0.595293,0.166699,0.734999
0.716330,0.252803,0.368740,0.583005,0.517088,0.906546,0.819079,0.411639
0.439003,0.355164,0.563215,0.582980,0.401133,0.500111,0.699316,0.655972
0.716612,0.878596,0.432170,0.356311,0.756372,0.343655,0.567355,0.801846
0.703723,0.505653,0.221726,0.416102,0.698684,0.556028,0.292289,0.745422
0.648209,0.206007,0.443344,0.386173,0.625530,0.079118,0.846560,0.500157
0.733208,0.821153,0.461408,0.118202,0.679299,0.239405,0.769502,0.785260
0.954154,0.217393,0.580714,0.328154,0.701275,0.338606,0.727141,0.453895
0.857202,0.893682,0.236954,0.878651,0.315255,0.079658,0.829893,0.824812
0.195241,0.311791,0.847026,0.292516,0.586655,0.624086,0.646114,0.178249
0.145872,0.643426,0.221177,0.824382,0.598640,0.198847,0.596156,0.598988
0.408254,0.333387,0.520982,0.499474,0.401372,0.481939,0.740950,0.526291
0.301239,0.259901,0.320712,0.628739,0.338633,0.380079,0.708280,0.651966
0.153727,0.461407,0.692419,0.379648,0.594225,0.714718,0.666107,0.232562
0.790556,0.249775,0.289972,0.743037,0.568848,0.830802,0.855723,0.180067
0.705036,0.398259,0.232967,0.586161,0.600958,0.689060,0.950776,0.354155
0.757494,0.558753,0.317151,0.562083,0.698369,0.597114,0.270129,0.821963
0.142680,0.638622,0.275922,0.787145,0.654615,0.155346,0.626275,0.577528
0.181822,0.472620,0.680153,0.350485,0.685973,0.709513,0.617134,0.321136
0.265362,0.626528,0.399563,0.854970,0.580294,0.099669,0.672337,0.660488
0.245531,0.660156,0.358664,0.932064,0.614277,0.168391,0.572412,0.554777
0.942877,0.258380,0.663833,0.296635,0.735825,0.159076,0.675495,0.422131
0.163192,0.688851,0.290719,0.879453,0.579656,0.129157,0.562860,0.661799
0.274335,0.678820,0.353202,0.887597,0.658680,0.239177,0.611027,0.683152
0.738577,0.835935,0.287852,0.841442,0.405275,0.146061,0.862413,0.859730
0.741593,0.568979,0.248894,0.475989,0.702860,0.475869,0.247057,0.790804
0.116756,0.586741,0.725980,0.281402,0.731591,0.707659,0.588527,0.269370
0.706555,0.828985,0.387436,0.393083,0.617902,0.203648,0.734247,0.747868
0.323308,0.306983,0.334581,0.468764,0.448020,0.539371,0.682882,0.618600
0.620587,0.513458,0.297621,0.273911,0.630842,0.474101,0.325829,0.749347
0.184875,0.762818,0.398162,0.844383,0.430124,0.197718,0.626393,0.624342
0.824174,0.249391,0.357405,0.700894,0.609562,0.769081,0.909377,0.318370
0.839157,0.740558,0.311400,0.876652,0.355731,0.202676,0.799392,0.826059
0.363249,0.277979,0.338058,0.418234,0.386127,0.375200,0.739428,0.593728
0.643647,0.455607,0.214751,0.310654,0.682934,0.434289,0.293350,0.736858
0.787370,0.186114,0.558937,0.397869,0.638604,0.191578,0.858582,0.509500
0.865355,0.859935,0.237137,0.823814,0.285812,0.257973,0.789803,0.750736
0.876372,0.344390,0.214651,0.691634,0.469049,0.702977,0.719261,0.442529
0.720395,0.854280,0.454943,0.157136,0.587169,0.254110,0.708742,0.736581
0.827694,0.300875,0.394775,0.475227,0.515372,0.765703,0.787160,0.314158
0.259441,0.308272,0.454988,0.481641,0.352637,0.429267,0.766268,0.568680
0.676443,0.315560,0.231055,0.546497,0.440580,0.876158,0.866136,0.394284
0.759771,0.317606,0.251926,0.596827,0.609826,0.720137,0.878259,0.445066
0.766254,0.842560,0.367897,0.236341,0.645761,0.231803,0.658378,0.974918
0.670393,0.901413,0.443325,0.118575,0.666263,0.272684,0.660760,0.799674
0.732764,0.739675,0.497764,0.354327,0.584181,0.289121,0.561704,0.862690
0.664403,0.595283,0.227426,0.399145,0.776737,0.594951,0.201841,0.653711
0.741584,0.692160,0.246827,0.409911,0.696747,0.457482,0.298130,0.754246
0.354865,0.188209,0.368528,0.440044,0.404014,0.414928,0.668328,0.599128
0.782029,0.959209,0.422025,0.334759,0.668871,0.215776,0.578103,0.739865
0.871194,0.380192,0.633002,0.433639,0.615849,0.219794,0.737665,0.621936
0.084903,0.531151,0.407317,0.836102,0.569054,0.262932,0.637740,0.597612
0.775211,0.262302,0.599722,0.465904,0.698553,0.339192,0.762516,0.501415
0.756250,0.917173,0.438403,0.920276,0.279257,0.317883,0.806855,0.684963
0.273530,0.627484,0.315048,0.791032,0.578533,0.160793,0.703532,0.629820
0.792838,0.859744,0.406147,0.819557,0.383306,0.093399,0.829737,0.837158
0.770076,0.584755,0.176086,0.441321,0.743245,0.509779,0.406815,0.806754
0.287348,0.466862,0.684967,0.341831,0.645305,0.690023,0.558972,0.337242
0.632763,0.528548,0.161233,0.530901,0.760729,0.650643,0.408004,0.666898
0.217728,0.492165,0.745802,0.166342,0.642841,0.660976,0.716676,0.193585
0.724429,0.845226,0.386504,0.192017,0.692186,0.261366,0.621878,0.859690
0.396925,0.347170,0.448657,0.437267,0.478114,0.501530,0.688325,0.539079
0.672608,0.855407,0.322395,0.293028,0.734387,0.278903,0.562061,0.923852
0.605682,0.371186,0.140866,0.530257,0.547232,0.832715,0.751545,0.266983
0.560421,0.639311,0.382377,0.405460,0.567915,0.489382,0.313185,0.787567
0.253990,0.497750,0.766450,0.267288,0.705420,0.733473,0.681038,0.343987
0.690147,0.517837,0.288519,0.495348,0.736338,0.493944,0.315755,0.763173
0.649917,0.557930,0.343727,0.510241,0.753930,0.474894,0.301853,0.805535
0.717454,0.760377,0.312380,0.209267,0.627803,0.271161,0.603635,0.805074
0.906371,0.859983,0.375911,0.886139,0.323597,0.245617,0.812987,0.753996
0.166089,0.617759,0.166922,0.852698,0.503749,0.276187,0.770734,0.647516
0.725203,0.436895,0.272619,0.592863,0.630071,0.771291,0.872051,0.337289
0.740242,0.801613,0.279490,0.781735,0.338555,0.180602,0.975153,0.860705
0.412838,0.276505,0.465856,0.498177,0.322171,0.581762,0.831721,0.610770
0.675581,0.564190,0.251531,0.551220,0.615428,0.475733,0.314464,0.826605
0.748485,0.971324,0.429037,0.219574,0.627885,0.301582,0.672415,0.753715
0.037023,0.638468,0.342158,0.730799,0.469504,0.184351,0.510924,0.580792
0.279849,0.553602,0.456391,0.906645,0.663844,0.152133,0.748967,0.538433
0.357453,0.547790,0.680520,0.276913,0.854105,0.752837,0.641160,0.302367
0.660622,0.222818,0.186487,0.691105,0.642948,0.753800,0.799212,0.392379
0.730363,0.883213,0.360764,0.258510,0.697644,0.167760,0.692278,0.899130
0.241629,0.632142,0.280512,0.869314,0.500139,0.295539,0.592395,0.569007
0.298613,0.509686,0.735830,0.227092,0.638490,0.660012,0.581052,0.174157
0.939491,0.804137,0.340055,0.719706,0.376602,0.261800,0.820094,0.703829
0.802942,0.382761,0.143299,0.660238,0.523941,0.757380,0.761203,0.417979
0.842189,0.257905,0.576935,0.469085,0.723400,0.254094,0.848686,0.451678
0.767645,0.373666,0.321744,0.464278,0.535415,0.662046,0.832729,0.478549
0.716555,0.834819,0.359381,0.310859,0.761156,0.305943,0.601983,0.733329
0.235115,0.700307,0.290583,0.840897,0.565841,0.253930,0.683230,0.484200
0.771308,0.405073,0.341436,0.691392,0.600869,0.780685,0.838764,0.383377
0.209734,0.480918,0.782047,0.207487,0.692386,0.612648,0.589505,0.251797
0.232844,0.403496,0.773824,0.179674,0.674378,0.713796,0.566382,0.298898
0.420206,0.331817,0.463424,0.546036,0.298587,0.519048,0.672737,0.518868
0.116858,0.603936,0.237965,0.959503,0.522276,0.152935,0.520122,0.628114
0.761479,0.321993,0.139190,0.726324,0.562057,0.842457,0.920632,0.428596
0.367884,0.302831,0.531322,0.414735,0.415484,0.427492,0.751690,0.683163
0.203805,0.556316,0.712285,0.200727,0.710904,0.709635,0.553217,0.307936
0.329923,0.187741,0.506373,0.490918,0.468292,0.440275,0.673954,0.544130
0.721005,0.736345,0.489114,0.217225,0.642588,0.312472,0.638823,0.779853
0.632828,0.512701,0.311202,0.397650,0.729827,0.531559,0.081734,0.765282
0.781585,0.872949,0.386096,0.763193,0.413312,0.223468,0.760017,0.738740
0.229378,0.520029,0.333196,0.774773,0.477776,0.293980,0.597743,0.704263
0.682133,0.542184,0.198255,0.566928,0.659738,0.450818,0.365108,0.670404
0.749878,0.192731,0.527781,0.352937,0.606449,0.174959,0.768224,0.479017
0.833350,0.852502,0.268378,0.863464,0.190473,0.331011,0.740415,0.787575
0.731463,0.871081,0.501719,0.151249,0.680466,0.237794,0.641562,0.739396
0.767408,0.419824,0.157859,0.689715,0.532122,0.848187,0.810070,0.228268
0.761975,0.295418,0.628270,0.374794,0.756645,0.164642,0.859753,0.428167
0.166677,0.449199,0.784994,0.272065,0.758380,0.638841,0.678668,0.166469
0.599267,0.332911,0.599336,0.308851,0.717812,0.217831,0.804396,0.480477
0.611486,0.310562,0.109919,0.545528,0.483920,0.833065,0.873751,0.274012
0.171617,0.629104,0.364121,0.773112,0.614591,0.130329,0.586281,0.609036
0.857142,0.207401,0.171007,0.683225,0.321444,0.736388,0.979640,0.373007
0.370159,0.278661,0.418667,0.590087,0.474433,0.409033,0.742006,0.613195
0.655422,0.254033,0.556156,0.345548,0.651568,0.170097,0.763880,0.444351
0.197730,0.541950,0.811391,0.243635,0.611871,0.657386,0.524750,0.228696
0.806161,0.446401,0.176975,0.685791,0.483202,0.769921,0.798802,0.330818
0.760551,0.269065,0.618196,0.445655,0.645196,0.213607,0.770928,0.437812
0.771411,0.219683,0.814734,0.389490,0.677299,0.228817,0.837804,0.544939
0.180163,0.482090,0.742287,0.328073,0.720966,0.707645,0.470164,0.289852
0.106987,0.465525,0.717369,0.240747,0.636805,0.721911,0.760031,0.203412
0.259923,0.545061,0.296434,0.844633,0.525229,0.286338,0.637929,0.707276
0.837208,0.772512,0.333303,0.819141,0.312541,0.145434,0.812376,0.829477
0.794989,0.824965,0.323772,0.254753,0.673204,0.214104,0.673555,0.806102
0.240868,0.666710,0.393839,0.833832,0.774595,0.225743,0.568348,0.457664
0.208388,0.688541,0.373397,0.878003,0.594524,0.136277,0.619443,0.672968
0.087052,0.632711,0.393628,0.901510,0.461772,0.130737,0.489002,0.612767
0.777934,0.848056,0.226991,0.890548,0.324910,0.101798,0.710964,0.818357
0.806590,0.825991,0.452020,0.162193,0.711528,0.241130,0.691932,0.817641
0.430781,0.250825,0.401339,0.519332,0.269380,0.325292,0.755274,0.514179
0.774998,0.356760,0.278225,0.659197,0.512365,0.767986,0.863980,0.299290
0.124749,0.555877,0.335682,0.944934,0.506027,0.000183,0.710304,0.612893
0.700735,0.392827,0.218471,0.494874,0.549666,0.725538,0.883146,0.388288
0.737773,0.349154,0.600067,0.285125,0.783281,0.359337,0.822548,0.590945
0.348743,0.198293,0.437994,0.515493,0.428484,0.492809,0.765644,0.597423
0.149236,0.704513,0.351285,0.895822,0.572164,0.263571,0.690931,0.515252
0.641738,0.341990,0.613665,0.399776,0.633417,0.157895,0.736040,0.587798
0.109160,0.575263,0.323614,0.814910,0.568906,0.317860,0.778037,0.626422
0.233561,0.594828,0.735191,0.257873,0.812342,0.660262,0.806688,0.189213
0.689271,0.452686,0.172523,0.626684,0.623103,0.826370,0.820108,0.403048
0.343637,0.241022,0.461796,0.419409,0.382999,0.367217,0.676790,0.565117
0.791131,0.758614,0.410725,0.271021,0.759381,0.192478,0.712576,0.772321
0.836602,0.208071,0.669921,0.419265,0.692209,0.256799,0.782986,0.457082
0.256529,0.723034,0.288272,0.857775,0.513319,0.258293,0.575642,0.586840
0.784431,0.954246,0.513299,0.209869,0.587803,0.259662,0.624459,0.749698
0.865348,0.557399,0.216985,0.417557,0.740738,0.446319,0.214212,0.799741
0.706224,0.590340,0.084748,0.459323,0.751488,0.463551,0.250071,0.743818
0.648261,0.585517,0.372134,0.383140,0.759474,0.551323,0.353260,0.672612
0.877911,0.853080,0.217741,0.836468,0.211257,0.316102,0.806780,0.752380
0.211978,0.335000,0.397645,0.457397,0.293298,0.461564,0.789123,0.620273
0.756471,0.781776,0.294616,0.769815,0.254999,0.204252,0.719574,0.706345
0.784872,0.329788,0.604865,0.402528,0.672243,0.243782,0.838361,0.521357
0.714795,0.564488,0.172328,0.473306,0.692841,0.487837,0.338141,0.820350
0.712760,0.834390,0.470249,0.317154,0.638354,0.220982,0.604708,0.878771
0.808587,0.896312,0.328306,0.821843,0.384572,0.109488,0.719521,0.847574
0.956967,0.685239,0.290412,0.880736,0.321756,0.304302,0.851451,0.792093
0.702512,0.361681,0.123620,0.689407,0.425581,0.787290,0.908249,0.313794
0.832475,0.809695,0.161686,0.864743,0.368972,0.200263,0.919530,0.891481
0.335882,0.379774,0.415370,0.579566,0.242256,0.369158,0.648670,0.606264
0.298478,0.450120,0.795005,0.294412,0.750686,0.586362,0.490501,0.193345
0.637142,0.301078,0.239850,0.637667,0.442198,0.762336,0.816322,0.417526
0.276012,0.604211,0.367301,0.829295,0.437730,0.052684,0.721314,0.613147
0.639460,0.579349,0.264524,0.402984,0.692398,0.635391,0.261604,0.772962
0.600539,0.499604,0.246871,0.415389,0.569136,0.596455,0.348796,0.765915
0.165957,0.566497,0.364709,0.855054,0.554124,0.198578,0.671714,0.707686
0.755406,0.935200,0.224374,0.792799,0.416220,0.266006,0.811622,0.840649
0.376067,0.218115,0.371064,0.466156,0.437422,0.430918,0.773704,0.548695
0.352146,0.388378,0.551297,0.517336,0.282325,0.381247,0.707713,0.465364
0.788169,0.802417,0.373437,0.856592,0.244092,0.311913,0.917876,0.854510
0.586876,0.633373,0.250990,0.389905,0.779298,0.463577,0.377982,0.716094
0.760955,0.241900,0.197699,0.547383,0.522411,0.650291,0.693096,0.229696
0.138215,0.650527,0.249914,0.727736,0.592246,0.302243,0.680179,0.700206
0.259879,0.298031,0.399802,0.473651,0.453525,0.418544,0.774689,0.629196
0.709392,0.904208,0.346194,0.265238,0.519390,0.368688,0.563297,0.804593
0.301823,0.572864,0.269488,0.959141,0.543798,0.270223,0.613641,0.530132
0.810448,0.402166,0.344876,0.605098,0.366366,0.836994,0.989790,0.316172
0.778986,0.993037,0.247590,0.883777,0.337345,0.291204,0.899478,0.773967
0.379371,0.644923,0.381791,0.872509,0.447977,0.221521,0.608707,0.570827
0.809270,0.844598,0.241072,0.823221,0.330580,0.203409,0.835573,0.770268
0.263099,0.336667,0.760827,0.291823,0.796727,0.725840,0.541245,0.228364
0.764496,0.309172,0.578105,0.360462,0.771235,0.148712,0.800005,0.605288
0.646439,0.559365,0.263938,0.360043,0.756183,0.424096,0.212600,0.757637
0.674954,0.296836,0.188803,0.676427,0.502647,0.826540,0.871720,0.356217
0.414355,0.209711,0.404029,0.553413,0.386927,0.461556,0.678984,0.579988
0.164509,0.774054,0.340063,0.743114,0.568270,0.269416,0.716205,0.562027
0.843020,0.867413,0.448794,0.267079,0.606780,0.313219,0.676484,0.835810
0.885770,0.747569,0.262756,0.902503,0.343366,0.243392,0.842800,0.754452
0.699706,0.850655,0.385066,0.253505,0.766338,0.172312,0.512155,0.826286
0.742027,0.889351,0.458128,0.362363,0.659920,0.450763,0.674667,0.746281
0.365085,0.315277,0.336338,0.485231,0.385909,0.306516,0.762664,0.436683
0.165241,0.686321,0.282824,0.796977,0.591117,0.113316,0.601776,0.620416
0.131285,0.324016,0.655497,0.367725,0.805342,0.640653,0.578376,0.197857
0.571232,0.855532,0.353597,0.150050,0.731228,0.192171,0.706182,0.846792
0.843052,0.274611,0.379530,0.247465,0.690940,0.238539,0.767129,0.507849
0.821204,0.173488,0.569386,0.313886,0.628827,0.106613,0.776044,0.546557
0.330732,0.192934,0.449022,0.557667,0.311169,0.491236,0.829606,0.479277
0.716025,0.188838,0.549235,0.315555,0.616356,0.203801,0.719472,0.471628
0.397193,0.348149,0.530587,0.380575,0.291419,0.384191,0.794643,0.556565
0.610078,0.633985,0.309316,0.437885,0.560467,0.529257,0.341422,0.685646
0.817722,0.264619,0.186836,0.485563,0.520814,0.708379,0.830006,0.289075
0.733681,0.855693,0.502701,0.167422,0.737376,0.231134,0.671676,0.822833
0.245001,0.485353,0.791977,0.136615,0.678698,0.582827,0.410749,0.242819
0.778084,0.196585,0.229466,0.609056,0.559686,0.884141,0.920298,0.320220
0.235420,0.405237,0.858675,0.275224,0.523164,0.796801,0.576896,0.345095
0.344284,0.234772,0.427341,0.535905,0.434511,0.402102,0.667901,0.620447
0.251071,0.262639,0.417717,0.685539,0.411078,0.419390,0.668627,0.415326
0.745322,0.414270,0.205910,0.372601,0.765740,0.485709,0.352274,0.754482
0.753549,0.381745,0.539578,0.481616,0.625379,0.330127,0.875283,0.501308
0.293088,0.318078,0.440900,0.464379,0.434288,0.402274,0.810346,0.538357
0.041402,0.599464,0.366682,0.842892,0.401580,0.133387,0.648568,0.608910
0.219364,0.634951,0.370608,0.815049,0.505820,0.364239,0.710662,0.567180
0.841647,0.229762,0.345451,0.574825,0.447863,0.748513,0.836617,0.283788
0.360551,0.333857,0.364203,0.463623,0.413322,0.397604,0.719665,0.334020
0.804171,0.222949,0.623619,0.446063,0.724757,0.259127,0.875698,0.532565
0.203193,0.422849,0.746482,0.375778,0.669565,0.577221,0.588424,0.304012
0.637364,0.612843,0.231828,0.504264,0.616973,0.531921,0.316809,0.662402
0.173026,0.506680,0.692441,0.350008,0.628590,0.764820,0.559055,0.186893
0.755006,0.639562,0.189029,0.467102,0.598152,0.463619,0.401276,0.737965
0.134146,0.458329,0.730597,0.258227,0.870749,0.690657,0.588012,0.276373
0.295444,0.251756,0.431010,0.476384,0.425738,0.443363,0.710266,0.496506
0.817293,0.811184,0.272841,0.880630,0.434147,0.303614,0.748625,0.743541
0.223852,0.534368,0.398914,0.927477,0.572916,0.353932,0.723225,0.722271
0.134461,0.646404,0.338735,0.870228,0.444828,0.221910,0.584697,0.655918
0.457632,0.286757,0.415532,0.514424,0.304430,0.535443,0.687800,0.533581
0.241100,0.436289,0.677003,0.176953,0.609175,0.722211,0.460429,0.418394
0.799136,0.875974,0.311870,0.166908,0.717766,0.253704,0.620424,0.892305
0.847325,0.270277,0.554642,0.350028,0.778269,0.271210,0.755203,0.554020
0.719799,0.501047,0.159695,0.404162,0.631143,0.660822,0.301708,0.844228
0.127410,0.415585,0.700667,0.328983,0.588663,0.549883,0.595579,0.266860
0.754983,0.249904,0.174169,0.687543,0.501242,0.744835,0.949290,0.234048
0.338676,0.353529,0.515755,0.681099,0.454998,0.478203,0.640978,0.613232
0.157492,0.415242,0.716799,0.338518,0.720274,0.730562,0.612929,0.339151
0.739857,0.771988,0.285277,0.148288,0.766266,0.247862,0.623250,0.743425
0.363965,0.225682,0.388649,0.419857,0.457861,0.365718,0.794215,0.383431
0.659424,0.499038,0.207329,0.427160,0.776008,0.450531,0.371013,0.725535
0.209963,0.562014,0.757751,0.288125,0.764200,0.720724,0.678446,0.131333
0.117275,0.475320,0.716965,0.287244,0.776867,0.643728,0.559307,0.181834
0.705610,0.912804,0.330297,0.815681,0.334881,0.106900,0.931812,0.754059
0.843364,0.327852,0.184441,0.574489,0.537430,0.813112,0.813860,0.429339
0.817941,0.361025,0.243161,0.782825,0.545392,0.636185,0.785231,0.247043
0.748723,0.820190,0.405456,0.334239,0.695312,0.234432,0.689318,0.745719
0.657213,0.649748,0.264291,0.442887,0.789389,0.512040,0.368617,0.761576
0.242201,0.613284,0.329368,0.873568,0.450078,0.148715,0.725788,0.709870
0.731181,0.281235,0.285722,0.651257,0.459805,0.676340,0.693287,0.366993
0.399279,0.289644,0.373144,0.503762,0.349298,0.432306,0.751153,0.518588
0.708932,0.652247,0.283147,0.338308,0.760029,0.503051,0.357215,0.616431
0.665465,0.832308,0.314172,0.184153,0.726784,0.165934,0.647582,0.827446
0.861482,0.287150,0.705240,0.373253,0.715504,0.212689,0.785521,0.438752
0.266241,0.691279,0.391912,0.807926,0.558729,0.251112,0.723380,0.444120
0.783581,0.815346,0.413811,0.384060,0.698786,0.217354,0.593865,0.799740
0.793871,0.835611,0.288246,0.831254,0.268067,0.153025,0.772186,0.720040
0.645854,0.539609,0.131936,0.448116,0.687882,0.560110,0.190663,0.755660
0.660322,0.547055,0.223662,0.429197,0.640253,0.420408,0.311470,0.768957
0.816063,0.199171,0.642752,0.296348,0.739408,0.303418,0.706676,0.633779
0.795269,0.323356,0.218137,0.565139,0.655280,0.817397,0.956222,0.256912
0.604940,0.423789,0.293865,0.578576,0.510453,0.798085,0.871172,0.337045
0.217394,0.589198,0.387338,0.868976,0.623971,0.257484,0.674679,0.627536
0.746396,0.164957,0.622165,0.292011,0.611183,0.268444,0.809079,0.486559
0.720571,0.867065,0.435123,0.204329,0.684984,0.201127,0.684631,0.919551
0.708308,0.871770,0.523226,0.305760,0.711668,0.187910,0.598868,0.955832
0.236855,0.524964,0.749759,0.211042,0.784084,0.787114,0.636232,0.312218
0.827242,0.346425,0.526332,0.324597,0.663131,0.381093,0.720072,0.438518
0.812210,0.369965,0.554939,0.292052,0.655685,0.240354,0.818358,0.491539
0.767946,0.902782,0.486591,0.314819,0.755247,0.369456,0.627196,0.726328
0.716617,0.783264,0.386409,0.327452,0.786753,0.196522,0.627359,0.825742
0.139165,0.558504,0.765343,0.283556,0.767613,0.739669,0.591771,0.261545
0.817218,0.231496,0.554468,0.369626,0.784278,0.248461,0.953071,0.568008
0.638424,0.821052,0.426934,0.304322,0.725960,0.209550,0.520042,0.807493
0.212496,0.722626,0.379573,0.806822,0.507456,0.171355,0.640689,0.525534
0.329403,0.373208,0.657742,0.086714,0.697493,0.641907,0.623527,0.286180
0.096854,0.603320,0.249893,0.832549,0.530197,0.213881,0.669016,0.467315
0.222880,0.660596,0.412910,0.898597,0.601220,0.089101,0.658386,0.715504
0.748896,0.300548,0.269815,0.587906,0.592191,0.570563,0.884597,0.432456
0.225199,0.556327,0.216870,0.820871,0.588917,0.212542,0.646024,0.604168
0.816984,0.338035,0.471895,0.344100,0.683372,0.246739,0.768563,0.509171
0.720898,0.356670,0.583459,0.286188,0.699208,0.280826,0.763841,0.450972
0.744205,0.384924,0.347729,0.678366,0.565586,0.755072,0.832844,0.324574
0.737053,0.794951,0.262980,0.289963,0.653947,0.317303,0.608151,0.875560
0.815561,0.768316,0.143712,0.905704,0.325880,0.261147,0.807174,0.774581
0.130750,0.579543,0.358943,0.854974,0.616941,0.259579,0.631838,0.601281
0.740444,0.946016,0.449859,0.243840,0.686407,0.381859,0.600606,0.870491
0.583798,0.553756,0.320335,0.371584,0.602075,0.525247,0.268961,0.701567
0.721182,0.914698,0.295216,0.249014,0.713490,0.189774,0.711344,0.852969
0.265341,0.559099,0.724104,0.354019,0.602485,0.702723,0.738219,0.242090
0.160293,0.396050,0.776720,0.381936,0.726639,0.713386,0.532279,0.247293
0.788631,0.383695,0.258663,0.647619,0.565597,0.783116,0.924629,0.413005
0.761417,0.269791,0.356443,0.531605,0.663931,0.829483,0.814528,0.421546
0.663459,0.527552,0.188269,0.388414,0.663630,0.463899,0.302465,0.749142
0.711500,0.654712,0.231571,0.411335,0.645516,0.514390,0.156353,0.615723
0.558532,0.578415,0.369891,0.453075,0.736364,0.587648,0.096827,0.776898
0.340177,0.554527,0.391692,0.782522,0.492860,0.250499,0.667866,0.623673
0.341582,0.247160,0.466633,0.600467,0.350707,0.466931,0.837521,0.455146
0.805619,0.874517,0.191803,0.759617,0.469914,0.263659,0.816845,0.687958
0.808692,0.055497,0.598504,0.456747,0.649729,0.269382,0.745267,0.510339
0.062049,0.666525,0.295437,0.938332,0.527256,0.223857,0.578224,0.480864
0.633483,0.724276,0.327827,0.233645,0.813046,0.260427,0.586624,0.722544
0.743684,0.796128,0.357741,0.276820,0.684165,0.162472,0.683407,0.854853
0.727065,0.582469,0.227132,0.519605,0.632397,0.505088,0.272377,0.768995
0.804617,0.536315,0.270261,0.460174,0.780173,0.544566,0.131661,0.763244
0.263534,0.453680,0.730949,0.179625,0.679734,0.565143,0.614892,0.142868
0.174761,0.591263,0.299757,0.878709,0.519786,0.264816,0.530169,0.570655
0.799972,0.807597,0.284024,0.792419,0.359618,0.211520,0.834122,0.837683
0.893267,0.898923,0.319761,0.888861,0.370062,0.126184,0.757491,0.839556
0.304415,0.327736,0.540635,0.635129,0.418707,0.392367,0.817116,0.574225
0.660910,0.548461,0.285542,0.472063,0.638547,0.384695,0.383824,0.802127
0.725342,0.474001,0.493655,0.378601,0.753465,0.361051,0.811421,0.427496
0.113606,0.476125,0.782822,0.300324,0.739437,0.626314,0.609687,0.285043
0.393516,0.210867,0.457380,0.482830,0.435226,0.445012,0.686684,0.576798
0.832553,0.284301,0.554061,0.465139,0.886921,0.378882,0.716370,0.427659
0.739510,0.245814,0.202052,0.434178,0.594829,0.692963,0.876677,0.399085
0.282039,0.522634,0.261063,0.978514,0.476966,0.252395,0.492438,0.543730
0.869848,0.930613,0.281812,0.771075,0.344935,0.211287,0.927389,0.960376
0.869724,0.714267,0.214034,0.878925,0.323041,0.126580,0.830824,0.819329
0.857082,0.330723,0.269427,0.595889,0.439350,0.785302,0.882069,0.234122
0.359565,0.253325,0.492032,0.600275,0.338895,0.488600,0.626402,0.551395
0.632442,0.590004,0.310010,0.385693,0.618377,0.481284,0.310894,0.714431
0.389219,0.251713,0.410134,0.464464,0.364660,0.481519,0.724381,0.509014
0.701448,0.818169,0.352162,0.247404,0.644609,0.266930,0.701366,0.794659
0.182768,0.526962,0.789791,0.082564,0.654957,0.698772,0.515318,0.294979
0.731907,0.172531,0.574643,0.477134,0.709090,0.253633,0.837120,0.532229
0.892894,0.858021,0.335771,0.693585,0.232472,0.249110,0.774020,0.725124
0.122989,0.627890,0.226862,0.759436,0.430920,0.087663,0.810055,0.620717
0.845519,0.912884,0.362378,0.718268,0.251416,0.137661,0.776374,0.716277
0.296980,0.459904,0.354251,0.732715,0.713984,0.153545,0.681374,0.654552
0.875999,0.857995,0.186462,0.799767,0.231574,0.269433,0.950798,0.877813
0.953922,0.313521,0.632888,0.353409,0.687014,0.326230,0.822858,0.522619
0.516002,0.653117,0.265772,0.430263,0.723051,0.472938,0.251198,0.820796
0.955557,0.796944,0.262705,0.891961,0.392799,0.242312,0.750508,0.766699
0.775614,0.315390,0.557290,0.330065,0.696314,0.330457,0.723449,0.525508
0.329998,0.294162,0.474834,0.520996,0.498390,0.411790,0.765899,0.533019
0.877113,0.645493,0.273367,0.732111,0.390010,0.199657,0.739050,0.762799
0.744408,0.414695,0.356367,0.602223,0.613962,0.635747,0.968422,0.506351
0.572043,0.797794,0.429042,0.238612,0.665914,0.281283,0.643303,0.905397
0.308656,0.499943,0.766180,0.288506,0.788495,0.699392,0.600571,0.249828
0.876698,0.903085,0.308432,0.856589,0.202635,0.214284,0.710020,0.839654
0.717615,0.677107,0.297827,0.362402,0.738229,0.535448,0.287326,0.715881
0.154944,0.719188,0.297717,0.868298,0.578460,0.151688,0.600232,0.635361
0.727195,0.561333,0.352488,0.382155,0.727165,0.384306,0.360714,0.746033
0.766482,0.823128,0.402290,0.281299,0.792890,0.281809,0.705802,0.847076
0.078404,0.403378,0.768572,0.360573,0.633956,0.713367,0.538591,0.225787
0.420563,0.146593,0.540113,0.554952,0.428956,0.557751,0.697888,0.555496
0.454599,0.238838,0.425290,0.555114,0.368697,0.412820,0.779727,0.476427
0.707712,0.263928,0.236080,0.603113,0.530124,0.772590,0.880028,0.401293
0.422187,0.324139,0.484718,0.576759,0.424625,0.430124,0.741650,0.522590
0.205971,0.658800,0.308412,0.737652,0.572110,0.172422,0.639741,0.611139
0.314077,0.312748,0.486632,0.465437,0.352917,0.486042,0.737358,0.519557
0.226400,0.439213,0.786318,0.400462,0.755251,0.833713,0.552874,0.382201
0.674211,0.375866,0.306984,0.677112,0.510413,0.798074,0.981567,0.365345
0.632591,0.590737,0.221966,0.392783,0.784042,0.600142,0.289749,0.843971
0.149340,0.448492,0.775230,0.244295,0.711797,0.623932,0.655516,0.266186
0.573158,0.644212,0.322870,0.544230,0.700343,0.409464,0.236639,0.747134
0.853462,0.692160,0.249071,0.794107,0.478485,0.064655,0.847310,0.858577
0.734354,0.313402,0.246180,0.636350,0.483184,0.722945,0.910777,0.255473
0.233840,0.622508,0.328991,0.780974,0.542455,0.211950,0.607092,0.553730
0.345742,0.129198,0.488453,0.521702,0.276840,0.479922,0.697084,0.519947
0.193988,0.766677,0.211837,0.900578,0.542962,0.168667,0.657115,0.564988
0.711370,0.249508,0.375074,0.689297,0.409506,0.762020,0.810456,0.330491
0.279861,0.595167,0.335081,0.829524,0.591289,0.177068,0.669058,0.712657
0.676710,0.514753,0.200095,0.574948,0.732618,0.531501,0.339426,0.618022
0.681595,0.524057,0.291446,0.452011,0.678481,0.588320,0.177126,0.845203
0.836110,0.838247,0.297298,0.086499,0.574138,0.393106,0.622192,0.748320
0.348609,0.144700,0.434849,0.703924,0.352694,0.460229,0.784349,0.580977
0.166117,0.497330,0.730346,0.259029,0.709122,0.853727,0.525861,0.285924
0.834962,0.816222,0.239591,0.787368,0.268668,0.249148,0.849603,0.664464
0.333531,0.331827,0.321528,0.553748,0.363400,0.474973,0.637555,0.560761
0.712706,0.737602,0.280982,0.884720,0.333763,0.258675,0.842715,0.755227
0.661861,0.341437,0.251650,0.545518,0.572103,0.758937,0.880161,0.433096
0.706439,0.262538,0.524929,0.323192,0.777148,0.210830,0.714034,0.562012
0.163614,0.569814,0.378324,0.730937,0.647088,0.246558,0.662369,0.498422
0.745552,0.669468,0.394933,0.848605,0.326837,0.142150,0.844707,0.742330
0.451170,0.347667,0.382320,0.529350,0.346994,0.537463,0.725242,0.639901
0.339792,0.356208,0.351241,0.537225,0.422280,0.519971,0.765642,0.538792
0.754272,0.876154,0.369958,0.930356,0.396551,0.129829,0.775026,0.938727
0.440164,0.170892,0.399384,0.461206,0.351966,0.481312,0.800287,0.551788
0.771758,0.329878,0.275030,0.669873,0.511360,0.660522,0.899431,0.402691
0.773925,0.548254,0.271808,0.418472,0.808323,0.518239,0.279290,0.636214
0.853946,0.369177,0.539851,0.422405,0.584003,0.257369,0.707436,0.560233
0.719022,0.792002,0.427988,0.262076,0.671786,0.134544,0.670412,0.843994
0.805760,0.829587,0.553540,0.381189,0.624425,0.306084,0.663980,0.943843
0.753406,0.950125,0.223183,0.224841,0.685355,0.115411,0.578695,0.870185
0.352208,0.240465,0.458531,0.562205,0.257682,0.392011,0.727966,0.622572
0.745610,0.494444,0.248491,0.465668,0.735579,0.568746,0.331675,0.732663
0.699010,0.873870,0.353037,0.705983,0.284372,0.242724,0.797062,0.620919
0.776658,0.297582,0.526988,0.372873,0.677409,0.389749,0.755560,0.462502
0.331665,0.288228,0.367999,0.426521,0.363056,0.502051,0.707393,0.616154
0.833744,0.218814,0.634342,0.435303,0.621989,0.396739,0.757553,0.503222
0.892436,0.365882,0.223340,0.572653,0.405865,0.730026,0.863890,0.287106
0.883723,0.892530,0.315779,0.774555,0.334384,0.138310,0.777839,0.722401
0.155326,0.580715,0.383921,0.661702,0.616378,0.155775,0.715271,0.636245
0.170494,0.629367,0.377910,0.767152,0.575428,0.270240,0.584838,0.724487
0.742859,0.840096,0.391508,0.190821,0.769096,0.360864,0.693394,0.729163
0.200763,0.522448,0.345723,0.682689,0.429387,0.294572,0.643500,0.598094
0.266031,0.720036,0.256467,0.878830,0.522864,0.260323,0.784760,0.555612
0.897797,0.769231,0.240949,0.654702,0.307313,0.212458,0.804236,0.891970
0.500605,0.396573,0.302715,0.527051,0.397535,0.457339,0.773498,0.629235
0.287148,0.530769,0.260463,0.838140,0.638914,0.185750,0.754465,0.561678
0.705526,0.791709,0.387515,0.208641,0.753484,0.209928,0.627896,0.754021
0.645203,0.698887,0.273496,0.535434,0.640648,0.475954,0.440303,0.756444
0.224990,0.387012,0.641963,0.298605,0.743202,0.727439,0.630518,0.266024
0.774020,0.206051,0.240184,0.672582,0.587134,0.679936,0.846307,0.287308
0.399615,0.327934,0.416350,0.524293,0.538558,0.511991,0.776000,0.522642
0.396394,0.337527,0.497397,0.505623,0.344236,0.500049,0.782153,0.416233
0.591508,0.480156,0.220863,0.374830,0.721038,0.471795,0.186828,0.766503
0.939278,0.292326,0.550161,0.394542,0.645568,0.359940,0.874568,0.427701
0.887289,0.759681,0.189016,0.872552,0.406966,0.208257,0.767895,0.736947
0.800015,0.880007,0.260037,0.858288,0.285614,0.184077,0.731703,0.741386
0.653505,0.777825,0.428507,0.308261,0.713573,0.274187,0.636970,0.961370
0.048314,0.498751,0.700452,0.401724,0.690084,0.684334,0.744891,0.256719
0.000000,0.456095,0.679421,0.075377,0.721101,0.773693,0.539952,0.188006
0.674248,0.320213,0.211257,0.622697,0.563391,0.757031,0.857960,0.352144
0.289828,0.483466,0.707409,0.192134,0.549969,0.637411,0.719766,0.193829
0.913138,0.346474,0.574132,0.403906,0.816809,0.251257,0.700408,0.559654
0.200979,0.531636,0.633768,0.321376,0.694065,0.659668,0.634113,0.281310
0.143134,0.735106,0.410292,0.955793,0.594219,0.189962,0.666229,0.604262
0.686996,0.304076,0.281272,0.584493,0.449043,0.849926,0.817960,0.459376
0.659013,0.416799,0.191406,0.680498,0.558941,0.636364,0.890909,0.376250
0.788957,0.731295,0.331026,0.804433,0.339190,0.175384,0.847686,0.863245
0.713227,0.907707,0.548638,0.182174,0.766570,0.241041,0.656845,0.904657
0.285531,0.615180,0.345471,0.829509,0.385718,0.338705,0.614526,0.598377
0.201291,0.548508,0.659816,0.329025,0.620150,0.699723,0.532012,0.295480
0.583194,0.482595,0.257855,0.466167,0.698975,0.497270,0.259868,0.792121
0.874184,0.821164,0.250455,0.757972,0.306345,0.211411,0.666081,0.910731
0.642394,0.593518,0.459597,0.453951,0.703968,0.553193,0.265853,0.741971
0.664820,0.609748,0.372971,0.417102,0.693499,0.389333,0.277600,0.765680
0.757448,0.229131,0.566356,0.488858,0.699458,0.254390,0.821431,0.498202
0.325606,0.269577,0.475853,0.442355,0.426867,0.499065,0.624861,0.599522
0.702277,0.257617,0.524897,0.308341,0.782715,0.205576,0.843973,0.452434
0.408616,0.290863,0.514286,0.515808,0.412239,0.427828,0.673279,0.460932
0.721983,0.456474,0.285255,0.592776,0.561890,0.667889,0.873676,0.400091
0.552702,0.627684,0.281725,0.447224,0.657434,0.502064,0.225711,0.825468
0.386652,0.308034,0.447639,0.553721,0.350796,0.446014,0.581485,0.634298
0.169291,0.567089,0.383729,0.914836,0.551395,0.171134,0.616398,0.638643
0.294388,0.422613,0.765238,0.203336,0.731656,0.756600,0.663174,0.296796
0.746191,0.732410,0.273865,0.787513,0.354526,0.142265,0.862828,0.863816
0.702386,0.803992,0.251052,0.750746,0.221162,0.207685,0.831758,0.715497
0.715341,0.835418,0.404040,0.093887,0.734231,0.260959,0.725889,0.789562
0.786151,0.387351,0.282591,0.492294,0.529422,0.748581,0.894029,0.456146
0.670500,0.173503,0.590644,0.365396,0.677656,0.141309,0.865224,0.454409
0.183761,0.465117,0.738599,0.321616,0.514324,0.666646,0.618447,0.104936
0.696662,0.625290,0.311813,0.490586,0.724670,0.605948,0.284166,0.724809
0.770429,0.920680,0.501140,0.264432,0.612983,0.241012,0.721439,0.833001
0.869137,0.232950,0.744130,0.343433,0.633106,0.239002,0.804254,0.450249
0.725215,0.732671,0.392938,0.824724,0.386195,0.289621,0.822258,0.865793
0.460501,0.198922,0.373162,0.436351,0.292478,0.492906,0.729920,0.466477
0.180863,0.433826,0.789671,0.258374,0.694948,0.746253,0.700889,0.164745
0.443314,0.751112,0.302944,0.220722,0.556919,0.251479,0.621057,0.699153
0.109564,0.583954,0.394480,0.975578,0.511202,0.350818,0.581207,0.527973
0.689482,0.446249,0.386307,0.402872,0.673001,0.483594,0.399533,0.758246
0.770700,0.378241,0.252354,0.629283,0.552585,0.823616,0.862738,0.376745
0.792243,0.270175,0.557992,0.388617,0.812956,0.211832,0.773123,0.504446
0.750528,0.814612,0.247993,0.806404,0.182671,0.218433,0.862411,0.744185
0.689991,0.243674,0.164182,0.577092,0.594427,0.752032,0.767221,0.443904
0.716776,0.365901,0.219302,0.658677,0.503328,0.686722,0.900979,0.314090
0.477861,0.377579,0.471533,0.506733,0.302297,0.463606,0.821726,0.495427
0.269838,0.504815,0.625824,0.098046,0.640674,0.702373,0.591369,0.230064
0.650168,0.554943,0.199673,0.404177,0.778102,0.495727,0.234227,0.708797
0.189675,0.516301,0.228188,0.862497,0.441290,0.118675,0.564709,0.557043
0.726019,0.273990,0.630967,0.353808,0.620915,0.226259,0.802359,0.475751
0.647399,0.927187,0.454799,0.223688,0.646121,0.284108,0.699647,0.840397
0.667031,0.470448,0.154375,0.616631,0.559051,0.740807,0.776284,0.255644
0.994112,0.889420,0.250266,0.841215,0.243252,0.177213,0.699137,0.871346
0.734601,0.400555,0.265884,0.618354,0.557070,0.841922,0.803257,0.288942
1.000000,0.884126,0.396990,0.748476,0.340403,0.144446,0.809038,0.669336
0.605026,0.546456,0.233293,0.325354,0.692250,0.484249,0.320489,0.822926
0.667458,0.540971,0.250987,0.310280,0.680154,0.517776,0.202787,0.817830
0.846616,0.748465,0.384201,0.830541,0.391974,0.137688,0.781011,0.765860
0.871233,0.903912,0.282522,0.888217,0.258484,0.127860,0.842939,0.797082
0.792297,0.247393,0.690520,0.445816,0.818412,0.276178,0.752618,0.490760
0.854157,0.303839,0.715527,0.365875,0.674522,0.234515,0.782030,0.371971
0.880143,0.235910,0.594853,0.427847,0.685009,0.237310,0.931699,0.540991
0.402493,0.294310,0.403894,0.498586,0.346382,0.506454,0.743140,0.560526
0.714794,0.300865,0.285010,0.653591,0.560569,0.759747,0.771430,0.287233
0.801686,0.399200,0.341988,0.513586,0.589599,0.786223,0.788342,0.389249
0.664803,0.349608,0.222270,0.610066,0.442622,0.729327,0.876048,0.289182
0.795675,0.886435,0.238129,0.816614,0.334008,0.183198,0.817562,0.729816
0.083229,0.651618,0.222928,0.862426,0.651381,0.145738,0.766802,0.571928
0.157327,0.539487,0.416856,0.794049,0.466171,0.082748,0.676190,0.584135
0.648632,0.445858,0.314459,0.472298,0.616793,0.568201,0.262466,0.879608
0.746979,0.097115,0.616323,0.425774,0.644029,0.421751,0.959961,0.552228
0.658195,0.206488,0.515975,0.426415,0.722617,0.328246,0.775925,0.540430
0.442677,0.185896,0.397301,0.543609,0.383072,0.415941,0.796231,0.623236
0.699046,0.393063,0.295996,0.597480,0.467148,0.721146,0.832500,0.346057
0.774558,0.824336,0.321029,0.742204,0.346488,0.236205,0.850127,0.775178
0.909773,0.849560,0.369378,0.736365,0.270848,0.225724,0.797933,0.747389
0.322091,0.292066,0.523871,0.566797,0.484517,0.442047,0.678362,0.434139
0.396070,0.199861,0.532934,0.475143,0.392981,0.488741,0.786523,0.522649
0.763456,0.631637,0.174327,0.420405,0.590120,0.515421,0.292736,0.694941
0.282807,0.201374,0.401455,0.498185,0.433955,0.420556,0.723648,0.583350
0.671263,0.238631,0.056377,0.510617,0.612208,0.833186,0.793910,0.308284
0.107015,0.472788,0.806464,0.325058,0.695374,0.614610,0.597413,0.190863
0.256983,0.579692,0.272412,0.839146,0.408102,0.248046,0.708874,0.530753
0.928142,0.869540,0.250363,0.936026,0.323180,0.064782,0.739638,0.803057
0.721607,0.338727,0.180203,0.613658,0.518214,0.788530,0.928497,0.339765
0.622833,0.462333,0.202741,0.428636,0.678528,0.391190,0.414319,0.837134
0.859334,0.840615,0.259518,0.822335,0.317204,0.151193,0.694200,0.814180
0.721567,0.236545,0.667174,0.368164,0.799368,0.072377,0.879036,0.467748
0.647648,0.608763,0.253207,0.365577,0.555292,0.577787,0.257224,0.739354
0.602424,0.570780,0.207116,0.464153,0.624900,0.532129,0.438280,0.848450
0.322293,0.302352,0.737170,0.234579,0.688685,0.755076,0.542164,0.277637
0.885667,0.719124,0.212950,0.805697,0.336995,0.088111,0.861823,0.785035
0.934060,0.279906,0.613859,0.408682,0.768979,0.260602,0.765468,0.566558
0.191590,0.426667,0.613255,0.211818,0.677846,0.624447,0.702414,0.270879
0.830865,0.823462,0.237743,0.976905,0.284921,0.219697,0.697065,0.831039
0.611959,0.475591,0.322162,0.465504,0.678177,0.530188,0.400022,0.842960
0.671962,0.328061,0.680970,0.403590,0.768976,0.284691,0.732006,0.596462
0.920315,0.227610,0.579303,0.389424,0.682394,0.214784,0.681203,0.406599
0.710596,0.200860,0.519429,0.407435,0.573568,0.316243,0.776863,0.528766
0.712340,0.927793,0.322896,0.222942,0.674834,0.218781,0.569108,0.726307
0.286906,0.423240,0.808556,0.294169,0.760679,0.737679,0.692036,0.267506
0.893114,0.869012,0.252884,0.860581,0.352182,0.114734,0.771633,0.957983
0.428392,0.275497,0.494236,0.373554,0.406794,0.418396,0.746067,0.652053
0.710012,0.764900,0.346325,0.695362,0.251875,0.174708,0.815657,0.816915
0.716510,0.159515,0.614077,0.463037,0.737347,0.399059,0.810047,0.493565
0.795184,0.833267,0.308220,0.895082,0.201161,0.136278,0.862166,0.765841
0.716833,0.251470,0.203471,0.483470,0.494580,0.863877,0.944178,0.415294
0.241781,0.507534,0.681998,0.203959,0.576218,0.709614,0.583584,0.216122
0.128562,0.632626,0.231591,0.893261,0.510173,0.247479,0.715408,0.581221
0.776939,0.167637,0.559612,0.427764,0.700441,0.215697,0.780137,0.555617
0.694787,0.863543,0.318918,0.221029,0.635883,0.221206,0.674036,0.779237
0.582702,0.292485,0.319385,0.556131,0.497916,0.803924,0.891645,0.406090
0.806551,0.905505,0.358453,0.234923,0.707694,0.254541,0.763569,0.867283
0.841892,0.326940,0.100451,0.709553,0.456046,0.728263,0.888175,0.470545
0.280329,0.547813,0.755070,0.320630,0.680475,0.675454,0.483232,0.269563
0.697574,0.230018,0.336034,0.715721,0.514191,0.859327,0.901937,0.492502
0.153989,0.479738,0.400051,0.870839,0.563334,0.133487,0.707455,0.636043
0.835768,0.403480,0.519941,0.455585,0.612983,0.279301,0.801969,0.547671
0.557609,0.518721,0.282832,0.407162,0.694853,0.505114,0.278263,0.931779
0.808318,0.332785,0.185399,0.686188,0.509768,0.777206,0.975639,0.380836
0.769687,0.325818,0.335660,0.683055,0.573508,0.825034,0.804184,0.433067
0.722467,0.441069,0.354110,0.525954,0.559606,0.765065,0.839841,0.433363
0.681052,0.815798,0.321712,0.078205,0.698890,0.258400,0.697068,0.831897
0.235986,0.520941,0.718823,0.269711,0.626624,0.680418,0.643717,0.331405
0.679055,0.858134,0.275795,0.302011,0.753813,0.201879,0.671958,0.873123
0.414217,0.343771,0.313077,0.514341,0.464955,0.561159,0.727050,0.505619
0.798784,0.294743,0.720665,0.465890,0.631266,0.234016,0.684829,0.417518
0.141216,0.613557,0.485154,0.907910,0.578861,0.256970,0.645448,0.577029
0.896885,0.239774,0.226293,0.681732,0.649158,0.809047,0.728957,0.480319
0.166200,0.384392,0.731939,0.258878,0.737822,0.588576,0.593942,0.328607
0.736924,0.282194,0.213610,0.624678,0.681471,0.703660,0.947511,0.407884
0.654672,0.877587,0.432829,0.206020,0.677864,0.280575,0.738922,0.799168
0.207113,0.542256,0.835830,0.182824,0.623577,0.683226,0.657723,0.207234
0.232267,0.623936,0.218916,0.826688,0.502387,0.228659,0.659211,0.661173
0.348348,0.175846,0.438463,0.489103,0.413293,0.492504,0.672820,0.565430
0.373274,0.232103,0.488096,0.599600,0.481510,0.482124,0.726102,0.481758
0.806891,0.811861,0.413249,0.195788,0.705114,0.231573,0.688940,0.791210
0.892472,0.856975,0.224919,0.871673,0.231805,0.055948,0.780407,0.823493
0.228853,0.547853,0.397569,0.923888,0.582299,0.133058,0.690423,0.695849
0.676361,0.577593,0.341375,0.416066,0.679473,0.442530,0.280890,0.706200
0.150079,0.434110,0.764271,0.294623,0.673003,0.722908,0.590174,0.255175
0.857124,0.204437,0.162367,0.650463,0.571525,0.753550,0.848208,0.320064
0.800069,0.805448,0.290036,0.991978,0.352259,0.071055,0.779999,0.862942
0.383235,0.389722,0.375207,0.542466,0.314685,0.353722,0.840891,0.481778
0.705222,0.790834,0.464919,0.308880,0.625171,0.310325,0.627286,0.771364
0.383150,0.346408,0.555205,0.482249,0.320712,0.498698,0.769222,0.571003
0.233886,0.461960,0.736021,0.078692,0.531208,0.738242,0.609719,0.328055
0.631075,0.374254,0.216004,0.575947,0.604635,0.818778,0.802885,0.354724
0.190379,0.682333,0.327254,0.850903,0.448535,0.186325,0.630213,0.554328
0.264000,0.442413,0.723946,0.231295,0.765329,0.660437,0.559223,0.137727
0.822117,0.398434,0.467505,0.380602,0.569511,0.186748,0.676876,0.452467
0.675338,0.818298,0.390380,0.165424,0.738011,0.277168,0.658257,0.822181
0.595674,0.870356,0.401477,0.260594,0.720168,0.351408,0.658670,0.688355
0.207252,0.587630,0.754283,0.300370,0.703840,0.559205,0.729174,0.316433
0.197652,0.506689,0.821064,0.285069,0.701970,0.778499,0.602086,0.268592
0.664669,0.911706,0.497704,0.222296,0.736905,0.335459,0.810600,0.776674
0.377927,0.359680,0.394849,0.555101,0.556937,0.466678,0.715468,0.663207
0.333310,0.276884,0.540620,0.518728,0.446398,0.441704,0.711841,0.466201
0.388779,0.330761,0.438089,0.509473,0.497892,0.477089,0.569996,0.599708
0.680041,0.259569,0.529343,0.370753,0.634480,0.320421,0.790312,0.429747
0.708196,0.812007,0.435326,0.089256,0.745316,0.266136,0.742363,0.828040
0.421521,0.175210,0.384572,0.495713,0.452584,0.319027,0.636466,0.635246
0.650988,0.290737,0.295110,0.646604,0.562866,0.883175,0.905112,0.371665
0.072514,0.414197,0.697955,0.295305,0.636846,0.709576,0.725684,0.287739
0.322435,0.383214,0.807448,0.320037,0.787213,0.699951,0.660908,0.271432
0.653805,0.908612,0.365133,0.192298,0.645022,0.308994,0.534485,0.733835
0.234067,0.465775,0.697623,0.379914,0.730898,0.642315,0.546352,0.289902
0.667780,0.201601,0.461679,0.369697,0.762275,0.333373,0.810839,0.546568
0.630537,0.528055,0.339646,0.553069,0.526554,0.426020,0.380421,0.739713
0.747479,0.474472,0.241951,0.490822,0.676154,0.513632,0.318148,0.727442
0.401065,0.248794,0.469201,0.433633,0.435835,0.337438,0.827231,0.555670
0.070280,0.630320,0.283367,0.907181,0.581765,0.210358,0.723715,0.561640
0.208661,0.489140,0.736098,0.245075,0.681420,0.746078,0.622126,0.162278
0.751575,0.800245,0.336743,0.872720,0.497677,0.207049,0.820389,0.850834
0.709233,0.948871,0.485586,0.327607,0.883990,0.270727,0.606141,0.861786
0.716713,0.321041,0.283930,0.793512,0.521382,0.718626,0.792981,0.386526
0.332584,0.273385,0.354507,0.435593,0.431593,0.435257,0.672553,0.566937
0.909631,0.756044,0.237284,0.939430,0.476950,0.137615,0.797035,0.830799
0.573248,0.537353,0.294546,0.430639,0.633173,0.530422,0.326493,0.698797
0.694875,0.401436,0.235970,0.606429,0.592468,0.818870,0.801961,0.413480
0.724907,0.874085,0.352276,0.222211,0.760524,0.221817,0.636813,0.829833
0.143545,0.610399,0.370572,0.882794,0.566595,0.282672,0.689335,0.584505
0.636524,0.302319,0.254881,0.683915,0.572864,0.908462,0.782612,0.348376
0.767089,0.834197,0.381397,0.285092,0.694227,0.287084,0.683530,0.622671
0.802391,0.411964,0.160605,0.611130,0.533749,0.755501,0.876283,0.188504
0.808022,0.861759,0.329957,0.798857,0.314820,0.176043,0.764771,0.791836
0.395124,0.188524,0.333351,0.441646,0.339567,0.527450,0.739881,0.576131
0.771156,0.489945,0.287416,0.415912,0.737789,0.460413,0.297079,0.795877
0.268858,0.436021,0.734901,0.245970,0.662266,0.657195,0.649565,0.217764
0.731091,0.555398,0.333149,0.529375,0.565670,0.501756,0.287634,0.766367
0.834956,0.919424,0.494974,0.228950,0.689224,0.392669,0.656234,0.781321
0.167609,0.553416,0.767927,0.187636,0.688170,0.699265,0.599616,0.282766
0.201911,0.409801,0.763560,0.246756,0.708209,0.666903,0.583126,0.263234
0.351133,0.300189,0.398433,0.553294,0.452592,0.492513,0.771904,0.562276
0.776056,0.308479,0.285807,0.767758,0.577623,0.769446,0.828777,0.510285
0.139961,0.697861,0.292648,0.767337,0.591042,0.230517,0.729775,0.522965
0.702534,0.346473,0.336579,0.627234,0.615059,0.732723,0.855404,0.249408
0.654173,0.882757,0.405698,0.817740,0.304663,0.095662,0.897340,0.871401
0.798919,0.287039,0.261661,0.630007,0.636948,0.888001,0.787901,0.287638
0.634804,0.546070,0.302910,0.390545,0.678002,0.433901,0.346876,0.760779
0.177876,0.459417,0.683655,0.334493,0.745774,0.787858,0.607601,0.196842
0.696872,0.453434,0.244273,0.391669,0.624454,0.598857,0.289457,0.760231
0.603459,0.454034,0.271348,0.428909,0.778905,0.461705,0.328814,0.728683
0.718158,0.408823,0.238702,0.610238,0.589934,0.794206,0.849172,0.325888
0.217501,0.426066,0.676598,0.267328,0.723285,0.669676,0.730810,0.273397
0.174302,0.402723,0.685219,0.334594,0.676489,0.677923,0.667321,0.311257
0.763350,0.248274,0.575745,0.400372,0.578663,0.208666,0.960453,0.416160
0.127418,0.401554,0.353533,0.836625,0.612943,0.280710,0.555022,0.665141
0.191789,0.592826,0.398570,0.982427,0.570919,0.251970,0.507807,0.638994
0.820878,0.845353,0.342636,0.916554,0.365788,0.167661,0.758503,0.896016
0.386326,0.386510,0.317043,0.537701,0.509835,0.365510,0.711683,0.599102
0.710089,0.346284,0.288647,0.624894,0.565375,0.709289,0.967941,0.344611
0.172704,0.633593,0.342184,0.899538,0.598265,0.189072,0.664824,0.558998
0.732423,0.796507,0.439062,0.154946,0.706324,0.174008,0.745728,0.810940
0.680170,0.580536,0.295056,0.382335,0.646503,0.509630,0.412327,0.725993
0.211732,0.453907,0.684459,0.245405,0.759417,0.697535,0.595150,0.314704
0.654015,0.395573,0.613628,0.357867,0.663060,0.268381,0.971537,0.480029
0.686986,0.913641,0.439363,0.167857,0.636589,0.253990,0.599195,0.805931
0.715545,0.574609,0.282022,0.414606,0.654814,0.533705,0.278046,0.700939
0.411976,0.215357,0.422265,0.513136,0.408818,0.483931,0.663405,0.570629
0.172163,0.468957,0.703103,0.352823,0.707405,0.686172,0.581610,0.334303
0.621066,0.251339,0.520851,0.318851,0.705932,0.291741,0.892091,0.372386
0.767850,0.321389,0.278871,0.662119,0.468709,0.778100,0.997918,0.377168
0.781964,0.853166,0.273378,0.899063,0.262818,0.209174,0.747304,0.760667
0.158961,0.695066,0.318831,0.836078,0.455813,0.036171,0.614787,0.522151
0.216910,0.620682,0.321124,0.832037,0.659546,0.193330,0.681800,0.663289
0.721635,0.529564,0.236191,0.417398,0.700691,0.555548,0.183400,0.746281
0.386842,0.167532,0.522818,0.555823,0.398644,0.411661,0.680621,0.505481
0.571109,0.538713,0.188486,0.472521,0.970739,0.480394,0.253750,0.557335
0.633195,0.328569,0.554125,0.447437,0.801213,0.203626,0.811454,0.523695
0.800760,0.828826,0.484210,0.902164,0.344408,0.287624,0.895055,0.571382
0.824730,0.824317,0.443977,0.275304,0.659884,0.286875,0.686889,0.902290
0.743047,0.794355,0.392712,0.251924,0.605619,0.163581,0.659398,0.854107
0.684082,0.262794,0.231882,0.642663,0.669291,0.754988,0.711884,0.427639
0.676557,0.607128,0.237899,0.425007,0.816267,0.486867,0.407521,0.760320
0.562515,0.613175,0.274304,0.453132,0.743822,0.545219,0.309635,0.763448
0.851265,0.376599,0.237771,0.672295,0.635693,0.813283,0.912130,0.396217
0.810545,0.758965,0.177408,0.883436,0.438135,0.187557,0.766427,0.703769
0.684680,0.789217,0.401296,0.116203,0.715234,0.326509,0.592570,0.815826
0.751849,0.815648,0.366067,0.144395,0.612261,0.229712,0.568004,0.811451
0.906261,0.835496,0.298415,0.224532,0.656811,0.163244,0.608153,0.807736
0.938345,0.923597,0.367328,0.165807,0.609737,0.169999,0.828638,0.755501
0.751523,0.878232,0.368712,0.755794,0.435256,0.115288,0.877263,0.782174
0.746878,0.218978,0.594451,0.306998,0.686607,0.164807,0.838829,0.625706
0.562238,0.241671,0.508200,0.490916,0.420228,0.606645,0.738577,0.480302
0.164253,0.478350,0.299663,0.764528,0.522846,0.265874,0.553347,0.657443
0.664439,0.274368,0.213451,0.654215,0.594035,0.782462,0.757512,0.316686
0.844185,0.872606,0.456284,0.292388,0.666041,0.192575,0.549639,0.695808
0.893639,0.859646,0.321290,0.922471,0.267060,0.197808,0.815057,0.836455
0.821433,0.929202,0.235052,0.914639,0.322494,0.198253,0.902772,0.829507
0.666283,0.615967,0.278230,0.491289,0.605782,0.529917,0.340903,0.667552
0.347710,0.370403,0.401302,0.364868,0.360799,0.536684,0.678200,0.593498
0.195025,0.673800,0.264869,0.876735,0.546422,0.286250,0.540793,0.730234
0.230772,0.588420,0.193495,0.957167,0.542624,0.253620,0.740527,0.658024
0.649168,0.554630,0.249915,0.446250,0.715759,0.512862,0.147830,0.853351
0.859866,0.901335,0.327932,0.802633,0.307851,0.183197,0.880267,0.726507
0.684626,0.485318,0.290189,0.418185,0.612038,0.485800,0.257796,0.693529
0.733365,0.896015,0.442446,0.203633,0.712911,0.196411,0.605188,0.735959
0.806632,0.260526,0.639354,0.367998,0.739494,0.195783,0.756559,0.491499
0.664961,0.219876,0.493908,0.243348,0.705909,0.168136,0.746151,0.402758
0.836905,0.889460,0.277669,0.838744,0.413588,0.202017,0.921329,0.744915
0.231218,0.523668,0.790580,0.318808,0.767507,0.702659,0.585887,0.265237
0.130112,0.645608,0.280426,0.915398,0.439129,0.146092,0.640170,0.566942
0.703731,0.321715,0.594555,0.395623,0.711220,0.212872,0.880473,0.522999
0.738130,0.217633,0.513043,0.426335,0.637240,0.387223,0.817291,0.379895
0.639751,0.280747,0.129249,0.480020,0.609551,0.730012,0.780790,0.470379
0.678581,0.595727,0.153744,0.310050,0.650012,0.551561,0.349000,0.692024
0.682980,0.624786,0.405268,0.431363,0.642998,0.523995,0.138354,0.778260
0.824019,0.262360,0.291097,0.781267,0.625964,0.774528,0.914572,0.421332
0.778971,0.977437,0.498842,0.239450,0.636765,0.273440,0.590103,0.712149
0.338056,0.560022,0.279364,0.872398,0.488175,0.203861,0.610562,0.717073
0.128937,0.698152,0.406868,0.900940,0.505089,0.157667,0.636349,0.643587
0.720913,0.496962,0.400427,0.380775,0.695153,0.648021,0.300103,0.801723
0.520033,0.318299,0.350041,0.542286,0.309522,0.424388,0.676854,0.451526
0.955281,0.834497,0.211254,0.910812,0.257009,0.210053,0.819216,0.725770
0.602314,0.393964,0.257542,0.462310,0.640780,0.539154,0.234481,0.719450
0.235079,0.568041,0.755876,0.069281,0.915615,0.764544,0.697152,0.267893
0.763491,0.312136,0.527185,0.346662,0.627089,0.249727,0.874164,0.467869
0.334722,0.308537,0.445375,0.500073,0.330175,0.502383,0.731491,0.470181
0.815418,0.771920,0.372193,0.173339,0.702450,0.240222,0.680962,0.758264
0.706410,0.817856,0.476820,0.758511,0.222475,0.279671,0.705820,0.759293
0.795184,0.322851,0.188729,0.506314,0.559964,0.873999,0.781329,0.378117
0.669701,0.540094,0.223726,0.377385,0.749271,0.567974,0.328160,0.757293
0.721967,0.387262,0.235179,0.698179,0.616675,0.734642,0.816743,0.334601
0.149309,0.465962,0.661467,0.327178,0.727547,0.728220,0.621989,0.186203
0.675552,0.466725,0.260573,0.792810,0.508878,0.819063,0.762568,0.358729
0.416701,0.194744,0.420204,0.540676,0.207622,0.418505,0.801644,0.466752
0.201389,0.562106,0.300284,0.748318,0.488540,0.183290,0.710481,0.500235
0.649319,0.988884,0.212895,0.300976,0.816519,0.248477,0.822841,0.717505
0.447549,0.383312,0.410044,0.491782,0.397463,0.450059,0.757624,0.535832
0.117338,0.505743,0.195160,0.776777,0.582209,0.201552,0.508452,0.602807
0.653905,0.481092,0.258911,0.350826,0.707922,0.538738,0.267418,0.709219
0.746325,0.846429,0.417348,0.895298,0.297894,0.179318,0.784176,0.676923
0.859355,0.895481,0.332211,0.765044,0.249747,0.182257,0.733322,0.843518
0.736365,0.874520,0.356773,0.268992,0.677461,0.250517,0.641164,0.845419
0.232306,0.251825,0.440240,0.497755,0.345697,0.310918,0.753858,0.643194
0.739758,0.885828,0.330410,0.219069,0.697854,0.294108,0.576569,0.866578
0.617234,0.529175,0.145342,0.520590,0.754354,0.520817,0.304601,0.730991
0.378657,0.277891,0.424529,0.555923,0.348798,0.493846,0.800371,0.582244
0.638275,0.345203,0.367960,0.550358,0.601807,0.797546,0.807932,0.520582
0.211283,0.611809,0.405577,0.858221,0.522253,0.235665,0.504405,0.718927
0.773968,0.767003,0.292069,0.723822,0.247982,0.130754,0.837105,0.743458
0.250679,0.557324,0.272450,0.729328,0.565927,0.269967,0.644677,0.484477
0.161189,0.488060,0.738120,0.175602,0.678291,0.537006,0.597180,0.193423
0.228176,0.543508,0.371916,0.880522,0.406712,0.239790,0.643175,0.708630
0.115170,0.550797,0.766954,0.268618,0.777805,0.777466,0.639443,0.217335
0.767746,0.195357,0.556231,0.353203,0.652341,0.232370,0.892935,0.549305
0.840561,0.224318,0.642439,0.414741,0.729413,0.254854,0.726463,0.466114
0.805890,0.394860,0.450635,0.382920,0.616006,0.202071,0.742210,0.491180
0.316879,0.278779,0.463889,0.472118,0.476760,0.529615,0.698201,0.587966
0.794508,0.894859,0.352533,0.878928,0.233867,0.175468,0.656617,0.897379
0.671940,0.588435,0.156265,0.418959,0.657964,0.603544,0.292366,0.711018
0.216703,0.569343,0.336659,0.856810,0.562396,0.215755,0.765472,0.550041
0.621912,0.531413,0.133492,0.399925,0.683914,0.582958,0.291976,0.820898
0.690258,0.862511,0.203483,0.920405,0.322996,0.166888,0.908618,0.768266
0.085799,0.571373,0.325174,0.893269,0.541866,0.189792,0.645697,0.615147
0.161083,0.482544,0.698694,0.356477,0.734723,0.754981,0.546777,0.195857
0.245883,0.636321,0.409066,0.808807,0.602519,0.228583,0.618700,0.623658
0.333314,0.245525,0.502184,0.461317,0.457326,0.486631,0.856756,0.506097
0.875844,0.862514,0.584094,0.257775,0.731867,0.279280,0.641921,0.805998
0.792724,0.175886,0.237763,0.465771,0.627387,0.841319,0.951121,0.330207
0.738650,0.279094,0.287725,0.659623,0.452240,0.740189,0.825579,0.364365
0.631477,0.887021,0.350814,0.200299,0.764054,0.363671,0.601198,0.722390
0.271977,0.523211,0.692848,0.256461,0.698519,0.726194,0.709761,0.186144
0.149772,0.475956,0.823414,0.284607,0.636701,0.620154,0.645268,0.215880
0.793036,0.778498,0.273781,0.328841,0.662835,0.140178,0.771535,0.838236
0.851277,0.927995,0.442547,0.819085,0.294290,0.123575,0.790358,0.725560
0.324726,0.344723,0.339781,0.492597,0.468119,0.547569,0.885198,0.580643
0.759479,0.870177,0.324453,0.893076,0.378320,0.145885,0.787982,0.781748
0.835871,0.369294,0.470592,0.441772,0.733853,0.245104,0.776481,0.525078
0.781906,0.894080,0.251527,0.766615,0.479131,0.217551,0.903875,0.857055
0.752787,0.745081,0.272224,0.879363,0.229925,0.201762,0.919669,0.693463
0.835875,0.327373,0.258231,0.614624,0.394928,0.745532,0.870431,0.265715
0.800752,0.224511,0.607559,0.371539,0.746886,0.283608,0.772175,0.485659
0.802011,0.514075,0.272999,0.363331,0.556785,0.544299,0.249118,0.605483
0.701813,0.302680,0.449162,0.323364,0.637599,0.264503,0.840433,0.501677
0.229158,0.672936,0.282502,0.825939,0.519500,0.250671,0.672715,0.611531
0.913752,0.888060,0.233860,0.826842,0.367342,0.035847,0.903740,0.760195
0.765871,0.255208,0.565143,0.296844,0.718924,0.285170,0.892657,0.589172
0.757167,0.718735,0.330469,0.303415,0.759202,0.212001,0.643675,0.810464
0.713986,0.953245,0.349066,0.209489,0.722005,0.167218,0.708907,0.770525
0.338059,0.322821,0.520734,0.553921,0.454297,0.379901,0.703597,0.620393
0.190051,0.522716,0.462909,0.911629,0.501761,0.229124,0.721430,0.505513
0.208550,0.482313,0.852078,0.285406,0.626046,0.701594,0.724158,0.230737
0.787983,0.304106,0.183148,0.648145,0.517102,0.827064,0.840879,0.281117
0.276597,0.453806,0.732003,0.363937,0.784846,0.598772,0.563516,0.327539
0.688015,0.233187,0.712652,0.347948,0.634218,0.235085,0.643601,0.369743
0.587891,0.327729,0.322677,0.571912,0.524302,0.784513,0.864036,0.327497
0.018978,0.624723,0.387787,0.720386,0.592086,0.211600,0.628624,0.496777
0.875280,0.893618,0.290571,0.818498,0.278748,0.178596,0.864687,0.934479
0.357511,0.248615,0.488469,0.472479,0.481778,0.521204,0.752552,0.603323
0.196279,0.461162,0.358653,0.846306,0.457298,0.291053,0.599616,0.649022
0.749372,0.311366,0.559651,0.429413,0.720283,0.289387,0.795636,0.444400
0.069982,0.675782,0.408134,0.725930,0.548336,0.216836,0.678012,0.611109
0.287580,0.481232,0.809610,0.334962,0.591032,0.771705,0.647013,0.186488
0.804560,0.322612,0.233623,0.523334,0.685107,0.603227,0.944743,0.265532
0.752030,0.222590,0.504402,0.384273,0.733066,0.271123,0.840086,0.446693
0.788108,0.775901,0.337482,0.826646,0.326234,0.180096,0.839162,0.761509
0.844184,0.236192,0.349125,0.594604,0.633469,0.769290,0.853091,0.334983
0.696619,0.231894,0.684569,0.289266,0.717381,0.402436,0.704512,0.553331
0.062606,0.638543,0.332236,0.889752,0.555144,0.236798,0.639090,0.638417
0.682039,0.219823,0.636122,0.427410,0.641839,0.241524,0.755628,0.519036
0.872832,0.820655,0.297559,0.878081,0.389806,0.180505,0.890189,0.764065
0.517410,0.259811,0.359090,0.378934,0.335556,0.491722,0.614595,0.655970
0.871826,0.395298,0.553680,0.454051,0.638913,0.290179,0.803279,0.458522
0.328280,0.435466,0.730947,0.285858,0.713289,0.675747,0.666459,0.240218
0.799100,0.192440,0.644457,0.351814,0.649990,0.241272,0.775351,0.573403
0.725112,0.855520,0.412864,0.270252,0.591524,0.215583,0.750214,0.872635
0.853263,0.305298,0.699085,0.522312,0.735392,0.393828,0.779844,0.617566
0.743775,0.860061,0.432906,0.158383,0.845599,0.195867,0.664357,0.931449
0.387065,0.462259,0.460552,0.438303,0.489896,0.469763,0.706367,0.552537
0.818323,0.259894,0.615571,0.353210,0.782788,0.383348,0.809759,0.556614
0.857858,0.759469,0.255221,0.776657,0.382545,0.173832,0.747268,0.867644
0.231263,0.628642,0.326494,0.775477,0.568987,0.232279,0.586536,0.507763
0.254296,0.409956,0.623319,0.297129,0.757567,0.714228,0.613831,0.149064
0.231748,0.285582,0.310230,0.536065,0.407401,0.495261,0.653747,0.565178
0.713790,0.579068,0.219166,0.421152,0.607715,0.432656,0.252033,0.684341
0.725657,0.842134,0.355578,0.185352,0.830024,0.246039,0.700570,0.849118
0.806816,0.272292,0.592768,0.390322,0.737054,0.269425,0.760055,0.432027
0.814953,0.837942,0.333523,0.829432,0.424353,0.168869,0.856966,0.759533
0.725451,0.840198,0.484584,0.256033,0.784889,0.244953,0.717351,0.743864
0.712413,0.354583,0.607432,0.406116,0.668407,0.294972,0.720581,0.500242
0.785674,0.205922,0.670057,0.298049,0.534028,0.307352,0.962641,0.420388
0.719002,0.748350,0.358303,0.329590,0.607404,0.301815,0.467886,0.864875
0.746657,0.890183,0.295602,0.153471,0.703534,0.299877,0.657570,0.857656
0.789824,0.825302,0.458112,0.150345,0.778604,0.287866,0.643092,0.783539
0.801402,0.215653,0.462354,0.346103,0.680748,0.250682,0.797017,0.484728
0.792270,0.207476,0.232769,0.603695,0.539533,0.761914,0.843498,0.334959
0.841366,0.796076,0.306764,0.797489,0.307635,0.256543,0.766223,0.764064
0.164789,0.425719,0.804556,0.362824,0.722035,0.646585,0.652678,0.225081
0.606134,0.781345,0.280409,0.841711,0.167001,0.222940,0.755097,0.664025
0.173734,0.532000,0.652640,0.234301,0.704884,0.597836,0.747816,0.286275
0.821742,0.377720,0.199704,0.659246,0.524657,0.779355,0.878168,0.317904
0.256350,0.513179,0.694870,0.274322,0.582564,0.792168,0.638324,0.170497
0.801127,0.257865,0.531165,0.326891,0.668819,0.239890,0.925962,0.439450
0.422982,0.233015,0.349945,0.571381,0.344118,0.362128,0.652940,0.602919
0.792973,0.869192,0.436679,0.228576,0.777186,0.173252,0.643364,0.757679
0.373085,0.428963,0.735138,0.394267,0.790912,0.782911,0.609239,0.314379
0.390488,0.221879,0.242120,0.528050,0.340303,0.531515,0.757644,0.734331
0.774709,0.855610,0.308198,0.757422,0.233212,0.063760,0.835339,0.863374
0.790110,0.260558,0.604900,0.353688,0.530736,0.319270,0.805646,0.448984
0.821560,0.797586,0.382202,0.241795,0.783040,0.199333,0.686566,0.898907
0.069527,0.537295,0.683409,0.192708,0.725214,0.634384,0.634105,0.236034
0.669084,0.749634,0.431876,0.311726,0.742154,0.224838,0.592858,0.889829
0.256573,0.522656,0.783396,0.254859,0.773274,0.612389,0.688021,0.217255
0.929627,0.328809,0.542348,0.415656,0.748796,0.294637,0.890525,0.586998
0.649544,0.895894,0.375270,0.022616,0.740770,0.356410,0.538708,0.763194
0.293606,0.654227,0.261553,0.832745,0.567079,0.265872,0.702107,0.554255
0.735154,0.374029,0.709645,0.458490,0.794203,0.339776,0.730299,0.521901
0.271275,0.654419,0.366270,0.915516,0.563399,0.118148,0.674136,0.545052
0.758990,0.293940,0.503232,0.386993,0.763751,0.315395,0.784572,0.466894
0.708512,0.303647,0.578450,0.362873,0.501151,0.170794,0.691499,0.560182
0.400615,0.289187,0.351505,0.302548,0.453458,0.572470,0.630712,0.634757
0.195899,0.548818,0.296431,0.817229,0.605703,0.151631,0.728121,0.584218
0.787790,0.836328,0.365096,0.413540,0.670111,0.386485,0.621196,0.940663
0.737785,0.544615,0.186861,0.427883,0.753660,0.498901,0.221584,0.755835
0.452788,0.696064,0.275147,0.707298,0.501855,0.154138,0.645912,0.604720
0.185561,0.380152,0.862290,0.304100,0.680994,0.746593,0.551560,0.177536
0.954010,0.346787,0.612136,0.430562,0.727938,0.227894,0.830649,0.507220
0.783139,0.777394,0.328124,0.919297,0.291606,0.224755,0.868629,0.870525
0.742442,0.259382,0.605305,0.343833,0.749325,0.395994,0.703924,0.509317
0.698363,0.273986,0.591166,0.372454,0.704482,0.150693,0.714957,0.604803
0.087930,0.607047,0.366629,0.883034,0.526063,0.235007,0.701182,0.571593
0.633416,0.590235,0.293404,0.534771,0.764801,0.522643,0.210192,0.757300
0.467956,0.569871,0.214755,0.391017,0.704930,0.609138,0.249550,0.599330
0.512226,0.802305,0.469212,0.331989,0.849924,0.241472,0.672061,0.790934
0.817031,0.831305,0.322462,0.283838,0.653216,0.300380,0.596163,0.740880
0.821412,0.753070,0.296772,0.854996,0.446332,0.145187,0.887723,0.664019
0.033629,0.543395,0.296956,0.887807,0.529362,0.189012,0.760000,0.556901
0.700419,0.158614,0.685627,0.312290,0.682696,0.267720,0.734797,0.484095
0.489433,0.288646,0.399041,0.569052,0.367688,0.429740,0.746747,0.476834
0.844907,0.972225,0.319544,0.937545,0.397036,0.259176,0.782997,0.777528
0.713350,0.852113,0.437039,0.160834,0.728454,0.231453,0.652686,0.857439
0.276252,0.586527,0.649600,0.426512,0.775028,0.655761,0.588118,0.137763
0.757011,0.399781,0.490446,0.431767,0.736872,0.165318,0.800945,0.478499
0.232079,0.505630,0.805789,0.297928,0.660820,0.726933,0.707902,0.366172
0.229968,0.675808,0.237692,0.985013,0.490466,0.103708,0.663727,0.573361
0.751036,0.904664,0.350722,0.228075,0.616940,0.192735,0.593378,0.738875
0.167340,0.475649,0.671468,0.305648,0.618161,0.657424,0.647067,0.181354
0.713880,0.344431,0.164409,0.666373,0.556352,0.813432,0.820371,0.339289
0.754520,0.498869,0.311187,0.414393,0.544256,0.464502,0.258346,0.696677
0.226404,0.532745,0.286589,0.811667,0.563701,0.129913,0.687265,0.583293
0.766830,0.693588,0.251105,0.815017,0.309517,0.159161,0.860738,0.858673
0.447615,0.265231,0.445452,0.526412,0.322816,0.444513,0.793026,0.584559
0.311684,0.303101,0.451722,0.577167,0.431409,0.380783,0.824818,0.539914
0.232913,0.460724,0.737466,0.273280,0.811267,0.725028,0.646943,0.276161
0.718289,0.794004,0.490274,0.215758,0.691026,0.202329,0.649167,0.842769
0.734388,0.803648,0.404878,0.219780,0.741760,0.138377,0.730150,0.927746
0.640933,0.647514,0.100937,0.320826,0.606196,0.511543,0.460829,0.881937
0.253538,0.524932,0.744778,0.309829,0.747916,0.805529,0.638466,0.225474
0.607449,0.651478,0.189812,0.373176,0.708237,0.473174,0.202581,0.753450
0.796207,0.204133,0.508318,0.313957,0.607007,0.187907,0.791639,0.484655
0.813361,0.802541,0.298347,0.873523,0.355605,0.186268,0.794433,0.748144
0.291804,0.143202,0.412609,0.548475,0.313965,0.327703,0.786928,0.609898
0.239658,0.548224,0.664914,0.251063,0.703125,0.596700,0.662079,0.335852
0.845369,0.880612,0.286453,0.880020,0.275041,0.189179,0.720917,0.667393
0.724044,0.922078,0.473438,0.132081,0.712830,0.216088,0.594945,0.782786
0.832670,0.731386,0.302235,0.753457,0.350638,0.157374,0.800080,0.767631
