0.00187, 0.00015, 0.00212, 0.00152, 0.00066, 0.00428, 0.00025, 0.00401, 0.00353, 0.00107
0.00031, 0.00008, 0.00006, 0.00035, 0.00011, 0.00037, 0.00003, 0.00312, 0.00048, 0.00098
0.00012, 0.00008, 0.00002, 0.00004, 0.00009, 0.00042, 0.00001, 0.00227, 0.00114, 0.01762
0.00005, 0.00008, 0.00003, 0.00009, 0.00004, 0.00017, 0.00001, 0.00023, 0.00013, 0.00001
0.00039, 0.00021, 0.00004, 0.00031, 0.00035, 0.00131, 0.00005, 0.00054, 0.00537, 0.00001
0.00120, 0.00495, 0.00190, 0.00739, 0.00020, 0.03967, 0.00077, 0.02730, 0.02793, 0.02269
0.00003, 0.00036, 0.00143, 0.00002, 0.00000, 0.00019, 0.00005, 0.00154, 0.00013, 0.00041
0.00056, 0.00000, 0.00139, 0.00154, 0.00228, 0.01405, 0.00008, 0.00184, 0.03725, 0.00108
0.00001, 0.00000, 0.00000, 0.00002, 0.00002, 0.00019, 0.00000, 0.00009, 0.00022, 0.00007
0.00022, 0.00004, 0.00007, 0.00016, 0.00023, 0.00167, 0.00002, 0.00043, 0.00358, 0.00834
0.00005, 0.00017, 0.00043, 0.00035, 0.00013, 0.00021, 0.00014, 0.00040, 0.00019, 0.00338
0.00115, 0.00005, 0.00050, 0.00018, 0.00027, 0.00009, 0.00007, 0.00672, 0.00056, 0.00165
0.00061, 0.00002, 0.00141, 0.00026, 0.00048, 0.00170, 0.00009, 0.00021, 0.03213, 0.00017
0.00001, 0.00000, 0.00001, 0.00036, 0.00001, 0.00109, 0.00000, 0.00032, 0.00104, 0.00039
0.00011, 0.00004, 0.00021, 0.00048, 0.00011, 0.00141, 0.00001, 0.00059, 0.00234, 0.00469
0.00014, 0.00014, 0.00000, 0.00005, 0.00006, 0.00014, 0.00001, 0.00060, 0.00006, 0.00022
0.00009, 0.00015, 0.00042, 0.00169, 0.00002, 0.00721, 0.00016, 0.00189, 0.00562, 0.00187
0.00059, 0.00009, 0.00016, 0.00000, 0.00026, 0.00040, 0.00009, 0.00560, 0.00015, 0.00226
0.00142, 0.00053, 0.00043, 0.00136, 0.00138, 0.00663, 0.00011, 0.00148, 0.03273, 0.00113
0.00015, 0.00020, 0.00002, 0.00003, 0.00016, 0.00125, 0.00002, 0.00375, 0.00137, 0.00174
0.00001, 0.00011, 0.00006, 0.00001, 0.00147, 0.00115, 0.00013, 0.00208, 0.00013, 0.00613
0.00007, 0.00011, 0.00063, 0.00210, 0.00000, 0.00739, 0.00005, 0.00159, 0.00503, 0.00236
0.00003, 0.00000, 0.00044, 0.00002, 0.00184, 0.00303, 0.00002, 0.00405, 0.00113, 0.01755
0.00041, 0.00002, 0.00366, 0.00083, 0.00030, 0.00104, 0.00059, 0.00342, 0.00049, 0.02161
0.00063, 0.00019, 0.00042, 0.00033, 0.00051, 0.00346, 0.00005, 0.00123, 0.01084, 0.00474
0.00021, 0.00009, 0.00023, 0.00073, 0.00028, 0.00098, 0.00015, 0.00094, 0.00447, 0.03175
0.00014, 0.00013, 0.00002, 0.00023, 0.00013, 0.00048, 0.00002, 0.00139, 0.00151, 0.00049
0.00074, 0.00015, 0.00048, 0.00129, 0.00105, 0.00325, 0.00011, 0.00113, 0.01364, 0.04279
0.00397, 0.00110, 0.00292, 0.00218, 0.00280, 0.02277, 0.00016, 0.00618, 0.10999, 0.02893
0.00031, 0.00001, 0.00112, 0.00056, 0.00013, 0.00346, 0.00026, 0.00014, 0.00144, 0.00068
0.00162, 0.00076, 0.00058, 0.00111, 0.00110, 0.00956, 0.00023, 0.00174, 0.03999, 0.00185
0.00006, 0.00003, 0.00000, 0.00005, 0.00019, 0.00056, 0.00000, 0.00027, 0.00061, 0.00093
0.00066, 0.00023, 0.00048, 0.00029, 0.00050, 0.00304, 0.00003, 0.00065, 0.01768, 0.00044
0.00004, 0.00012, 0.00031, 0.00053, 0.00012, 0.00046, 0.00001, 0.00038, 0.00019, 0.00298
0.00027, 0.00014, 0.00003, 0.00013, 0.00020, 0.00103, 0.00002, 0.00020, 0.00723, 0.00001
0.00008, 0.00016, 0.00017, 0.00000, 0.00001, 0.00010, 0.00017, 0.00118, 0.00005, 0.00054
0.00014, 0.00009, 0.00013, 0.00003, 0.00009, 0.00022, 0.00007, 0.00076, 0.00010, 0.00155
0.00028, 0.00002, 0.00001, 0.00028, 0.00052, 0.00166, 0.00000, 0.00074, 0.00115, 0.00066
0.00003, 0.00011, 0.00034, 0.00001, 0.00001, 0.00006, 0.00005, 0.00047, 0.00003, 0.00027
0.00013, 0.00031, 0.00145, 0.00003, 0.00017, 0.00015, 0.00106, 0.00057, 0.00089, 0.00050
0.00003, 0.00005, 0.00027, 0.00007, 0.00000, 0.00049, 0.00002, 0.00073, 0.00044, 0.00004
0.00004, 0.00002, 0.00003, 0.00115, 0.00027, 0.00351, 0.00016, 0.00106, 0.00304, 0.00077
0.00003, 0.00003, 0.00001, 0.00010, 0.00000, 0.00061, 0.00001, 0.00021, 0.00042, 0.00124
0.00002, 0.00015, 0.00011, 0.00154, 0.00003, 0.00553, 0.00024, 0.00306, 0.00422, 0.00060
0.00038, 0.00010, 0.00037, 0.00141, 0.00072, 0.00497, 0.00005, 0.00088, 0.00398, 0.01419
0.00008, 0.00007, 0.00040, 0.00002, 0.00003, 0.00020, 0.00001, 0.00066, 0.00007, 0.00042
0.00285, 0.00011, 0.00130, 0.00092, 0.00051, 0.00105, 0.00028, 0.01014, 0.00152, 0.00319
0.00004, 0.00022, 0.00098, 0.00001, 0.00004, 0.00005, 0.00064, 0.00009, 0.00006, 0.00006
0.00012, 0.00101, 0.00055, 0.00089, 0.00003, 0.00477, 0.00009, 0.00135, 0.00338, 0.00857
0.00092, 0.00028, 0.00072, 0.00039, 0.00271, 0.00339, 0.00010, 0.00304, 0.01767, 0.01719
0.00020, 0.00008, 0.00002, 0.00008, 0.00002, 0.00011, 0.00001, 0.00160, 0.00005, 0.00058
0.00016, 0.00015, 0.00002, 0.00005, 0.00084, 0.00017, 0.00001, 0.00021, 0.00005, 0.00012
0.00001, 0.00001, 0.00002, 0.00000, 0.00000, 0.00003, 0.00005, 0.00010, 0.00007, 0.00181
0.00004, 0.00012, 0.00004, 0.00011, 0.00000, 0.00009, 0.00001, 0.00034, 0.00000, 0.00015
0.00000, 0.00003, 0.00036, 0.00009, 0.00228, 0.00110, 0.00004, 0.00090, 0.00392, 0.00657
0.00045, 0.00026, 0.00055, 0.00083, 0.00058, 0.00162, 0.00010, 0.00184, 0.00189, 0.04071
0.00009, 0.00021, 0.00098, 0.00001, 0.00006, 0.00017, 0.00029, 0.00027, 0.00006, 0.00035
0.00006, 0.00012, 0.00169, 0.00001, 0.00006, 0.00014, 0.00016, 0.00118, 0.00021, 0.00074
0.00446, 0.00219, 0.00248, 0.00417, 0.00092, 0.01444, 0.00030, 0.00613, 0.01058, 0.07030
0.00066, 0.00086, 0.00084, 0.00426, 0.00005, 0.01979, 0.00043, 0.00353, 0.01197, 0.03665
0.00004, 0.00020, 0.00157, 0.00001, 0.00003, 0.00025, 0.00009, 0.00073, 0.00106, 0.00038
0.00028, 0.00000, 0.00172, 0.00066, 0.00025, 0.00091, 0.00023, 0.00285, 0.00053, 0.02007
0.00112, 0.00044, 0.00085, 0.00072, 0.00181, 0.00679, 0.00004, 0.00126, 0.05046, 0.00384
0.00011, 0.00022, 0.00002, 0.00003, 0.00153, 0.00082, 0.00001, 0.00082, 0.00003, 0.00057
0.00030, 0.00008, 0.00008, 0.00016, 0.00018, 0.00151, 0.00003, 0.00013, 0.01018, 0.00002
0.00006, 0.00006, 0.00007, 0.00019, 0.00004, 0.00037, 0.00001, 0.00124, 0.00052, 0.00981
0.00043, 0.00022, 0.00227, 0.00023, 0.00045, 0.00272, 0.00021, 0.00133, 0.01738, 0.00015
0.00098, 0.00037, 0.00065, 0.00036, 0.00066, 0.00388, 0.00011, 0.00584, 0.00407, 0.04271
0.00009, 0.00005, 0.00014, 0.00029, 0.00022, 0.00077, 0.00006, 0.00035, 0.00279, 0.01285
0.00004, 0.00011, 0.00050, 0.00065, 0.00038, 0.00485, 0.00023, 0.00110, 0.00208, 0.00661
0.00006, 0.00011, 0.00006, 0.00035, 0.00017, 0.00083, 0.00001, 0.00006, 0.00058, 0.01181
0.00109, 0.00129, 0.00112, 0.00184, 0.00033, 0.00844, 0.00012, 0.00718, 0.00534, 0.04697
0.00001, 0.00008, 0.00016, 0.00001, 0.00018, 0.00025, 0.00001, 0.00009, 0.00011, 0.00008
0.00110, 0.00045, 0.00090, 0.00042, 0.00115, 0.00453, 0.00007, 0.00029, 0.02202, 0.00855
0.00391, 0.00039, 0.00189, 0.00184, 0.00059, 0.00326, 0.00030, 0.00967, 0.00398, 0.00321
0.00161, 0.00033, 0.00118, 0.00163, 0.00095, 0.01179, 0.00024, 0.00632, 0.01804, 0.04461
0.00003, 0.00004, 0.00003, 0.00119, 0.00008, 0.00301, 0.00013, 0.00117, 0.00223, 0.00016
0.00049, 0.00031, 0.00040, 0.00062, 0.00037, 0.00278, 0.00004, 0.00174, 0.00474, 0.00300
0.00019, 0.00005, 0.00160, 0.00010, 0.00004, 0.00127, 0.00056, 0.00013, 0.00631, 0.00014
0.00025, 0.00024, 0.00044, 0.00040, 0.00008, 0.00057, 0.00012, 0.00011, 0.00033, 0.00016
0.00000, 0.00003, 0.00002, 0.00006, 0.00006, 0.00067, 0.00002, 0.00028, 0.00038, 0.00014
0.00099, 0.00052, 0.00114, 0.00075, 0.00083, 0.00479, 0.00041, 0.00087, 0.02520, 0.00079
0.00003, 0.00006, 0.00025, 0.00057, 0.00045, 0.00236, 0.00006, 0.00034, 0.00222, 0.00024
0.00036, 0.00037, 0.00014, 0.00008, 0.00265, 0.00157, 0.00003, 0.00068, 0.00070, 0.00076
0.00048, 0.00048, 0.00021, 0.00014, 0.00012, 0.00086, 0.00005, 0.00019, 0.00037, 0.00030
0.00824, 0.00397, 0.00414, 0.00307, 0.00617, 0.03950, 0.00008, 0.00585, 0.26093, 0.00836
0.00179, 0.00075, 0.00085, 0.00087, 0.00065, 0.00284, 0.00021, 0.00155, 0.00120, 0.00007
0.00032, 0.00059, 0.00024, 0.00034, 0.00314, 0.00308, 0.00005, 0.00327, 0.00091, 0.00558
0.00043, 0.00024, 0.00200, 0.00010, 0.00051, 0.00107, 0.00023, 0.00390, 0.00389, 0.00196
0.00029, 0.00029, 0.00159, 0.00006, 0.00004, 0.00164, 0.00075, 0.00013, 0.00859, 0.00000
0.00095, 0.00010, 0.00123, 0.00037, 0.00407, 0.01297, 0.00006, 0.00199, 0.06232, 0.00100
0.00040, 0.00007, 0.00064, 0.00087, 0.00032, 0.00271, 0.00000, 0.00124, 0.00725, 0.00697
0.00006, 0.00021, 0.00033, 0.00030, 0.00095, 0.00060, 0.00026, 0.00082, 0.00003, 0.00019
0.00025, 0.00017, 0.00006, 0.00012, 0.00019, 0.00073, 0.00002, 0.00093, 0.00330, 0.00020
0.00005, 0.00009, 0.00014, 0.00016, 0.00036, 0.00040, 0.00003, 0.00032, 0.00118, 0.00800
0.00001, 0.00001, 0.00017, 0.00005, 0.00068, 0.00042, 0.00002, 0.00049, 0.00108, 0.00971
0.00062, 0.00118, 0.00118, 0.00231, 0.00061, 0.01188, 0.00008, 0.00805, 0.00355, 0.05164
0.00032, 0.00005, 0.00032, 0.00051, 0.00023, 0.00299, 0.00003, 0.00175, 0.00458, 0.01447
0.00018, 0.00001, 0.00029, 0.00140, 0.00153, 0.00544, 0.00009, 0.00004, 0.00220, 0.00119
0.00038, 0.00015, 0.00019, 0.00021, 0.00049, 0.00218, 0.00006, 0.00006, 0.01239, 0.01148
0.00001, 0.00002, 0.00001, 0.00035, 0.00001, 0.00053, 0.00002, 0.00011, 0.00051, 0.00008
0.00020, 0.00106, 0.00078, 0.00095, 0.00320, 0.00169, 0.00044, 0.00230, 0.00008, 0.00334
0.00006, 0.00004, 0.00021, 0.00057, 0.00012, 0.00041, 0.00002, 0.00110, 0.00025, 0.00827
0.00007, 0.00004, 0.00002, 0.00071, 0.00037, 0.00289, 0.00012, 0.00101, 0.00246, 0.00076
0.00005, 0.00001, 0.00009, 0.00003, 0.00036, 0.00063, 0.00003, 0.00168, 0.00017, 0.00959
0.00009, 0.00002, 0.00002, 0.00001, 0.00013, 0.00005, 0.00001, 0.00113, 0.00011, 0.00024
0.00012, 0.00004, 0.00001, 0.00003, 0.00005, 0.00013, 0.00002, 0.00146, 0.00005, 0.00067
0.00019, 0.00028, 0.00048, 0.00045, 0.00097, 0.00164, 0.00001, 0.00071, 0.00146, 0.00007
0.00283, 0.00140, 0.00278, 0.00110, 0.00252, 0.01289, 0.00019, 0.00134, 0.06897, 0.01797
0.00081, 0.00018, 0.00080, 0.00050, 0.00046, 0.00556, 0.00003, 0.00107, 0.02070, 0.00351
0.00007, 0.00025, 0.00078, 0.00036, 0.00138, 0.00087, 0.00033, 0.00033, 0.00016, 0.00086
0.00009, 0.00023, 0.00013, 0.00014, 0.00009, 0.00016, 0.00000, 0.00082, 0.00011, 0.00030
0.00019, 0.00000, 0.00002, 0.00026, 0.00001, 0.00022, 0.00001, 0.00066, 0.00006, 0.00007
0.00021, 0.00003, 0.00059, 0.00056, 0.00018, 0.00137, 0.00017, 0.00128, 0.00112, 0.00928
0.00010, 0.00042, 0.00050, 0.00014, 0.00000, 0.00062, 0.00001, 0.00167, 0.00119, 0.00061
0.00003, 0.00003, 0.00004, 0.00129, 0.00006, 0.00350, 0.00015, 0.00188, 0.00229, 0.00605
0.00037, 0.00007, 0.00054, 0.00346, 0.00149, 0.01246, 0.00014, 0.00024, 0.01127, 0.00385
0.00145, 0.00127, 0.00359, 0.00055, 0.00174, 0.00566, 0.00140, 0.00449, 0.04134, 0.00177
0.00037, 0.00020, 0.00099, 0.00156, 0.00001, 0.01094, 0.00015, 0.00156, 0.00715, 0.00565
0.00011, 0.00033, 0.00012, 0.00129, 0.00001, 0.00436, 0.00010, 0.00092, 0.00356, 0.00148
0.00306, 0.00116, 0.00148, 0.00144, 0.00277, 0.01257, 0.00016, 0.00170, 0.11638, 0.00472
0.00053, 0.00053, 0.00033, 0.00002, 0.00011, 0.00073, 0.00002, 0.00518, 0.00003, 0.00255
0.00010, 0.00007, 0.00005, 0.00000, 0.00011, 0.00005, 0.00000, 0.00039, 0.00005, 0.00013
0.00102, 0.00037, 0.00073, 0.00059, 0.00136, 0.00404, 0.00026, 0.00149, 0.02532, 0.00141
0.00002, 0.00009, 0.00004, 0.00018, 0.00010, 0.00015, 0.00001, 0.00005, 0.00005, 0.00003
0.00012, 0.00027, 0.00012, 0.00034, 0.00005, 0.00168, 0.00003, 0.00061, 0.00145, 0.00028
0.00008, 0.00009, 0.00078, 0.00023, 0.00004, 0.00115, 0.00026, 0.00050, 0.00059, 0.00076
0.00004, 0.00003, 0.00010, 0.00023, 0.00007, 0.00044, 0.00007, 0.00087, 0.00058, 0.00814
0.00018, 0.00012, 0.00019, 0.00063, 0.00058, 0.00467, 0.00004, 0.00018, 0.00382, 0.00335
0.00013, 0.00016, 0.00006, 0.00017, 0.00007, 0.00010, 0.00000, 0.00099, 0.00011, 0.00026
0.00041, 0.00025, 0.00032, 0.00042, 0.00080, 0.00183, 0.00005, 0.00191, 0.01723, 0.01109
0.00003, 0.00008, 0.00001, 0.00036, 0.00001, 0.00008, 0.00001, 0.00024, 0.00002, 0.00005
0.00051, 0.00038, 0.00030, 0.00014, 0.00017, 0.00070, 0.00002, 0.00492, 0.00004, 0.00251
0.00092, 0.00026, 0.00045, 0.00245, 0.00086, 0.00792, 0.00025, 0.00054, 0.00953, 0.00632
0.00008, 0.00015, 0.00000, 0.00027, 0.00011, 0.00063, 0.00002, 0.00010, 0.00003, 0.01737
0.00004, 0.00011, 0.00003, 0.00011, 0.00001, 0.00029, 0.00003, 0.00007, 0.00025, 0.00010
0.00103, 0.00032, 0.00065, 0.00037, 0.00144, 0.00294, 0.00008, 0.00038, 0.03766, 0.01570
0.00030, 0.00013, 0.00004, 0.00011, 0.00012, 0.00083, 0.00003, 0.00037, 0.00293, 0.00008
0.00003, 0.00009, 0.00013, 0.00004, 0.00000, 0.00003, 0.00000, 0.00052, 0.00002, 0.00014
0.00081, 0.00007, 0.00051, 0.00030, 0.00022, 0.00039, 0.00012, 0.00918, 0.00067, 0.00314
0.00033, 0.00015, 0.00016, 0.00014, 0.00032, 0.00198, 0.00002, 0.00175, 0.00210, 0.02356
0.00029, 0.00026, 0.00062, 0.00009, 0.00025, 0.00061, 0.00021, 0.00024, 0.00536, 0.00008
0.00034, 0.00058, 0.00089, 0.00278, 0.00008, 0.01729, 0.00018, 0.00199, 0.01088, 0.01784
0.00009, 0.00043, 0.00099, 0.00074, 0.00073, 0.00053, 0.00011, 0.00028, 0.00003, 0.00016
0.00007, 0.00094, 0.00071, 0.00328, 0.00003, 0.01409, 0.00028, 0.00604, 0.00908, 0.00234
0.00400, 0.00242, 0.00228, 0.00208, 0.00258, 0.02217, 0.00009, 0.01234, 0.07699, 0.07654
0.00006, 0.00004, 0.00001, 0.00002, 0.00040, 0.00052, 0.00000, 0.00039, 0.00025, 0.00000
0.00064, 0.00026, 0.00023, 0.00062, 0.00072, 0.00346, 0.00006, 0.00051, 0.01464, 0.01118
0.00009, 0.00010, 0.00044, 0.00007, 0.00015, 0.00011, 0.00034, 0.00006, 0.00017, 0.00010
0.00011, 0.00004, 0.00022, 0.00004, 0.00000, 0.00023, 0.00001, 0.00001, 0.00191, 0.00001
0.00009, 0.00004, 0.00045, 0.00024, 0.00000, 0.00169, 0.00046, 0.00041, 0.00218, 0.00050
0.00021, 0.00010, 0.00022, 0.00015, 0.00011, 0.00134, 0.00001, 0.00020, 0.00744, 0.00039
0.00006, 0.00008, 0.00004, 0.00017, 0.00013, 0.00049, 0.00001, 0.00034, 0.00087, 0.00003
0.00001, 0.00004, 0.00022, 0.00062, 0.00049, 0.00217, 0.00006, 0.00095, 0.00060, 0.00760
0.00054, 0.00003, 0.00008, 0.00000, 0.00014, 0.00015, 0.00002, 0.00317, 0.00012, 0.00132
0.00128, 0.00035, 0.00106, 0.00091, 0.00093, 0.00744, 0.00002, 0.00261, 0.02981, 0.01352
0.00004, 0.00006, 0.00021, 0.00006, 0.00171, 0.00167, 0.00001, 0.00101, 0.00051, 0.00265
0.00001, 0.00003, 0.00003, 0.00045, 0.00014, 0.00021, 0.00001, 0.00024, 0.00117, 0.00910
0.00001, 0.00000, 0.00000, 0.00000, 0.00000, 0.00002, 0.00000, 0.00012, 0.00009, 0.00103
0.00035, 0.00011, 0.00084, 0.00037, 0.00125, 0.00357, 0.00013, 0.00340, 0.00325, 0.00130
0.00226, 0.00042, 0.00190, 0.00142, 0.00204, 0.00929, 0.00010, 0.00167, 0.08851, 0.01182
0.00054, 0.00091, 0.00042, 0.00243, 0.00003, 0.01627, 0.00029, 0.00207, 0.01000, 0.02056
0.00079, 0.00007, 0.00023, 0.00004, 0.00028, 0.00017, 0.00005, 0.00581, 0.00009, 0.00253
0.00017, 0.00024, 0.00006, 0.00012, 0.00007, 0.00043, 0.00001, 0.00153, 0.00101, 0.00056
0.00079, 0.00015, 0.00037, 0.00055, 0.00072, 0.00295, 0.00002, 0.00169, 0.01243, 0.01142
0.00010, 0.00025, 0.00030, 0.00014, 0.00007, 0.00066, 0.00008, 0.00213, 0.00009, 0.01720
0.00020, 0.00011, 0.00010, 0.00041, 0.00005, 0.00125, 0.00002, 0.00066, 0.00111, 0.00011
0.00013, 0.00001, 0.00115, 0.00026, 0.00008, 0.00032, 0.00036, 0.00105, 0.00013, 0.00640
0.00073, 0.00036, 0.00027, 0.00061, 0.00084, 0.00409, 0.00005, 0.00053, 0.02587, 0.00120
0.00080, 0.00037, 0.00041, 0.00084, 0.00048, 0.00406, 0.00039, 0.00093, 0.00127, 0.02933
0.00076, 0.00033, 0.00109, 0.00040, 0.00042, 0.00301, 0.00089, 0.00371, 0.00487, 0.02306
0.00027, 0.00009, 0.00017, 0.00031, 0.00006, 0.00090, 0.00001, 0.00109, 0.00087, 0.00004
0.00085, 0.00046, 0.00026, 0.00056, 0.00085, 0.00508, 0.00008, 0.00057, 0.03322, 0.00049
0.00007, 0.00004, 0.00000, 0.00001, 0.00011, 0.00004, 0.00000, 0.00037, 0.00004, 0.00018
0.00007, 0.00004, 0.00013, 0.00004, 0.00002, 0.00034, 0.00039, 0.00161, 0.00066, 0.01221
0.00142, 0.00071, 0.00115, 0.00068, 0.00129, 0.00494, 0.00076, 0.00086, 0.02123, 0.00044
0.00132, 0.00035, 0.00142, 0.00109, 0.00070, 0.00958, 0.00017, 0.00088, 0.05736, 0.00037
0.00017, 0.00005, 0.00010, 0.00030, 0.00023, 0.00092, 0.00002, 0.00008, 0.00713, 0.00132
0.00078, 0.00012, 0.00166, 0.00041, 0.00049, 0.00356, 0.00077, 0.00083, 0.02411, 0.00583
0.00176, 0.00053, 0.00136, 0.00123, 0.00130, 0.01068, 0.00001, 0.00223, 0.05279, 0.00881
0.00112, 0.00199, 0.00186, 0.00640, 0.00012, 0.03559, 0.00062, 0.00483, 0.02083, 0.06439
0.00003, 0.00001, 0.00000, 0.00007, 0.00007, 0.00073, 0.00002, 0.00023, 0.00066, 0.00023
0.00003, 0.00006, 0.00091, 0.00114, 0.00364, 0.00767, 0.00008, 0.00480, 0.00115, 0.02258
0.00038, 0.00069, 0.00026, 0.00034, 0.00008, 0.00211, 0.00004, 0.00034, 0.00137, 0.00065
0.00002, 0.00000, 0.00000, 0.00005, 0.00006, 0.00032, 0.00001, 0.00014, 0.00026, 0.00013
0.00009, 0.00028, 0.00123, 0.00002, 0.00002, 0.00016, 0.00076, 0.00119, 0.00015, 0.00048
0.00168, 0.00023, 0.00114, 0.00129, 0.00192, 0.00372, 0.00021, 0.00157, 0.06049, 0.03289
0.00008, 0.00010, 0.00018, 0.00001, 0.00013, 0.00004, 0.00024, 0.00032, 0.00015, 0.00023
0.00003, 0.00006, 0.00001, 0.00005, 0.00007, 0.00061, 0.00002, 0.00140, 0.00067, 0.00056
0.00054, 0.00043, 0.00018, 0.00005, 0.00010, 0.00037, 0.00004, 0.00013, 0.00010, 0.00014
0.00020, 0.00024, 0.00009, 0.00008, 0.00012, 0.00039, 0.00000, 0.00323, 0.00125, 0.00122
0.00002, 0.00013, 0.00082, 0.00001, 0.00001, 0.00000, 0.00090, 0.00026, 0.00005, 0.00096
0.00071, 0.00004, 0.00106, 0.00072, 0.00053, 0.00479, 0.00002, 0.00363, 0.00879, 0.02785
0.00000, 0.00004, 0.00035, 0.00000, 0.00000, 0.00000, 0.00012, 0.00001, 0.00000, 0.00001
0.00066, 0.00038, 0.00093, 0.00028, 0.00069, 0.00155, 0.00127, 0.00147, 0.00282, 0.00084
0.00011, 0.00016, 0.00207, 0.00004, 0.00015, 0.00013, 0.00084, 0.00043, 0.00037, 0.01744
0.00023, 0.00001, 0.00003, 0.00015, 0.00001, 0.00013, 0.00001, 0.00083, 0.00010, 0.00011
0.00002, 0.00001, 0.00019, 0.00018, 0.00050, 0.00238, 0.00005, 0.00037, 0.00092, 0.00769
0.00002, 0.00002, 0.00007, 0.00001, 0.00006, 0.00030, 0.00006, 0.00002, 0.00057, 0.01375
0.00014, 0.00022, 0.00053, 0.00003, 0.00012, 0.00016, 0.00076, 0.00110, 0.00007, 0.00077
0.00315, 0.00018, 0.00144, 0.00175, 0.00049, 0.00373, 0.00006, 0.00865, 0.00352, 0.00157
0.00246, 0.00072, 0.00166, 0.00083, 0.00155, 0.01200, 0.00004, 0.00236, 0.06747, 0.00723
0.00020, 0.00276, 0.00119, 0.00526, 0.00008, 0.02414, 0.00046, 0.00884, 0.01743, 0.00485
0.00007, 0.00003, 0.00033, 0.00013, 0.00034, 0.00022, 0.00048, 0.00020, 0.00230, 0.00371
0.00113, 0.00032, 0.00160, 0.00075, 0.00051, 0.00467, 0.00018, 0.00013, 0.01732, 0.00147
0.00017, 0.00003, 0.00023, 0.00011, 0.00008, 0.00046, 0.00006, 0.00190, 0.00056, 0.00055
0.00129, 0.00029, 0.00133, 0.00077, 0.00082, 0.00744, 0.00004, 0.00690, 0.01200, 0.05133
0.00010, 0.00023, 0.00008, 0.00021, 0.00032, 0.00021, 0.00001, 0.00009, 0.00009, 0.00006
0.00006, 0.00004, 0.00000, 0.00013, 0.00003, 0.00019, 0.00002, 0.00057, 0.00042, 0.00004
0.00150, 0.00052, 0.00096, 0.00100, 0.00106, 0.00952, 0.00012, 0.00211, 0.04561, 0.00848
0.00009, 0.00003, 0.00029, 0.00089, 0.00009, 0.00133, 0.00001, 0.00082, 0.00050, 0.00633
0.00099, 0.00056, 0.00051, 0.00040, 0.00102, 0.00462, 0.00017, 0.00027, 0.03423, 0.00002
0.00203, 0.00092, 0.00123, 0.00114, 0.00199, 0.01025, 0.00001, 0.00096, 0.07098, 0.00036
0.00003, 0.00103, 0.00041, 0.00015, 0.00005, 0.00031, 0.00060, 0.00006, 0.00004, 0.00005
0.00132, 0.00053, 0.00061, 0.00073, 0.00092, 0.00886, 0.00003, 0.00297, 0.02919, 0.01815
0.00381, 0.00195, 0.00147, 0.00181, 0.00376, 0.01874, 0.00007, 0.00146, 0.11092, 0.01542
0.00042, 0.00018, 0.00006, 0.00010, 0.00018, 0.00052, 0.00000, 0.00408, 0.00004, 0.00203
0.00202, 0.00077, 0.00133, 0.00076, 0.00132, 0.00986, 0.00050, 0.00432, 0.03949, 0.02347
0.00115, 0.00043, 0.00059, 0.00039, 0.00135, 0.00313, 0.00005, 0.00054, 0.04650, 0.00365
0.00228, 0.00089, 0.00320, 0.00081, 0.00154, 0.00718, 0.00071, 0.00428, 0.03019, 0.01742
0.00024, 0.00092, 0.00073, 0.00198, 0.00009, 0.00896, 0.00022, 0.00167, 0.00685, 0.00296
0.00065, 0.00017, 0.00086, 0.00120, 0.00241, 0.00891, 0.00008, 0.00128, 0.00699, 0.00616
0.00018, 0.00013, 0.00013, 0.00011, 0.00009, 0.00105, 0.00000, 0.00054, 0.00346, 0.00413
0.00000, 0.00009, 0.00047, 0.00009, 0.00126, 0.00326, 0.00011, 0.00037, 0.00090, 0.00714
0.00010, 0.00015, 0.00035, 0.00003, 0.00004, 0.00015, 0.00030, 0.00127, 0.00002, 0.00068
0.00004, 0.00007, 0.00003, 0.00000, 0.00013, 0.00006, 0.00010, 0.00019, 0.00003, 0.00043
0.00175, 0.00020, 0.00211, 0.00067, 0.00106, 0.01030, 0.00011, 0.00207, 0.04794, 0.00890
0.00006, 0.00005, 0.00089, 0.00013, 0.00003, 0.00017, 0.00016, 0.00085, 0.00033, 0.00522
0.00003, 0.00005, 0.00008, 0.00055, 0.00002, 0.00084, 0.00006, 0.00014, 0.00111, 0.00018
0.00014, 0.00023, 0.00010, 0.00078, 0.00002, 0.00252, 0.00005, 0.00067, 0.00216, 0.00057
0.00132, 0.00006, 0.00169, 0.00144, 0.00048, 0.00549, 0.00020, 0.00732, 0.00612, 0.00179
0.00006, 0.00009, 0.00002, 0.00011, 0.00002, 0.00018, 0.00001, 0.00084, 0.00014, 0.00024
0.00004, 0.00002, 0.00000, 0.00002, 0.00013, 0.00018, 0.00000, 0.00012, 0.00010, 0.00029
0.00004, 0.00018, 0.00090, 0.00001, 0.00005, 0.00008, 0.00058, 0.00009, 0.00014, 0.00006
0.00052, 0.00031, 0.00013, 0.00008, 0.00023, 0.00070, 0.00000, 0.00547, 0.00004, 0.00272
0.00004, 0.00024, 0.00008, 0.00032, 0.00002, 0.00167, 0.00003, 0.00036, 0.00119, 0.00054
0.00008, 0.00010, 0.00018, 0.00125, 0.00005, 0.00209, 0.00006, 0.00115, 0.00156, 0.00110
0.00104, 0.00026, 0.00056, 0.00094, 0.00077, 0.00632, 0.00011, 0.00315, 0.02194, 0.02126
0.00044, 0.00005, 0.00020, 0.00025, 0.00021, 0.00027, 0.00001, 0.00115, 0.00045, 0.00382
0.00016, 0.00018, 0.00003, 0.00004, 0.00017, 0.00089, 0.00003, 0.00492, 0.00057, 0.00207
0.00004, 0.00003, 0.00003, 0.00013, 0.00003, 0.00030, 0.00003, 0.00071, 0.00034, 0.00005
0.00035, 0.00005, 0.00037, 0.00046, 0.00063, 0.00129, 0.00011, 0.00020, 0.00916, 0.01442
0.00011, 0.00013, 0.00003, 0.00011, 0.00002, 0.00018, 0.00001, 0.00138, 0.00008, 0.00055
0.00039, 0.00012, 0.00017, 0.00034, 0.00034, 0.00178, 0.00016, 0.00049, 0.00048, 0.01963
0.00126, 0.00057, 0.00086, 0.00198, 0.00047, 0.00593, 0.00008, 0.00161, 0.00662, 0.00539
0.00082, 0.00012, 0.00070, 0.00041, 0.00081, 0.00534, 0.00006, 0.00027, 0.02178, 0.00014
0.00037, 0.00001, 0.00014, 0.00067, 0.00015, 0.00121, 0.00004, 0.00140, 0.00103, 0.00017
0.00059, 0.00054, 0.00048, 0.00068, 0.00036, 0.00321, 0.00010, 0.00237, 0.00186, 0.00215
0.00004, 0.00010, 0.00032, 0.00131, 0.00002, 0.00460, 0.00009, 0.00110, 0.00380, 0.00149
0.00151, 0.00002, 0.00084, 0.00055, 0.00016, 0.00035, 0.00015, 0.00725, 0.00059, 0.00171
0.00009, 0.00029, 0.00199, 0.00006, 0.00009, 0.00100, 0.00020, 0.00156, 0.00466, 0.00035
0.00384, 0.00122, 0.00153, 0.00306, 0.00086, 0.00853, 0.00013, 0.00479, 0.00398, 0.02188
0.00038, 0.00017, 0.00035, 0.00015, 0.00051, 0.00194, 0.00000, 0.00206, 0.01241, 0.00058
0.00025, 0.00011, 0.00015, 0.00009, 0.00032, 0.00166, 0.00002, 0.00456, 0.00062, 0.03945
0.00025, 0.00026, 0.00004, 0.00025, 0.00018, 0.00119, 0.00002, 0.00170, 0.00525, 0.00051
0.00089, 0.00040, 0.00044, 0.00041, 0.00083, 0.00506, 0.00006, 0.00073, 0.02373, 0.00902
0.00002, 0.00021, 0.00034, 0.00098, 0.00015, 0.00054, 0.00003, 0.00009, 0.00027, 0.00063
0.00007, 0.00014, 0.00000, 0.00009, 0.00001, 0.00006, 0.00001, 0.00026, 0.00003, 0.00011
0.00020, 0.00002, 0.00044, 0.00012, 0.00009, 0.00141, 0.00022, 0.00109, 0.00220, 0.00860
0.00029, 0.00073, 0.00016, 0.00053, 0.00082, 0.00040, 0.00001, 0.00015, 0.00010, 0.00011
0.00026, 0.00021, 0.00025, 0.00010, 0.00144, 0.00254, 0.00006, 0.00085, 0.01151, 0.00041
0.00037, 0.00022, 0.00006, 0.00005, 0.00017, 0.00056, 0.00000, 0.00400, 0.00007, 0.00197
0.00030, 0.00011, 0.00024, 0.00017, 0.00004, 0.00027, 0.00004, 0.00044, 0.00052, 0.00001
0.00013, 0.00029, 0.00012, 0.00049, 0.00054, 0.00052, 0.00002, 0.00022, 0.00000, 0.00019
0.00030, 0.00010, 0.00030, 0.00091, 0.00068, 0.00451, 0.00008, 0.00037, 0.00370, 0.01084
0.00278, 0.00008, 0.00158, 0.00150, 0.00050, 0.00335, 0.00006, 0.01008, 0.00403, 0.00214
0.00012, 0.00004, 0.00014, 0.00084, 0.00003, 0.00428, 0.00007, 0.00042, 0.00358, 0.00775
0.00018, 0.00006, 0.00002, 0.00009, 0.00022, 0.00115, 0.00002, 0.00094, 0.00194, 0.00680
0.00016, 0.00011, 0.00002, 0.00001, 0.00016, 0.00042, 0.00001, 0.00399, 0.00017, 0.00163
0.00010, 0.00019, 0.00005, 0.00014, 0.00001, 0.00020, 0.00001, 0.00103, 0.00005, 0.00047
0.00009, 0.00006, 0.00021, 0.00076, 0.00021, 0.00119, 0.00003, 0.00197, 0.00118, 0.01897
0.00023, 0.00025, 0.00061, 0.00004, 0.00012, 0.00025, 0.00020, 0.00182, 0.00014, 0.00115
0.00030, 0.00021, 0.00008, 0.00029, 0.00015, 0.00066, 0.00004, 0.00703, 0.00063, 0.00222
0.00039, 0.00022, 0.00026, 0.00015, 0.00002, 0.00034, 0.00008, 0.00005, 0.00014, 0.00007
0.00006, 0.00003, 0.00002, 0.00028, 0.00003, 0.00061, 0.00004, 0.00074, 0.00074, 0.00002
0.00004, 0.00029, 0.00014, 0.00019, 0.00012, 0.00198, 0.00010, 0.00372, 0.00247, 0.00149
0.00065, 0.00002, 0.00026, 0.00026, 0.00014, 0.00010, 0.00002, 0.00534, 0.00030, 0.00124
0.00003, 0.00006, 0.00045, 0.00061, 0.00064, 0.00346, 0.00006, 0.00025, 0.00303, 0.00047
0.00003, 0.00013, 0.00029, 0.00001, 0.00004, 0.00009, 0.00043, 0.00169, 0.00008, 0.00054
0.00114, 0.00023, 0.00181, 0.00246, 0.00572, 0.01492, 0.00005, 0.00039, 0.00663, 0.00779
0.00002, 0.00015, 0.00008, 0.00003, 0.00142, 0.00068, 0.00004, 0.00142, 0.00010, 0.00481
0.00059, 0.00001, 0.00027, 0.00008, 0.00034, 0.00229, 0.00026, 0.00018, 0.01485, 0.00015
0.00002, 0.00005, 0.00021, 0.00002, 0.00000, 0.00006, 0.00029, 0.00044, 0.00008, 0.00263
0.00006, 0.00001, 0.00002, 0.00025, 0.00009, 0.00148, 0.00004, 0.00041, 0.00129, 0.00035
0.00004, 0.00013, 0.00014, 0.00022, 0.00004, 0.00114, 0.00006, 0.00034, 0.00345, 0.00072
0.00007, 0.00015, 0.00004, 0.00013, 0.00005, 0.00008, 0.00000, 0.00029, 0.00004, 0.00009
0.00384, 0.00197, 0.00235, 0.00170, 0.00367, 0.01781, 0.00020, 0.00173, 0.14276, 0.00144
0.00086, 0.00008, 0.00096, 0.00108, 0.00055, 0.00548, 0.00012, 0.00068, 0.04315, 0.00041
0.00002, 0.00015, 0.00146, 0.00002, 0.00001, 0.00006, 0.00059, 0.00008, 0.00002, 0.00016
0.00006, 0.00036, 0.00062, 0.00051, 0.00011, 0.00004, 0.00062, 0.00000, 0.00039, 0.00083
0.00007, 0.00005, 0.00003, 0.00063, 0.00039, 0.00165, 0.00008, 0.00073, 0.00152, 0.00057
0.00065, 0.00041, 0.00042, 0.00161, 0.00020, 0.00470, 0.00010, 0.00119, 0.00363, 0.00044
0.00043, 0.00019, 0.00060, 0.00015, 0.00030, 0.00141, 0.00010, 0.00031, 0.00969, 0.00028
0.00008, 0.00011, 0.00010, 0.00254, 0.00002, 0.00806, 0.00038, 0.00204, 0.00655, 0.00279
0.00019, 0.00001, 0.00125, 0.00216, 0.00482, 0.01598, 0.00013, 0.00021, 0.01051, 0.01349
0.00028, 0.00006, 0.00074, 0.00011, 0.00024, 0.00065, 0.00025, 0.00281, 0.00088, 0.02646
0.00010, 0.00009, 0.00002, 0.00012, 0.00004, 0.00013, 0.00001, 0.00134, 0.00009, 0.00048
0.00073, 0.00099, 0.00017, 0.00038, 0.00355, 0.00101, 0.00005, 0.00098, 0.00024, 0.00054
0.00002, 0.00002, 0.00004, 0.00103, 0.00006, 0.00117, 0.00001, 0.00027, 0.00075, 0.00123
0.00001, 0.00000, 0.00006, 0.00070, 0.00004, 0.00154, 0.00005, 0.00062, 0.00149, 0.00027
0.00017, 0.00007, 0.00016, 0.00007, 0.00045, 0.00164, 0.00002, 0.00098, 0.00414, 0.00518
0.00119, 0.00101, 0.00062, 0.00158, 0.00024, 0.00799, 0.00010, 0.00353, 0.00348, 0.03117
0.00073, 0.00035, 0.00029, 0.00055, 0.00065, 0.00509, 0.00009, 0.00032, 0.02271, 0.00528
0.00008, 0.00003, 0.00050, 0.00003, 0.00143, 0.00262, 0.00023, 0.00058, 0.00788, 0.00076
0.00012, 0.00019, 0.00020, 0.00022, 0.00047, 0.00010, 0.00004, 0.00165, 0.00031, 0.00030
0.00014, 0.00088, 0.00047, 0.00147, 0.00002, 0.00693, 0.00015, 0.00204, 0.00428, 0.00130
0.00002, 0.00011, 0.00030, 0.00205, 0.00012, 0.00611, 0.00010, 0.00121, 0.00407, 0.00203
0.00017, 0.00025, 0.00101, 0.00006, 0.00004, 0.00032, 0.00005, 0.00238, 0.00029, 0.00081
0.00189, 0.00082, 0.00137, 0.00116, 0.00175, 0.00959, 0.00003, 0.00090, 0.06115, 0.00050
0.00026, 0.00116, 0.00020, 0.00066, 0.00129, 0.00058, 0.00002, 0.00042, 0.00015, 0.00025
0.00001, 0.00003, 0.00023, 0.00030, 0.00001, 0.00096, 0.00002, 0.00021, 0.00076, 0.00029
0.00094, 0.00025, 0.00085, 0.00075, 0.00069, 0.00482, 0.00001, 0.00140, 0.02242, 0.00523
0.00272, 0.00020, 0.00208, 0.00288, 0.00121, 0.00937, 0.00008, 0.00708, 0.00977, 0.00170
0.00054, 0.00037, 0.00026, 0.00020, 0.00052, 0.00214, 0.00005, 0.00014, 0.01594, 0.00015
0.00001, 0.00000, 0.00000, 0.00003, 0.00001, 0.00002, 0.00001, 0.00021, 0.00013, 0.00141
0.00011, 0.00014, 0.00015, 0.00013, 0.00157, 0.00121, 0.00003, 0.00117, 0.00027, 0.00385
0.00037, 0.00023, 0.00011, 0.00010, 0.00225, 0.00041, 0.00009, 0.00068, 0.00013, 0.00022
0.00025, 0.00017, 0.00002, 0.00019, 0.00012, 0.00019, 0.00001, 0.00354, 0.00014, 0.00126
0.00007, 0.00003, 0.00002, 0.00003, 0.00009, 0.00050, 0.00000, 0.00102, 0.00069, 0.01859
0.00026, 0.00007, 0.00029, 0.00043, 0.00016, 0.00156, 0.00004, 0.00270, 0.00176, 0.00011
0.00057, 0.00004, 0.00093, 0.00099, 0.00118, 0.00522, 0.00005, 0.00402, 0.01387, 0.03537
0.00035, 0.00008, 0.00074, 0.00023, 0.00047, 0.00132, 0.00045, 0.00342, 0.00146, 0.00122
0.00003, 0.00002, 0.00001, 0.00083, 0.00001, 0.00103, 0.00005, 0.00041, 0.00108, 0.00000
0.00059, 0.00007, 0.00056, 0.00040, 0.00042, 0.00338, 0.00008, 0.00276, 0.00730, 0.02604
0.00061, 0.00093, 0.00084, 0.00415, 0.00010, 0.02465, 0.00035, 0.00329, 0.01483, 0.03610
0.00041, 0.00014, 0.00011, 0.00034, 0.00001, 0.00062, 0.00000, 0.00007, 0.00074, 0.00102
0.00037, 0.00100, 0.00036, 0.00064, 0.00010, 0.00396, 0.00006, 0.00069, 0.00277, 0.00130
0.00002, 0.00000, 0.00000, 0.00038, 0.00001, 0.00070, 0.00004, 0.00019, 0.00067, 0.00091
0.00051, 0.00152, 0.00109, 0.00136, 0.00306, 0.00034, 0.00016, 0.00041, 0.00001, 0.00018
0.00098, 0.00052, 0.00108, 0.00164, 0.00101, 0.00995, 0.00036, 0.00201, 0.00359, 0.04843
0.00055, 0.00022, 0.00030, 0.00002, 0.00025, 0.00081, 0.00008, 0.00893, 0.00101, 0.00297
0.00014, 0.00004, 0.00003, 0.00020, 0.00011, 0.00046, 0.00003, 0.00108, 0.00117, 0.00006
0.00247, 0.00075, 0.00201, 0.00137, 0.00176, 0.01505, 0.00025, 0.00274, 0.05760, 0.01574
0.00013, 0.00010, 0.00009, 0.00005, 0.00022, 0.00008, 0.00012, 0.00003, 0.00240, 0.00251
0.00025, 0.00039, 0.00042, 0.00009, 0.00239, 0.00039, 0.00024, 0.00068, 0.00021, 0.00032
0.00001, 0.00001, 0.00006, 0.00001, 0.00092, 0.00043, 0.00007, 0.00104, 0.00001, 0.00220
0.00044, 0.00003, 0.00019, 0.00007, 0.00008, 0.00000, 0.00016, 0.00191, 0.00004, 0.00080
0.00043, 0.00012, 0.00020, 0.00065, 0.00074, 0.00215, 0.00001, 0.00029, 0.00657, 0.00981
0.00026, 0.00010, 0.00005, 0.00039, 0.00023, 0.00091, 0.00004, 0.00087, 0.00181, 0.00018
0.00015, 0.00006, 0.00004, 0.00038, 0.00012, 0.00047, 0.00004, 0.00149, 0.00011, 0.00033
0.00215, 0.00113, 0.00123, 0.00083, 0.00198, 0.01056, 0.00019, 0.00060, 0.07254, 0.00140
0.00025, 0.00071, 0.00063, 0.00061, 0.00144, 0.00061, 0.00007, 0.00045, 0.00010, 0.00025
0.00077, 0.00031, 0.00040, 0.00040, 0.00052, 0.00385, 0.00007, 0.00033, 0.02264, 0.00002
0.00037, 0.00028, 0.00049, 0.00008, 0.00028, 0.00056, 0.00015, 0.00168, 0.00034, 0.00859
0.00014, 0.00007, 0.00014, 0.00066, 0.00013, 0.00385, 0.00019, 0.00028, 0.00238, 0.00743
0.00017, 0.00001, 0.00000, 0.00027, 0.00030, 0.00197, 0.00003, 0.00078, 0.00154, 0.00078
0.00012, 0.00022, 0.00063, 0.00047, 0.00165, 0.00167, 0.00015, 0.00012, 0.00048, 0.00019
0.00103, 0.00063, 0.00062, 0.00042, 0.00177, 0.00564, 0.00038, 0.00046, 0.04148, 0.00038
0.00025, 0.00006, 0.00038, 0.00038, 0.00027, 0.00137, 0.00004, 0.00189, 0.00066, 0.00004
0.00002, 0.00000, 0.00000, 0.00002, 0.00001, 0.00015, 0.00000, 0.00010, 0.00027, 0.00004
0.00036, 0.00010, 0.00029, 0.00047, 0.00035, 0.00219, 0.00001, 0.00028, 0.01389, 0.00301
0.00198, 0.00057, 0.00119, 0.00210, 0.00169, 0.01027, 0.00008, 0.00212, 0.05502, 0.00492
0.00026, 0.00009, 0.00008, 0.00009, 0.00020, 0.00135, 0.00001, 0.00255, 0.00041, 0.02339
0.00393, 0.00183, 0.00284, 0.00294, 0.00054, 0.00735, 0.00050, 0.00711, 0.00656, 0.00021
0.00018, 0.00051, 0.00003, 0.00047, 0.00007, 0.00186, 0.00006, 0.00410, 0.00284, 0.00214
0.00008, 0.00004, 0.00006, 0.00006, 0.00012, 0.00040, 0.00002, 0.00017, 0.00013, 0.00009
0.00163, 0.00064, 0.00192, 0.00240, 0.00554, 0.01976, 0.00009, 0.00342, 0.01093, 0.01592
0.00019, 0.00003, 0.00011, 0.00016, 0.00010, 0.00093, 0.00004, 0.00067, 0.00305, 0.00001
0.00051, 0.00001, 0.00071, 0.00134, 0.00012, 0.00620, 0.00009, 0.00242, 0.00489, 0.00165
0.00002, 0.00001, 0.00001, 0.00001, 0.00004, 0.00015, 0.00001, 0.00006, 0.00006, 0.00082
0.00053, 0.00029, 0.00016, 0.00020, 0.00038, 0.00217, 0.00004, 0.00493, 0.00059, 0.03987
0.00006, 0.00002, 0.00001, 0.00011, 0.00004, 0.00014, 0.00003, 0.00122, 0.00012, 0.00016
0.00025, 0.00028, 0.00007, 0.00002, 0.00039, 0.00010, 0.00001, 0.00224, 0.00003, 0.00099
0.00057, 0.00036, 0.00020, 0.00021, 0.00045, 0.00238, 0.00000, 0.00061, 0.01385, 0.00170
0.00005, 0.00010, 0.00005, 0.00049, 0.00040, 0.00046, 0.00004, 0.00033, 0.00037, 0.00083
0.00018, 0.00012, 0.00001, 0.00019, 0.00007, 0.00026, 0.00002, 0.00218, 0.00020, 0.00083
0.00004, 0.00008, 0.00023, 0.00001, 0.00002, 0.00016, 0.00010, 0.00080, 0.00027, 0.00032
0.00019, 0.00002, 0.00001, 0.00011, 0.00009, 0.00081, 0.00003, 0.00108, 0.00079, 0.00010
0.00027, 0.00018, 0.00022, 0.00007, 0.00011, 0.00016, 0.00006, 0.00130, 0.00019, 0.00021
0.00001, 0.00005, 0.00036, 0.00001, 0.00001, 0.00001, 0.00018, 0.00000, 0.00002, 0.00002
0.00004, 0.00029, 0.00010, 0.00050, 0.00009, 0.00216, 0.00003, 0.00123, 0.00129, 0.00076
0.00029, 0.00032, 0.00028, 0.00208, 0.00003, 0.00985, 0.00024, 0.00157, 0.00636, 0.01514
0.00001, 0.00001, 0.00000, 0.00000, 0.00003, 0.00001, 0.00001, 0.00003, 0.00005, 0.00094
0.00182, 0.00075, 0.00089, 0.00094, 0.00131, 0.01070, 0.00010, 0.00125, 0.07122, 0.00116
0.00215, 0.00110, 0.00193, 0.00231, 0.00051, 0.00760, 0.00018, 0.00506, 0.00535, 0.00036
0.00005, 0.00058, 0.00087, 0.00008, 0.00138, 0.00029, 0.00021, 0.00044, 0.00016, 0.00020
0.00025, 0.00033, 0.00114, 0.00006, 0.00024, 0.00038, 0.00155, 0.00232, 0.00015, 0.00153
0.00014, 0.00010, 0.00009, 0.00046, 0.00008, 0.00182, 0.00007, 0.00127, 0.00178, 0.00016
0.00067, 0.00028, 0.00040, 0.00048, 0.00132, 0.00312, 0.00026, 0.00048, 0.00851, 0.01231
0.00059, 0.00029, 0.00034, 0.00018, 0.00005, 0.00048, 0.00040, 0.00014, 0.00427, 0.00004
0.00002, 0.00001, 0.00022, 0.00001, 0.00001, 0.00012, 0.00001, 0.00034, 0.00009, 0.00285
0.00202, 0.00048, 0.00166, 0.00084, 0.00107, 0.00913, 0.00034, 0.00048, 0.04265, 0.00016
0.00053, 0.00005, 0.00031, 0.00011, 0.00039, 0.00010, 0.00006, 0.00173, 0.00088, 0.01825
0.00015, 0.00025, 0.00001, 0.00017, 0.00009, 0.00006, 0.00002, 0.00053, 0.00011, 0.00043
0.00010, 0.00001, 0.00183, 0.00004, 0.00006, 0.00004, 0.00033, 0.00039, 0.00006, 0.00172
0.00009, 0.00028, 0.00008, 0.00060, 0.00002, 0.00398, 0.00007, 0.00093, 0.00264, 0.00310
0.00128, 0.00060, 0.00131, 0.00046, 0.00243, 0.00809, 0.00069, 0.00040, 0.03567, 0.00124
0.00005, 0.00010, 0.00011, 0.00001, 0.00006, 0.00004, 0.00025, 0.00010, 0.00000, 0.00006
0.00001, 0.00005, 0.00005, 0.00083, 0.00007, 0.00070, 0.00001, 0.00011, 0.00045, 0.00068
0.00003, 0.00004, 0.00013, 0.00060, 0.00004, 0.00132, 0.00003, 0.00039, 0.00091, 0.00001
0.00000, 0.00006, 0.00043, 0.00000, 0.00000, 0.00000, 0.00009, 0.00001, 0.00002, 0.00000
0.00039, 0.00031, 0.00028, 0.00249, 0.00004, 0.01442, 0.00015, 0.00209, 0.01165, 0.01109
0.00147, 0.00050, 0.00100, 0.00056, 0.00104, 0.00655, 0.00003, 0.00217, 0.03061, 0.00916
0.00106, 0.00008, 0.00074, 0.00031, 0.00042, 0.00533, 0.00016, 0.00052, 0.03005, 0.00030
0.00006, 0.00028, 0.00040, 0.00003, 0.00033, 0.00026, 0.00035, 0.00029, 0.00012, 0.00018
0.00000, 0.00000, 0.00000, 0.00000, 0.00002, 0.00005, 0.00001, 0.00000, 0.00011, 0.00226
0.00002, 0.00001, 0.00001, 0.00006, 0.00021, 0.00045, 0.00001, 0.00095, 0.00017, 0.00589
0.00178, 0.00110, 0.00141, 0.00074, 0.00060, 0.00599, 0.00013, 0.00175, 0.02995, 0.00260
0.00247, 0.00027, 0.00104, 0.00107, 0.00050, 0.00233, 0.00023, 0.00492, 0.00250, 0.00519
0.00240, 0.00112, 0.00097, 0.00122, 0.00172, 0.01176, 0.00022, 0.00157, 0.08518, 0.00137
0.00019, 0.00032, 0.00241, 0.00007, 0.00019, 0.00105, 0.00009, 0.00197, 0.00573, 0.00070
0.00008, 0.00001, 0.00021, 0.00083, 0.00029, 0.00302, 0.00012, 0.00211, 0.00336, 0.00009
0.00021, 0.00035, 0.00011, 0.00011, 0.00001, 0.00038, 0.00003, 0.00169, 0.00010, 0.00078
0.00031, 0.00024, 0.00023, 0.00085, 0.00007, 0.00346, 0.00004, 0.00021, 0.00404, 0.00465
0.00015, 0.00031, 0.00095, 0.00003, 0.00003, 0.00003, 0.00011, 0.00148, 0.00012, 0.00072
0.00004, 0.00010, 0.00005, 0.00018, 0.00004, 0.00045, 0.00001, 0.00043, 0.00134, 0.00013
0.00014, 0.00014, 0.00002, 0.00003, 0.00014, 0.00075, 0.00002, 0.00384, 0.00055, 0.00163
0.00004, 0.00006, 0.00025, 0.00000, 0.00001, 0.00003, 0.00007, 0.00053, 0.00004, 0.00023
0.00009, 0.00009, 0.00019, 0.00006, 0.00004, 0.00022, 0.00028, 0.00010, 0.00009, 0.00668
0.00043, 0.00015, 0.00019, 0.00035, 0.00024, 0.00149, 0.00005, 0.00312, 0.00165, 0.00014
0.00013, 0.00035, 0.00042, 0.00192, 0.00011, 0.00490, 0.00007, 0.00194, 0.00251, 0.00176
0.00024, 0.00022, 0.00002, 0.00000, 0.00018, 0.00098, 0.00001, 0.00412, 0.00081, 0.00200
0.00004, 0.00009, 0.00011, 0.00029, 0.00010, 0.00176, 0.00007, 0.00081, 0.00153, 0.00026
0.00001, 0.00005, 0.00006, 0.00028, 0.00004, 0.00027, 0.00008, 0.00003, 0.00024, 0.00020
0.00013, 0.00018, 0.00011, 0.00018, 0.00020, 0.00012, 0.00003, 0.00396, 0.00016, 0.00107
0.00011, 0.00014, 0.00002, 0.00002, 0.00030, 0.00008, 0.00009, 0.00010, 0.00000, 0.00003
0.00205, 0.00063, 0.00130, 0.00161, 0.00175, 0.00963, 0.00010, 0.00185, 0.07495, 0.01019
0.00009, 0.00032, 0.00012, 0.00034, 0.00002, 0.00163, 0.00001, 0.00036, 0.00097, 0.00047
0.00000, 0.00000, 0.00005, 0.00000, 0.00027, 0.00031, 0.00000, 0.00011, 0.00080, 0.00001
0.00008, 0.00024, 0.00025, 0.00085, 0.00006, 0.00095, 0.00053, 0.00039, 0.00136, 0.00045
0.00002, 0.00001, 0.00000, 0.00000, 0.00001, 0.00003, 0.00001, 0.00029, 0.00001, 0.00013
0.00006, 0.00002, 0.00015, 0.00003, 0.00057, 0.00136, 0.00001, 0.00092, 0.00266, 0.00350
0.00000, 0.00021, 0.00009, 0.00092, 0.00023, 0.00143, 0.00011, 0.00211, 0.00220, 0.01158
0.00009, 0.00005, 0.00001, 0.00012, 0.00006, 0.00017, 0.00003, 0.00136, 0.00007, 0.00026
0.00002, 0.00015, 0.00016, 0.00060, 0.00010, 0.00066, 0.00000, 0.00038, 0.00020, 0.00109
0.00124, 0.00194, 0.00070, 0.00077, 0.00016, 0.00454, 0.00007, 0.00073, 0.00266, 0.00147
0.00037, 0.00005, 0.00054, 0.00079, 0.00102, 0.00172, 0.00009, 0.00000, 0.01614, 0.04436
0.00012, 0.00016, 0.00051, 0.00082, 0.00023, 0.00050, 0.00012, 0.00184, 0.00088, 0.01439
0.00052, 0.00011, 0.00011, 0.00001, 0.00035, 0.00024, 0.00006, 0.00534, 0.00006, 0.00235
0.00320, 0.00154, 0.00138, 0.00121, 0.00240, 0.01679, 0.00011, 0.00982, 0.05168, 0.06693
0.00026, 0.00029, 0.00158, 0.00006, 0.00031, 0.00095, 0.00039, 0.00158, 0.00485, 0.00073
0.00001, 0.00028, 0.00021, 0.00173, 0.00002, 0.00261, 0.00008, 0.00149, 0.00394, 0.00036
0.00012, 0.00006, 0.00006, 0.00035, 0.00008, 0.00023, 0.00003, 0.00179, 0.00042, 0.00039
0.00036, 0.00020, 0.00011, 0.00009, 0.00014, 0.00043, 0.00000, 0.00392, 0.00006, 0.00193
0.00002, 0.00007, 0.00005, 0.00012, 0.00001, 0.00013, 0.00000, 0.00008, 0.00006, 0.00166
0.00021, 0.00012, 0.00058, 0.00012, 0.00001, 0.00016, 0.00033, 0.00006, 0.00006, 0.00004
0.00262, 0.00127, 0.00121, 0.00239, 0.00065, 0.00864, 0.00009, 0.00176, 0.00234, 0.00781
0.00019, 0.00029, 0.00035, 0.00066, 0.00006, 0.00380, 0.00009, 0.00069, 0.00207, 0.00116
0.00017, 0.00012, 0.00193, 0.00006, 0.00015, 0.00089, 0.00012, 0.00040, 0.00615, 0.00016
0.00046, 0.00006, 0.00033, 0.00036, 0.00118, 0.00230, 0.00005, 0.00129, 0.00132, 0.00917
0.00001, 0.00002, 0.00002, 0.00001, 0.00012, 0.00003, 0.00000, 0.00005, 0.00004, 0.00008
0.00000, 0.00000, 0.00005, 0.00000, 0.00000, 0.00000, 0.00003, 0.00001, 0.00000, 0.00007
0.00099, 0.00008, 0.00223, 0.00049, 0.00051, 0.00619, 0.00007, 0.00058, 0.04231, 0.00057
0.00001, 0.00009, 0.00038, 0.00057, 0.00013, 0.00241, 0.00011, 0.00043, 0.00128, 0.00076
0.00098, 0.00053, 0.00225, 0.00036, 0.00057, 0.00365, 0.00057, 0.00032, 0.03349, 0.00023
0.00363, 0.00160, 0.00177, 0.00177, 0.00360, 0.02146, 0.00005, 0.00237, 0.10190, 0.03525
0.00294, 0.00092, 0.00245, 0.00146, 0.00190, 0.01603, 0.00034, 0.00401, 0.07187, 0.01556
0.00047, 0.00001, 0.00001, 0.00006, 0.00033, 0.00057, 0.00006, 0.00030, 0.00024, 0.00023
0.00020, 0.00030, 0.00080, 0.00004, 0.00014, 0.00024, 0.00066, 0.00192, 0.00013, 0.00123
0.00129, 0.00168, 0.00131, 0.00291, 0.00036, 0.01423, 0.00009, 0.00737, 0.00690, 0.04350
0.00013, 0.00006, 0.00005, 0.00004, 0.00009, 0.00066, 0.00000, 0.00245, 0.00101, 0.02145
0.00008, 0.00007, 0.00006, 0.00010, 0.00002, 0.00060, 0.00001, 0.00015, 0.00039, 0.00020
0.00043, 0.00047, 0.00017, 0.00072, 0.00144, 0.00151, 0.00004, 0.00061, 0.00056, 0.00007
0.00014, 0.00013, 0.00351, 0.00006, 0.00013, 0.00018, 0.00090, 0.00024, 0.00026, 0.00967
0.00233, 0.00124, 0.00123, 0.00093, 0.00235, 0.01183, 0.00002, 0.00137, 0.05358, 0.02688
0.00011, 0.00025, 0.00008, 0.00238, 0.00002, 0.00915, 0.00039, 0.00363, 0.00699, 0.00156
0.00009, 0.00011, 0.00018, 0.00067, 0.00016, 0.00143, 0.00001, 0.00004, 0.00387, 0.00312
0.00003, 0.00017, 0.00093, 0.00000, 0.00003, 0.00001, 0.00189, 0.00015, 0.00014, 0.00019
0.00013, 0.00073, 0.00169, 0.00080, 0.00179, 0.00104, 0.00014, 0.00053, 0.00007, 0.00031
0.00114, 0.00046, 0.00041, 0.00042, 0.00083, 0.00488, 0.00003, 0.00566, 0.00742, 0.04219
0.00023, 0.00009, 0.00002, 0.00005, 0.00010, 0.00026, 0.00000, 0.00237, 0.00006, 0.00117
0.00478, 0.00174, 0.00276, 0.00433, 0.00057, 0.01307, 0.00027, 0.00501, 0.01086, 0.02754
0.00031, 0.00024, 0.00094, 0.00005, 0.00027, 0.00047, 0.00023, 0.00333, 0.00056, 0.00185
0.00001, 0.00000, 0.00002, 0.00027, 0.00001, 0.00054, 0.00002, 0.00010, 0.00056, 0.00041
0.00003, 0.00002, 0.00002, 0.00002, 0.00002, 0.00006, 0.00003, 0.00040, 0.00013, 0.00276
0.00039, 0.00033, 0.00011, 0.00035, 0.00034, 0.00190, 0.00003, 0.00212, 0.01039, 0.00054
0.00045, 0.00006, 0.00072, 0.00028, 0.00031, 0.00083, 0.00025, 0.00239, 0.00108, 0.00072
0.00013, 0.00039, 0.00117, 0.00002, 0.00013, 0.00016, 0.00140, 0.00045, 0.00001, 0.00054
0.00001, 0.00002, 0.00008, 0.00001, 0.00002, 0.00015, 0.00000, 0.00002, 0.00021, 0.00843
0.00062, 0.00106, 0.00042, 0.00046, 0.00010, 0.00275, 0.00004, 0.00054, 0.00190, 0.00019
0.00010, 0.00028, 0.00097, 0.00002, 0.00001, 0.00029, 0.00039, 0.00010, 0.00012, 0.00009
0.00058, 0.00013, 0.00074, 0.00048, 0.00030, 0.00416, 0.00008, 0.00064, 0.01747, 0.00109
0.00059, 0.00018, 0.00051, 0.00044, 0.00155, 0.00386, 0.00003, 0.00020, 0.02997, 0.00325
0.00000, 0.00001, 0.00002, 0.00030, 0.00021, 0.00091, 0.00002, 0.00018, 0.00049, 0.00029
0.00084, 0.00117, 0.00154, 0.00372, 0.00010, 0.02155, 0.00059, 0.00305, 0.01632, 0.04957
0.00065, 0.00012, 0.00043, 0.00042, 0.00017, 0.00073, 0.00011, 0.00556, 0.00344, 0.00287
0.00006, 0.00001, 0.00002, 0.00047, 0.00014, 0.00146, 0.00004, 0.00088, 0.00158, 0.00455
0.00005, 0.00004, 0.00002, 0.00002, 0.00005, 0.00004, 0.00014, 0.00023, 0.00007, 0.00527
0.00004, 0.00011, 0.00065, 0.00126, 0.00271, 0.00994, 0.00005, 0.00219, 0.00665, 0.00124
0.00027, 0.00006, 0.00053, 0.00009, 0.00021, 0.00080, 0.00011, 0.00270, 0.00081, 0.02220
0.00435, 0.00487, 0.00179, 0.00117, 0.00017, 0.00532, 0.00036, 0.00175, 0.00202, 0.00029
0.00050, 0.00027, 0.00012, 0.00044, 0.00053, 0.00270, 0.00005, 0.00064, 0.01946, 0.00000
0.00001, 0.00016, 0.00027, 0.00002, 0.00001, 0.00015, 0.00060, 0.00023, 0.00010, 0.00001
0.00029, 0.00005, 0.00014, 0.00066, 0.00028, 0.00149, 0.00006, 0.00107, 0.00241, 0.00011
0.00026, 0.00013, 0.00013, 0.00025, 0.00036, 0.00164, 0.00002, 0.00012, 0.00715, 0.00349
0.00010, 0.00008, 0.00037, 0.00025, 0.00084, 0.00276, 0.00002, 0.00076, 0.00721, 0.00091
0.00034, 0.00020, 0.00015, 0.00015, 0.00051, 0.00217, 0.00001, 0.00166, 0.00065, 0.04868
0.00095, 0.00025, 0.00048, 0.00024, 0.00061, 0.00106, 0.00031, 0.00011, 0.00130, 0.00007
0.00036, 0.00019, 0.00010, 0.00008, 0.00014, 0.00037, 0.00000, 0.00426, 0.00023, 0.00207
0.00013, 0.00005, 0.00007, 0.00005, 0.00011, 0.00074, 0.00001, 0.00267, 0.00150, 0.02823
0.00022, 0.00005, 0.00004, 0.00053, 0.00075, 0.00345, 0.00009, 0.00142, 0.00278, 0.00124
0.00051, 0.00019, 0.00012, 0.00019, 0.00089, 0.00324, 0.00003, 0.00140, 0.01131, 0.00618
0.00004, 0.00001, 0.00002, 0.00007, 0.00006, 0.00063, 0.00001, 0.00005, 0.00033, 0.00281
0.00137, 0.00057, 0.00064, 0.00055, 0.00133, 0.00804, 0.00010, 0.00286, 0.02207, 0.04335
0.00012, 0.00005, 0.00003, 0.00003, 0.00005, 0.00014, 0.00002, 0.00163, 0.00006, 0.00075
0.00012, 0.00025, 0.00038, 0.00005, 0.00018, 0.00044, 0.00001, 0.00187, 0.00018, 0.00085
0.00005, 0.00010, 0.00274, 0.00008, 0.00002, 0.00005, 0.00073, 0.00001, 0.00003, 0.00014
0.00031, 0.00003, 0.00010, 0.00017, 0.00011, 0.00108, 0.00003, 0.00112, 0.00451, 0.00014
0.00015, 0.00010, 0.00000, 0.00013, 0.00008, 0.00034, 0.00002, 0.00060, 0.00043, 0.00016
0.00039, 0.00059, 0.00056, 0.00048, 0.00032, 0.00329, 0.00003, 0.00294, 0.00348, 0.02233
0.00015, 0.00019, 0.00034, 0.00100, 0.00001, 0.00432, 0.00013, 0.00228, 0.00318, 0.00156
0.00005, 0.00059, 0.00006, 0.00047, 0.00065, 0.00062, 0.00000, 0.00027, 0.00004, 0.00001
0.00028, 0.00029, 0.00044, 0.00007, 0.00393, 0.00505, 0.00004, 0.00203, 0.00276, 0.00021
0.00024, 0.00010, 0.00047, 0.00017, 0.00149, 0.00393, 0.00002, 0.00268, 0.00800, 0.00930
0.00151, 0.00015, 0.00131, 0.00126, 0.00150, 0.00375, 0.00017, 0.00160, 0.05058, 0.02840
0.00026, 0.00051, 0.00030, 0.00145, 0.00030, 0.00680, 0.00014, 0.00146, 0.00481, 0.00169
0.00094, 0.00036, 0.00106, 0.00111, 0.00247, 0.00841, 0.00003, 0.00128, 0.05136, 0.00044
0.00000, 0.00001, 0.00001, 0.00002, 0.00005, 0.00002, 0.00000, 0.00006, 0.00018, 0.00388
0.00008, 0.00018, 0.00057, 0.00058, 0.00014, 0.00113, 0.00024, 0.00101, 0.00166, 0.00988
0.00023, 0.00012, 0.00093, 0.00011, 0.00021, 0.00197, 0.00003, 0.00071, 0.01284, 0.00006
0.00034, 0.00007, 0.00013, 0.00014, 0.00049, 0.00076, 0.00060, 0.00038, 0.00012, 0.02005
0.00003, 0.00009, 0.00007, 0.00021, 0.00006, 0.00031, 0.00002, 0.00031, 0.00007, 0.00005
0.00002, 0.00005, 0.00099, 0.00002, 0.00002, 0.00002, 0.00041, 0.00001, 0.00005, 0.00004
0.00005, 0.00001, 0.00005, 0.00001, 0.00002, 0.00007, 0.00000, 0.00067, 0.00003, 0.00032
0.00105, 0.00022, 0.00101, 0.00136, 0.00321, 0.00923, 0.00006, 0.00396, 0.04374, 0.02075
0.00020, 0.00044, 0.00040, 0.00009, 0.00159, 0.00035, 0.00007, 0.00041, 0.00009, 0.00021
0.00138, 0.00074, 0.00089, 0.00073, 0.00243, 0.00832, 0.00006, 0.00095, 0.05237, 0.00033
0.00073, 0.00030, 0.00068, 0.00049, 0.00114, 0.00457, 0.00002, 0.00044, 0.01845, 0.01807
0.00163, 0.00038, 0.00118, 0.00174, 0.00133, 0.00923, 0.00005, 0.00302, 0.03818, 0.01409
0.00235, 0.00096, 0.00155, 0.00295, 0.00170, 0.01338, 0.00010, 0.00129, 0.00589, 0.00364
0.00010, 0.00006, 0.00044, 0.00001, 0.00009, 0.00017, 0.00011, 0.00082, 0.00005, 0.00055
0.00128, 0.00000, 0.00044, 0.00016, 0.00040, 0.00008, 0.00013, 0.00542, 0.00020, 0.00187
0.00003, 0.00001, 0.00020, 0.00124, 0.00034, 0.00523, 0.00013, 0.00020, 0.00266, 0.00848
0.00004, 0.00006, 0.00036, 0.00004, 0.00001, 0.00009, 0.00052, 0.00060, 0.00011, 0.00347
0.00048, 0.00023, 0.00020, 0.00018, 0.00036, 0.00246, 0.00003, 0.00238, 0.00447, 0.01851
0.00001, 0.00002, 0.00008, 0.00000, 0.00001, 0.00000, 0.00009, 0.00001, 0.00002, 0.00001
0.00018, 0.00000, 0.00020, 0.00004, 0.00006, 0.00001, 0.00007, 0.00072, 0.00008, 0.00022
0.00012, 0.00021, 0.00005, 0.00031, 0.00021, 0.00026, 0.00000, 0.00006, 0.00012, 0.00000
0.00006, 0.00005, 0.00005, 0.00028, 0.00001, 0.00199, 0.00002, 0.00038, 0.00143, 0.00181
0.00003, 0.00027, 0.00037, 0.00081, 0.00017, 0.00033, 0.00000, 0.00049, 0.00020, 0.00419
0.00131, 0.00028, 0.00104, 0.00094, 0.00177, 0.00261, 0.00013, 0.00200, 0.02541, 0.04702
0.00016, 0.00062, 0.00091, 0.00073, 0.00110, 0.00057, 0.00009, 0.00036, 0.00006, 0.00020
0.00125, 0.00011, 0.00150, 0.00178, 0.00088, 0.01017, 0.00002, 0.00229, 0.03557, 0.01129
0.00010, 0.00004, 0.00030, 0.00010, 0.00001, 0.00013, 0.00010, 0.00003, 0.00007, 0.00001
0.00001, 0.00004, 0.00010, 0.00167, 0.00015, 0.00561, 0.00027, 0.00146, 0.00371, 0.00129
0.00001, 0.00014, 0.00015, 0.00069, 0.00031, 0.00137, 0.00001, 0.00080, 0.00262, 0.01871
0.00004, 0.00002, 0.00018, 0.00017, 0.00005, 0.00047, 0.00001, 0.00126, 0.00081, 0.01085
0.00005, 0.00009, 0.00007, 0.00007, 0.00007, 0.00023, 0.00000, 0.00011, 0.00042, 0.01748
0.00173, 0.00094, 0.00086, 0.00071, 0.00182, 0.00888, 0.00003, 0.00060, 0.06820, 0.00003
0.00036, 0.00014, 0.00273, 0.00019, 0.00025, 0.00306, 0.00006, 0.00033, 0.01970, 0.00002
0.00010, 0.00000, 0.00014, 0.00031, 0.00037, 0.00046, 0.00011, 0.00064, 0.00250, 0.00904
0.00210, 0.00036, 0.00371, 0.00091, 0.00119, 0.01163, 0.00010, 0.00140, 0.07103, 0.00091
0.00336, 0.00070, 0.00472, 0.00121, 0.00209, 0.01614, 0.00013, 0.00432, 0.08315, 0.01633
0.00022, 0.00009, 0.00003, 0.00006, 0.00010, 0.00034, 0.00000, 0.00160, 0.00007, 0.00085
0.00065, 0.00003, 0.00055, 0.00125, 0.00079, 0.00169, 0.00013, 0.00059, 0.02239, 0.01679
0.00009, 0.00054, 0.00103, 0.00127, 0.00009, 0.00494, 0.00016, 0.00099, 0.00382, 0.00148
0.00021, 0.00022, 0.00172, 0.00011, 0.00017, 0.00093, 0.00062, 0.00045, 0.00499, 0.00023
0.00060, 0.00028, 0.00030, 0.00022, 0.00047, 0.00247, 0.00001, 0.00053, 0.01645, 0.00057
0.00042, 0.00053, 0.00040, 0.00167, 0.00015, 0.00815, 0.00006, 0.00185, 0.00420, 0.01674
0.00040, 0.00011, 0.00021, 0.00123, 0.00052, 0.00427, 0.00018, 0.00012, 0.00477, 0.00158
0.00083, 0.00022, 0.00048, 0.00035, 0.00107, 0.00197, 0.00008, 0.00217, 0.01265, 0.02582
0.00006, 0.00004, 0.00003, 0.00007, 0.00016, 0.00011, 0.00002, 0.00015, 0.00059, 0.01584
0.00012, 0.00033, 0.00057, 0.00102, 0.00030, 0.00017, 0.00005, 0.00054, 0.00064, 0.00754
0.00204, 0.00065, 0.00143, 0.00399, 0.00055, 0.02312, 0.00022, 0.00175, 0.02060, 0.00681
0.00001, 0.00000, 0.00003, 0.00001, 0.00008, 0.00002, 0.00002, 0.00013, 0.00038, 0.00656
0.00010, 0.00014, 0.00187, 0.00001, 0.00012, 0.00014, 0.00058, 0.00017, 0.00004, 0.00226
0.00003, 0.00005, 0.00003, 0.00000, 0.00011, 0.00006, 0.00008, 0.00014, 0.00001, 0.00024
0.00012, 0.00001, 0.00131, 0.00008, 0.00014, 0.00030, 0.00031, 0.00079, 0.00036, 0.01700
0.00759, 0.00316, 0.00384, 0.00279, 0.00557, 0.03412, 0.00010, 0.01055, 0.17017, 0.04355
0.00059, 0.00018, 0.00050, 0.00022, 0.00040, 0.00320, 0.00003, 0.00061, 0.01828, 0.00198
0.00019, 0.00039, 0.00016, 0.00031, 0.00008, 0.00193, 0.00003, 0.00039, 0.00146, 0.00043
0.00204, 0.00051, 0.00227, 0.00080, 0.00139, 0.00980, 0.00008, 0.00160, 0.06536, 0.00443
0.00109, 0.00031, 0.00107, 0.00056, 0.00039, 0.00226, 0.00008, 0.00282, 0.00195, 0.00006
0.00034, 0.00023, 0.00006, 0.00034, 0.00032, 0.00140, 0.00003, 0.00116, 0.00781, 0.00036
0.00009, 0.00001, 0.00006, 0.00037, 0.00041, 0.00064, 0.00000, 0.00029, 0.00036, 0.00968
0.00002, 0.00001, 0.00000, 0.00080, 0.00000, 0.00206, 0.00011, 0.00084, 0.00160, 0.00089
0.00048, 0.00042, 0.00025, 0.00011, 0.00010, 0.00069, 0.00003, 0.00015, 0.00039, 0.00020
0.00017, 0.00011, 0.00015, 0.00049, 0.00012, 0.00040, 0.00001, 0.00213, 0.00061, 0.00056
0.00010, 0.00036, 0.00102, 0.00022, 0.00138, 0.00298, 0.00021, 0.00077, 0.00196, 0.00088
0.00001, 0.00012, 0.00009, 0.00041, 0.00009, 0.00012, 0.00000, 0.00007, 0.00018, 0.00042
0.00016, 0.00014, 0.00001, 0.00002, 0.00013, 0.00064, 0.00001, 0.00343, 0.00035, 0.00161
0.00020, 0.00018, 0.00036, 0.00021, 0.00014, 0.00149, 0.00001, 0.00031, 0.00363, 0.00014
0.00026, 0.00033, 0.00020, 0.00002, 0.00236, 0.00150, 0.00005, 0.00047, 0.00072, 0.00062
0.00813, 0.00329, 0.00370, 0.00646, 0.00234, 0.02406, 0.00019, 0.00391, 0.00879, 0.02932
0.00004, 0.00005, 0.00005, 0.00001, 0.00010, 0.00006, 0.00015, 0.00007, 0.00032, 0.00005
0.00005, 0.00012, 0.00036, 0.00001, 0.00002, 0.00006, 0.00010, 0.00075, 0.00009, 0.00043
0.00018, 0.00023, 0.00085, 0.00003, 0.00012, 0.00029, 0.00025, 0.00125, 0.00004, 0.00092
0.00026, 0.00011, 0.00010, 0.00035, 0.00020, 0.00245, 0.00006, 0.00048, 0.00462, 0.01324
0.00012, 0.00033, 0.00012, 0.00026, 0.00016, 0.00022, 0.00001, 0.00064, 0.00012, 0.00029
0.00019, 0.00017, 0.00022, 0.00002, 0.00009, 0.00008, 0.00003, 0.00186, 0.00006, 0.00087
0.00043, 0.00029, 0.00019, 0.00012, 0.00016, 0.00061, 0.00003, 0.00417, 0.00004, 0.00210
0.00004, 0.00006, 0.00003, 0.00020, 0.00002, 0.00163, 0.00001, 0.00071, 0.00110, 0.00025
0.00000, 0.00000, 0.00000, 0.00075, 0.00001, 0.00079, 0.00002, 0.00016, 0.00069, 0.00011
0.00127, 0.00124, 0.00103, 0.00106, 0.00154, 0.00746, 0.00033, 0.00124, 0.00473, 0.00160
0.00004, 0.00015, 0.00027, 0.00035, 0.00009, 0.00017, 0.00005, 0.00046, 0.00053, 0.00533
0.00022, 0.00013, 0.00006, 0.00008, 0.00019, 0.00066, 0.00000, 0.00025, 0.00519, 0.00003
0.00004, 0.00001, 0.00007, 0.00002, 0.00061, 0.00091, 0.00003, 0.00296, 0.00072, 0.01675
0.00015, 0.00001, 0.00003, 0.00015, 0.00002, 0.00062, 0.00001, 0.00002, 0.00059, 0.00751
0.00001, 0.00001, 0.00004, 0.00019, 0.00019, 0.00043, 0.00000, 0.00050, 0.00092, 0.00563
0.00005, 0.00039, 0.00014, 0.00070, 0.00007, 0.00382, 0.00008, 0.00076, 0.00307, 0.00128
0.00006, 0.00025, 0.00007, 0.00080, 0.00012, 0.00067, 0.00016, 0.00017, 0.00019, 0.00083
0.00097, 0.00017, 0.00083, 0.00224, 0.00184, 0.00952, 0.00007, 0.00047, 0.00352, 0.00414
0.00015, 0.00011, 0.00022, 0.00009, 0.00044, 0.00192, 0.00001, 0.00519, 0.00064, 0.04108
0.00171, 0.00021, 0.00194, 0.00133, 0.00142, 0.00779, 0.00016, 0.00237, 0.05373, 0.02093
0.00002, 0.00017, 0.00079, 0.00002, 0.00002, 0.00004, 0.00081, 0.00006, 0.00009, 0.00004
0.00088, 0.00045, 0.00116, 0.00043, 0.00065, 0.00409, 0.00035, 0.00282, 0.00847, 0.03257
0.00007, 0.00024, 0.00086, 0.00033, 0.00005, 0.00014, 0.00134, 0.00001, 0.00057, 0.00190
0.00001, 0.00013, 0.00032, 0.00017, 0.00023, 0.00011, 0.00029, 0.00015, 0.00002, 0.00008
0.00042, 0.00010, 0.00042, 0.00077, 0.00156, 0.00436, 0.00005, 0.00084, 0.00240, 0.01906
0.00018, 0.00002, 0.00020, 0.00073, 0.00004, 0.00300, 0.00002, 0.00064, 0.00177, 0.00241
0.00023, 0.00037, 0.00104, 0.00004, 0.00013, 0.00031, 0.00034, 0.00233, 0.00023, 0.00149
0.00078, 0.00002, 0.00013, 0.00009, 0.00008, 0.00007, 0.00003, 0.00547, 0.00004, 0.00180
0.00000, 0.00007, 0.00041, 0.00014, 0.00025, 0.00003, 0.00024, 0.00004, 0.00005, 0.00000
0.00044, 0.00015, 0.00022, 0.00030, 0.00064, 0.00175, 0.00062, 0.00032, 0.00200, 0.01371
0.00004, 0.00001, 0.00004, 0.00029, 0.00002, 0.00095, 0.00011, 0.00042, 0.00067, 0.00019
0.00002, 0.00002, 0.00004, 0.00000, 0.00007, 0.00000, 0.00014, 0.00005, 0.00005, 0.00006
0.00000, 0.00001, 0.00002, 0.00027, 0.00003, 0.00013, 0.00001, 0.00013, 0.00016, 0.00123
0.00031, 0.00009, 0.00018, 0.00011, 0.00025, 0.00124, 0.00002, 0.00141, 0.00143, 0.01155
0.00019, 0.00006, 0.00002, 0.00002, 0.00019, 0.00005, 0.00001, 0.00195, 0.00009, 0.00063
0.00006, 0.00023, 0.00135, 0.00000, 0.00007, 0.00010, 0.00060, 0.00024, 0.00010, 0.00035
0.00125, 0.00066, 0.00106, 0.00086, 0.00065, 0.00625, 0.00003, 0.00073, 0.03723, 0.00080
0.00184, 0.00074, 0.00136, 0.00102, 0.00348, 0.00988, 0.00009, 0.00248, 0.01587, 0.03981
0.00222, 0.00086, 0.00110, 0.00253, 0.00235, 0.01501, 0.00017, 0.00338, 0.04186, 0.01050
0.00001, 0.00001, 0.00022, 0.00063, 0.00065, 0.00364, 0.00011, 0.00105, 0.00163, 0.00065
0.00129, 0.00035, 0.00074, 0.00156, 0.00045, 0.00368, 0.00006, 0.00164, 0.00187, 0.02746
0.00008, 0.00004, 0.00024, 0.00025, 0.00040, 0.00033, 0.00007, 0.00024, 0.00256, 0.02664
0.00018, 0.00004, 0.00018, 0.00031, 0.00047, 0.00017, 0.00016, 0.00153, 0.00558, 0.01056
0.00032, 0.00006, 0.00021, 0.00010, 0.00059, 0.00031, 0.00003, 0.00142, 0.01096, 0.00188
0.00030, 0.00022, 0.00016, 0.00011, 0.00033, 0.00101, 0.00104, 0.00022, 0.00487, 0.00015
0.00021, 0.00009, 0.00015, 0.00100, 0.00015, 0.00637, 0.00006, 0.00036, 0.00384, 0.01113
0.00096, 0.00044, 0.00041, 0.00071, 0.00108, 0.00484, 0.00001, 0.00373, 0.00750, 0.05093
0.00003, 0.00004, 0.00014, 0.00002, 0.00080, 0.00145, 0.00002, 0.00401, 0.00113, 0.02350
0.00023, 0.00031, 0.00055, 0.00005, 0.00014, 0.00029, 0.00053, 0.00156, 0.00001, 0.00105
0.00002, 0.00007, 0.00017, 0.00063, 0.00005, 0.00049, 0.00000, 0.00044, 0.00020, 0.00324
0.00074, 0.00016, 0.00037, 0.00042, 0.00060, 0.00138, 0.00038, 0.00088, 0.00024, 0.01471
0.00030, 0.00015, 0.00013, 0.00032, 0.00018, 0.00216, 0.00007, 0.00043, 0.00509, 0.00028
0.00168, 0.00093, 0.00119, 0.00225, 0.00173, 0.01262, 0.00011, 0.00173, 0.02280, 0.02147
0.00020, 0.00005, 0.00045, 0.00026, 0.00009, 0.00115, 0.00069, 0.00011, 0.00447, 0.00354
0.00024, 0.00007, 0.00021, 0.00045, 0.00019, 0.00161, 0.00000, 0.00072, 0.00492, 0.00388
0.00003, 0.00014, 0.00004, 0.00011, 0.00000, 0.00010, 0.00001, 0.00034, 0.00004, 0.00014
0.00064, 0.00027, 0.00074, 0.00358, 0.00027, 0.02026, 0.00033, 0.00338, 0.01170, 0.01605
0.00001, 0.00001, 0.00041, 0.00099, 0.00111, 0.00561, 0.00003, 0.00074, 0.00347, 0.00337
0.00001, 0.00002, 0.00012, 0.00002, 0.00000, 0.00003, 0.00004, 0.00019, 0.00009, 0.00099
0.00236, 0.00123, 0.00184, 0.00126, 0.00190, 0.00656, 0.00083, 0.00154, 0.02400, 0.00147
0.00009, 0.00005, 0.00007, 0.00003, 0.00141, 0.00047, 0.00014, 0.00116, 0.00019, 0.00321
0.00008, 0.00018, 0.00034, 0.00008, 0.00036, 0.00043, 0.00003, 0.00007, 0.00026, 0.00002
0.00005, 0.00007, 0.00006, 0.00003, 0.00029, 0.00068, 0.00001, 0.00085, 0.00020, 0.00561
0.00002, 0.00011, 0.00060, 0.00000, 0.00001, 0.00004, 0.00031, 0.00035, 0.00007, 0.00025
0.00272, 0.00137, 0.00254, 0.00105, 0.00177, 0.01093, 0.00050, 0.00242, 0.07293, 0.00455
0.00012, 0.00003, 0.00008, 0.00007, 0.00014, 0.00038, 0.00001, 0.00191, 0.00140, 0.02634
0.00009, 0.00006, 0.00008, 0.00005, 0.00138, 0.00037, 0.00023, 0.00077, 0.00016, 0.00198
0.00243, 0.00084, 0.00145, 0.00114, 0.00049, 0.00271, 0.00035, 0.00402, 0.00243, 0.00012
0.00035, 0.00038, 0.00094, 0.00307, 0.00005, 0.01298, 0.00049, 0.00317, 0.00772, 0.00391
0.00019, 0.00014, 0.00084, 0.00006, 0.00016, 0.00087, 0.00036, 0.00044, 0.00544, 0.00016
0.00020, 0.00003, 0.00019, 0.00013, 0.00035, 0.00045, 0.00005, 0.00031, 0.00412, 0.02005
0.00002, 0.00012, 0.00016, 0.00001, 0.00018, 0.00007, 0.00022, 0.00004, 0.00001, 0.00002
0.00007, 0.00008, 0.00017, 0.00078, 0.00003, 0.00203, 0.00001, 0.00109, 0.00163, 0.00064
0.00111, 0.00053, 0.00045, 0.00048, 0.00085, 0.00565, 0.00008, 0.00103, 0.03126, 0.00282
0.00001, 0.00002, 0.00006, 0.00008, 0.00063, 0.00155, 0.00001, 0.00068, 0.00060, 0.00070
0.00000, 0.00001, 0.00003, 0.00006, 0.00027, 0.00016, 0.00007, 0.00006, 0.00044, 0.00331
0.00048, 0.00125, 0.00124, 0.00432, 0.00022, 0.01720, 0.00042, 0.00864, 0.01513, 0.00089
0.00065, 0.00031, 0.00028, 0.00080, 0.00085, 0.00547, 0.00009, 0.00009, 0.02023, 0.01591
0.00029, 0.00021, 0.00043, 0.00020, 0.00050, 0.00023, 0.00003, 0.00428, 0.00043, 0.00095
0.00004, 0.00002, 0.00007, 0.00001, 0.00103, 0.00067, 0.00004, 0.00049, 0.00005, 0.00002
0.00021, 0.00007, 0.00095, 0.00095, 0.00024, 0.00154, 0.00002, 0.00101, 0.00215, 0.00651
0.00020, 0.00052, 0.00014, 0.00035, 0.00062, 0.00026, 0.00003, 0.00012, 0.00008, 0.00009
0.00011, 0.00033, 0.00005, 0.00045, 0.00018, 0.00130, 0.00008, 0.00652, 0.00130, 0.00208
0.00069, 0.00018, 0.00206, 0.00024, 0.00037, 0.00283, 0.00019, 0.00084, 0.01567, 0.00226
0.00005, 0.00022, 0.00005, 0.00111, 0.00037, 0.00148, 0.00001, 0.00075, 0.00029, 0.00312
0.00162, 0.00035, 0.00105, 0.00077, 0.00183, 0.00352, 0.00014, 0.00149, 0.05418, 0.02681
0.00011, 0.00011, 0.00010, 0.00001, 0.00012, 0.00012, 0.00000, 0.00082, 0.00006, 0.00039
0.00059, 0.00025, 0.00030, 0.00018, 0.00001, 0.00022, 0.00013, 0.00012, 0.00007, 0.00008
0.00075, 0.00029, 0.00094, 0.00035, 0.00386, 0.00572, 0.00019, 0.00533, 0.01209, 0.02118
0.00006, 0.00011, 0.00025, 0.00001, 0.00001, 0.00010, 0.00022, 0.00077, 0.00006, 0.00038
0.00062, 0.00081, 0.00088, 0.00223, 0.00049, 0.00643, 0.00024, 0.00082, 0.00718, 0.01409
0.00129, 0.00000, 0.00049, 0.00076, 0.00014, 0.00102, 0.00000, 0.00494, 0.00127, 0.00135
0.00088, 0.00046, 0.00083, 0.00039, 0.00000, 0.00040, 0.00050, 0.00019, 0.00014, 0.00015
0.00003, 0.00029, 0.00038, 0.00120, 0.00002, 0.00440, 0.00014, 0.00095, 0.00368, 0.00141
0.00059, 0.00012, 0.00084, 0.00079, 0.00266, 0.00597, 0.00003, 0.00128, 0.02015, 0.01159
0.00001, 0.00013, 0.00003, 0.00005, 0.00080, 0.00094, 0.00003, 0.00156, 0.00019, 0.00685
0.00025, 0.00019, 0.00032, 0.00006, 0.00020, 0.00025, 0.00101, 0.00252, 0.00029, 0.00143
0.00002, 0.00003, 0.00018, 0.00001, 0.00008, 0.00005, 0.00028, 0.00037, 0.00005, 0.00141
0.00000, 0.00008, 0.00041, 0.00000, 0.00001, 0.00003, 0.00001, 0.00012, 0.00001, 0.00006
0.00002, 0.00011, 0.00005, 0.00046, 0.00002, 0.00026, 0.00002, 0.00011, 0.00024, 0.00004
0.00007, 0.00023, 0.00082, 0.00001, 0.00007, 0.00009, 0.00101, 0.00031, 0.00001, 0.00035
0.00071, 0.00003, 0.00097, 0.00083, 0.00064, 0.00288, 0.00005, 0.00040, 0.02878, 0.00277
0.00004, 0.00001, 0.00002, 0.00022, 0.00005, 0.00060, 0.00000, 0.00031, 0.00036, 0.00522
0.00019, 0.00020, 0.00003, 0.00006, 0.00023, 0.00122, 0.00004, 0.00582, 0.00115, 0.00227
0.00036, 0.00011, 0.00046, 0.00112, 0.00015, 0.00393, 0.00023, 0.00044, 0.00597, 0.00689
0.00002, 0.00004, 0.00002, 0.00013, 0.00005, 0.00083, 0.00002, 0.00026, 0.00055, 0.00002
0.00021, 0.00008, 0.00105, 0.00157, 0.00006, 0.00598, 0.00005, 0.00144, 0.00305, 0.00188
0.00014, 0.00013, 0.00005, 0.00021, 0.00005, 0.00020, 0.00002, 0.00192, 0.00020, 0.00061
0.00121, 0.00043, 0.00089, 0.00048, 0.00080, 0.00654, 0.00020, 0.00274, 0.02321, 0.01567
0.00003, 0.00006, 0.00024, 0.00000, 0.00004, 0.00002, 0.00004, 0.00016, 0.00006, 0.00013
0.00243, 0.00142, 0.00113, 0.00088, 0.00190, 0.01022, 0.00020, 0.00120, 0.07700, 0.00010
0.00009, 0.00009, 0.00004, 0.00004, 0.00008, 0.00042, 0.00001, 0.00026, 0.00229, 0.00015
0.00194, 0.00092, 0.00088, 0.00074, 0.00158, 0.00985, 0.00005, 0.00390, 0.03612, 0.03136
0.00279, 0.00225, 0.00205, 0.00256, 0.00118, 0.01687, 0.00008, 0.01049, 0.03885, 0.06284
0.00499, 0.00147, 0.00271, 0.00464, 0.00086, 0.01468, 0.00017, 0.00764, 0.01404, 0.00416
0.00070, 0.00034, 0.00031, 0.00063, 0.00125, 0.00191, 0.00003, 0.00082, 0.00072, 0.00017
0.00009, 0.00006, 0.00012, 0.00065, 0.00001, 0.00344, 0.00005, 0.00096, 0.00236, 0.00192
0.00079, 0.00030, 0.00122, 0.00032, 0.00083, 0.00456, 0.00007, 0.00090, 0.03450, 0.00007
0.00004, 0.00002, 0.00008, 0.00047, 0.00006, 0.00169, 0.00008, 0.00127, 0.00178, 0.00018
0.00003, 0.00001, 0.00004, 0.00008, 0.00006, 0.00012, 0.00001, 0.00001, 0.00095, 0.00178
0.00027, 0.00080, 0.00040, 0.00041, 0.00017, 0.00188, 0.00013, 0.00630, 0.00038, 0.05193
0.00008, 0.00007, 0.00017, 0.00029, 0.00003, 0.00056, 0.00001, 0.00010, 0.00175, 0.00010
0.00005, 0.00005, 0.00026, 0.00019, 0.00039, 0.00103, 0.00001, 0.00041, 0.00100, 0.00007
0.00020, 0.00007, 0.00001, 0.00016, 0.00063, 0.00199, 0.00002, 0.00083, 0.00108, 0.00102
0.00085, 0.00006, 0.00074, 0.00010, 0.00026, 0.00004, 0.00015, 0.00832, 0.00006, 0.00258
0.00007, 0.00009, 0.00011, 0.00003, 0.00006, 0.00007, 0.00014, 0.00003, 0.00082, 0.00002
0.00170, 0.00092, 0.00114, 0.00060, 0.00124, 0.00643, 0.00010, 0.00213, 0.03600, 0.00617
0.00015, 0.00014, 0.00000, 0.00009, 0.00009, 0.00027, 0.00002, 0.00084, 0.00040, 0.00030
0.00009, 0.00009, 0.00009, 0.00016, 0.00004, 0.00078, 0.00002, 0.00017, 0.00385, 0.00001
0.00014, 0.00010, 0.00091, 0.00007, 0.00178, 0.00137, 0.00022, 0.00054, 0.00048, 0.00003
0.00009, 0.00013, 0.00008, 0.00047, 0.00004, 0.00172, 0.00004, 0.00062, 0.00153, 0.00029
0.00030, 0.00072, 0.00054, 0.00229, 0.00072, 0.00593, 0.00008, 0.00321, 0.00347, 0.00470
0.00005, 0.00002, 0.00003, 0.00002, 0.00009, 0.00042, 0.00000, 0.00082, 0.00069, 0.01893
0.00050, 0.00018, 0.00034, 0.00088, 0.00095, 0.00416, 0.00004, 0.00024, 0.00534, 0.00266
0.00009, 0.00004, 0.00052, 0.00003, 0.00008, 0.00010, 0.00007, 0.00042, 0.00005, 0.00278
0.00018, 0.00026, 0.00025, 0.00018, 0.00016, 0.00144, 0.00001, 0.00148, 0.00178, 0.02191
0.00019, 0.00004, 0.00004, 0.00001, 0.00016, 0.00012, 0.00000, 0.00067, 0.00013, 0.00010
0.00031, 0.00017, 0.00008, 0.00008, 0.00012, 0.00034, 0.00001, 0.00380, 0.00014, 0.00181
0.00007, 0.00004, 0.00010, 0.00002, 0.00131, 0.00060, 0.00004, 0.00137, 0.00010, 0.00213
0.00127, 0.00094, 0.00087, 0.00076, 0.00088, 0.00808, 0.00005, 0.00892, 0.01281, 0.06925
0.00022, 0.00030, 0.00029, 0.00094, 0.00001, 0.00574, 0.00019, 0.00238, 0.00476, 0.00167
0.00050, 0.00064, 0.00097, 0.00178, 0.00016, 0.00826, 0.00022, 0.00334, 0.00546, 0.00004
0.00002, 0.00001, 0.00095, 0.00001, 0.00001, 0.00000, 0.00025, 0.00002, 0.00005, 0.00001
0.00057, 0.00034, 0.00104, 0.00023, 0.00069, 0.00275, 0.00027, 0.00109, 0.02013, 0.00025
0.00029, 0.00085, 0.00015, 0.00022, 0.00335, 0.00189, 0.00006, 0.00199, 0.00008, 0.00174
0.00007, 0.00009, 0.00041, 0.00019, 0.00015, 0.00124, 0.00017, 0.00011, 0.00537, 0.00012
0.00013, 0.00017, 0.00001, 0.00005, 0.00002, 0.00013, 0.00001, 0.00083, 0.00001, 0.00036
0.00001, 0.00004, 0.00003, 0.00041, 0.00006, 0.00081, 0.00001, 0.00038, 0.00076, 0.00016
0.00003, 0.00003, 0.00004, 0.00001, 0.00023, 0.00043, 0.00001, 0.00010, 0.00032, 0.00005
0.00009, 0.00002, 0.00003, 0.00049, 0.00009, 0.00046, 0.00004, 0.00107, 0.00023, 0.00011
0.00092, 0.00044, 0.00018, 0.00002, 0.00004, 0.00005, 0.00024, 0.00021, 0.00007, 0.00005
0.00198, 0.00150, 0.00180, 0.00274, 0.00063, 0.01169, 0.00024, 0.00102, 0.00831, 0.03422
0.00113, 0.00023, 0.00152, 0.00430, 0.00033, 0.01977, 0.00034, 0.00451, 0.01915, 0.00400
0.00027, 0.00001, 0.00229, 0.00017, 0.00015, 0.00037, 0.00071, 0.00253, 0.00046, 0.01539
0.00131, 0.00083, 0.00091, 0.00030, 0.00059, 0.00266, 0.00007, 0.00049, 0.00722, 0.00054
0.00035, 0.00020, 0.00022, 0.00007, 0.00008, 0.00001, 0.00005, 0.00242, 0.00014, 0.00071
0.00071, 0.00023, 0.00086, 0.00093, 0.00141, 0.00611, 0.00029, 0.00095, 0.00545, 0.02099
0.00068, 0.00014, 0.00053, 0.00020, 0.00113, 0.00292, 0.00012, 0.00013, 0.01814, 0.00014
0.00025, 0.00017, 0.00001, 0.00018, 0.00008, 0.00037, 0.00003, 0.00288, 0.00021, 0.00119
0.00001, 0.00001, 0.00000, 0.00001, 0.00002, 0.00010, 0.00000, 0.00010, 0.00026, 0.00223
0.00066, 0.00038, 0.00043, 0.00081, 0.00045, 0.00406, 0.00015, 0.00138, 0.00225, 0.01497
0.00015, 0.00002, 0.00010, 0.00057, 0.00014, 0.00078, 0.00006, 0.00142, 0.00040, 0.00017
0.00037, 0.00032, 0.00062, 0.00011, 0.00039, 0.00065, 0.00164, 0.00141, 0.00127, 0.00093
0.00022, 0.00013, 0.00008, 0.00005, 0.00008, 0.00028, 0.00000, 0.00223, 0.00002, 0.00113
0.00005, 0.00002, 0.00001, 0.00006, 0.00004, 0.00045, 0.00004, 0.00013, 0.00025, 0.00303
0.00014, 0.00019, 0.00226, 0.00002, 0.00017, 0.00020, 0.00063, 0.00015, 0.00015, 0.00712
0.00033, 0.00089, 0.00077, 0.00050, 0.00063, 0.00505, 0.00005, 0.01197, 0.00088, 0.09440
0.00020, 0.00009, 0.00006, 0.00019, 0.00010, 0.00026, 0.00002, 0.00247, 0.00033, 0.00081
0.00038, 0.00005, 0.00221, 0.00015, 0.00021, 0.00056, 0.00090, 0.00384, 0.00069, 0.02375
0.00162, 0.00052, 0.00115, 0.00093, 0.00103, 0.00880, 0.00017, 0.00161, 0.04219, 0.00097
0.00050, 0.00018, 0.00061, 0.00023, 0.00055, 0.00068, 0.00036, 0.00375, 0.00101, 0.00150
0.00105, 0.00010, 0.00025, 0.00022, 0.00024, 0.00045, 0.00015, 0.00213, 0.00033, 0.00942
0.00005, 0.00003, 0.00021, 0.00125, 0.00003, 0.00308, 0.00002, 0.00057, 0.00297, 0.00044
0.00016, 0.00037, 0.00212, 0.00013, 0.00004, 0.00021, 0.00140, 0.00256, 0.00074, 0.01288
0.00086, 0.00029, 0.00054, 0.00032, 0.00060, 0.00457, 0.00004, 0.00351, 0.01067, 0.02601
0.00005, 0.00003, 0.00014, 0.00039, 0.00016, 0.00121, 0.00010, 0.00208, 0.00153, 0.00008
0.00027, 0.00028, 0.00010, 0.00013, 0.00001, 0.00032, 0.00007, 0.00007, 0.00015, 0.00010
0.00005, 0.00003, 0.00008, 0.00103, 0.00002, 0.00294, 0.00009, 0.00088, 0.00243, 0.00064
0.00002, 0.00005, 0.00023, 0.00001, 0.00038, 0.00002, 0.00033, 0.00018, 0.00012, 0.00007
0.00126, 0.00003, 0.00056, 0.00020, 0.00025, 0.00008, 0.00012, 0.00742, 0.00019, 0.00199
0.00021, 0.00068, 0.00084, 0.00083, 0.00166, 0.00100, 0.00009, 0.00053, 0.00004, 0.00032
0.00003, 0.00009, 0.00053, 0.00000, 0.00004, 0.00005, 0.00065, 0.00005, 0.00014, 0.00003
0.00008, 0.00004, 0.00005, 0.00004, 0.00014, 0.00048, 0.00000, 0.00126, 0.00100, 0.02707
0.00191, 0.00032, 0.00098, 0.00180, 0.00064, 0.00659, 0.00008, 0.00614, 0.00675, 0.00545
0.00507, 0.00170, 0.00316, 0.00218, 0.00398, 0.02271, 0.00015, 0.00698, 0.13171, 0.03712
0.00006, 0.00013, 0.00153, 0.00007, 0.00005, 0.00002, 0.00056, 0.00019, 0.00023, 0.00021
0.00051, 0.00001, 0.00068, 0.00089, 0.00115, 0.00315, 0.00014, 0.00038, 0.03400, 0.00377
0.00022, 0.00034, 0.00167, 0.00032, 0.00007, 0.00056, 0.00092, 0.00402, 0.00103, 0.02379
0.00001, 0.00001, 0.00000, 0.00064, 0.00010, 0.00129, 0.00000, 0.00038, 0.00114, 0.00042
0.00030, 0.00018, 0.00043, 0.00006, 0.00015, 0.00032, 0.00005, 0.00339, 0.00030, 0.00185
0.00011, 0.00038, 0.00018, 0.00027, 0.00003, 0.00028, 0.00010, 0.00086, 0.00012, 0.00035
0.00032, 0.00042, 0.00058, 0.00233, 0.00007, 0.01350, 0.00024, 0.00202, 0.00830, 0.02090
0.00019, 0.00000, 0.00056, 0.00007, 0.00020, 0.00178, 0.00032, 0.00083, 0.00138, 0.02438
0.00154, 0.00029, 0.00204, 0.00153, 0.00058, 0.00936, 0.00010, 0.00021, 0.01370, 0.00010
0.00050, 0.00019, 0.00018, 0.00019, 0.00091, 0.00374, 0.00005, 0.00292, 0.00748, 0.01814
0.00017, 0.00009, 0.00002, 0.00034, 0.00010, 0.00034, 0.00004, 0.00197, 0.00006, 0.00056
0.00031, 0.00055, 0.00073, 0.00211, 0.00004, 0.01493, 0.00025, 0.00120, 0.01111, 0.02058
0.00157, 0.00046, 0.00077, 0.00145, 0.00152, 0.00707, 0.00010, 0.00135, 0.05396, 0.00204
0.00085, 0.00007, 0.00088, 0.00054, 0.00028, 0.00113, 0.00017, 0.00229, 0.00142, 0.00074
0.00034, 0.00016, 0.00027, 0.00032, 0.00047, 0.00168, 0.00014, 0.00083, 0.00556, 0.00239
0.00234, 0.00063, 0.00203, 0.00150, 0.00129, 0.01397, 0.00028, 0.00108, 0.05474, 0.00015
0.00001, 0.00000, 0.00006, 0.00012, 0.00004, 0.00045, 0.00001, 0.00038, 0.00046, 0.00003
0.00217, 0.00262, 0.00152, 0.00222, 0.00021, 0.00751, 0.00046, 0.00155, 0.00344, 0.00249
0.00148, 0.00051, 0.00066, 0.00107, 0.00038, 0.00337, 0.00007, 0.00196, 0.00263, 0.00530
0.00008, 0.00018, 0.00050, 0.00150, 0.00049, 0.00881, 0.00009, 0.00139, 0.00446, 0.00736
0.00021, 0.00004, 0.00012, 0.00049, 0.00020, 0.00085, 0.00004, 0.00146, 0.00052, 0.00025
0.00001, 0.00003, 0.00002, 0.00036, 0.00006, 0.00019, 0.00000, 0.00042, 0.00013, 0.00347
0.00025, 0.00004, 0.00064, 0.00187, 0.00197, 0.00963, 0.00009, 0.00179, 0.00444, 0.00745
0.00008, 0.00050, 0.00147, 0.00001, 0.00019, 0.00013, 0.00017, 0.00084, 0.00025, 0.00060
0.00043, 0.00037, 0.00066, 0.00008, 0.00026, 0.00058, 0.00019, 0.00320, 0.00007, 0.00202
0.00290, 0.00091, 0.00211, 0.00442, 0.00307, 0.01728, 0.00016, 0.00186, 0.00615, 0.01473
0.00002, 0.00005, 0.00005, 0.00008, 0.00016, 0.00093, 0.00003, 0.00023, 0.00065, 0.00018
0.00001, 0.00011, 0.00009, 0.00013, 0.00000, 0.00025, 0.00015, 0.00003, 0.00016, 0.00004
0.00001, 0.00002, 0.00000, 0.00006, 0.00000, 0.00003, 0.00003, 0.00011, 0.00000, 0.00003
0.00244, 0.00068, 0.00205, 0.00141, 0.00151, 0.01431, 0.00026, 0.00317, 0.05593, 0.00793
0.00002, 0.00019, 0.00014, 0.00035, 0.00003, 0.00008, 0.00001, 0.00029, 0.00004, 0.00005
0.00031, 0.00093, 0.00034, 0.00066, 0.00146, 0.00014, 0.00007, 0.00022, 0.00000, 0.00009
0.00006, 0.00006, 0.00007, 0.00024, 0.00004, 0.00026, 0.00002, 0.00062, 0.00008, 0.00010
0.00021, 0.00009, 0.00040, 0.00160, 0.00009, 0.00958, 0.00009, 0.00126, 0.00593, 0.01192
0.00038, 0.00033, 0.00309, 0.00014, 0.00031, 0.00207, 0.00055, 0.00042, 0.01564, 0.00012
0.00002, 0.00001, 0.00001, 0.00001, 0.00009, 0.00006, 0.00000, 0.00009, 0.00016, 0.00179
0.00076, 0.00049, 0.00203, 0.00030, 0.00088, 0.00368, 0.00052, 0.00144, 0.02714, 0.00037
0.00016, 0.00011, 0.00003, 0.00010, 0.00032, 0.00054, 0.00003, 0.00062, 0.00050, 0.00015
0.00000, 0.00000, 0.00008, 0.00001, 0.00077, 0.00026, 0.00014, 0.00083, 0.00006, 0.00140
0.00101, 0.00011, 0.00131, 0.00111, 0.00038, 0.00354, 0.00019, 0.00197, 0.00328, 0.00094
0.00019, 0.00050, 0.00019, 0.00019, 0.00033, 0.00018, 0.00002, 0.00005, 0.00009, 0.00007
