-34.73304, -32.66589, -25.84643, -35.54361, -33.63825, -29.13669, -30.09639, -24.75835
-31.78546, -29.93063, -24.88321, -37.44758, -26.85674, -27.07774, -29.02276, -20.85549
-29.63337, -27.95554, -23.96398, -36.71711, -28.79822, -25.95480, -29.15725, -20.68808
-33.46919, -45.06605, -22.00605, -31.89632, -40.30629, -31.93600, -21.74843, -23.13964
-33.19793, -41.64355, -21.63888, -31.65584, -27.43617, -32.78649, -24.97387, -22.46706
-34.15514, -45.39214, -22.76503, -32.83350, -28.80124, -34.05871, -23.83699, -23.02076
-36.24063, -35.11477, -26.30764, -35.88393, -32.49430, -30.90605, -29.95812, -24.55627
-30.79795, -28.45622, -24.86456, -38.92369, -26.40511, -25.85483, -26.37084, -20.87137
-36.26000, -36.62226, -26.17378, -36.62832, -30.02686, -30.95996, -28.74143, -25.15097
-31.66349, -31.90159, -21.76390, -32.72910, -34.30548, -31.34547, -20.42906, -24.63338
-32.98381, -42.00850, -22.47182, -32.35259, -29.74671, -32.68657, -26.05542, -22.42920
-35.70274, -35.13692, -29.29170, -42.64328, -28.01653, -29.78957, -25.85230, -24.53664
-30.05051, -27.23824, -25.71705, -38.24004, -27.63393, -23.35145, -29.55178, -19.95821
-30.89508, -28.87708, -25.87698, -40.54342, -27.19344, -25.86646, -25.11275, -22.11329
-31.00625, -28.10220, -26.55724, -39.26748, -27.85035, -23.45815, -25.77983, -20.89966
-35.54543, -34.55462, -26.24139, -36.44396, -39.28062, -30.34157, -27.58185, -26.24308
-35.15833, -47.83159, -22.74405, -32.75075, -36.41386, -33.00553, -20.74380, -24.87379
-30.03898, -27.43286, -24.52033, -37.91524, -26.99541, -24.61206, -30.71117, -20.28974
-32.69152, -35.83928, -21.68290, -31.63163, -37.50495, -34.58994, -21.44287, -24.87067
-34.90162, -31.37227, -29.73969, -45.32842, -26.88771, -27.56238, -24.30947, -25.22580
-35.51505, -31.76614, -28.72948, -42.51115, -29.64653, -28.59070, -25.65013, -24.68504
-31.65652, -34.94245, -24.38069, -33.95749, -43.50638, -31.13308, -24.20408, -24.37097
-30.58746, -29.08778, -26.35791, -40.22393, -27.61526, -25.88788, -27.46463, -21.51914
-36.28198, -35.75416, -26.31898, -36.51124, -32.56708, -30.08352, -28.01664, -25.32293
-36.30957, -36.78466, -24.66320, -33.36983, -35.57792, -32.80872, -29.45729, -24.94262
-33.12281, -44.35991, -22.39787, -32.53651, -26.89476, -32.76861, -24.67563, -22.21367
-32.72358, -37.41168, -24.41393, -33.93467, -55.15953, -31.55282, -25.60544, -24.32979
-33.71689, -45.73897, -21.33718, -30.74085, -38.47231, -31.10904, -22.90650, -24.47268
-29.44870, -27.64006, -26.14612, -37.34735, -26.95981, -23.22525, -27.91887, -19.97815
-34.32877, -43.11487, -21.05791, -30.27387, -39.28877, -31.44498, -21.73561, -22.87047
-31.40095, -36.61278, -23.54403, -32.55474, -47.55271, -32.50499, -26.92723, -23.84182
-36.16916, -33.32434, -27.49086, -38.42906, -30.75143, -28.54247, -26.89252, -25.97806
-30.64889, -28.73019, -25.17587, -38.85682, -27.80410, -26.15827, -29.60591, -20.84698
-38.70402, -43.72662, -25.48298, -34.47916, -35.28318, -33.10712, -26.96350, -26.06591
-34.87950, -41.48487, -22.92478, -32.16066, -29.20623, -30.72643, -28.73222, -22.80791
-30.02169, -27.00126, -27.49998, -38.96618, -26.90787, -22.20481, -26.56825, -20.62840
-32.41761, -39.02232, -24.08269, -35.11016, -27.30123, -31.97583, -24.12004, -22.99312
-33.86856, -30.72819, -28.23829, -41.64776, -27.76043, -27.39924, -24.34890, -24.31738
-36.71724, -35.74135, -28.02843, -38.55381, -31.74796, -28.98133, -32.02617, -25.12272
-30.91391, -31.00943, -27.31862, -40.06768, -26.94109, -26.76179, -25.56975, -22.32091
-31.11525, -29.85458, -26.11502, -40.07370, -28.21000, -26.31654, -27.49263, -21.84369
-31.16339, -34.27493, -21.05551, -31.20356, -36.98602, -35.59171, -22.06738, -23.87382
-31.61543, -32.21561, -21.38105, -32.14887, -33.86301, -33.07431, -20.58201, -24.36539
-30.85272, -28.99166, -25.46195, -37.91461, -26.65318, -24.35241, -26.13617, -19.93121
-31.52555, -37.31843, -25.17288, -34.09804, -38.84709, -31.07270, -24.27436, -25.00281
-32.34884, -37.59992, -24.98332, -33.92921, -60.81790, -31.24721, -25.30975, -24.43922
-31.79198, -30.55829, -25.92153, -39.32245, -28.46185, -27.64230, -28.00190, -22.34576
-29.73040, -26.85483, -25.23123, -37.82652, -25.70814, -22.38574, -29.59997, -19.50069
-34.73042, -32.58939, -27.39628, -41.88942, -24.92315, -28.82607, -24.60354, -23.15363
-30.32162, -27.01025, -29.22399, -38.37095, -27.76901, -22.01686, -25.44869, -20.98232
-34.31106, -52.33796, -22.40887, -31.94773, -30.41899, -32.26939, -26.55995, -23.80314
-35.00507, -48.28478, -23.74859, -33.67682, -30.38434, -32.56474, -25.67929, -24.39867
-33.74252, -47.87759, -23.26324, -33.31764, -27.79677, -32.27631, -25.41920, -22.58586
-34.22625, -31.20697, -30.39057, -46.19983, -26.04913, -26.67655, -27.24858, -23.51235
-33.58078, -32.72767, -29.48312, -41.84226, -26.30633, -27.83978, -25.60614, -23.69279
-34.23607, -45.74865, -22.70204, -32.09339, -29.47144, -31.62052, -27.62561, -22.68656
-35.63992, -52.58985, -22.92060, -32.85837, -35.03337, -32.39880, -22.52254, -24.79491
-35.68723, -33.32742, -30.27962, -45.02679, -27.51489, -28.36077, -24.05219, -25.34418
-33.27365, -30.05146, -28.33392, -41.31065, -30.64149, -27.68621, -25.58933, -25.30105
-31.16130, -30.99961, -21.22575, -31.84828, -33.15734, -30.82274, -21.26171, -23.68319
-29.76424, -27.37447, -24.33947, -37.75034, -26.71061, -25.15522, -29.41330, -20.35360
-30.38759, -30.44178, -20.90422, -31.55634, -33.23510, -31.20579, -21.86801, -23.66639
-33.70809, -31.13153, -27.29151, -41.39449, -27.45658, -28.06040, -26.51788, -24.19720
-31.05613, -29.54731, -25.22740, -38.18964, -28.06843, -26.50119, -29.68273, -21.07248
-37.25389, -35.50973, -29.14892, -40.20436, -35.79763, -30.26512, -27.49950, -25.79603
-30.96908, -27.60277, -29.99704, -40.67698, -26.25199, -22.49695, -27.68886, -20.41091
-30.07912, -26.74553, -25.27765, -38.63463, -27.76700, -22.81307, -28.87258, -19.40352
-33.20819, -42.08991, -23.77967, -34.04357, -29.47451, -32.88665, -26.25816, -23.18827
-31.15248, -31.42103, -21.90003, -32.65959, -32.93289, -29.71110, -20.50126, -23.86770
-31.67449, -30.92567, -24.76372, -36.93821, -28.82566, -28.15004, -30.73816, -21.16871
-30.69005, -28.48362, -24.05011, -36.47249, -28.46905, -26.57936, -29.15703, -20.83629
-35.01593, -33.05473, -25.89140, -35.30307, -34.13957, -29.43270, -32.11359, -24.67725
-34.26010, -38.56515, -22.48866, -32.37943, -36.17544, -32.48632, -22.69451, -23.17316
-29.73974, -27.10685, -24.10850, -37.56635, -28.58385, -25.37505, -27.89409, -20.80388
-33.77401, -32.08003, -28.50216, -41.84747, -26.28618, -27.65373, -25.28116, -23.57283
-31.55590, -40.74441, -26.59268, -34.41853, -73.21842, -31.89895, -25.47213, -24.79665
-33.20397, -31.95306, -27.31054, -40.49944, -26.14264, -28.42745, -25.32235, -23.03802
-33.15293, -39.70754, -24.62220, -33.93277, -63.16814, -32.85080, -24.17246, -24.50611
-33.66287, -45.00074, -23.56579, -34.28164, -28.26952, -32.99173, -24.26458, -23.17571
-33.97601, -35.86635, -25.83906, -35.46142, -54.49692, -30.29301, -25.83711, -24.66855
-36.76953, -37.04854, -26.14212, -35.61254, -32.21494, -30.97155, -29.15193, -25.01332
-32.72853, -40.05517, -23.17230, -32.52565, -48.56578, -33.65260, -23.79320, -23.96291
-35.99592, -33.82039, -29.23283, -43.91066, -26.32154, -28.71464, -25.52376, -25.03115
-30.40152, -28.59362, -25.56304, -38.54360, -27.55207, -23.98057, -25.36895, -20.11383
-31.79144, -31.92678, -22.02934, -32.89548, -38.26208, -32.46339, -20.23150, -25.39777
-36.89086, -37.44947, -25.97487, -35.09125, -32.84856, -31.75543, -30.22877, -24.80466
-32.32768, -39.80016, -25.61132, -34.44921, -44.95452, -31.65106, -25.51327, -24.08336
-36.91362, -37.39958, -26.05913, -35.07284, -36.55554, -31.32728, -29.54118, -24.63802
-34.63618, -51.24756, -22.22562, -32.51392, -32.33672, -32.65319, -20.98983, -24.80385
-36.91248, -35.32505, -27.33423, -37.39406, -34.70278, -30.73592, -29.03673, -26.01552
-32.61623, -54.35514, -24.07495, -34.19318, -29.18705, -34.69637, -23.57260, -24.47806
-34.97122, -33.91346, -30.97865, -43.28732, -26.99409, -28.62749, -24.35888, -25.48573
-30.43857, -27.73940, -25.27318, -39.37223, -27.39347, -24.90109, -29.93099, -20.92612
-31.53769, -29.05841, -25.91243, -40.09947, -26.13454, -24.21235, -26.60379, -20.71661
-33.07007, -38.73689, -21.72366, -31.84688, -35.69763, -32.47201, -22.22861, -23.33755
-36.93014, -36.87378, -26.74576, -36.39184, -34.03560, -31.71353, -30.78336, -24.96889
-37.12765, -35.63870, -28.04940, -39.42991, -31.63103, -29.33577, -26.53771, -26.19847
-38.97250, -41.12446, -27.64644, -37.90541, -31.69939, -32.08251, -27.31059, -25.97339
-30.92458, -29.21927, -26.12574, -39.06765, -26.76545, -23.94888, -26.97970, -20.00902
-32.92777, -30.45582, -28.08083, -40.98136, -28.22995, -27.98291, -27.14107, -23.43094
-31.46310, -30.37921, -25.32061, -39.32836, -27.35488, -26.81946, -25.49102, -21.88537
-30.84094, -28.55402, -25.75445, -40.19664, -27.61624, -25.52113, -28.74306, -21.08614
-31.99120, -33.76352, -20.95917, -31.26036, -37.20900, -34.04304, -19.64453, -24.89422
-37.47224, -38.77961, -26.27497, -35.27130, -33.67860, -32.27408, -31.06936, -25.33797
-34.92309, -45.94789, -22.26454, -31.37878, -29.14101, -32.25459, -30.56511, -23.14549
-30.39027, -27.02385, -26.79499, -40.51502, -27.98053, -23.07590, -26.72022, -20.48703
-33.17123, -48.08200, -21.75247, -31.99719, -35.12352, -32.80204, -21.19624, -24.80028
-36.75218, -36.08596, -26.95877, -35.96935, -32.56509, -30.97594, -30.70041, -24.93828
-31.39414, -28.64165, -26.67794, -40.51991, -27.65036, -24.28517, -26.79555, -21.05075
-32.42100, -36.88799, -24.80463, -34.06427, -43.61192, -31.51490, -27.01689, -24.56247
-37.73586, -39.01978, -28.29798, -38.43760, -31.60287, -30.89240, -32.40155, -25.68191
-30.03415, -28.05274, -25.94684, -38.29203, -27.50571, -23.62570, -27.72168, -19.98885
-32.57037, -33.23044, -22.04782, -32.47897, -39.17223, -33.37115, -19.94618, -24.44284
-34.79204, -49.11119, -22.28487, -32.13208, -35.91781, -32.31379, -21.61946, -24.34579
-37.11421, -36.50928, -26.90284, -36.65494, -33.65190, -30.80338, -28.23475, -25.20406
-36.17384, -34.58299, -32.84460, -44.27328, -26.90895, -28.93477, -25.10055, -25.97534
-33.95042, -36.89205, -25.44536, -34.82139, -38.62413, -31.53074, -26.48408, -27.08220
-30.78640, -30.45875, -25.08495, -38.31261, -27.48149, -27.39717, -26.39048, -21.27867
-36.45283, -34.90290, -27.09190, -37.07657, -33.15578, -29.98744, -29.72120, -25.42106
-34.95084, -51.02154, -23.57232, -33.40671, -29.64888, -33.78996, -25.87831, -24.11138
-30.56058, -31.27292, -22.96527, -34.23638, -35.82853, -30.79261, -21.01259, -24.43710
-32.99371, -30.17115, -28.04841, -42.63941, -26.90249, -27.27300, -24.59640, -23.50233
-30.67209, -28.66590, -26.01122, -38.35988, -29.11506, -24.36535, -27.47672, -20.90232
-30.80577, -28.71914, -25.27151, -39.75602, -27.45271, -25.46738, -26.08802, -22.31539
-30.91063, -28.62364, -24.90942, -38.42960, -28.79598, -26.61343, -27.07356, -21.50788
-30.42302, -33.26694, -21.66413, -32.23336, -34.67587, -32.88899, -19.94518, -24.44218
-32.82671, -41.70556, -21.59688, -31.73038, -28.97680, -32.75415, -23.83796, -22.46920
-33.94431, -31.92129, -25.12175, -35.39224, -34.09725, -28.76714, -27.39548, -23.96939
-34.05896, -41.45922, -22.20321, -32.23148, -36.35599, -32.14462, -21.73621, -23.53874
-31.72595, -31.61881, -22.33686, -33.19952, -36.84974, -31.89076, -21.38261, -24.93021
-32.25996, -39.32281, -24.07544, -33.20334, -48.71742, -32.98764, -25.20333, -23.81120
-29.66486, -28.08059, -26.84950, -37.57378, -27.86142, -23.81404, -26.77281, -20.08094
-31.03220, -29.30429, -24.49767, -37.03750, -27.15355, -27.17394, -31.78740, -20.81264
-35.94359, -51.97215, -23.17201, -32.98588, -35.45993, -32.81943, -22.10527, -24.04641
-33.76967, -41.72004, -21.38663, -31.00442, -38.58607, -31.84637, -21.86387, -24.69886
-33.18622, -30.54834, -28.78565, -42.39034, -29.70610, -27.37770, -24.79128, -24.40089
-35.82756, -34.14045, -27.11724, -37.49202, -36.06070, -29.79085, -30.24855, -25.93049
-32.60149, -36.41250, -24.17224, -33.71034, -44.11006, -31.58607, -25.42953, -24.11664
-31.60135, -38.69315, -22.47926, -33.14084, -28.12707, -34.15655, -22.97005, -22.85508
-35.42916, -33.38954, -26.48659, -36.51110, -32.98726, -29.21225, -28.46557, -25.21533
-33.55845, -29.72257, -31.97091, -45.22056, -27.30491, -25.69082, -29.49747, -24.15261
-33.44273, -43.99200, -21.84037, -31.37495, -29.91065, -31.99051, -26.49490, -22.16510
-33.32720, -43.91010, -22.00080, -32.11619, -39.58248, -32.80021, -20.58666, -24.73397
-30.27120, -27.92837, -26.02939, -39.03544, -27.25196, -23.76207, -27.88686, -19.76457
-36.38422, -35.09724, -30.92801, -45.42419, -28.54440, -29.34178, -22.92033, -26.50822
-33.40477, -29.21439, -30.35032, -44.66573, -27.93071, -25.22859, -25.38604, -24.81926
-31.51912, -32.84816, -21.72434, -32.06308, -40.36058, -32.44234, -20.50276, -25.67415
-33.57137, -41.15643, -21.42964, -31.04154, -37.25689, -31.61099, -22.91697, -23.44926
-34.48372, -49.23173, -22.65167, -32.36742, -29.54128, -33.43247, -25.39734, -23.90410
-34.39456, -31.33662, -28.19219, -42.61387, -29.39753, -28.87183, -25.07582, -24.55002
-31.22288, -29.88538, -27.40696, -41.35624, -27.99005, -25.97242, -30.27337, -22.10690
-34.99816, -46.82824, -22.24955, -31.67948, -28.47679, -31.87823, -27.29450, -23.68514
-36.85080, -34.77062, -28.19135, -38.83215, -34.31871, -29.95519, -29.63651, -26.22392
-33.43505, -45.40300, -22.45180, -32.61120, -36.18994, -32.71403, -21.80532, -23.34538
-30.54270, -28.01999, -26.88327, -39.57699, -27.60805, -23.54072, -24.97088, -20.73537
-31.97521, -38.16572, -24.37606, -33.58733, -57.14588, -32.09137, -22.83889, -24.64539
-35.02422, -43.87779, -21.57503, -30.78063, -30.00096, -32.00504, -24.15983, -22.58540
-33.64621, -40.03118, -22.08969, -32.50116, -35.30846, -32.67174, -20.72479, -24.43392
-31.94922, -34.42062, -21.98222, -32.17662, -36.82797, -34.44110, -22.91049, -24.72641
-34.18405, -48.79120, -24.44695, -33.17269, -48.57542, -32.06672, -26.87205, -24.44561
-33.88886, -49.47825, -23.73403, -34.28961, -28.87121, -33.22277, -24.00765, -24.18649
-33.58162, -48.09674, -22.23655, -32.00918, -27.96715, -32.07931, -25.53173, -22.30075
-40.84435, -46.69389, -27.93955, -37.24124, -32.94389, -32.93757, -28.57737, -26.29623
-33.93855, -43.94382, -23.48071, -33.84909, -27.84167, -34.47543, -24.41117, -23.22026
-30.78664, -27.81868, -24.80814, -37.97384, -28.13025, -26.34394, -28.57213, -21.00709
-35.61958, -33.82792, -29.11714, -44.31796, -27.15473, -29.30262, -23.69185, -25.09045
-35.67955, -33.36410, -27.38137, -40.22981, -26.13917, -30.28780, -25.28939, -23.63657
-29.95860, -28.65483, -24.88508, -37.54972, -29.28604, -26.86700, -29.38550, -20.86956
-31.62689, -28.13811, -26.88318, -41.01246, -27.18500, -23.53544, -27.25826, -20.44518
-32.73283, -36.36492, -26.21493, -35.19801, -46.06883, -30.79898, -23.78204, -25.84902
-34.64817, -42.35394, -22.53626, -32.50080, -39.40945, -32.13005, -21.29112, -24.37197
-36.86660, -36.97646, -26.52169, -35.87192, -32.03212, -30.40140, -30.74117, -24.89245
-35.09303, -46.06140, -21.82102, -31.19292, -35.58693, -31.64040, -22.73559, -23.99521
-32.32965, -41.11470, -22.62039, -33.03412, -39.90828, -33.88646, -21.04087, -25.62715
-31.50342, -37.85199, -24.23121, -32.92248, -50.80185, -32.18332, -28.59934, -24.48730
-33.62522, -48.41607, -21.07394, -30.55584, -37.89080, -30.84321, -22.18596, -23.64497
-31.50058, -31.28234, -22.75118, -33.70521, -39.98926, -30.57852, -20.39578, -26.23745
-32.86160, -40.51321, -24.17690, -33.46467, -48.22076, -32.97712, -25.84131, -24.91805
-33.62536, -43.37250, -22.13743, -32.20759, -39.73929, -32.88337, -20.80902, -24.18877
-34.86768, -34.30652, -25.57033, -34.13104, -30.90445, -29.57154, -33.57927, -24.10247
-33.11977, -35.28816, -21.51015, -31.67452, -36.74472, -34.69551, -20.41171, -25.56411
-35.00162, -52.17764, -23.82005, -33.57304, -30.50573, -32.47550, -26.80948, -24.01280
-33.57712, -37.52582, -25.49507, -35.02742, -40.97013, -31.47108, -25.58040, -24.43765
-34.67370, -67.88606, -23.60986, -33.72927, -30.31734, -34.14913, -23.24401, -25.83747
-32.76158, -30.00293, -28.11051, -42.09550, -27.23814, -26.68504, -24.81741, -23.71562
-34.25273, -43.70352, -22.11640, -31.67041, -29.35790, -32.39050, -27.26408, -22.81283
-32.48871, -38.92439, -22.03488, -32.28831, -34.13044, -33.12158, -22.72815, -23.00356
-30.67935, -28.84164, -28.40969, -38.09421, -26.18882, -23.20285, -23.75077, -20.95701
-29.39296, -27.84331, -25.53531, -36.76950, -27.83382, -23.56133, -28.45985, -19.60718
-30.41124, -27.55166, -27.26066, -39.74793, -28.50291, -22.66230, -30.56510, -20.44174
-35.03501, -33.34473, -26.38653, -35.86410, -31.02069, -28.90804, -30.35941, -24.27556
-32.18157, -34.29567, -21.42863, -31.57914, -35.44005, -34.87459, -21.67297, -24.63170
-35.38598, -32.94825, -27.56127, -38.41692, -31.02852, -27.82276, -30.31279, -24.57400
-37.99162, -40.13364, -26.01613, -34.82328, -37.31217, -33.86708, -30.12068, -26.18581
-28.62240, -25.86973, -24.76850, -37.94589, -25.21144, -21.88452, -30.44312, -18.47667
-34.13494, -31.50426, -31.48897, -42.98104, -28.04472, -27.45346, -26.73695, -24.58355
-33.67690, -39.56723, -23.26184, -32.47423, -50.54984, -31.51459, -26.10129, -24.18873
-32.42585, -37.12844, -25.40163, -34.70198, -56.16567, -32.20973, -23.95288, -24.51538
-30.47276, -29.10199, -26.11018, -38.50689, -26.89795, -24.47222, -26.51697, -20.61071
-31.65167, -29.94287, -25.24364, -38.61843, -27.22977, -27.29473, -27.28374, -21.19255
-34.11489, -40.59661, -22.59036, -32.75145, -28.63270, -34.48663, -24.43707, -23.59921
-30.16342, -28.15941, -25.20936, -37.97468, -25.64307, -23.87601, -26.78076, -19.33163
-34.74924, -32.04320, -27.24859, -37.12101, -34.70944, -27.66035, -31.85373, -23.98509
-32.86889, -39.89317, -25.08086, -33.97898, -50.10747, -32.79442, -25.35840, -25.30362
-30.26176, -27.95869, -26.67880, -42.18239, -25.64473, -24.14614, -24.94797, -20.82251
-30.09475, -27.00214, -25.59035, -41.04304, -26.24065, -24.02676, -27.00718, -20.86043
-32.78479, -47.25854, -23.19998, -33.19322, -29.12969, -33.47178, -25.42945, -22.74520
-32.73795, -30.43441, -29.67947, -41.58151, -26.55262, -26.12650, -25.70549, -24.99924
-30.43701, -28.51320, -26.07681, -38.94543, -27.96094, -24.02526, -27.01901, -20.23375
-32.86181, -32.79942, -22.45260, -33.17934, -33.22945, -32.23071, -21.06112, -26.28631
-36.07571, -34.57330, -29.19269, -40.47390, -34.81564, -28.23434, -30.66860, -25.87188
-34.21769, -40.14039, -23.38273, -34.18398, -39.41827, -33.55280, -20.47128, -26.52374
-31.10933, -38.20788, -23.55579, -32.93037, -52.08091, -34.13563, -24.58049, -24.26015
-30.28478, -27.37619, -25.86837, -39.39449, -27.28019, -23.40026, -30.79108, -19.60183
-31.42043, -29.85565, -24.86204, -38.02802, -26.82757, -27.23399, -27.47197, -20.72167
-30.21340, -27.40287, -26.75105, -39.26478, -27.82939, -22.98769, -27.39624, -20.29003
-31.08148, -28.24076, -25.34314, -39.67205, -26.49951, -25.32513, -27.19840, -21.26235
-30.63658, -35.50596, -23.80339, -32.78946, -60.20819, -32.52914, -25.45523, -23.88523
-38.71187, -43.45432, -26.85113, -35.26666, -34.57097, -31.92020, -31.61039, -26.33725
-34.68604, -47.00498, -21.98767, -31.50126, -38.36753, -31.47197, -22.17696, -23.12446
-30.87035, -30.50048, -22.85880, -34.09741, -32.89474, -28.85887, -22.30624, -23.52884
-30.04483, -28.26489, -23.88778, -36.88221, -28.35296, -26.80835, -27.90475, -20.35376
-33.71807, -47.14305, -24.12170, -33.47183, -47.54444, -32.74370, -23.91479, -25.23566
-31.46279, -31.46516, -21.22467, -31.81037, -36.74585, -32.80586, -20.14300, -24.85067
-30.63516, -31.87733, -20.63884, -31.21565, -35.16316, -32.87166, -20.23398, -24.35542
-34.18732, -32.22571, -28.51015, -43.18787, -26.27489, -28.16517, -26.01767, -23.99492
-32.36709, -38.22820, -24.99900, -34.13016, -53.02002, -33.08820, -24.77473, -24.98254
-33.71102, -39.04176, -26.77120, -36.09765, -41.88320, -31.61839, -25.21855, -25.25972
-31.91492, -35.07953, -24.76300, -34.20712, -66.10885, -30.73222, -27.01377, -23.51914
-30.03137, -27.87623, -25.61910, -37.87032, -27.52336, -23.69907, -26.44338, -20.24912
-30.94446, -29.14421, -24.15490, -37.23576, -26.42953, -27.70764, -26.62471, -21.47505
-30.09661, -26.42600, -26.62672, -40.37073, -27.86087, -22.74971, -25.17300, -20.24519
-34.45794, -32.73792, -28.44145, -41.88007, -28.45660, -28.85066, -26.67376, -24.62076
-30.06096, -27.94018, -27.07347, -38.67075, -27.74357, -23.74930, -28.15985, -20.21067
-30.40756, -29.03445, -24.39546, -37.38136, -28.21426, -27.24234, -24.82705, -21.64101
-37.24918, -37.48093, -26.39739, -35.61239, -31.50197, -30.69997, -29.22988, -25.19604
-33.20071, -30.72198, -31.69886, -41.53875, -27.23545, -26.29512, -26.22780, -24.58028
-34.76676, -50.21871, -21.87445, -31.57553, -29.12177, -32.18957, -24.10121, -23.68814
-33.63217, -41.74731, -22.07618, -32.38485, -35.50985, -32.51551, -20.79177, -23.74834
-32.74693, -38.55285, -22.61249, -33.33239, -38.14399, -33.00464, -21.53625, -24.42600
-31.72778, -30.76841, -26.20615, -39.07254, -26.60000, -24.65495, -26.08393, -20.78244
-34.35416, -46.63993, -23.02385, -33.24372, -28.89233, -34.41417, -22.71456, -23.41551
-34.23755, -46.62146, -22.39101, -32.42036, -39.14529, -32.42776, -20.98803, -24.33972
-30.04902, -27.64523, -24.01428, -36.76532, -27.15488, -25.29851, -31.34438, -19.90442
-34.19234, -49.91204, -22.73294, -32.47678, -30.17299, -33.07911, -25.87118, -23.77176
-36.96400, -37.24524, -26.18072, -36.48117, -31.65947, -30.94138, -25.73107, -24.90902
-29.98291, -27.12255, -26.24038, -40.90644, -28.14834, -24.12821, -28.04629, -21.01034
-29.87175, -26.87411, -26.05556, -39.11949, -28.18976, -22.66199, -29.69171, -19.75192
-30.03457, -26.84708, -26.89048, -39.68860, -25.51963, -22.00022, -28.11322, -19.87822
-32.43423, -33.11073, -21.54500, -31.68585, -34.17601, -32.86450, -22.21531, -24.39376
-31.89531, -33.12352, -23.88168, -33.57628, -54.87389, -30.77635, -25.73273, -23.64341
-35.14499, -43.16950, -22.27024, -31.66013, -27.95539, -31.21006, -25.58082, -22.92227
-38.83993, -44.36585, -26.22753, -34.52506, -34.05940, -32.89230, -26.76234, -26.30836
-35.84951, -35.42006, -25.71968, -35.64339, -34.79900, -30.44411, -28.28946, -25.71786
-31.67115, -30.33947, -25.24414, -38.68213, -27.70373, -27.61046, -27.54209, -21.54027
-38.61343, -38.33123, -28.94527, -38.69865, -33.38269, -31.71783, -32.02096, -26.57258
-31.18722, -32.70286, -23.73321, -33.90001, -44.42579, -29.76290, -23.45731, -23.79524
-30.84344, -33.16132, -22.31271, -32.86749, -32.42015, -31.01495, -21.06856, -24.20322
-30.85626, -27.95331, -24.96179, -38.67047, -28.15273, -25.96644, -26.96090, -21.43650
-30.46426, -27.30463, -27.84984, -40.94316, -28.84374, -22.77516, -29.70491, -20.02645
-34.40903, -49.13003, -22.93661, -33.11775, -28.06145, -33.52932, -23.59470, -23.54453
-33.22018, -38.44913, -23.91320, -33.30574, -59.44979, -32.29485, -26.64048, -23.15311
-33.39182, -47.09904, -22.35118, -32.37809, -38.30160, -32.03271, -22.67706, -23.84876
-36.39335, -35.11546, -26.77987, -36.23335, -30.27516, -29.11612, -27.62795, -24.58024
-31.15620, -31.35148, -21.48381, -32.17548, -33.75204, -32.38991, -20.78721, -23.72464
-37.27267, -39.25314, -25.57035, -34.72040, -32.26147, -32.32067, -30.14889, -24.69776
-30.46549, -29.19317, -27.46337, -40.11558, -27.62145, -26.24305, -27.55000, -22.53755
-35.93805, -34.17503, -26.73851, -36.14802, -32.49113, -29.44586, -31.95673, -24.41015
-34.58924, -45.22518, -23.03571, -33.12058, -28.80029, -34.47734, -24.64517, -23.53930
-35.34624, -46.55038, -22.95947, -32.88854, -37.63396, -32.87173, -22.25972, -24.44121
-31.36260, -37.20009, -24.91762, -34.02483, -53.69304, -31.74990, -24.36728, -24.12876
-33.46069, -35.92672, -23.56963, -33.27495, -45.42404, -30.67296, -25.22429, -23.63276
-30.08620, -27.41963, -27.31871, -38.97403, -26.49264, -22.87775, -28.73968, -20.54472
-33.11486, -29.53729, -30.23546, -43.08862, -28.79112, -26.14631, -24.80306, -24.32237
-33.98931, -38.37904, -24.60309, -34.09800, -44.28452, -31.63328, -26.44817, -24.66259
-29.42689, -26.66616, -23.99522, -36.50532, -28.40627, -23.52662, -27.73452, -19.50220
-29.63863, -26.39506, -27.79485, -38.66836, -25.71325, -21.90839, -25.85176, -19.77335
-32.46765, -44.81685, -21.68818, -31.70772, -28.69462, -32.65326, -25.58686, -22.63235
-29.74982, -27.17042, -24.87510, -39.85491, -27.34593, -24.76497, -25.15521, -21.11385
-34.42276, -48.85900, -23.99443, -34.60926, -29.03189, -32.72060, -25.29762, -23.46205
-31.34017, -28.90257, -26.04421, -40.74638, -27.98097, -25.44089, -26.66402, -21.65536
-30.95237, -28.04664, -25.23573, -38.52211, -29.70674, -26.01769, -29.57539, -21.57627
-30.87704, -29.72913, -24.55497, -37.50334, -28.50808, -27.02549, -28.07763, -21.17115
-33.49099, -30.88339, -28.83477, -41.89423, -28.16490, -27.64736, -25.98436, -23.48703
-35.42448, -47.66919, -23.88806, -34.08057, -26.76079, -33.56880, -25.58414, -23.12692
-33.49091, -45.38456, -22.24063, -32.19680, -28.31188, -33.24012, -25.65643, -22.90203
-35.03626, -33.07067, -28.54245, -42.80852, -27.01814, -28.87579, -26.74763, -24.30474
-33.55308, -35.49759, -25.10709, -34.63086, -44.92486, -30.21651, -25.07779, -24.39642
-33.59784, -39.68625, -24.98398, -34.25508, -50.03846, -32.36261, -25.37448, -25.98688
-34.44698, -48.70930, -25.22287, -34.19789, -52.36015, -33.00006, -26.62743, -24.79992
-35.33240, -57.20955, -21.66051, -31.47316, -34.50367, -32.07566, -19.71382, -24.43301
-33.85556, -42.98178, -22.74254, -32.78003, -30.10614, -33.31477, -23.94509, -22.59960
-35.06364, -31.83906, -29.42996, -44.49777, -27.30526, -29.01187, -25.31109, -24.93164
-33.04053, -34.81394, -22.33462, -33.03079, -36.38090, -35.30553, -19.81850, -26.96011
-35.85108, -46.04151, -23.09524, -32.61009, -39.10008, -32.37145, -23.43189, -24.19808
-30.65422, -28.11727, -24.79550, -37.46951, -28.51105, -23.89891, -25.42833, -20.65032
-30.83291, -30.72774, -21.63381, -32.19973, -37.60484, -30.78339, -21.51784, -24.50730
-31.23009, -28.93720, -25.11588, -38.20199, -28.26312, -26.86947, -30.57605, -21.31552
-34.61070, -30.28187, -30.87326, -46.96493, -27.15329, -25.99244, -24.67452, -24.22057
-35.42418, -48.49245, -22.67390, -32.00591, -30.86037, -32.67613, -27.12244, -23.89989
-32.49296, -32.56534, -22.68380, -33.49068, -39.06267, -32.47030, -20.79715, -25.54674
-32.61457, -53.01554, -25.36132, -33.84618, -48.38935, -33.24280, -26.55281, -24.15477
-29.41579, -27.95204, -24.57917, -38.44758, -28.00395, -25.32913, -25.88245, -20.82182
-32.66794, -39.30733, -22.48941, -32.99623, -27.45619, -33.77623, -25.20098, -22.80487
-30.45576, -29.46602, -21.47099, -32.25043, -38.89704, -30.79903, -21.10028, -23.89366
-30.76924, -31.48355, -21.54126, -31.98889, -34.98658, -31.36296, -22.06965, -24.13153
-35.26375, -53.01805, -21.45477, -30.92342, -36.29642, -31.57392, -20.99886, -24.54917
-30.53111, -28.45261, -23.99409, -37.42326, -26.73551, -25.65382, -25.56965, -21.06262
-34.10641, -31.56019, -29.17477, -43.02403, -28.21940, -28.11111, -28.01169, -24.30354
-30.99416, -28.83585, -23.21198, -34.46351, -26.59517, -26.90208, -27.18506, -21.09451
-31.11216, -32.76156, -21.62696, -32.21883, -34.32318, -33.23783, -21.11001, -24.09418
-36.69687, -35.08726, -27.94412, -38.68815, -30.66660, -30.06095, -29.94951, -24.18653
-32.62296, -43.66348, -23.80022, -32.91720, -54.98115, -33.38109, -25.04180, -24.43119
-31.89794, -33.70280, -23.64772, -33.23360, -53.36385, -30.21562, -26.37996, -23.34901
-31.77714, -37.55262, -25.27182, -33.88397, -53.09365, -32.01239, -26.33048, -24.20433
-29.30417, -26.80347, -26.13892, -38.33909, -26.66678, -22.91236, -25.16901, -19.93175
-33.10005, -38.93010, -21.87127, -31.67722, -39.23780, -34.59668, -21.83589, -25.10252
-34.18684, -33.26859, -29.45895, -42.52031, -28.69923, -29.10891, -24.10176, -24.93021
-33.04242, -41.58070, -23.04538, -33.39382, -30.76837, -33.89165, -25.05401, -23.42784
-31.02715, -29.24208, -23.93084, -36.47721, -28.35051, -28.05637, -26.74345, -21.69273
-33.37243, -33.27064, -33.05604, -39.15750, -27.12689, -28.04339, -23.08930, -25.62417
-32.16471, -34.66390, -21.52912, -31.97495, -34.34384, -33.85624, -20.39167, -25.54450
-30.86246, -29.33515, -26.59447, -41.91537, -25.94839, -25.84612, -28.51511, -21.16943
-36.62926, -35.20255, -27.01857, -36.30288, -34.36465, -29.89128, -30.51323, -25.27026
-30.59502, -30.25369, -21.32719, -32.20466, -37.81983, -31.36193, -20.29330, -25.06104
-29.70709, -27.38252, -24.63999, -39.08599, -26.84211, -24.62649, -26.44433, -19.99944
-34.90369, -31.95204, -27.05142, -39.71460, -27.19949, -29.07574, -25.93341, -23.90057
-36.69038, -35.47263, -27.16378, -37.07985, -39.96691, -30.28347, -29.35350, -26.95058
-31.68767, -29.95830, -25.55748, -39.43116, -27.83893, -27.10267, -26.39450, -22.01784
-32.96169, -38.88087, -22.26499, -32.75308, -38.25009, -32.23353, -21.19949, -24.47562
-33.34761, -30.38407, -27.99081, -43.13696, -29.08587, -27.40804, -24.26475, -24.44429
-35.42728, -33.99617, -29.68201, -43.43277, -27.67991, -30.00261, -25.46255, -24.87684
-34.36980, -53.97620, -23.10233, -32.85496, -31.81165, -33.08100, -24.85586, -24.28774
-36.14299, -33.65598, -27.83937, -38.42154, -33.80649, -29.12445, -29.71935, -25.86459
-37.26939, -38.46982, -27.48495, -37.67595, -31.76780, -30.31471, -32.81042, -25.92545
-33.45934, -44.42332, -23.61014, -33.81415, -30.11761, -34.43018, -25.58070, -23.82428
-32.04756, -30.48700, -28.10576, -39.82169, -27.92810, -24.47611, -28.68698, -21.47750
-37.36802, -39.26341, -25.78260, -34.02458, -38.80884, -31.65325, -29.53903, -25.70346
-35.36819, -32.97193, -26.99537, -37.44532, -31.90786, -28.71969, -29.39756, -25.31141
-35.02366, -45.53708, -22.48559, -31.66299, -30.52124, -31.09420, -26.96191, -22.40094
-32.73625, -48.93087, -22.08234, -31.54753, -29.72983, -32.24177, -26.49813, -22.70336
-31.36256, -30.24624, -24.69235, -37.24762, -27.44324, -28.34739, -30.92996, -21.12261
-35.61136, -44.80751, -22.73177, -32.06614, -30.64521, -31.45820, -25.66764, -24.60232
-31.35568, -28.99993, -26.34388, -40.87051, -27.61635, -26.03357, -28.37271, -21.29429
-32.23811, -33.73448, -21.97527, -32.50815, -31.91337, -32.49737, -21.64106, -24.32480
-31.41426, -32.89176, -21.24158, -31.47567, -37.05572, -31.29691, -21.54444, -24.48237
-31.34030, -29.92955, -24.86077, -38.60962, -25.91174, -26.79097, -26.32920, -21.42014
-29.29914, -26.80527, -26.38870, -37.82329, -25.78983, -22.21702, -26.61466, -19.96287
-32.11383, -35.17826, -24.77522, -34.22250, -50.90447, -30.65056, -26.25029, -23.78002
-36.68993, -34.52641, -29.25681, -42.83007, -27.28813, -30.31495, -27.56031, -24.39438
-32.60182, -35.03222, -21.20701, -31.27152, -37.04630, -33.92040, -20.43199, -25.94429
-30.63048, -29.04868, -23.96428, -35.51005, -28.29717, -25.01485, -29.44461, -19.81152
-33.26875, -38.43673, -22.36830, -32.98656, -36.49414, -33.19429, -20.80618, -24.60475
-32.19561, -30.18789, -26.25933, -40.40261, -26.78617, -26.73072, -28.61087, -21.54408
-32.47875, -33.20059, -22.08125, -32.28967, -36.08469, -33.74023, -22.91548, -24.08436
-39.02055, -44.37379, -26.09947, -34.62746, -33.43501, -33.07959, -31.11167, -25.04947
-30.51146, -30.11577, -22.14889, -33.22333, -35.12601, -29.47484, -20.87693, -24.97691
-29.74934, -26.75400, -27.10872, -39.93965, -26.87051, -22.50559, -25.87746, -19.88287
-32.81284, -47.84919, -23.37414, -33.37531, -28.75462, -34.40147, -23.96553, -23.79797
-30.60019, -28.28718, -25.22296, -39.14686, -30.29178, -26.04482, -26.75754, -21.55257
-32.23471, -38.10992, -24.26618, -33.35642, -55.63639, -30.40498, -24.83335, -24.24580
-32.77293, -31.87080, -25.05618, -37.80223, -26.83250, -28.34787, -26.71017, -22.25928
-33.89805, -31.97725, -30.36282, -43.47917, -27.25840, -28.35219, -26.87822, -24.45420
-35.71891, -33.80256, -26.83678, -37.42053, -35.30714, -29.59628, -28.17349, -26.18059
-33.58985, -47.41650, -22.27112, -32.34959, -38.38911, -31.95342, -21.35609, -24.81037
-31.80490, -33.85025, -21.98948, -32.47856, -37.93894, -33.97186, -20.37667, -25.76372
-36.08911, -51.08820, -23.17947, -33.05142, -39.13688, -33.10772, -21.40437, -25.74751
-34.10058, -46.20615, -21.76586, -31.63299, -38.39709, -32.15501, -20.91281, -24.84527
-33.08758, -30.25007, -28.15959, -43.16233, -26.19206, -27.35800, -24.42615, -23.71654
-35.59637, -34.19525, -26.77272, -37.18135, -30.47552, -28.91184, -31.53803, -24.50393
-30.93417, -31.58414, -21.37259, -32.15775, -31.39019, -31.32835, -20.29136, -23.67665
-31.39297, -29.03098, -25.69015, -39.03848, -26.38637, -24.29152, -25.47917, -20.46355
-32.09413, -40.46823, -26.72105, -35.08689, -52.66612, -32.39495, -24.26713, -26.29653
-30.43929, -27.66734, -27.01521, -39.24947, -27.85047, -23.33296, -24.71176, -20.90303
-36.95559, -39.57235, -25.32387, -33.28660, -34.20128, -33.23753, -28.40402, -25.98619
-33.00402, -40.06237, -21.83506, -32.24653, -37.32662, -33.45384, -20.13999, -24.65483
-33.04901, -31.97548, -28.40074, -40.64837, -29.40383, -28.85823, -23.98688, -25.20050
-33.89592, -46.76345, -23.12763, -32.97305, -29.49904, -33.19412, -26.98006, -22.82274
-35.89560, -56.89337, -22.47160, -32.33890, -33.01933, -32.07421, -20.96835, -23.86676
-30.36501, -28.56160, -25.47744, -40.10068, -28.26143, -26.20779, -26.19076, -21.21023
-32.65200, -29.78287, -28.59498, -42.55402, -27.57548, -26.86743, -23.20116, -24.62769
-35.41458, -42.23322, -22.72053, -32.13314, -28.57527, -31.10452, -25.83671, -23.07357
-31.64100, -37.15486, -23.96865, -33.36301, -55.09327, -31.27884, -26.36274, -23.02913
-35.58790, -51.24009, -21.91423, -31.05731, -39.04628, -31.26146, -22.44231, -24.42221
-34.96138, -47.91793, -22.06913, -31.65159, -28.84488, -33.03601, -24.68223, -23.82650
-32.96995, -36.42344, -21.87462, -32.45361, -31.42707, -34.21388, -20.77630, -25.58969
-30.88114, -28.02382, -26.52664, -40.00697, -27.02580, -23.35663, -26.81480, -20.20177
-30.04192, -26.98359, -23.80878, -35.61453, -27.00348, -23.63513, -29.65165, -18.77848
-40.78349, -51.42137, -26.45278, -34.63454, -32.95383, -34.16994, -27.58005, -27.01047
-32.20196, -41.99944, -26.20465, -35.26762, -50.02187, -33.01366, -22.87829, -25.46409
-35.11702, -32.60309, -31.41973, -44.16694, -27.16897, -27.50948, -27.83416, -24.99000
-29.84336, -27.23629, -26.10031, -39.05970, -26.46885, -22.92680, -26.09516, -20.23557
-33.48305, -42.44928, -20.40599, -29.63882, -34.67266, -30.89442, -22.13279, -21.62846
-31.84832, -34.33015, -25.52463, -34.75970, -45.87717, -31.17517, -23.15932, -26.05745
-29.66754, -26.32405, -25.10015, -39.08001, -27.28924, -22.55376, -25.91517, -19.44707
-31.62690, -36.00015, -24.09641, -33.50436, -46.71302, -30.58600, -26.51529, -23.91982
-32.56010, -42.73566, -22.85625, -33.03383, -28.83132, -33.67522, -25.17214, -22.42507
-30.90632, -29.40445, -23.78131, -35.98027, -28.47053, -27.50560, -27.86115, -21.10169
-32.93491, -43.88488, -23.61564, -33.75233, -27.56485, -33.04136, -26.48776, -22.85450
-37.38360, -39.82016, -26.37883, -35.23236, -32.38461, -30.01854, -35.11584, -25.41582
-31.79357, -34.21061, -21.81841, -32.29347, -37.76048, -33.54808, -20.85084, -26.21478
-32.15075, -36.65331, -24.71370, -34.24506, -52.20386, -30.89418, -26.13955, -23.95066
-29.86766, -27.29818, -24.53788, -37.06547, -28.64668, -23.81239, -28.12252, -19.64044
-34.31111, -30.73956, -30.51947, -44.52266, -27.54751, -26.28928, -26.74001, -24.04842
-31.98478, -33.41562, -21.58681, -32.38840, -34.23302, -33.81247, -19.52306, -25.04188
-33.91665, -46.63136, -23.93719, -32.82703, -52.90626, -32.30782, -26.03283, -24.48837
-31.72081, -28.38762, -28.32672, -45.65252, -27.44405, -24.82273, -29.11305, -21.85628
-38.00403, -41.64385, -26.43345, -35.01350, -33.07541, -31.79885, -32.59939, -25.65520
-33.06343, -39.65762, -22.71651, -33.15890, -28.72592, -34.68099, -24.07859, -23.77483
-32.26223, -36.63770, -25.88071, -34.72226, -38.92361, -32.38804, -24.68983, -25.34558
-29.94187, -27.50613, -25.36263, -37.84917, -28.68370, -23.44263, -26.93795, -19.86039
-29.40160, -26.02548, -26.85981, -38.76175, -26.00965, -21.72044, -25.68859, -19.73850
-37.27946, -36.27286, -27.01505, -36.67587, -36.78039, -32.06762, -28.36842, -25.56609
-30.35860, -31.12372, -21.72431, -32.39810, -33.50783, -30.50640, -21.33978, -23.96664
-34.52085, -44.41238, -22.90775, -32.71680, -28.44509, -32.63007, -27.03711, -22.47948
-33.36120, -30.71841, -29.56520, -43.53538, -27.47617, -26.96247, -26.27941, -24.37195
-31.43779, -32.31246, -22.76674, -33.47380, -36.26910, -32.51052, -20.67467, -25.71431
-36.16811, -53.57118, -22.12571, -31.41760, -39.75730, -30.90126, -21.26936, -25.20969
-33.55274, -41.16314, -22.18409, -32.31006, -39.62676, -32.03809, -21.24931, -23.82176
-30.59728, -29.09184, -24.06981, -36.55076, -28.12424, -26.93811, -30.27305, -20.57685
-33.17670, -30.86494, -28.89345, -42.59305, -28.16196, -27.83303, -25.86804, -24.22224
-34.74541, -48.43033, -21.33441, -30.51059, -36.45449, -30.67714, -23.28849, -24.05704
-31.14891, -27.80580, -27.28992, -40.46085, -27.99946, -23.25354, -27.32431, -20.99805
-31.97652, -38.16670, -22.61016, -33.42462, -34.76545, -33.58048, -22.21237, -23.82302
-37.95810, -40.99655, -27.17631, -35.39404, -33.14545, -31.48162, -30.79147, -25.16913
-40.15183, -47.08315, -26.63857, -35.68401, -34.30640, -34.69200, -28.45564, -26.91222
-32.46224, -30.17360, -28.48929, -42.04834, -26.93809, -27.18064, -27.27544, -23.10070
-30.36534, -28.88134, -22.72988, -34.11945, -28.71460, -27.71911, -29.51079, -20.65399
-31.45928, -33.23348, -24.09156, -34.15286, -44.32157, -30.01201, -25.89781, -23.50447
-35.87325, -34.07104, -30.05230, -44.51652, -28.59042, -30.45770, -27.36786, -25.70724
-32.98831, -30.83191, -24.59814, -33.62889, -32.16096, -28.11577, -32.80496, -23.38585
-38.39299, -39.70315, -26.70529, -36.01218, -32.35158, -32.01750, -28.79293, -26.22477
-33.92655, -45.46594, -22.29081, -31.90885, -28.35424, -31.54701, -25.46808, -23.21033
-30.92938, -31.94689, -21.60971, -32.45228, -32.61679, -31.01469, -20.79415, -24.47668
-36.74302, -36.99103, -26.35226, -35.96412, -31.85514, -30.92238, -29.78829, -24.20047
-33.92207, -31.29180, -27.05046, -41.01150, -26.25771, -28.20178, -24.93715, -23.82108
-33.70349, -43.76638, -22.00160, -32.04829, -38.59775, -32.74980, -20.72891, -24.13833
-31.03678, -28.42026, -25.49661, -40.01111, -25.73293, -25.37746, -27.09011, -21.01507
-33.10561, -42.02115, -23.01882, -33.51078, -28.96339, -33.28056, -24.22435, -22.92017
-36.60696, -35.60118, -27.26456, -36.99361, -35.26448, -30.22345, -32.01081, -26.02907
-31.80242, -30.80907, -26.56061, -40.74385, -27.93304, -27.11788, -26.46345, -22.57878
-33.52676, -39.86867, -25.41006, -34.71499, -50.24955, -32.65646, -24.76800, -26.12234
-35.31095, -33.13570, -30.15023, -44.98389, -26.79993, -28.76368, -25.04453, -24.85273
-33.34173, -41.31024, -22.12305, -32.34567, -37.67285, -32.92277, -21.73171, -24.03830
-30.06919, -27.17075, -25.59152, -41.29981, -27.82907, -24.96605, -26.91515, -20.45250
-33.04931, -41.04772, -23.64890, -32.75920, -59.71947, -32.42107, -24.84557, -23.85370
-31.49954, -31.38571, -22.03433, -32.42878, -45.09248, -32.43682, -21.88572, -25.29750
-30.00345, -27.59476, -24.75197, -38.36401, -29.26224, -25.00124, -28.81779, -21.17470
-30.66409, -26.95662, -28.46661, -42.44817, -26.45648, -22.08040, -26.06260, -20.15633
-34.80987, -46.26733, -23.85785, -32.63800, -53.54192, -32.09274, -26.66066, -25.21798
-30.35309, -28.46340, -23.62573, -35.89188, -28.80498, -26.77261, -27.65338, -20.38691
-32.28430, -35.46331, -22.20657, -32.48549, -36.81254, -36.09098, -21.19272, -26.03500
-31.46845, -32.46665, -22.23115, -32.88868, -44.36115, -32.87602, -20.25967, -25.61213
-30.49360, -30.88320, -21.85231, -32.95118, -34.51206, -30.48740, -19.75147, -23.70375
-32.05734, -30.79812, -24.64057, -37.58248, -25.92060, -28.23896, -26.26159, -21.40920
-34.06974, -30.79739, -30.17459, -43.69293, -27.77033, -26.69352, -27.05163, -24.55900
-34.99151, -55.36521, -22.19405, -32.60764, -36.22497, -32.16567, -18.58643, -25.47451
-32.84071, -48.92319, -24.43153, -34.49949, -32.86899, -34.70614, -25.58112, -24.81630
-31.63938, -38.97434, -25.88536, -34.15707, -51.28939, -32.41758, -23.50535, -25.60181
-29.49580, -27.33919, -26.44537, -38.50669, -25.46037, -22.57191, -26.85276, -19.66578
-33.20856, -39.68616, -23.56953, -33.97494, -30.10786, -33.63108, -24.56604, -24.03329
-33.54365, -37.78786, -21.56685, -31.28494, -36.05854, -32.12456, -22.51578, -23.33419
-34.03085, -50.61044, -22.73662, -32.71994, -30.12917, -33.23383, -24.28647, -24.03580
-33.11793, -38.13320, -22.95955, -33.86491, -36.14334, -32.19591, -21.39405, -24.87968
-37.12107, -37.82371, -26.56977, -35.22017, -32.36062, -31.36933, -33.56158, -24.11435
-32.97599, -42.20637, -21.14599, -30.91762, -40.98152, -32.03876, -20.65409, -23.44131
-34.96171, -58.36909, -21.69779, -31.23621, -35.38121, -31.70307, -21.65276, -24.42894
-31.37860, -31.13893, -22.01760, -32.80385, -33.25924, -30.99308, -21.44022, -23.97853
-33.89127, -30.52406, -30.53156, -44.42668, -26.69722, -26.09794, -27.16959, -24.31591
-32.88295, -48.76642, -22.05444, -31.78583, -31.21425, -32.64268, -24.43145, -23.32107
-29.08434, -27.24507, -24.46912, -36.63100, -26.74395, -23.23090, -25.49676, -19.38170
-31.21067, -31.81701, -21.14786, -31.39412, -40.13692, -33.19231, -22.24224, -23.95362
-33.51619, -41.84221, -21.87886, -31.97045, -36.25587, -32.04261, -21.40219, -23.28379
-33.72081, -41.91201, -21.18763, -30.90637, -38.68442, -32.25520, -20.62738, -23.62076
-31.30081, -29.55951, -25.24099, -38.40722, -26.73200, -26.93256, -29.50927, -20.84431
-31.68286, -35.89816, -20.92007, -31.10108, -35.62322, -32.53236, -22.09571, -22.16313
-31.73417, -40.55406, -22.61778, -33.44748, -37.91435, -33.68579, -20.75848, -23.99686
-32.94341, -42.18359, -22.70550, -32.79995, -31.07510, -33.62216, -24.49144, -23.12932
-31.88049, -28.84952, -27.74018, -42.02949, -27.10420, -23.71027, -30.27486, -20.10225
-31.93098, -46.99499, -23.32386, -33.73050, -29.03655, -34.57698, -23.42775, -23.50570
-30.04317, -27.00821, -27.55493, -40.03936, -26.70911, -22.25665, -27.25448, -20.28493
-33.17096, -39.47877, -25.66856, -34.90435, -48.47929, -33.28437, -25.56222, -24.94735
-34.21309, -44.30164, -22.11453, -32.13498, -32.37792, -32.21633, -22.87493, -23.02346
-30.17911, -26.97058, -25.34499, -38.25695, -26.52478, -23.00201, -26.39855, -19.52505
-35.55104, -34.44770, -26.13973, -35.64423, -31.32228, -30.70298, -32.01725, -24.33178
-32.27505, -39.22802, -23.40310, -32.57679, -46.10537, -32.09905, -26.39550, -23.71894
-29.96602, -27.69592, -26.44941, -38.58571, -26.97059, -22.70137, -29.27943, -20.06951
-37.54332, -37.27740, -27.81885, -37.70711, -32.59366, -30.02666, -30.09831, -26.25263
-36.55522, -36.10581, -26.70932, -36.28707, -30.62198, -29.99690, -30.75216, -24.92219
-31.36147, -29.45443, -25.08368, -37.24102, -27.86179, -24.99209, -28.43832, -19.89923
-36.02874, -36.67793, -27.36379, -39.46173, -28.67756, -32.93545, -27.13686, -24.13663
-33.62380, -45.10065, -22.53351, -32.56123, -27.83328, -33.45870, -24.84892, -22.45846
-31.44488, -32.17944, -21.28497, -31.60758, -35.10205, -33.54428, -21.72594, -23.69457
-31.75987, -33.24719, -21.72061, -32.03710, -40.97701, -34.51345, -21.36176, -25.69994
-32.45011, -43.67836, -25.01324, -33.57471, -59.81998, -32.16587, -26.38990, -24.52642
-36.58406, -36.17171, -26.69018, -35.55288, -36.38653, -31.26648, -31.73549, -24.91901
-34.52738, -43.61821, -24.50315, -33.29665, -45.67737, -33.35574, -25.48373, -25.68206
-32.32437, -32.62778, -22.65476, -33.80069, -35.89084, -31.99527, -19.60742, -25.91072
-31.33939, -32.70413, -22.44643, -33.40800, -35.04780, -32.94702, -21.11553, -24.75698
-37.83543, -38.69639, -26.84695, -35.39433, -35.93549, -32.52954, -30.69752, -26.31574
-32.46541, -35.09313, -23.55123, -33.39318, -38.25458, -30.76879, -26.48853, -22.92941
-30.92943, -30.22108, -20.51335, -30.96932, -31.41830, -30.51029, -20.29670, -23.97188
-35.11555, -44.63816, -23.09704, -32.70344, -29.19786, -31.90390, -25.24101, -23.47341
-34.45625, -48.76287, -21.31596, -30.84344, -37.19569, -31.69434, -21.53849, -24.57068
-31.09816, -28.99345, -26.75932, -41.42341, -27.95836, -26.08943, -29.69899, -21.84201
-30.46740, -32.93905, -21.57557, -32.08832, -34.67002, -32.91142, -20.87520, -25.79998
-29.46820, -26.21296, -25.74803, -38.37477, -26.92704, -22.62375, -28.40106, -19.69453
-34.83152, -48.40162, -22.52024, -32.03502, -31.93622, -32.89615, -25.65252, -23.88310
-36.05634, -34.59608, -29.51812, -43.16334, -28.14983, -30.04972, -27.51219, -24.22614
-30.22765, -27.93460, -25.77504, -41.06034, -27.00049, -24.63128, -26.63255, -21.26177
-36.50836, -35.33749, -27.10143, -37.27710, -32.09492, -29.99146, -30.38339, -25.42293
-31.96283, -35.47786, -21.78007, -32.24378, -35.06506, -35.00909, -20.40086, -25.34360
-31.99301, -34.47493, -24.32778, -34.36157, -47.06576, -30.56224, -24.67015, -23.96213
-29.12014, -25.73355, -25.15909, -38.43968, -26.34013, -21.99184, -25.32779, -19.04922
-32.37423, -32.86661, -24.00511, -35.46745, -30.52915, -29.98969, -27.07355, -21.92996
-36.89571, -37.82329, -25.80260, -35.25122, -34.15040, -31.27890, -27.99539, -24.72812
-33.96157, -41.21265, -22.23382, -32.14429, -28.28558, -33.49625, -25.76954, -23.07725
-29.79462, -26.78423, -27.40654, -40.06373, -28.43489, -22.69147, -28.51324, -20.39803
-34.75642, -32.86348, -27.82379, -41.42150, -27.75517, -30.11091, -26.03183, -24.47948
-33.16714, -48.32708, -23.18234, -33.44263, -28.69487, -34.34862, -24.38157, -23.97671
-31.16195, -31.49734, -21.76315, -32.41452, -34.07546, -31.82131, -21.35461, -24.29174
-30.83487, -30.04952, -26.13637, -37.64626, -27.55889, -25.25467, -27.68060, -20.81903
-31.74673, -28.14204, -26.54259, -40.80315, -27.66558, -23.65087, -25.28907, -20.72850
-34.86433, -46.62234, -22.49499, -32.45940, -27.26874, -32.19339, -24.35421, -23.16778
-34.11743, -31.03969, -29.00453, -45.65909, -26.77449, -27.39825, -23.53674, -24.76845
-34.32335, -31.46664, -32.01253, -45.22519, -27.27138, -27.12692, -26.98127, -24.71825
-34.81272, -45.51811, -21.82569, -31.26814, -28.17754, -31.56331, -24.03785, -23.36232
-33.70007, -45.34465, -22.21792, -32.50633, -34.69524, -32.88477, -20.95216, -25.67564
-33.47111, -42.31147, -21.97962, -32.21456, -38.26921, -32.81782, -20.64510, -24.58976
-33.21701, -46.97910, -23.85684, -34.49316, -29.51913, -33.55786, -24.51321, -23.55369
-36.10592, -36.21993, -26.61485, -36.99558, -33.09338, -31.37242, -28.66287, -25.13662
-33.90574, -32.72844, -25.29855, -35.69254, -30.51656, -28.82188, -33.74167, -23.84545
-31.08988, -34.81859, -24.46608, -33.63731, -56.43040, -31.16948, -27.35974, -23.37220
-31.06975, -29.70620, -25.33856, -39.63296, -26.72004, -26.73820, -26.68804, -21.47745
-34.25758, -31.90475, -27.32816, -38.72884, -32.12503, -27.86724, -31.17478, -23.86666
-31.07674, -32.41709, -20.91310, -31.13621, -38.55665, -33.46637, -20.86318, -24.58550
-35.48283, -34.50901, -31.04387, -44.23670, -29.01223, -29.13263, -26.37280, -25.20943
-30.36136, -27.92726, -24.84470, -37.78495, -29.05582, -25.65231, -29.89235, -20.84340
-31.30491, -28.81970, -27.42435, -41.02562, -26.06930, -23.43334, -24.99501, -20.37736
-32.36031, -45.48258, -23.73272, -34.40190, -28.45055, -33.49404, -25.03351, -23.36074
-29.98040, -27.25010, -27.64116, -39.01517, -27.83428, -22.31998, -24.44636, -20.82643
-29.73175, -26.43031, -25.41129, -38.57471, -28.01830, -22.90212, -26.08948, -19.91204
-31.81990, -41.42305, -21.89166, -32.00331, -34.37866, -31.95599, -22.24614, -21.98462
-30.33401, -26.95185, -25.06824, -37.95971, -26.06132, -23.04035, -28.32422, -19.39720
-35.32651, -32.89519, -30.39566, -45.39594, -28.05530, -27.62375, -25.52919, -24.49395
-32.39066, -30.32408, -26.41163, -40.05642, -27.02178, -26.14896, -29.99634, -21.37718
-35.00692, -50.04904, -22.76916, -32.79943, -37.63329, -31.95227, -21.47545, -24.97745
-33.41189, -38.74444, -24.37324, -34.10096, -45.46848, -33.22940, -24.54655, -24.91189
-30.45084, -27.60859, -27.30727, -40.72248, -25.30829, -22.81449, -27.46438, -19.77848
-34.94173, -45.52643, -23.16854, -33.20504, -41.58432, -33.54375, -21.41933, -24.92152
-30.46407, -27.52045, -27.74210, -40.40774, -27.40917, -22.37584, -28.79899, -20.10874
-32.40597, -47.46270, -22.06703, -32.04096, -26.93481, -32.36367, -25.32616, -21.94919
-31.40390, -39.47599, -23.42253, -33.63785, -27.18357, -32.15140, -25.45673, -22.08992
-31.53949, -29.75023, -25.19575, -38.26768, -27.35858, -27.55531, -29.88936, -20.64852
-34.10226, -43.67831, -23.05308, -33.01779, -39.43228, -32.56760, -22.58739, -24.00206
-36.26605, -43.75791, -22.63474, -31.90114, -29.67553, -31.24208, -25.01594, -23.69602
-29.38108, -26.02734, -27.34022, -38.94878, -27.05194, -21.73987, -25.72280, -19.96107
-33.31982, -38.08663, -22.26780, -32.47321, -37.89395, -31.64979, -22.30759, -23.90033
-38.87204, -40.97843, -27.01857, -36.71418, -34.19231, -32.68451, -27.35823, -26.88614
-36.85884, -36.83597, -25.82333, -35.41043, -37.95345, -32.34226, -26.61902, -25.61615
-32.58827, -35.80897, -23.54964, -33.30536, -43.39906, -32.28202, -23.98691, -24.34397
-37.29261, -38.31686, -26.37105, -34.93466, -34.04559, -32.87813, -30.26941, -26.53100
-29.81246, -26.34721, -25.64843, -39.93016, -26.59901, -22.45507, -26.71521, -19.81449
-34.07579, -52.30106, -21.96557, -31.69734, -39.32988, -32.05568, -21.31209, -24.97311
-35.16511, -65.43697, -21.55999, -30.98862, -38.44614, -30.75327, -20.74513, -24.50575
-29.80402, -26.91054, -24.74534, -39.07100, -27.27336, -24.45734, -28.69981, -20.81635
-29.69192, -26.69447, -25.19901, -38.61127, -26.35981, -22.84634, -26.27693, -19.71800
-31.94235, -30.59396, -25.92658, -39.14441, -28.88141, -27.60080, -28.50654, -22.37835
-34.65075, -30.52523, -29.11511, -45.56852, -26.89376, -26.72084, -25.02268, -24.43935
-33.16414, -36.07085, -24.60712, -34.23485, -51.33612, -31.06227, -26.14302, -24.09399
-34.42809, -46.97140, -22.89707, -32.93851, -29.38437, -32.66202, -25.39455, -23.38043
-34.75841, -46.17484, -22.99274, -33.29696, -36.35032, -33.30004, -21.23752, -25.05169
-29.60752, -26.37799, -26.77242, -39.65477, -26.51074, -22.09192, -31.52799, -19.33525
-31.25889, -28.68849, -26.87516, -40.61497, -26.41948, -23.77264, -27.25565, -20.53613
-32.52120, -45.34630, -22.88426, -32.88431, -29.17995, -33.90692, -25.32881, -23.17435
-33.32289, -40.09480, -21.29705, -31.05799, -39.57608, -32.70917, -21.28207, -24.34160
-29.69445, -27.65688, -24.16002, -37.64901, -27.61180, -25.67956, -26.63704, -20.46632
-30.34140, -31.64903, -22.19541, -32.88295, -36.38521, -31.97674, -20.08080, -26.13085
-31.82684, -38.94108, -23.93006, -33.19093, -45.75832, -32.67587, -24.48287, -23.69544
-33.27290, -38.44457, -25.96241, -35.27052, -41.05877, -31.54246, -25.86570, -24.53600
-35.51676, -50.44995, -23.89796, -33.97773, -28.30844, -33.50912, -24.76846, -23.80242
-32.03289, -39.30820, -24.77192, -33.76050, -51.37554, -32.83652, -24.76880, -25.09289
-30.00139, -27.53320, -24.85349, -37.46839, -27.53569, -23.89435, -27.70875, -19.12473
-30.42985, -29.66131, -21.81237, -32.85209, -38.98402, -29.85224, -21.21397, -24.47847
-31.48897, -32.76619, -21.85229, -32.18741, -36.97257, -32.25425, -23.05364, -24.34238
-34.79969, -71.41451, -22.13684, -31.68616, -39.19806, -30.92196, -21.80493, -24.11792
-31.05920, -33.74649, -21.74363, -32.28262, -35.56982, -33.63099, -19.92035, -25.03458
-32.09188, -41.98974, -23.69287, -32.55169, -51.08206, -32.33096, -25.67214, -24.37360
-33.27529, -28.86133, -30.81951, -45.07587, -26.10648, -24.60951, -26.89238, -23.73683
-32.69446, -33.14016, -21.56989, -31.71637, -35.23702, -35.14549, -20.78916, -24.72222
-31.56874, -36.95236, -23.52272, -33.03560, -39.71325, -31.54821, -26.36738, -23.34428
-34.26424, -50.49438, -23.50319, -33.44070, -28.30737, -33.74055, -25.86363, -23.67388
-33.82000, -46.07671, -21.90837, -31.55020, -30.73451, -32.81957, -24.89920, -23.22218
-33.24348, -38.31899, -24.69020, -34.31297, -49.52886, -34.01622, -24.32971, -26.07637
-31.42977, -31.07913, -20.96420, -31.01960, -37.14233, -31.64985, -21.93219, -24.06435
-34.29182, -45.90630, -22.89407, -32.77568, -28.29187, -33.44497, -25.89141, -23.15568
-33.45115, -39.62873, -22.03376, -32.16152, -36.93707, -33.22789, -21.62260, -23.22954
-31.50664, -38.07630, -25.15746, -33.65572, -47.79419, -32.52424, -26.72127, -25.19725
-32.75284, -44.09446, -22.32489, -32.52745, -27.62689, -32.41714, -26.06637, -22.55783
-32.72078, -39.71329, -24.04952, -33.74498, -48.36236, -32.90996, -23.77922, -24.52894
-33.94264, -39.91123, -22.51489, -33.26876, -33.33463, -32.59925, -20.40129, -25.01607
-29.51632, -27.61170, -24.83356, -37.37145, -26.68425, -23.79298, -29.25661, -19.31892
-31.09629, -32.78645, -22.13094, -32.95075, -37.46106, -34.13272, -20.64669, -26.07732
-31.91937, -33.55899, -21.01930, -31.25818, -35.30501, -35.58288, -20.57596, -25.27334
-37.06058, -37.97751, -26.39269, -36.05539, -35.14192, -31.04441, -28.98845, -25.15147
-37.10199, -37.41144, -26.83567, -35.32668, -34.49357, -31.05605, -33.93089, -24.51526
-35.86587, -35.59289, -26.27528, -36.00031, -32.57983, -30.07689, -31.94869, -23.57468
-28.77003, -25.41738, -26.58840, -39.00893, -26.82679, -21.33710, -27.69997, -19.38960
-28.85312, -26.82244, -23.71716, -36.65659, -28.31189, -24.89066, -29.88770, -20.31205
-30.88929, -28.01838, -25.76127, -39.14623, -27.15522, -23.75652, -28.23900, -19.80770
-31.02897, -36.67696, -21.53857, -31.65494, -29.70385, -33.30155, -26.39780, -21.84605
-30.80681, -29.26357, -24.93871, -38.41510, -27.72314, -26.37859, -28.38049, -21.43181
-30.56429, -31.72289, -21.73779, -32.51440, -35.98258, -32.04185, -20.25470, -25.11921
-29.62774, -25.98441, -28.03609, -41.07645, -25.98350, -21.17119, -30.65793, -19.74306
-32.08032, -33.65296, -22.63980, -33.76703, -37.81297, -30.56755, -21.27840, -24.04720
-34.77280, -48.47195, -23.33659, -33.13214, -28.38092, -32.89336, -28.11149, -23.43722
-31.40746, -29.25430, -26.93808, -41.56617, -27.44621, -25.87530, -24.74493, -22.01475
-35.69266, -57.55153, -23.14761, -33.57322, -35.10975, -33.01894, -20.26391, -26.19506
-36.70624, -40.69440, -24.80515, -32.46265, -33.97609, -32.66295, -30.48483, -24.65941
-30.87421, -31.28480, -21.31970, -31.85343, -36.75958, -32.91274, -22.40232, -24.42635
-34.71967, -33.18279, -26.60881, -37.56794, -34.47872, -29.00851, -28.69315, -24.86584
-30.64323, -28.18575, -26.79091, -39.10869, -28.05330, -23.39935, -24.87047, -20.66714
-28.84893, -25.38534, -26.68288, -38.53857, -25.46719, -21.17816, -26.48262, -19.31199
-32.29105, -40.91830, -21.84659, -32.35137, -35.76318, -32.77803, -20.51778, -24.32598
-33.77581, -31.11044, -28.58567, -43.81567, -28.25838, -27.65575, -24.17635, -24.67320
-30.07450, -28.04543, -25.95413, -39.83812, -26.83745, -24.86573, -28.55187, -21.15785
-31.00065, -32.53377, -21.66872, -32.35474, -32.30143, -32.50182, -21.19345, -24.17195
-32.67068, -36.83105, -21.71402, -31.73600, -35.60264, -35.36970, -22.21025, -25.03579
-33.28470, -42.93943, -23.93151, -32.88314, -52.43067, -32.92408, -26.08446, -24.37216
-29.71323, -27.39572, -24.67313, -37.37189, -27.29714, -23.88973, -27.60508, -19.39218
-37.57912, -37.84714, -26.20832, -35.36530, -35.06584, -31.09790, -26.83814, -26.53194
-31.87722, -35.90990, -22.11734, -32.85825, -38.22459, -32.23108, -21.27474, -24.04796
-31.95292, -32.90069, -21.33922, -31.58022, -38.89930, -34.17808, -20.93603, -24.05441
-31.62685, -31.90114, -21.30364, -31.81655, -32.53838, -32.97632, -20.74069, -23.91097
-36.67836, -35.43527, -27.91560, -38.12695, -32.18852, -28.94581, -30.26682, -25.63909
-36.00921, -34.55706, -26.75952, -37.19073, -33.45871, -30.25857, -28.15846, -25.14639
-32.92640, -38.57366, -24.68473, -33.88962, -44.78246, -31.24723, -26.70931, -23.79595
-32.58445, -29.98806, -27.75270, -40.81153, -28.78867, -27.31808, -23.84509, -24.42395
-34.25444, -46.13578, -21.71182, -31.61101, -37.23769, -32.59140, -20.54220, -24.07141
-31.85522, -34.39557, -24.12614, -33.64671, -50.17076, -29.84624, -25.79247, -24.27348
