0.198557,0.522172,0.209468,0.411510,0.188446,0.407761,0.755380,0.572662,0.186552,0.170782,0.308330,0.351114,0.376480,0.502857,0.728001,0.232141
0.307326,0.622697,0.329518,0.516157,0.181506,0.281220,0.158924,0.484707,0.211323,0.728154,0.799268,0.705950,0.673247,0.585853,0.824147,0.478190
0.304287,0.190801,0.701574,0.390838,0.691995,0.202987,0.712235,0.617695,0.270201,0.165958,0.252159,0.803565,0.463952,0.463165,0.364918,0.426863
0.727058,0.680510,0.316801,0.415465,0.575140,0.740612,0.235197,0.709926,0.564067,0.483486,0.461461,0.609864,0.546412,0.496786,0.715997,0.860170
0.373420,0.459422,0.358910,0.729916,0.139369,0.694953,0.189431,0.676013,0.076436,0.270923,0.556795,0.782685,0.751794,0.646459,0.661127,0.635794
0.428082,0.410706,0.236019,0.733710,0.294452,0.728648,0.160174,0.738094,0.183501,0.227413,0.652842,0.767337,0.616592,0.803675,0.697738,0.646206
0.526133,0.253365,0.790446,0.655284,0.761850,0.182121,0.549624,0.510959,0.597619,0.757746,0.244287,0.618237,0.219055,0.748597,0.706493,0.203539
0.734492,0.681386,0.638306,0.656546,0.305652,0.752571,0.385123,0.461316,0.687591,0.670283,0.556384,0.520032,0.334320,0.525232,0.412461,0.474480
0.431044,0.628961,0.483092,0.739176,0.117191,0.517002,0.292736,0.359392,0.401271,0.400178,0.773592,0.806755,0.508449,0.466019,0.329482,0.563172
0.568287,0.600441,0.088693,0.343929,0.496444,0.782606,0.708157,0.780222,0.628003,0.813205,0.517611,0.369806,0.458943,0.083430,0.480340,0.668841
0.691256,0.568129,0.744276,0.493156,0.612425,0.365833,0.562451,0.598040,0.462109,0.302317,0.650120,0.383441,0.704143,0.375541,0.690781,0.002498
0.410223,0.308065,0.315287,0.836161,0.453739,0.745536,0.278455,0.729544,0.315456,0.114110,0.595792,0.895085,0.743559,0.667196,0.554608,0.601649
0.645449,0.559323,0.507117,0.560619,0.253975,0.190719,0.518142,0.400150,0.102575,0.353725,0.512288,0.803728,0.219153,0.390245,0.561198,0.616715
0.315252,0.571564,0.354894,0.497835,0.373041,0.311690,0.724357,0.580918,0.250144,0.216982,0.192413,0.384513,0.287270,0.495350,0.604942,0.145489
0.698586,0.443406,0.489459,0.585380,0.145925,0.117827,0.603876,0.283393,0.233479,0.352061,0.669677,0.557967,0.089812,0.476369,0.583864,0.754693
0.704040,0.564645,0.191942,0.433664,0.537317,0.709432,0.091061,0.800806,0.591976,0.512079,0.526054,0.573138,0.386153,0.605836,0.752887,0.804880
0.186392,0.396072,0.696231,0.295590,0.595588,0.577634,0.461688,0.446206,0.220328,0.639533,0.798551,0.717110,0.317641,0.565432,0.536880,0.877561
0.764256,0.660710,0.077741,0.414442,0.613544,0.798854,0.164460,0.791161,0.548646,0.479375,0.599198,0.557277,0.481015,0.542399,0.740404,0.759518
0.490643,0.568431,0.490601,0.645148,0.194462,0.673947,0.329848,0.366202,0.366050,0.425170,0.736233,0.697037,0.328423,0.410638,0.183043,0.587655
0.747016,0.263587,0.670764,0.473291,0.656084,0.569048,0.345494,0.514511,0.667203,0.156418,0.766917,0.545499,0.532251,0.373660,0.247469,0.662127
0.758769,0.616711,0.502396,0.774022,0.247308,0.121141,0.523469,0.355205,0.133360,0.347273,0.641432,0.825880,0.161251,0.380118,0.613831,0.668047
0.257964,0.428386,0.260072,0.376848,0.244173,0.383764,0.639676,0.538373,0.118867,0.081188,0.171616,0.282270,0.439752,0.695770,0.602764,0.229288
0.416833,0.413496,0.312331,0.701718,0.407579,0.329064,0.745324,0.288167,0.668815,0.745037,0.485841,0.515395,0.213178,0.332400,0.205170,0.603646
0.069510,0.225969,0.835234,0.505890,0.421976,0.232356,0.288377,0.406478,0.654058,0.125568,0.290688,0.430216,0.606625,0.513777,0.485512,0.485598
0.600546,0.341426,0.263418,0.256753,0.350154,0.790685,0.573536,0.839650,0.493000,0.620571,0.563435,0.258680,0.544388,0.206567,0.525004,0.180995
0.409031,0.422959,0.158866,0.388229,0.272771,0.353384,0.585168,0.519626,0.122333,0.196187,0.168999,0.416605,0.379626,0.666539,0.639423,0.187328
0.253210,0.177958,0.521390,0.358760,0.753342,0.135637,0.560862,0.732492,0.286612,0.208723,0.284766,0.789660,0.473431,0.432765,0.336312,0.399498
0.601144,0.310064,0.253558,0.361652,0.343754,0.775266,0.648408,0.710530,0.639451,0.558487,0.539440,0.317756,0.566647,0.210682,0.597588,0.180343
0.518894,0.208484,0.808890,0.558363,0.655962,0.189130,0.404344,0.440493,0.730332,0.608550,0.101213,0.514129,0.230682,0.668587,0.592212,0.242911
0.772744,0.428981,0.388145,0.570282,0.103617,0.170004,0.471398,0.376865,0.103299,0.309473,0.443304,0.729367,0.139920,0.406154,0.669011,0.602527
0.280795,0.679593,0.337906,0.545592,0.080346,0.212735,0.161484,0.549280,0.216859,0.678770,0.793505,0.685489,0.645004,0.685746,0.816834,0.500237
0.623562,0.421477,0.214555,0.385343,0.361018,0.770158,0.542340,0.723097,0.568835,0.668442,0.535925,0.285275,0.645474,0.157390,0.535835,0.227359
0.266242,0.393391,0.675180,0.106951,0.584915,0.538207,0.402002,0.475451,0.280179,0.710232,0.819154,0.668262,0.193320,0.499435,0.489513,0.756972
0.455169,0.352671,0.297058,0.708854,0.256489,0.754735,0.143876,0.687976,0.222411,0.388188,0.635999,0.818517,0.730180,0.832168,0.632755,0.591611
0.614854,0.535287,0.417766,0.589025,0.214218,0.211882,0.673194,0.367212,0.150446,0.368379,0.585668,0.784363,0.180574,0.472906,0.593931,0.713105
0.371444,0.415814,0.196857,0.371058,0.285955,0.265992,0.636016,0.524957,0.077663,0.223816,0.149867,0.303611,0.427539,0.706004,0.439658,0.154570
0.733848,0.616179,0.608894,0.636944,0.402969,0.625794,0.360548,0.504320,0.668296,0.626316,0.453254,0.529934,0.366843,0.675097,0.457598,0.636429
0.521993,0.530335,0.079691,0.421705,0.637295,0.613592,0.629906,0.726667,0.619238,0.779971,0.615387,0.454653,0.683207,0.048546,0.514067,0.611129
0.760917,0.560835,0.524786,0.622789,0.242042,0.209342,0.609541,0.380617,0.305132,0.289721,0.658772,0.633155,0.169982,0.500144,0.662693,0.771748
0.436966,0.405813,0.182312,0.426697,0.611157,0.765751,0.794801,0.875128,0.673403,0.858134,0.573944,0.496903,0.624736,0.062061,0.559127,0.608152
0.851405,0.494946,0.229510,0.326776,0.519385,0.738251,0.147412,0.711451,0.534238,0.549414,0.601749,0.534461,0.446271,0.618701,0.620407,0.720161
0.219695,0.158167,0.742753,0.508294,0.444094,0.104888,0.109865,0.366655,0.640562,0.222929,0.268259,0.469150,0.691816,0.586838,0.318121,0.491788
0.403098,0.356490,0.183473,0.327140,0.281500,0.772682,0.528994,0.661242,0.572369,0.635976,0.544871,0.351024,0.514691,0.212590,0.571652,0.051258
0.610076,0.531489,0.597256,0.544396,0.721857,0.495027,0.603188,0.608641,0.666746,0.215997,0.760676,0.500385,0.745687,0.443978,0.688385,0.271596
0.308565,0.349987,0.754586,0.276593,0.730673,0.474420,0.472699,0.496592,0.241364,0.749840,0.715620,0.657319,0.132050,0.549102,0.559598,0.754319
0.368635,0.207698,0.302481,0.752501,0.341853,0.644020,0.287417,0.680977,0.176922,0.302420,0.536921,0.749415,0.760013,0.807963,0.644926,0.646943
0.786603,0.660344,0.229340,0.494547,0.518289,0.756149,0.115474,0.815629,0.483111,0.544511,0.514509,0.672909,0.483870,0.565737,0.687065,0.907905
0.500907,0.543059,0.546867,0.821341,0.324721,0.565424,0.461331,0.394760,0.291256,0.430436,0.629702,0.780987,0.413958,0.537545,0.237757,0.533527
0.213283,0.195154,0.685151,0.199687,0.667817,0.498005,0.467833,0.509348,0.245207,0.645292,0.683509,0.576136,0.280022,0.527019,0.617830,0.712088
0.329599,0.549355,0.307371,0.606859,0.197425,0.229001,0.110320,0.537132,0.272696,0.700961,0.803295,0.741394,0.672767,0.552324,0.720154,0.543039
0.603004,0.632527,0.555511,0.618037,0.243496,0.592562,0.205022,0.473124,0.704679,0.643574,0.495151,0.510854,0.311015,0.601739,0.202977,0.559217
0.346047,0.512344,0.301355,0.371303,0.269838,0.375239,0.736829,0.596464,0.188239,0.228316,0.124330,0.250811,0.442421,0.651208,0.422910,0.193095
0.342901,0.292735,0.570979,0.327853,0.793531,0.239583,0.619002,0.617508,0.319411,0.156067,0.227574,0.779856,0.349327,0.508339,0.207672,0.298244
0.204301,0.636209,0.398188,0.469159,0.139141,0.082686,0.155224,0.483591,0.166810,0.718946,0.781305,0.717940,0.633379,0.579789,0.669845,0.636939
0.250877,0.385599,0.763510,0.170438,0.519999,0.494829,0.381262,0.419992,0.313711,0.588400,0.755389,0.659752,0.188914,0.577939,0.501086,0.850848
0.230131,0.563606,0.352852,0.273561,0.328730,0.344398,0.689572,0.394835,0.085973,0.227307,0.119893,0.268186,0.361263,0.661308,0.597827,0.277665
0.704331,0.439361,0.480672,0.629917,0.245569,0.183769,0.601249,0.308003,0.218004,0.318887,0.629140,0.716942,0.192424,0.433042,0.631634,0.638333
0.686430,0.548598,0.488199,0.608837,0.277525,0.183062,0.602901,0.477158,0.160509,0.368885,0.644817,0.703604,0.226551,0.451423,0.658943,0.741911
0.329627,0.673607,0.295127,0.203279,0.296374,0.340217,0.647252,0.543373,0.110475,0.151832,0.159454,0.297834,0.383008,0.636188,0.532428,0.252736
0.115319,0.332247,0.693820,0.473478,0.377869,0.297092,0.156093,0.467552,0.589197,0.152310,0.160680,0.362422,0.655479,0.606097,0.369574,0.454425
0.454220,0.224860,0.381887,0.680106,0.528950,0.290731,0.776929,0.279545,0.622385,0.606819,0.494888,0.617057,0.219375,0.417416,0.305691,0.618737
0.668871,0.681621,0.642153,0.467200,0.582834,0.479127,0.667906,0.560254,0.689688,0.278653,0.713334,0.379271,0.721786,0.462137,0.675670,0.184276
0.604972,0.667469,0.552935,0.508403,0.275695,0.575116,0.382363,0.475771,0.662970,0.610725,0.477575,0.653712,0.253833,0.608598,0.358446,0.484720
0.572526,0.298318,0.199291,0.322227,0.337005,0.750514,0.607886,0.633776,0.510053,0.681709,0.450442,0.225768,0.576059,0.222225,0.546728,0.104341
0.319545,0.236442,0.699026,0.385520,0.772140,0.250745,0.536122,0.666005,0.206652,0.396482,0.252817,0.815444,0.341529,0.372688,0.462940,0.420308
0.546392,0.501291,0.207874,0.348688,0.467232,0.713240,0.687203,0.791238,0.410277,0.652314,0.421671,0.651413,0.593676,0.124706,0.575910,0.777551
0.782980,0.535739,0.233094,0.418334,0.534815,0.829719,0.085729,0.873701,0.516422,0.529753,0.496323,0.613336,0.416728,0.581344,0.795613,0.783134
0.528811,0.650279,0.185385,0.440710,0.551139,0.756065,0.685812,0.625952,0.470533,0.693788,0.575186,0.540893,0.552380,0.101511,0.410990,0.719095
0.433972,0.452459,0.352879,0.748888,0.573711,0.319328,0.637086,0.185412,0.674350,0.669266,0.518693,0.647350,0.253797,0.276243,0.101624,0.536284
0.203148,0.536292,0.291280,0.539598,0.266174,0.257059,0.265000,0.493315,0.244266,0.761004,0.883499,0.613444,0.682230,0.469587,0.933399,0.450191
0.228327,0.679303,0.264870,0.456862,0.075298,0.195841,0.152769,0.519681,0.111832,0.773605,0.838607,0.692287,0.692117,0.614441,0.730900,0.518789
0.475451,0.364336,0.341111,0.750143,0.205000,0.637586,0.217509,0.774763,0.272815,0.221745,0.635105,0.672122,0.859527,0.615156,0.691973,0.661127
0.183232,0.405713,0.702576,0.177863,0.619069,0.528371,0.585310,0.402300,0.294300,0.779701,0.716188,0.687799,0.142135,0.470131,0.548596,0.778831
0.265202,0.223828,0.568852,0.394279,0.881851,0.188460,0.617974,0.638833,0.212086,0.244706,0.256231,0.844987,0.433015,0.503466,0.279052,0.347057
0.551365,0.266606,0.168317,0.242413,0.554975,0.783142,0.694595,0.819765,0.569089,0.509759,0.456854,0.282490,0.674789,0.264015,0.507457,0.202909
0.472358,0.346257,0.299493,0.797702,0.334366,0.783130,0.159963,0.695941,0.206429,0.260614,0.581453,0.764512,0.673447,0.655438,0.693106,0.603987
0.735700,0.640940,0.654406,0.670645,0.242082,0.532116,0.265014,0.448105,0.745853,0.594789,0.539842,0.495956,0.418691,0.573451,0.361832,0.488536
0.821665,0.542560,0.210972,0.484062,0.585108,0.697839,0.175799,0.702985,0.625817,0.472094,0.461907,0.517807,0.580928,0.542285,0.726039,0.816099
0.611883,0.542110,0.575037,0.580127,0.287696,0.685503,0.430143,0.506260,0.677103,0.601955,0.521124,0.540571,0.384472,0.740509,0.289782,0.463679
0.496064,0.360178,0.274083,0.730629,0.311227,0.775081,0.181626,0.697440,0.257842,0.197319,0.494532,0.780160,0.597259,0.748624,0.729381,0.712718
0.169083,0.568734,0.342518,0.449968,0.154081,0.326013,0.734381,0.430583,0.222848,0.279200,0.172989,0.264884,0.510255,0.564897,0.599125,0.112834
0.317534,0.219628,0.305891,0.761631,0.477051,0.325585,0.664103,0.253438,0.794062,0.638416,0.585647,0.511416,0.206854,0.348804,0.147512,0.641844
0.626585,0.515124,0.541954,0.693559,0.189717,0.184274,0.710189,0.409249,0.222194,0.270841,0.528449,0.724214,0.207979,0.584751,0.591811,0.624721
0.341773,0.195211,0.620835,0.321946,0.768224,0.309310,0.552850,0.601062,0.254260,0.344824,0.348139,0.792724,0.450718,0.385229,0.268455,0.410464
0.345707,0.198643,0.627834,0.357952,0.830821,0.233692,0.578323,0.579874,0.214000,0.222308,0.147063,0.816114,0.502928,0.483695,0.224616,0.306611
0.504276,0.550044,0.452953,0.613699,0.208252,0.610321,0.408901,0.348282,0.430939,0.335428,0.757605,0.592875,0.373233,0.500421,0.164850,0.520249
0.517281,0.597064,0.291149,0.480316,0.556072,0.703299,0.632731,0.759151,0.603143,0.697026,0.628674,0.483125,0.529165,0.142369,0.540624,0.768919
0.271973,0.355933,0.678253,0.500050,0.363891,0.325688,0.289271,0.366176,0.702793,0.135147,0.263228,0.392128,0.689864,0.577733,0.381776,0.430121
0.341217,0.184802,0.268053,0.693132,0.511182,0.317844,0.673871,0.354021,0.731392,0.712985,0.422141,0.507387,0.271024,0.443167,0.089773,0.484799
0.792586,0.303014,0.469380,0.608523,0.335333,0.053221,0.569320,0.369280,0.084942,0.374141,0.663771,0.764588,0.153397,0.389763,0.552215,0.781187
0.346237,0.376009,0.362587,0.766467,0.212335,0.807607,0.076769,0.672661,0.187945,0.228978,0.576249,0.701925,0.615406,0.786837,0.647510,0.592304
0.352880,0.186284,0.867219,0.531553,0.723874,0.264028,0.453540,0.427507,0.650852,0.677584,0.170690,0.627100,0.332273,0.771706,0.682843,0.243730
0.743740,0.659412,0.055640,0.398122,0.506549,0.795247,0.075222,0.850039,0.482680,0.490955,0.545795,0.722049,0.490478,0.539192,0.699209,0.805084
0.471250,0.280179,0.329759,0.885894,0.373085,0.264215,0.731810,0.296999,0.588264,0.555804,0.328094,0.505092,0.224831,0.283968,0.315784,0.599595
0.575871,0.659603,0.669263,0.556422,0.676350,0.273770,0.538294,0.694545,0.628217,0.276406,0.640558,0.585324,0.767548,0.431499,0.531954,0.201388
0.414706,0.247486,0.212650,0.690910,0.285900,0.779285,0.236601,0.691021,0.194368,0.299331,0.642949,0.705120,0.570215,0.797535,0.658908,0.634997
0.582849,0.628514,0.687927,0.409908,0.667058,0.326297,0.567819,0.598957,0.573126,0.369795,0.749312,0.533229,0.798188,0.323812,0.616043,0.231530
0.343932,0.318402,0.391453,0.853948,0.195269,0.830762,0.272611,0.641186,0.293227,0.240371,0.668966,0.770150,0.611185,0.629312,0.549190,0.631834
0.452519,0.212797,0.376877,0.661226,0.486713,0.263985,0.709339,0.327850,0.550964,0.702732,0.484323,0.559272,0.208765,0.232620,0.143926,0.601773
0.458703,0.207368,0.740082,0.501163,0.749507,0.175760,0.434593,0.511558,0.662524,0.791940,0.210774,0.506466,0.356517,0.586556,0.569823,0.259106
0.660412,0.607830,0.139540,0.484814,0.603447,0.690984,0.162017,0.799711,0.480607,0.522620,0.557306,0.726378,0.482953,0.491330,0.795580,0.847271
0.128712,0.240779,0.865328,0.190118,0.643709,0.562728,0.584127,0.532041,0.254137,0.684577,0.838462,0.653846,0.163786,0.584877,0.459719,0.717582
0.870341,0.531078,0.155305,0.526664,0.553607,0.762890,0.152716,0.742605,0.582474,0.494618,0.411571,0.670948,0.372234,0.479451,0.630762,0.716336
0.603171,0.703156,0.578735,0.472562,0.732273,0.369450,0.567632,0.501771,0.649179,0.192284,0.731710,0.379774,0.847816,0.425349,0.658179,0.196146
0.270311,0.460938,0.206713,0.446944,0.180410,0.269190,0.707519,0.556468,0.192734,0.188813,0.239041,0.321381,0.341535,0.529855,0.582478,0.245375
0.712825,0.240449,0.632670,0.380426,0.596772,0.568840,0.241261,0.602270,0.694634,0.186598,0.717393,0.622850,0.551836,0.473919,0.168344,0.597890
0.282054,0.296216,0.583361,0.346344,0.682051,0.163903,0.590814,0.648431,0.234658,0.229696,0.188377,0.703794,0.528521,0.396037,0.304841,0.534259
0.199255,0.528092,0.267824,0.593243,0.096831,0.099549,0.131516,0.466472,0.168715,0.721826,0.913692,0.781368,0.621439,0.620344,0.830476,0.593287
0.498770,0.381511,0.121404,0.375740,0.587069,0.694450,0.603982,0.860415,0.582925,0.727311,0.590501,0.609830,0.472820,0.088645,0.505122,0.712420
0.557567,0.694643,0.646438,0.633116,0.283248,0.717741,0.386429,0.595581,0.562033,0.661687,0.558435,0.665075,0.333242,0.597713,0.429098,0.444516
0.154571,0.402001,0.744544,0.461588,0.370160,0.219958,0.182387,0.374813,0.679870,0.138789,0.226051,0.391732,0.646170,0.558823,0.287831,0.455501
0.796038,0.541897,0.159669,0.405292,0.490143,0.702290,0.132204,0.685460,0.644361,0.358886,0.542800,0.647457,0.428299,0.452859,0.723917,0.658706
0.585609,0.632074,0.626906,0.449919,0.717711,0.466526,0.518958,0.540851,0.590245,0.317310,0.790547,0.547433,0.727900,0.410979,0.651013,0.138898
0.299121,0.534029,0.343299,0.409608,0.220714,0.319082,0.639229,0.501467,0.204422,0.189713,0.251215,0.355797,0.355646,0.521018,0.608704,0.164150
0.207421,0.589347,0.247802,0.436979,0.197925,0.324124,0.727973,0.506723,0.173860,0.113968,0.132561,0.381266,0.431159,0.476074,0.495618,0.176941
0.652503,0.662605,0.614013,0.532975,0.216875,0.590879,0.428430,0.514746,0.788138,0.687987,0.493242,0.588729,0.576351,0.682979,0.355934,0.377806
0.429956,0.628534,0.678465,0.741829,0.248219,0.531061,0.376955,0.402408,0.240244,0.408239,0.611015,0.821599,0.300352,0.464244,0.292594,0.532026
0.713225,0.625065,0.624055,0.368124,0.708377,0.420897,0.502830,0.539537,0.716087,0.339122,0.667710,0.474119,0.666587,0.466852,0.751302,0.256574
0.454794,0.523310,0.537746,0.726956,0.150685,0.604756,0.398894,0.364828,0.475736,0.359833,0.758657,0.691819,0.366852,0.465674,0.347047,0.437736
0.625284,0.710571,0.597665,0.541608,0.601188,0.469153,0.577560,0.623029,0.591620,0.296818,0.721947,0.410826,0.752714,0.451569,0.717824,0.226647
0.742026,0.612799,0.207601,0.355434,0.563507,0.624976,0.187835,0.670461,0.492131,0.569155,0.421508,0.607716,0.445371,0.578442,0.687751,0.845926
0.605821,0.375825,0.247457,0.636801,0.305623,0.839729,0.139814,0.698898,0.235583,0.182973,0.480170,0.817424,0.766013,0.720243,0.612281,0.663270
0.283778,0.493554,0.354839,0.593298,0.182303,0.074553,0.221380,0.453385,0.110139,0.639527,0.740155,0.666330,0.660732,0.583909,0.905745,0.565408
0.660720,0.595798,0.677317,0.582077,0.705850,0.388057,0.516645,0.596253,0.600779,0.124640,0.750486,0.401798,0.622433,0.391722,0.615734,0.183558
0.540627,0.557381,0.141407,0.381244,0.536151,0.711272,0.647914,0.713700,0.456485,0.804480,0.545748,0.549637,0.615177,0.202812,0.487991,0.651122
0.597337,0.706368,0.620865,0.549362,0.334285,0.511437,0.390334,0.599896,0.631838,0.587283,0.555186,0.497279,0.398350,0.590170,0.328962,0.543975
0.527595,0.346668,0.181240,0.320681,0.311011,0.726236,0.653321,0.605050,0.676026,0.622155,0.593543,0.200012,0.571902,0.209934,0.697685,0.071599
0.290709,0.582691,0.201980,0.374639,0.333558,0.282007,0.758248,0.437340,0.085438,0.189856,0.171438,0.304090,0.343953,0.468162,0.732360,0.230291
0.455049,0.223704,0.525199,0.378369,0.838700,0.228298,0.502139,0.643099,0.330300,0.273882,0.259576,0.868759,0.319556,0.513969,0.318042,0.479208
0.723330,0.662614,0.678635,0.606722,0.340279,0.636293,0.288849,0.410571,0.752709,0.525989,0.548738,0.515400,0.423080,0.619272,0.373693,0.411354
0.417483,0.292743,0.730103,0.601754,0.759524,0.222333,0.427466,0.479657,0.605603,0.524808,0.156817,0.714365,0.206162,0.687878,0.743791,0.155461
0.514047,0.675439,0.603858,0.417103,0.692944,0.564267,0.498795,0.679636,0.559892,0.207990,0.831090,0.568456,1.000000,0.362216,0.720026,0.289103
0.172817,0.482510,0.389884,0.493421,0.238946,0.446376,0.770318,0.453188,0.188193,0.135860,0.120193,0.371134,0.336508,0.530422,0.676952,0.233296
0.447292,0.209576,0.282119,0.877410,0.703503,0.230610,0.725474,0.326538,0.747077,0.749995,0.411808,0.447479,0.238756,0.222324,0.176117,0.599247
0.356385,0.562390,0.618101,0.848626,0.259025,0.578292,0.325241,0.299337,0.330115,0.413054,0.625538,0.753552,0.430260,0.401999,0.287482,0.633468
0.264336,0.637651,0.385626,0.517277,0.192961,0.133785,0.206192,0.417005,0.254054,0.736925,0.849587,0.681382,0.580927,0.570185,0.821798,0.435367
0.473952,0.625846,0.467215,0.665814,0.240958,0.651847,0.334462,0.371029,0.303644,0.287563,0.738861,0.825811,0.474400,0.366921,0.243118,0.549633
0.575330,0.190012,0.653002,0.563833,0.666479,0.650724,0.196255,0.470451,0.579925,0.178801,0.818841,0.604685,0.370905,0.413523,0.281065,0.590856
0.560318,0.543971,0.130535,0.494137,0.643377,0.702758,0.698694,0.892517,0.509778,0.722341,0.569944,0.399427,0.648174,0.156177,0.592833,0.665717
0.549087,0.665798,0.260772,0.478485,0.481050,0.685171,0.823856,0.702169,0.720448,0.703296,0.430283,0.490040,0.600706,0.248269,0.500607,0.736960
0.198359,0.683371,0.309364,0.525623,0.182862,0.174608,0.105036,0.404975,0.192920,0.784860,0.734474,0.645110,0.661286,0.596621,0.765850,0.413443
0.494661,0.461875,0.398782,0.738898,0.217567,0.639851,0.178453,0.383358,0.446714,0.344550,0.679511,0.672082,0.256264,0.390914,0.256568,0.641372
0.570631,0.584062,0.129540,0.379487,0.596528,0.770308,0.748153,0.660955,0.654194,0.777934,0.610487,0.620558,0.551568,0.126721,0.503473,0.675665
0.475902,0.572923,0.170727,0.455678,0.474176,0.756231,0.731577,0.875539,0.573039,0.875836,0.724974,0.547276,0.586165,0.184140,0.534893,0.665601
0.592176,0.538353,0.255639,0.385839,0.618383,0.634287,0.704906,0.737943,0.688488,0.772086,0.606515,0.487419,0.684625,0.116172,0.439992,0.567846
0.408886,0.467311,0.515601,0.697148,0.280472,0.715581,0.318862,0.343602,0.289838,0.471405,0.611256,0.703755,0.472112,0.624862,0.386432,0.620321
0.236817,0.192078,0.694425,0.501165,0.489936,0.124250,0.207675,0.488203,0.541767,0.193172,0.206767,0.455837,0.534170,0.600611,0.433593,0.442376
0.180603,0.519936,0.246020,0.453426,0.294047,0.345914,0.753228,0.485208,0.100650,0.214709,0.154751,0.307688,0.284392,0.680812,0.523260,0.110106
0.242401,0.355828,0.775448,0.246131,0.709937,0.479037,0.507339,0.427827,0.301394,0.724400,0.585584,0.676219,0.216778,0.549860,0.463353,0.641849
0.459184,0.539113,0.589906,0.767884,0.244371,0.528780,0.386468,0.412687,0.432410,0.389501,0.603766,0.739139,0.404219,0.424959,0.316918,0.596760
0.712395,0.304391,0.583168,0.414386,0.634432,0.552424,0.315925,0.626201,0.673482,0.213820,0.780009,0.594276,0.496441,0.376754,0.138686,0.656406
0.289465,0.115864,0.482960,0.419674,0.848904,0.260228,0.582116,0.767709,0.215125,0.276685,0.262795,0.786034,0.486699,0.473733,0.254234,0.385101
0.764749,0.582631,0.191027,0.436839,0.530078,0.747028,0.157840,0.798023,0.592430,0.561839,0.668857,0.632419,0.398697,0.561764,0.685434,0.763102
0.476930,0.359484,0.893435,0.518933,0.613443,0.164958,0.456854,0.448719,0.722753,0.553829,0.225766,0.487876,0.410396,0.565515,0.815126,0.185943
0.772649,0.452363,0.470881,0.757665,0.147160,0.277384,0.619018,0.343142,0.239382,0.382028,0.588620,0.788634,0.055432,0.365063,0.594465,0.721915
0.820771,0.208578,0.539509,0.384567,0.578471,0.556176,0.201451,0.560250,0.723109,0.141391,0.841660,0.587369,0.565142,0.519380,0.264937,0.647909
0.454324,0.352882,0.398179,0.601220,0.460168,0.374179,0.670724,0.444971,0.623320,0.787083,0.591143,0.455266,0.303015,0.230452,0.076306,0.585725
0.537998,0.424977,0.331642,0.757662,0.259267,0.740271,0.152871,0.696481,0.304725,0.308314,0.594196,0.743606,0.573191,0.777340,0.780006,0.621716
0.287423,0.154128,0.607182,0.335278,0.909980,0.286651,0.553241,0.633014,0.195923,0.374310,0.256537,0.803177,0.474360,0.505162,0.364218,0.411399
0.636470,0.239422,0.541803,0.590818,0.600591,0.633721,0.175272,0.494957,0.704797,0.273980,0.810834,0.675119,0.542286,0.492583,0.162387,0.547253
0.752014,0.628684,0.144567,0.381753,0.519911,0.708563,0.094536,0.768526,0.573371,0.542701,0.461966,0.713468,0.588979,0.520519,0.838356,0.689140
0.376383,0.589397,0.460471,0.768292,0.206199,0.631424,0.372130,0.279583,0.384992,0.474417,0.578021,0.771257,0.540464,0.430547,0.261230,0.479139
0.173479,0.223582,0.806542,0.496233,0.536469,0.267041,0.151292,0.411788,0.610834,0.241304,0.107082,0.339370,0.639270,0.486780,0.369665,0.485665
0.184830,0.268564,0.855735,0.494702,0.347861,0.196564,0.200805,0.504795,0.646573,0.271843,0.181497,0.512096,0.632444,0.536685,0.337404,0.566672
0.311099,0.668108,0.369487,0.530566,0.206439,0.144385,0.232582,0.431589,0.205533,0.758976,0.818999,0.745241,0.757210,0.617986,0.771490,0.587450
0.821773,0.491735,0.477137,0.696131,0.303407,0.137513,0.712803,0.431122,0.119048,0.375168,0.507395,0.783255,0.198127,0.314817,0.624151,0.753896
0.368896,0.284645,0.571547,0.340849,0.842410,0.216466,0.679255,0.621950,0.236354,0.169856,0.243004,0.774965,0.504293,0.438466,0.251509,0.375518
0.648925,0.265508,0.623117,0.477778,0.607834,0.677227,0.267188,0.558598,0.599350,0.285123,0.736781,0.603197,0.463250,0.369422,0.270704,0.716047
0.675822,0.501713,0.498450,0.628379,0.208738,0.164072,0.559154,0.287397,0.171960,0.251422,0.625287,0.594679,0.282227,0.445594,0.590795,0.600371
0.681846,0.675857,0.631010,0.454998,0.631594,0.313359,0.541362,0.578239,0.703921,0.356655,0.870999,0.462245,0.717872,0.418676,0.715731,0.252500
0.556302,0.505401,0.168395,0.394041,0.533523,0.565647,0.729411,0.703210,0.555430,0.780084,0.547236,0.491917,0.720812,0.128956,0.526334,0.699502
0.695415,0.213028,0.491840,0.470632,0.552023,0.649460,0.200820,0.584337,0.600914,0.279801,0.901771,0.718468,0.455429,0.469223,0.178093,0.607405
0.508852,0.230068,0.730122,0.553410,0.735074,0.126836,0.518002,0.486911,0.744883,0.639456,0.196837,0.708420,0.301793,0.567579,0.582799,0.321931
0.417255,0.303012,0.755261,0.600971,0.771875,0.336595,0.464784,0.614317,0.649387,0.780270,0.118627,0.555594,0.297483,0.638402,0.619440,0.107857
0.383076,0.101203,0.548307,0.333585,0.719777,0.268773,0.555637,0.702903,0.308567,0.299661,0.298047,0.808810,0.489507,0.450812,0.190753,0.423121
0.289398,0.307265,0.747825,0.133697,0.685913,0.488759,0.513515,0.526090,0.280941,0.693201,0.712019,0.643526,0.189960,0.484270,0.562763,0.690729
0.370970,0.209467,0.560516,0.314862,0.852973,0.298822,0.558486,0.737633,0.326705,0.108595,0.188668,0.792393,0.556055,0.455948,0.287860,0.468345
0.099177,0.322093,0.699495,0.514938,0.318870,0.161172,0.196470,0.404251,0.590035,0.195845,0.190332,0.302681,0.584907,0.545324,0.447956,0.450765
0.046217,0.279585,0.786601,0.527801,0.290335,0.278662,0.149741,0.378820,0.694341,0.117084,0.224269,0.328354,0.717350,0.473948,0.384029,0.469220
0.577767,0.348202,0.216727,0.239123,0.266677,0.844694,0.712968,0.700514,0.573516,0.497271,0.537661,0.358348,0.700348,0.210179,0.645311,0.178166
0.108221,0.274404,0.771733,0.610304,0.433391,0.100041,0.171712,0.489373,0.620315,0.206920,0.252528,0.424212,0.623579,0.582428,0.289078,0.526763
0.355746,0.216786,0.483128,0.712353,0.500513,0.330933,0.698224,0.278342,0.804684,0.637754,0.368302,0.478866,0.257495,0.274956,0.181225,0.523268
0.303066,0.512480,0.320821,0.657364,0.165225,0.042073,0.170095,0.518532,0.301016,0.683048,0.812622,0.641907,0.826393,0.593602,0.827561,0.441619
0.222888,0.181192,0.862029,0.500182,0.380629,0.146244,0.236604,0.398707,0.658780,0.091007,0.233169,0.420099,0.719854,0.541738,0.427391,0.493495
0.165486,0.199265,0.799913,0.604654,0.503226,0.147041,0.196339,0.422546,0.658131,0.171025,0.347958,0.456769,0.604572,0.554209,0.428365,0.504855
0.463851,0.150505,0.732535,0.644596,0.791789,0.199393,0.578202,0.405909,0.582846,0.664069,0.147454,0.577710,0.352525,0.619129,0.534994,0.201543
0.766770,0.183981,0.630022,0.550868,0.742786,0.593441,0.300820,0.584360,0.596301,0.276008,0.838330,0.620600,0.354240,0.488910,0.111630,0.674987
0.376684,0.441832,0.270589,0.745516,0.284252,0.765388,0.205377,0.639526,0.224845,0.238522,0.613305,0.669582,0.699090,0.725511,0.614160,0.611411
0.746110,0.642279,0.622729,0.313999,0.663316,0.317592,0.598968,0.428058,0.647157,0.321457,0.757432,0.493110,0.832788,0.565676,0.519928,0.242523
0.269096,0.445182,0.669193,0.177457,0.654587,0.435353,0.421332,0.535129,0.288708,0.604507,0.803089,0.733505,0.331993,0.466671,0.484256,0.749439
0.601867,0.353213,0.585797,0.411696,0.678725,0.527349,0.394946,0.573225,0.588765,0.304284,0.727348,0.495719,0.481383,0.503972,0.208560,0.632385
0.779025,0.672747,0.216974,0.498698,0.623471,0.903227,0.242383,0.868416,0.610431,0.465581,0.697398,0.668215,0.555922,0.665506,0.741477,0.822792
0.403077,0.213083,0.342336,0.650864,0.628262,0.240412,0.827912,0.298059,0.680418,0.739734,0.445946,0.491184,0.223501,0.177267,0.113184,0.455882
0.629070,0.682651,0.695887,0.553937,0.626277,0.540999,0.554853,0.561720,0.593412,0.162684,0.643340,0.448438,0.839327,0.411131,0.694699,0.170984
0.420077,0.264389,0.321273,0.740200,0.403287,0.367308,0.578440,0.337660,0.620921,0.645176,0.466716,0.640258,0.221028,0.345587,0.205590,0.501838
0.200575,0.385857,0.663112,0.228597,0.672409,0.707908,0.606028,0.376215,0.350115,0.653127,0.777032,0.622004,0.316929,0.505426,0.474656,0.622412
0.402626,0.371977,0.256131,0.696186,0.335559,0.756044,0.196434,0.713416,0.190043,0.180167,0.607852,0.910408,0.690061,0.612478,0.565592,0.694385
0.272485,0.297364,0.727246,0.247967,0.621813,0.535594,0.496018,0.480558,0.305271,0.651204,0.738937,0.635854,0.197069,0.613484,0.574776,0.751189
0.124741,0.580349,0.382451,0.627498,0.196888,0.200066,0.145599,0.401364,0.226497,0.605980,0.789103,0.647084,0.597649,0.608249,0.853557,0.425961
0.705536,0.651115,0.559322,0.586118,0.268330,0.770783,0.384409,0.516759,0.703216,0.537344,0.586192,0.582441,0.526576,0.563534,0.461604,0.433440
0.598864,0.520662,0.129341,0.229747,0.460567,0.785270,0.662750,0.725250,0.502441,0.637728,0.464868,0.364357,0.448167,0.190920,0.577459,0.192520
0.361529,0.322681,0.395177,0.742155,0.556027,0.373259,0.769109,0.212662,0.590235,0.760546,0.240459,0.530237,0.249300,0.193623,0.121431,0.705906
0.270384,0.360755,0.338602,0.406445,0.204876,0.339983,0.702465,0.477981,0.127329,0.112355,0.202187,0.318149,0.355807,0.613704,0.587289,0.200399
0.201590,0.350486,0.703881,0.229630,0.634805,0.464661,0.505684,0.468691,0.351377,0.655784,0.710013,0.672065,0.130779,0.488455,0.484936,0.686842
0.172689,0.485117,0.240684,0.425197,0.251066,0.327898,0.808961,0.560955,0.137612,0.157117,0.236289,0.291250,0.331374,0.673245,0.743072,0.305361
0.408688,0.571371,0.594423,0.789788,0.311145,0.565704,0.180680,0.337833,0.365066,0.358063,0.657270,0.814594,0.374717,0.367769,0.293737,0.641512
0.202395,0.317621,0.752118,0.485963,0.336877,0.260496,0.177229,0.351291,0.613494,0.209389,0.319408,0.556760,0.548024,0.439581,0.309302,0.353302
0.420610,0.507899,0.571458,0.852989,0.232422,0.681423,0.249521,0.440812,0.356780,0.348347,0.857766,0.783637,0.434255,0.530255,0.430582,0.575448
0.404408,0.208776,0.557873,0.281442,0.746490,0.200713,0.606334,0.636489,0.195941,0.293109,0.304056,0.899608,0.386521,0.373559,0.376004,0.349674
0.169986,0.169835,0.792176,0.606057,0.433315,0.142058,0.224043,0.382456,0.557636,0.242885,0.249127,0.345911,0.596505,0.630274,0.305540,0.481767
0.462332,0.300493,0.279287,0.600486,0.261439,0.806641,0.259781,0.617454,0.167221,0.226169,0.602559,0.707967,0.831408,0.708656,0.649521,0.685641
0.399544,0.626686,0.493316,0.845289,0.333684,0.573353,0.321857,0.421055,0.399573,0.313547,0.665494,0.710444,0.339480,0.462920,0.330966,0.562247
0.148692,0.249778,0.790462,0.529416,0.455592,0.196534,0.184049,0.426015,0.594139,0.124792,0.208569,0.434244,0.626085,0.486851,0.438753,0.500582
0.350366,0.160278,0.593208,0.383840,0.767832,0.177404,0.580277,0.724055,0.284311,0.245486,0.453782,0.657639,0.457221,0.347611,0.289243,0.443953
0.617568,0.391582,0.546130,0.781461,0.306901,0.056063,0.636566,0.335403,0.178043,0.336978,0.580126,0.693118,0.127378,0.391146,0.609322,0.597861
0.681433,0.751277,0.622172,0.460641,0.700630,0.386002,0.563611,0.558577,0.687565,0.252117,0.714463,0.504589,0.738163,0.374945,0.739808,0.176860
0.739914,0.258942,0.616499,0.506518,0.642949,0.646172,0.239774,0.624827,0.705420,0.353610,0.756881,0.679862,0.548174,0.436775,0.148320,0.597739
0.357556,0.229731,0.663918,0.368988,0.906060,0.245311,0.632318,0.573559,0.104728,0.301886,0.237942,0.689925,0.353586,0.396760,0.265902,0.498409
0.220308,0.613354,0.389457,0.412143,0.220838,0.057429,0.219358,0.539331,0.232533,0.747298,0.834510,0.751043,0.686887,0.629479,0.731313,0.448343
0.248116,0.710451,0.287221,0.511561,0.250770,0.147762,0.140454,0.591778,0.085041,0.727806,0.783426,0.673699,0.632858,0.582448,0.743386,0.510465
0.317270,0.154418,0.502088,0.367663,0.817240,0.188959,0.572648,0.647747,0.242961,0.043877,0.313298,0.749692,0.444491,0.426159,0.460254,0.388906
0.407941,0.331556,0.845322,0.575980,0.648434,0.204889,0.465689,0.360933,0.663912,0.644424,0.247595,0.553460,0.269616,0.638679,0.664170,0.121430
0.187667,0.299245,0.765238,0.545009,0.473211,0.182061,0.191816,0.339499,0.592291,0.171161,0.116687,0.485908,0.601421,0.612311,0.372964,0.382345
0.707042,0.271133,0.525147,0.591287,0.591388,0.543749,0.297789,0.517446,0.586262,0.244402,0.855685,0.462733,0.520355,0.283397,0.200916,0.579521
0.763417,0.574925,0.493904,0.696557,0.091556,0.190257,0.659904,0.435750,0.112868,0.365167,0.632569,0.647161,0.215692,0.460180,0.502665,0.637469
0.536065,0.527337,0.222829,0.350309,0.570742,0.668384,0.770069,0.775319,0.639981,0.479906,0.619668,0.514271,0.522798,0.105436,0.420475,0.613694
0.436275,0.275856,0.525469,0.273900,0.816752,0.084934,0.541037,0.665982,0.241760,0.311991,0.316179,0.882028,0.510729,0.470783,0.240773,0.458694
0.359505,0.193747,0.536911,0.296571,0.728665,0.192546,0.622718,0.694626,0.209947,0.283442,0.248066,0.782673,0.493169,0.493502,0.272932,0.429031
0.223128,0.506334,0.244910,0.404774,0.324312,0.258630,0.677054,0.432083,0.031480,0.162272,0.217924,0.290896,0.314773,0.405252,0.684123,0.136870
0.259054,0.632414,0.368470,0.696648,0.249660,0.211367,0.109924,0.571096,0.291835,0.726801,0.775326,0.713823,0.681750,0.683158,0.827881,0.482621
0.189201,0.373634,0.847851,0.216835,0.667453,0.703172,0.496106,0.518561,0.333433,0.639090,0.739109,0.745718,0.204220,0.556194,0.520118,0.774616
0.460232,0.405137,0.332395,0.841413,0.343358,0.833681,0.184092,0.722873,0.268861,0.217951,0.534619,0.730214,0.632100,0.715212,0.646167,0.574782
0.800615,0.583943,0.404290,0.747207,0.092161,0.154687,0.579151,0.337157,0.137363,0.304520,0.573798,0.709933,0.123927,0.368931,0.717085,0.698214
0.705577,0.535577,0.476712,0.704953,0.290731,0.207474,0.699406,0.325858,0.149207,0.267060,0.615284,0.715742,0.047694,0.395637,0.432384,0.735903
0.442318,0.611821,0.547344,0.695286,0.158087,0.571439,0.262605,0.373169,0.345172,0.322268,0.682760,0.788102,0.425101,0.355378,0.290063,0.615318
0.338715,0.652029,0.410784,0.543254,0.196360,0.190288,0.089556,0.457520,0.216179,0.767351,0.882091,0.691806,0.527406,0.551791,0.832895,0.407966
0.437442,0.478328,0.459663,0.728636,0.229162,0.595582,0.255089,0.343107,0.363522,0.401199,0.672584,0.876668,0.399591,0.480356,0.116396,0.475866
0.110942,0.324808,0.857777,0.529130,0.400472,0.321472,0.184735,0.425792,0.671481,0.193911,0.202783,0.427559,0.676685,0.515098,0.265076,0.531858
0.754781,0.640709,0.620899,0.391429,0.727225,0.475413,0.497226,0.541223,0.507371,0.274197,0.639857,0.483741,0.802494,0.391928,0.671839,0.216660
0.536795,0.652923,0.588145,0.548874,0.575115,0.346531,0.608062,0.609558,0.596566,0.265667,0.724703,0.473254,0.943326,0.473073,0.637297,0.177182
0.500353,0.314663,0.238056,0.698878,0.546391,0.299318,0.659716,0.240125,0.669456,0.772368,0.441308,0.412824,0.169038,0.259066,0.142657,0.580272
0.717823,0.607728,0.667430,0.604895,0.292240,0.599008,0.338781,0.439539,0.663549,0.731703,0.403548,0.506177,0.347142,0.649100,0.434582,0.439066
0.641927,0.575410,0.589840,0.546940,0.216926,0.593264,0.375220,0.583697,0.556993,0.545868,0.499996,0.558763,0.396592,0.699528,0.393018,0.421197
0.373449,0.202069,0.834457,0.617037,0.801407,0.269873,0.493900,0.479896,0.695326,0.716742,0.161308,0.523744,0.195560,0.577213,0.701502,0.219815
0.725624,0.434457,0.583391,0.615038,0.238192,0.211209,0.646481,0.523409,0.206810,0.351698,0.670143,0.727132,0.200120,0.311822,0.607884,0.718365
0.379974,0.260688,0.284025,0.724941,0.359354,0.791013,0.188145,0.608830,0.195403,0.138494,0.512092,0.726835,0.608760,0.712404,0.528724,0.672931
0.792996,0.617704,0.558688,0.666898,0.132276,0.170950,0.633846,0.280499,0.171717,0.384458,0.703839,0.798719,0.261186,0.432754,0.545278,0.760204
0.558872,0.394208,0.220164,0.217415,0.521933,0.907237,0.580848,0.565604,0.556323,0.565903,0.470136,0.272516,0.489466,0.178630,0.541575,0.155262
0.653795,0.605594,0.626466,0.566707,0.343125,0.496536,0.349271,0.595373,0.799040,0.639877,0.579274,0.572385,0.357981,0.623346,0.385165,0.491012
0.519789,0.341132,0.775988,0.629142,0.663442,0.142040,0.616706,0.504620,0.599789,0.693622,0.120276,0.622492,0.241992,0.633818,0.768992,0.195501
0.775179,0.355803,0.620963,0.536765,0.647680,0.583776,0.412843,0.553582,0.606362,0.262304,0.873815,0.695630,0.520496,0.253844,0.192471,0.633557
0.686491,0.243093,0.659515,0.597857,0.623054,0.659981,0.234669,0.481834,0.742650,0.322757,0.761979,0.666474,0.500046,0.430799,0.189111,0.614056
0.511165,0.339283,0.255187,0.711278,0.534798,0.385762,0.841020,0.228828,0.737472,0.680774,0.372102,0.515336,0.163504,0.282675,0.135708,0.665780
0.503859,0.416073,0.220024,0.260038,0.392805,0.714463,0.506796,0.664940,0.511856,0.604730,0.561088,0.285387,0.415012,0.188283,0.527973,0.127935
0.439914,0.294987,0.285445,0.605401,0.401084,0.739090,0.198582,0.740381,0.109818,0.257350,0.555844,0.774670,0.657045,0.696866,0.674615,0.708855
0.659788,0.326085,0.292773,0.270253,0.449050,0.791185,0.526991,0.717222,0.688856,0.595611,0.479393,0.422824,0.599350,0.149348,0.579770,0.215486
0.522566,0.594156,0.438451,0.814584,0.170611,0.748545,0.255779,0.301078,0.199821,0.406122,0.533536,0.774353,0.473837,0.504655,0.382542,0.601825
0.603250,0.737146,0.582750,0.439262,0.613526,0.412640,0.495069,0.514120,0.588051,0.259676,0.677920,0.538786,0.861021,0.413004,0.598592,0.319444
0.563371,0.762040,0.625549,0.466887,0.591386,0.471626,0.597160,0.494271,0.567277,0.241453,0.670380,0.393199,0.731546,0.399439,0.729474,0.145769
0.529112,0.310944,0.149728,0.288852,0.384457,0.632293,0.458573,0.684063,0.485691,0.528099,0.506319,0.269910,0.572788,0.321697,0.622040,0.102659
0.652746,0.325556,0.535081,0.511898,0.670840,0.658515,0.179377,0.544782,0.609092,0.305639,0.682161,0.615075,0.547866,0.424335,0.212233,0.621068
0.253889,0.329231,0.683085,0.395494,0.507088,0.224000,0.015617,0.387212,0.664235,0.131224,0.320002,0.448614,0.567219,0.483390,0.336541,0.495518
0.277450,0.185974,0.713249,0.540724,0.406167,0.072959,0.248657,0.319073,0.670374,0.144862,0.146569,0.519768,0.673840,0.504025,0.300767,0.391743
0.156527,0.299591,0.747267,0.329697,0.537599,0.501466,0.474219,0.547265,0.126400,0.645031,0.772687,0.658590,0.208077,0.514724,0.623128,0.789902
0.830699,0.700848,0.208763,0.380232,0.574395,0.784880,0.145958,0.877255,0.599025,0.388763,0.612004,0.503509,0.499541,0.480708,0.659345,0.871657
0.334071,0.233740,0.445463,0.324463,0.715056,0.182105,0.645906,0.704121,0.220277,0.339911,0.274985,0.903417,0.486087,0.450730,0.239031,0.331517
0.545623,0.481086,0.136879,0.450417,0.620491,0.646900,0.630982,0.845750,0.668589,0.749591,0.639210,0.373220,0.489730,0.211617,0.452835,0.651669
0.461943,0.223069,0.876675,0.611864,0.736807,0.131837,0.474729,0.507487,0.668476,0.637071,0.036317,0.649069,0.342273,0.691283,0.711759,0.260685
0.209530,0.240905,0.777143,0.558683,0.345309,0.235577,0.135791,0.461310,0.625848,0.090074,0.290426,0.349455,0.706239,0.564132,0.316425,0.482510
0.443027,0.614650,0.526340,0.756586,0.233355,0.582009,0.319482,0.335818,0.193815,0.391087,0.778757,0.636277,0.382633,0.529018,0.284081,0.611391
0.262942,0.221354,0.789496,0.298046,0.630372,0.431208,0.450175,0.470713,0.269578,0.720224,0.704417,0.642405,0.295569,0.485127,0.413163,0.668576
0.349665,0.154812,0.557164,0.303683,0.803178,0.296788,0.623300,0.763565,0.314591,0.213651,0.261758,0.784625,0.451780,0.583191,0.307106,0.418168
0.531346,0.311138,0.845549,0.667101,0.768130,0.191764,0.571567,0.442592,0.699061,0.687898,0.364291,0.549649,0.276948,0.690853,0.707558,0.202058
0.495776,0.509055,0.629395,0.843014,0.288820,0.563471,0.328344,0.331078,0.356653,0.345717,0.564747,0.916426,0.439391,0.532901,0.293502,0.523607
0.145142,0.222739,0.734547,0.499831,0.415594,0.275799,0.087615,0.282005,0.610336,0.183918,0.188539,0.402943,0.753918,0.488640,0.342281,0.529421
0.439440,0.288290,0.295742,0.810983,0.287128,0.700675,0.172720,0.605273,0.059887,0.381943,0.572508,0.822224,0.648072,0.733577,0.554237,0.737316
0.785299,0.409215,0.652436,0.555513,0.691942,0.596635,0.257192,0.491424,0.713792,0.241266,0.702292,0.677118,0.523222,0.426618,0.082807,0.592999
0.582623,0.540989,0.108241,0.392191,0.573626,0.681125,0.694438,0.731722,0.484449,0.881903,0.646060,0.463161,0.640717,0.072596,0.378315,0.776404
0.602774,0.723496,0.722646,0.481084,0.692641,0.390652,0.575516,0.558135,0.571492,0.319570,0.758890,0.458035,0.821840,0.397304,0.665979,0.255334
0.787085,0.562550,0.128521,0.386800,0.492520,0.728677,0.137105,0.729377,0.688964,0.482008,0.508845,0.602451,0.490340,0.438032,0.836791,0.758945
0.612199,0.719316,0.723232,0.616511,0.353287,0.636070,0.398319,0.564223,0.787225,0.605395,0.403959,0.559795,0.396017,0.602130,0.324390,0.453280
0.815049,0.538756,0.280414,0.420045,0.602535,0.651927,0.153143,0.738247,0.512454,0.474389,0.462882,0.521736,0.588364,0.561146,0.665635,0.702922
0.124281,0.295500,0.738421,0.594999,0.492059,0.258277,0.215611,0.485469,0.772714,0.122086,0.216637,0.376491,0.676778,0.472724,0.452902,0.445425
0.576733,0.570401,0.496472,0.590424,0.305540,0.525991,0.383283,0.627088,0.755070,0.619583,0.557736,0.565690,0.375249,0.512251,0.344393,0.430783
0.491343,0.458723,0.105227,0.282941,0.651469,0.767106,0.725671,0.713379,0.554725,0.664907,0.617662,0.456133,0.558028,0.183919,0.330059,0.564833
0.676709,0.687496,0.729992,0.297089,0.581129,0.497522,0.561226,0.546662,0.615333,0.367640,0.643711,0.431105,0.661490,0.491641,0.720355,0.235893
0.259087,0.543438,0.329763,0.343844,0.185752,0.187659,0.683919,0.451151,0.143741,0.232894,0.178940,0.337437,0.438110,0.522681,0.638466,0.163403
0.526627,0.281793,0.276730,0.659669,0.530024,0.320859,0.704349,0.364530,0.703648,0.679927,0.353344,0.471800,0.251658,0.267848,0.150525,0.560158
0.543316,0.794115,0.748676,0.460277,0.672051,0.305759,0.613906,0.519796,0.575567,0.268694,0.565284,0.404114,0.738074,0.500198,0.627132,0.146453
0.644887,0.537309,0.387087,0.591991,0.336635,0.301263,0.592407,0.366831,0.224341,0.279280,0.689006,0.665288,0.142885,0.437227,0.457628,0.531720
0.619582,0.600518,0.627314,0.597651,0.225970,0.586309,0.255161,0.518583,0.801578,0.437936,0.430178,0.556764,0.349974,0.668884,0.401600,0.543913
0.217607,0.669422,0.347920,0.449779,0.168497,0.162567,0.136358,0.545204,0.164499,0.731336,0.728999,0.614813,0.589164,0.622010,0.731045,0.370634
0.419504,0.370217,0.401232,0.742990,0.296413,0.755974,0.210932,0.563978,0.168487,0.284682,0.557140,0.871274,0.694489,0.744705,0.533738,0.682142
0.753957,0.630969,0.613685,0.579136,0.264805,0.094218,0.626231,0.408347,0.206575,0.318411,0.582308,0.670942,0.161515,0.415520,0.618328,0.703025
0.455148,0.324917,0.339301,0.604559,0.523446,0.420536,0.694383,0.301577,0.715590,0.760936,0.491146,0.544764,0.141839,0.252128,0.167007,0.579926
0.115723,0.267544,0.754002,0.388085,0.527997,0.162590,0.107953,0.445547,0.751527,0.157887,0.224682,0.385174,0.653842,0.515048,0.463392,0.419409
0.720389,0.566858,0.060947,0.430330,0.637718,0.719714,0.184848,0.752570,0.503677,0.448259,0.527073,0.684868,0.433300,0.457547,0.694363,0.817757
0.688020,0.601441,0.581879,0.575690,0.168803,0.611547,0.294171,0.468085,0.648888,0.562055,0.512362,0.505012,0.284080,0.618692,0.431712,0.514499
0.393385,0.345363,0.218159,0.754879,0.624773,0.343411,0.784644,0.177186,0.751711,0.665237,0.342530,0.458461,0.270884,0.276547,0.148221,0.680617
0.399186,0.106021,0.558808,0.351246,0.776632,0.221141,0.541661,0.570971,0.294564,0.273122,0.273547,0.787382,0.469586,0.420324,0.312675,0.398730
0.220972,0.437238,0.364962,0.492341,0.223427,0.351362,0.702670,0.558818,0.096805,0.198363,0.158436,0.345675,0.270986,0.554714,0.555622,0.326127
0.438756,0.645915,0.202516,0.486902,0.576076,0.775915,0.691269,0.698437,0.646370,0.711925,0.548214,0.466928,0.624687,0.194863,0.371520,0.580547
0.357001,0.354177,0.699535,0.216521,0.829777,0.236087,0.679478,0.687663,0.291130,0.190936,0.196054,0.734430,0.413945,0.435312,0.276601,0.436259
0.371294,0.359154,0.289134,0.602768,0.281604,0.821056,0.119214,0.651323,0.264379,0.249515,0.499112,0.749269,0.765052,0.688173,0.593044,0.618006
0.142573,0.347005,0.684283,0.391126,0.510481,0.173656,0.242938,0.506944,0.539899,0.233190,0.207594,0.468179,0.588046,0.557594,0.407794,0.348597
0.791620,0.611008,0.158219,0.399095,0.648141,0.761099,0.083248,0.832446,0.574044,0.466727,0.459884,0.645125,0.563607,0.467112,0.750841,0.780797
0.329190,0.369113,0.319596,0.709319,0.311982,0.807915,0.215201,0.665438,0.178674,0.265697,0.522837,0.756185,0.513707,0.702976,0.641756,0.620230
0.568289,0.377995,0.794031,0.643235,0.742050,0.181177,0.521371,0.419007,0.693396,0.763735,0.255650,0.652804,0.180476,0.690783,0.607041,0.278963
0.661251,0.692420,0.674772,0.585794,0.327706,0.650036,0.351926,0.560389,0.619734,0.551174,0.480850,0.593984,0.396967,0.555710,0.405810,0.525250
0.673479,0.313319,0.516149,0.459033,0.610721,0.564207,0.205341,0.567214,0.667948,0.395342,0.867513,0.636246,0.534360,0.485455,0.349126,0.528371
0.456474,0.407948,0.831348,0.563914,0.727751,0.275315,0.454872,0.564135,0.675525,0.593841,0.257124,0.585330,0.227647,0.557352,0.650893,0.215809
0.734525,0.575487,0.108092,0.379713,0.549416,0.712280,0.062468,0.838589,0.557891,0.547020,0.398459,0.547873,0.463149,0.348693,0.765103,0.719630
0.479450,0.223113,0.388703,0.709550,0.581018,0.268702,0.673273,0.319257,0.759875,0.679513,0.446966,0.669225,0.271009,0.244315,0.123355,0.706913
0.728071,0.474510,0.559668,0.646721,0.158195,0.117834,0.704473,0.415531,0.201788,0.295045,0.563203,0.818281,0.138192,0.492067,0.662357,0.714348
0.572849,0.169822,0.558964,0.447899,0.568943,0.593270,0.204334,0.547865,0.712300,0.273090,0.894282,0.749555,0.381573,0.411927,0.249277,0.615049
0.169780,0.328694,0.776414,0.304584,0.446897,0.164739,0.191298,0.441042,0.695547,0.164643,0.277126,0.381271,0.510163,0.602977,0.343258,0.568527
0.430453,0.289575,0.816282,0.575467,0.686359,0.152618,0.473162,0.550828,0.740283,0.737560,0.169457,0.575753,0.133664,0.649053,0.662248,0.098693
0.180479,0.294347,0.739100,0.178389,0.656840,0.503492,0.388755,0.459952,0.287624,0.755748,0.692146,0.573895,0.129597,0.582414,0.487791,0.816246
0.396955,0.352570,0.343592,0.669744,0.588279,0.303532,0.641098,0.494715,0.646106,0.759982,0.515002,0.589340,0.226806,0.291447,0.230999,0.522707
0.364834,0.600714,0.278020,0.508124,0.201894,0.166021,0.189770,0.560222,0.125224,0.701812,0.847195,0.655899,0.710560,0.690960,0.720641,0.642167
0.706737,0.586272,0.648904,0.556271,0.199101,0.592626,0.333330,0.445810,0.556846,0.683802,0.379050,0.607436,0.385987,0.686020,0.347464,0.515319
0.520553,0.435854,0.192981,0.395855,0.425717,0.672731,0.530294,0.740270,0.554034,0.605647,0.544322,0.344918,0.494953,0.204172,0.685925,0.262656
0.574651,0.534901,0.164396,0.404864,0.527498,0.646773,0.806372,0.786135,0.633936,0.703321,0.615268,0.482030,0.647286,0.049929,0.450736,0.661542
0.412316,0.220714,0.723388,0.522644,0.830009,0.183755,0.432290,0.439772,0.748094,0.726323,0.173391,0.686745,0.267230,0.634008,0.633480,0.122927
0.184767,0.613699,0.294826,0.391414,0.235993,0.325558,0.772993,0.563983,0.213033,0.133749,0.191011,0.269888,0.336120,0.633090,0.612360,0.123628
0.783527,0.618492,0.157281,0.368650,0.629625,0.655528,0.233460,0.818128,0.529977,0.380821,0.571324,0.509048,0.500861,0.523771,0.692020,0.735717
0.372351,0.347441,0.448769,0.737539,0.663180,0.446954,0.664397,0.301982,0.608137,0.672717,0.469808,0.652562,0.312733,0.325010,0.207857,0.526802
0.777559,0.581110,0.155684,0.376954,0.568316,0.744633,0.348570,0.847438,0.552301,0.421245,0.506970,0.693749,0.440444,0.391421,0.766097,0.727299
0.516822,0.204186,0.832113,0.520056,0.668549,0.229285,0.485418,0.478442,0.748111,0.520565,0.135330,0.548058,0.297976,0.632814,0.606873,0.185762
0.405277,0.140472,0.479095,0.157271,0.767559,0.224685,0.648823,0.659925,0.314561,0.117270,0.253473,0.711272,0.421598,0.382570,0.356123,0.366744
0.445864,0.585557,0.469840,0.794946,0.255788,0.638114,0.268409,0.404311,0.393403,0.430162,0.762076,0.736778,0.416703,0.467557,0.224689,0.522655
0.478529,0.621029,0.177656,0.359631,0.460662,0.664064,0.701614,0.720205,0.643137,0.664690,0.638564,0.456414,0.600624,0.087884,0.430328,0.620905
0.499245,0.578201,0.244610,0.349001,0.629924,0.793691,0.692774,0.757337,0.636896,0.738312,0.605634,0.561397,0.614549,0.216060,0.515055,0.674398
0.482684,0.377494,0.769749,0.563680,0.713215,0.188807,0.468475,0.496272,0.642017,0.652517,0.205915,0.696404,0.286002,0.563104,0.729249,0.161272
0.627214,0.424187,0.209697,0.252797,0.535000,0.737043,0.615598,0.585444,0.597520,0.615267,0.433008,0.239168,0.527434,0.250761,0.641957,0.238507
0.511310,0.353541,0.333245,0.781222,0.574254,0.339353,0.827591,0.283653,0.741139,0.780130,0.467764,0.446463,0.172819,0.344258,0.224193,0.576811
0.654502,0.666348,0.484263,0.633594,0.193980,0.183184,0.573792,0.321093,0.115059,0.328798,0.616475,0.620708,0.212068,0.378786,0.562329,0.720184
0.390132,0.206549,0.597190,0.429802,0.865441,0.246199,0.698833,0.655894,0.296783,0.237370,0.258355,0.850661,0.311691,0.415821,0.267842,0.394072
0.493592,0.598535,0.597020,0.732327,0.239891,0.680220,0.208721,0.393839,0.353952,0.351818,0.608759,0.713431,0.395204,0.481578,0.130879,0.523086
0.599430,0.265613,0.198851,0.301278,0.405000,0.737903,0.582612,0.653828,0.629459,0.660123,0.559042,0.283655,0.487322,0.286088,0.484862,0.246386
0.437667,0.447532,0.072364,0.469258,0.630360,0.737624,0.775497,0.685744,0.596979,0.541290,0.548446,0.507993,0.468252,0.085735,0.474697,0.660362
0.703827,0.611998,0.615729,0.649886,0.252833,0.672680,0.369117,0.493228,0.609092,0.578698,0.595648,0.614157,0.417252,0.668644,0.351656,0.547968
0.699014,0.261771,0.585147,0.437136,0.526572,0.589088,0.251896,0.541306,0.614653,0.355241,0.767506,0.649701,0.547167,0.352420,0.176991,0.528991
0.696574,0.665600,0.542872,0.546003,0.354694,0.649536,0.450287,0.491243,0.608698,0.738609,0.486687,0.574882,0.332490,0.596267,0.340482,0.401416
0.451878,0.374338,0.243904,0.705600,0.338585,0.330705,0.678270,0.248778,0.533034,0.671508,0.413140,0.638295,0.298645,0.382909,0.171509,0.660691
0.470934,0.395070,0.312940,0.652350,0.261349,0.767998,0.228271,0.632019,0.158598,0.292920,0.533406,0.786589,0.617435,0.764819,0.605475,0.719585
0.553939,0.526092,0.174322,0.421347,0.484011,0.662314,0.820884,0.692539,0.604309,0.771479,0.474014,0.458061,0.562338,0.147105,0.495167,0.754175
0.646155,0.516760,0.534248,0.559519,0.245861,0.179179,0.675615,0.276310,0.201502,0.227325,0.681993,0.703681,0.187151,0.527267,0.544099,0.640195
0.500604,0.197668,0.639357,0.501706,0.544827,0.163175,0.433769,0.450417,0.667919,0.593921,0.238034,0.655539,0.248064,0.779872,0.608411,0.209817
0.878489,0.473998,0.553848,0.656815,0.105682,0.196019,0.654178,0.406247,0.150276,0.414053,0.621664,0.568780,0.189386,0.486147,0.581787,0.865439
0.246977,0.486413,0.260604,0.474332,0.203922,0.400482,0.686100,0.427355,0.160002,0.120099,0.091390,0.271367,0.403932,0.484196,0.666341,0.195809
0.614498,0.613232,0.558447,0.557245,0.365074,0.708369,0.317918,0.539364,0.784902,0.632272,0.520290,0.567963,0.332038,0.459556,0.366126,0.552808
0.640485,0.709132,0.589280,0.595885,0.283704,0.621103,0.412109,0.432691,0.674040,0.694900,0.457706,0.669273,0.357551,0.560947,0.375506,0.400642
0.675827,0.197842,0.537049,0.432858,0.590245,0.576315,0.212306,0.482882,0.659277,0.321030,0.832171,0.649449,0.432974,0.498892,0.233925,0.635043
0.695654,0.588558,0.436567,0.533675,0.243414,0.129397,0.682833,0.412865,0.159764,0.314373,0.562629,0.675352,0.058854,0.457154,0.548354,0.594811
0.637944,0.650187,0.615372,0.544429,0.622763,0.435212,0.573530,0.635554,0.594304,0.109194,0.591547,0.544554,0.811885,0.336827,0.628849,0.270000
0.553325,0.648650,0.607898,0.420742,0.630583,0.459900,0.568665,0.584703,0.501309,0.240568,0.690810,0.402257,0.808354,0.485770,0.542128,0.253812
0.599658,0.548261,0.560713,0.478794,0.529197,0.431532,0.575876,0.639747,0.575785,0.245340,0.692065,0.481638,0.808022,0.468713,0.630746,0.251427
0.381328,0.222713,0.248513,0.598170,0.489736,0.399451,0.646643,0.377923,0.591257,0.771400,0.454994,0.493050,0.094805,0.217593,0.238067,0.518976
0.735131,0.301783,0.580630,0.403148,0.599708,0.498846,0.231845,0.657204,0.687791,0.340982,0.897880,0.735198,0.408700,0.392102,0.186832,0.585832
0.493841,0.467191,0.272813,0.437150,0.627438,0.774859,0.692655,0.701927,0.563952,0.632070,0.669542,0.585876,0.599589,0.126018,0.408476,0.727493
0.659006,0.686870,0.541735,0.550900,0.373793,0.692941,0.329659,0.663150,0.632743,0.695467,0.550210,0.540781,0.455730,0.612381,0.421461,0.451953
0.468613,0.192372,0.226365,0.750707,0.544814,0.307088,0.686247,0.284116,0.569515,0.736797,0.452972,0.547704,0.333506,0.286435,0.104038,0.608864
0.057414,0.255772,0.685512,0.485825,0.495337,0.192330,0.055243,0.415400,0.625032,0.077093,0.256007,0.444747,0.674545,0.578037,0.408257,0.438218
0.255481,0.242919,0.864096,0.272992,0.539044,0.451960,0.500190,0.505747,0.200174,0.701783,0.769947,0.707619,0.310821,0.442774,0.601655,0.762402
0.714283,0.293693,0.442594,0.480822,0.562488,0.646885,0.194516,0.493739,0.645030,0.163703,0.819242,0.625308,0.471735,0.485585,0.214224,0.616079
0.155438,0.294704,0.699037,0.458173,0.422873,0.171293,0.111138,0.417588,0.728612,0.170700,0.214455,0.340824,0.521529,0.600015,0.389804,0.429780
0.545217,0.204396,0.751875,0.593388,0.656987,0.232073,0.487505,0.379388,0.598564,0.615972,0.257438,0.529792,0.264286,0.671982,0.633452,0.205191
0.275590,0.229279,0.613839,0.527929,0.753126,0.243381,0.484438,0.591697,0.216661,0.276014,0.394482,0.745978,0.416400,0.378381,0.206557,0.439076
0.540478,0.561288,0.169081,0.473384,0.545725,0.591548,0.738719,0.684843,0.717944,0.630363,0.684586,0.482413,0.453362,0.242749,0.452504,0.682047
0.451227,0.351773,0.802223,0.626737,0.789178,0.266646,0.460937,0.297643,0.801440,0.781528,0.150956,0.638144,0.195529,0.624876,0.663393,0.286535
0.267896,0.325968,0.771630,0.209306,0.600613,0.436249,0.444554,0.485617,0.209788,0.703610,0.716828,0.591495,0.179237,0.473093,0.639006,0.594962
0.749204,0.476670,0.162032,0.340907,0.483831,0.793852,0.137906,0.779140,0.559552,0.466174,0.562713,0.679792,0.392749,0.599518,0.599573,0.772612
0.413566,0.525832,0.420366,0.681324,0.165985,0.598525,0.297446,0.350279,0.440855,0.290785,0.613256,0.759233,0.420172,0.480125,0.212746,0.618147
0.369111,0.525175,0.333265,0.608160,0.154604,0.071850,0.231365,0.437108,0.200848,0.710809,0.826470,0.674773,0.634873,0.578764,0.735811,0.473423
0.470644,0.252586,0.853694,0.516560,0.676803,0.212966,0.525512,0.422361,0.709866,0.703203,0.105563,0.735252,0.410942,0.627775,0.738921,0.283438
0.672419,0.618639,0.496538,0.658306,0.212310,0.638615,0.402741,0.521139,0.688686,0.536089,0.514614,0.471000,0.415050,0.640140,0.317583,0.399782
0.563472,0.194680,0.854836,0.509706,0.731942,0.299193,0.515771,0.526066,0.716269,0.691454,0.163532,0.601508,0.291022,0.577210,0.572015,0.257929
0.744733,0.599088,0.656485,0.398641,0.689762,0.416257,0.609462,0.572563,0.578510,0.250574,0.647046,0.450304,0.803657,0.355756,0.617394,0.248761
0.578411,0.356521,0.395172,0.323333,0.682314,0.740408,0.545284,0.627417,0.452214,0.651335,0.548162,0.229657,0.597556,0.290164,0.566882,0.210162
0.249631,0.410985,0.624150,0.254684,0.649208,0.517525,0.554231,0.527395,0.216493,0.483071,0.789759,0.755484,0.286488,0.645557,0.491280,0.831664
0.225334,0.570826,0.402164,0.402982,0.240320,0.296244,0.642160,0.464043,0.177690,0.281416,0.132581,0.347950,0.399045,0.542691,0.566027,0.316596
0.794858,0.528079,0.494298,0.620510,0.218923,0.133175,0.635856,0.266788,0.150425,0.381343,0.693774,0.714112,0.172919,0.521942,0.636149,0.803764
0.411412,0.237662,0.604434,0.372746,0.745805,0.209916,0.724504,0.630950,0.265804,0.263660,0.263830,0.801996,0.379047,0.529319,0.287989,0.409559
0.692437,0.601875,0.589652,0.746477,0.278687,0.256620,0.670433,0.493168,0.121565,0.252471,0.688438,0.571367,0.148276,0.391179,0.653142,0.688961
0.204561,0.655262,0.331405,0.534178,0.160766,0.102793,0.250854,0.576145,0.212119,0.776737,0.790922,0.634476,0.736521,0.653295,0.796175,0.594754
0.632514,0.329548,0.224304,0.281761,0.467448,0.823951,0.560306,0.650725,0.619659,0.613579,0.522609,0.393440,0.533235,0.430805,0.672586,0.242964
0.465687,0.397392,0.116412,0.137712,0.411469,0.791809,0.605508,0.580822,0.550086,0.692287,0.548193,0.379800,0.567994,0.255622,0.497723,0.241037
0.484658,0.257580,0.660489,0.532017,0.765017,0.081656,0.419840,0.548844,0.678710,0.740329,0.138446,0.631826,0.305648,0.676688,0.657443,0.174490
0.438037,0.451878,0.199019,0.437584,0.586044,0.683006,0.671087,0.719496,0.641250,0.559358,0.589582,0.465685,0.548112,0.169161,0.464549,0.609786
0.623682,0.584823,0.735278,0.328839,0.613786,0.502803,0.470998,0.552742,0.719100,0.239378,0.566922,0.420455,0.777595,0.413989,0.820409,0.170272
0.170557,0.504870,0.091352,0.388533,0.226427,0.231983,0.642272,0.617709,0.139550,0.114504,0.144104,0.400318,0.317586,0.663380,0.598257,0.184519
0.499334,0.384518,0.243637,0.741797,0.330344,0.763100,0.197402,0.503175,0.181069,0.278764,0.636479,0.658926,0.633393,0.669867,0.706305,0.549175
0.577273,0.611017,0.295166,0.356841,0.615801,0.785541,0.888590,0.806708,0.604343,0.621870,0.683950,0.430205,0.611942,0.238925,0.482963,0.535804
0.275149,0.357542,0.792676,0.207052,0.619319,0.400958,0.391948,0.472132,0.293580,0.608722,0.754405,0.652326,0.210445,0.549585,0.489329,0.678451
0.611231,0.124302,0.567296,0.279539,0.599464,0.587971,0.325784,0.588256,0.616456,0.341097,0.753948,0.535284,0.478067,0.483128,0.407602,0.573142
0.576555,0.607632,0.558560,0.641471,0.301901,0.544434,0.226086,0.322512,0.333366,0.387906,0.748918,0.659345,0.407848,0.397298,0.102024,0.501387
0.667391,0.377661,0.138813,0.316387,0.506396,0.871823,0.558153,0.623819,0.573256,0.507606,0.555445,0.385795,0.532038,0.168565,0.551796,0.100162
0.686509,0.298409,0.445346,0.367204,0.542382,0.629317,0.171161,0.594298,0.659983,0.238601,0.773025,0.605284,0.386536,0.467832,0.188970,0.638139
0.557787,0.672414,0.620505,0.616203,0.155277,0.736365,0.288851,0.489052,0.613976,0.675437,0.501166,0.598082,0.329055,0.548934,0.412947,0.546770
0.643466,0.579594,0.787953,0.526852,0.732411,0.383505,0.593689,0.534183,0.619910,0.339847,0.669555,0.619024,0.728146,0.406603,0.668240,0.363925
0.612664,0.700158,0.201404,0.418828,0.583135,0.672903,0.119790,0.867412,0.430237,0.583269,0.589480,0.487573,0.508047,0.438914,0.689489,0.666777
0.598832,0.650346,0.604509,0.371185,0.643557,0.484199,0.435013,0.671759,0.502768,0.287906,0.708473,0.377902,0.807405,0.420993,0.641656,0.148183
0.263258,0.440996,0.366184,0.288733,0.287949,0.338349,0.618460,0.426266,0.142368,0.235729,0.143730,0.236944,0.399623,0.656145,0.671824,0.321445
0.516988,0.181069,0.266312,0.779665,0.335714,0.723973,0.104814,0.642491,0.214882,0.156355,0.619539,0.764076,0.732768,0.752799,0.587544,0.584916
0.464952,0.509984,0.055769,0.468750,0.606031,0.784041,0.609388,0.762377,0.500366,0.718288,0.543216,0.453308,0.679420,0.145237,0.456291,0.674637
0.432478,0.646603,0.391949,0.632722,0.211010,0.651119,0.248822,0.356693,0.331695,0.415759,0.621339,0.653567,0.493669,0.400884,0.197408,0.596904
0.485597,0.328840,0.849857,0.677252,0.722273,0.171445,0.457415,0.505211,0.699417,0.606855,0.256271,0.642526,0.226330,0.540301,0.660085,0.324566
0.185064,0.691106,0.213212,0.519427,0.176366,0.128255,0.223499,0.536302,0.300958,0.610407,0.783572,0.698512,0.707237,0.646307,0.697867,0.428494
0.479200,0.529552,0.107834,0.435015,0.596416,0.731923,0.558533,0.841924,0.469128,0.751441,0.602516,0.524756,0.480611,0.031188,0.541660,0.732191
0.738052,0.679147,0.121383,0.398535,0.565108,0.751475,0.108250,0.787426,0.563249,0.559141,0.470447,0.630110,0.442170,0.596963,0.598232,0.685248
0.261415,0.485081,0.439939,0.639567,0.186698,0.164895,0.082231,0.494222,0.233685,0.842197,0.793607,0.684431,0.654020,0.511369,0.779480,0.600356
0.310671,0.194175,0.537170,0.334126,0.754699,0.178135,0.687292,0.712474,0.282138,0.255951,0.308550,0.792915,0.604020,0.405009,0.403128,0.287749
0.565961,0.335076,0.249945,0.300793,0.355948,0.789567,0.672470,0.669710,0.622725,0.527851,0.581897,0.262029,0.468380,0.212034,0.582977,0.251180
0.238932,0.228868,0.695198,0.244026,0.673622,0.542193,0.518651,0.446539,0.235886,0.736395,0.744058,0.675535,0.349407,0.689123,0.505952,0.794263
0.457907,0.617334,0.609312,0.736168,0.212129,0.691648,0.261803,0.398566,0.272936,0.457292,0.596011,0.789693,0.314020,0.521769,0.225269,0.604733
0.327645,0.350227,0.419561,0.774366,0.561182,0.232039,0.630156,0.326498,0.634570,0.692016,0.479836,0.531078,0.212372,0.366355,0.257863,0.652315
0.159637,0.307761,0.781689,0.502239,0.457827,0.134830,0.170507,0.513483,0.615229,0.148776,0.275244,0.448473,0.649426,0.669853,0.466743,0.462977
0.773643,0.534543,0.263345,0.405433,0.464005,0.721672,0.253681,0.830568,0.675677,0.564583,0.548391,0.652373,0.609925,0.452404,0.813936,0.934680
0.448094,0.203243,0.314358,0.805267,0.281033,0.848518,0.178870,0.615208,0.243395,0.276773,0.555457,0.670703,0.652723,0.743337,0.628386,0.641383
0.754015,0.202225,0.566726,0.493286,0.590438,0.694791,0.277562,0.588949,0.633641,0.297159,0.678937,0.568408,0.503401,0.437783,0.105263,0.662854
0.452881,0.610193,0.095203,0.392939,0.493677,0.724436,0.762522,0.821236,0.543346,0.800200,0.626330,0.458379,0.617427,0.115270,0.473156,0.717068
0.562786,0.519710,0.108341,0.484234,0.609955,0.641214,0.631733,0.801908,0.562073,0.708733,0.620371,0.462209,0.643411,0.215840,0.473075,0.572328
0.632852,0.307202,0.632374,0.490123,0.479302,0.703143,0.249815,0.394281,0.694779,0.202670,0.821856,0.548611,0.531179,0.364487,0.273893,0.513920
0.698313,0.584059,0.578544,0.497621,0.116202,0.237146,0.677343,0.432974,0.188961,0.400111,0.606445,0.626579,0.178282,0.512047,0.568445,0.659046
0.691292,0.652069,0.658108,0.559380,0.686382,0.448630,0.555762,0.575945,0.656670,0.193821,0.807262,0.508723,0.764280,0.387837,0.667546,0.234186
0.631619,0.540391,0.154837,0.502287,0.606202,0.622870,0.682510,0.709436,0.572400,0.614242,0.608233,0.637655,0.677210,0.130905,0.509805,0.832371
0.281768,0.626380,0.329132,0.470616,0.240838,0.199938,0.222514,0.504350,0.255687,0.629420,0.718193,0.686365,0.634688,0.623192,0.651785,0.428626
0.614738,0.712227,0.625419,0.522075,0.615202,0.408444,0.448225,0.567286,0.601855,0.128027,0.700120,0.405793,0.832567,0.421627,0.648145,0.222835
0.405525,0.259979,0.581764,0.297623,0.804262,0.293067,0.600541,0.550921,0.201066,0.169167,0.214475,0.676082,0.404219,0.441210,0.414026,0.375970
0.288322,0.195916,0.583944,0.283430,0.807997,0.078965,0.623837,0.551190,0.136386,0.220477,0.287658,0.843682,0.344536,0.413760,0.211231,0.393313
0.518596,0.234346,0.210643,0.617194,0.235605,0.739813,0.154032,0.628237,0.205628,0.198883,0.617250,0.883020,0.678625,0.692641,0.612297,0.681266
0.756465,0.521951,0.553042,0.798141,0.177087,0.156948,0.774351,0.343842,0.169213,0.242080,0.595878,0.698709,0.190004,0.383707,0.639427,0.616267
0.526154,0.458297,0.182530,0.318067,0.511112,0.669671,0.718628,0.804926,0.602402,0.799907,0.596276,0.595219,0.464311,0.184217,0.635490,0.676374
0.495268,0.277910,0.300577,0.728676,0.347622,0.765295,0.244417,0.675337,0.203454,0.242377,0.608382,0.836457,0.703118,0.727015,0.732153,0.617673
0.240600,0.293310,0.683861,0.563450,0.368926,0.278792,0.228367,0.357840,0.665641,0.000000,0.323964,0.282134,0.667107,0.609419,0.380898,0.524160
0.252119,0.294890,0.784105,0.388285,0.304351,0.159570,0.163435,0.506722,0.634402,0.232876,0.183351,0.629480,0.757102,0.574205,0.310731,0.365859
0.659136,0.711064,0.661211,0.449400,0.686268,0.343391,0.507322,0.670740,0.575060,0.238528,0.728577,0.420243,0.760625,0.349890,0.585481,0.229291
0.178760,0.667485,0.313602,0.610512,0.236807,0.140143,0.171232,0.561666,0.265451,0.843264,0.756027,0.743410,0.559000,0.621198,0.834714,0.487519
0.456824,0.437565,0.272375,0.728415,0.246526,0.704245,0.175800,0.525455,0.287361,0.198539,0.531228,0.621016,0.764685,0.683848,0.603185,0.737643
0.535438,0.292211,0.242464,0.685535,0.590423,0.453513,0.757487,0.269068,0.588702,0.771935,0.438708,0.507153,0.231681,0.385835,0.200142,0.491408
0.665248,0.419166,0.622694,0.354478,0.659909,0.751539,0.181181,0.485761,0.678790,0.272763,0.777240,0.654005,0.585364,0.434087,0.188030,0.554924
0.353998,0.245869,0.424671,0.721546,0.545988,0.259086,0.675412,0.341133,0.668143,0.685226,0.537676,0.518924,0.249292,0.315343,0.188483,0.586680
0.652334,0.581083,0.226286,0.450600,0.493910,0.738782,0.194983,0.767136,0.534773,0.552571,0.500656,0.609829,0.476488,0.507925,0.807347,0.793996
0.229540,0.484126,0.281067,0.420416,0.319540,0.297123,0.752322,0.601123,0.153700,0.254349,0.252272,0.176104,0.460675,0.642233,0.598746,0.232816
0.700781,0.625047,0.277469,0.364888,0.573272,0.630456,0.096184,0.828795,0.475339,0.429684,0.508127,0.617346,0.521453,0.672550,0.831060,0.683047
0.697490,0.601540,0.510093,0.546543,0.311625,0.488082,0.299503,0.561301,0.732723,0.529851,0.519460,0.527158,0.346951,0.658545,0.443706,0.533208
0.270782,0.341589,0.633220,0.232970,0.745592,0.188628,0.639248,0.656455,0.185298,0.233099,0.204374,0.919765,0.476541,0.516122,0.307999,0.369161
0.711345,0.641045,0.619486,0.588316,0.275742,0.656570,0.280922,0.461961,0.672580,0.631127,0.505411,0.501644,0.373412,0.690284,0.345390,0.527133
0.135979,0.296898,0.753745,0.199103,0.604989,0.458774,0.459266,0.459525,0.151321,0.760814,0.683610,0.604843,0.283592,0.642467,0.442750,0.638881
0.280385,0.664802,0.388327,0.465380,0.183165,0.115418,0.185262,0.646346,0.116177,0.790746,0.825046,0.756802,0.689250,0.601160,0.653159,0.496367
0.444954,0.271027,0.878617,0.688841,0.802303,0.167751,0.459209,0.439955,0.609508,0.691510,0.129069,0.611213,0.201245,0.571728,0.667780,0.185068
0.497111,0.281628,0.148740,0.257367,0.395954,0.773601,0.586650,0.784765,0.446732,0.457321,0.455116,0.226417,0.569523,0.179761,0.496488,0.243087
0.785954,0.229031,0.629274,0.391366,0.462439,0.549098,0.207827,0.493801,0.679499,0.360623,0.695592,0.585615,0.519859,0.490897,0.122335,0.495703
0.135355,0.221076,0.765001,0.507614,0.400557,0.104645,0.204862,0.431517,0.672947,0.095922,0.198150,0.413000,0.630228,0.660256,0.473212,0.438596
0.863750,0.422166,0.428956,0.607135,0.219067,0.126510,0.575942,0.445760,0.214317,0.411625,0.479986,0.710817,0.226539,0.484952,0.529146,0.730230
0.603521,0.390680,0.233076,0.283851,0.329281,0.713912,0.591574,0.665568,0.578591,0.586016,0.586823,0.269049,0.599644,0.182780,0.611711,0.186600
0.785720,0.612472,0.528750,0.637078,0.250773,0.595676,0.424041,0.533316,0.789242,0.563460,0.483136,0.432871,0.370933,0.638463,0.265119,0.635289
0.462768,0.220552,0.597740,0.266196,0.753595,0.274407,0.634125,0.643464,0.178439,0.286612,0.264947,0.842992,0.367888,0.396242,0.211703,0.575755
0.260642,0.486148,0.286191,0.353201,0.127499,0.340072,0.634283,0.536220,0.135878,0.164344,0.133299,0.340391,0.313441,0.576058,0.705591,0.128348
0.117701,0.352806,0.803863,0.442789,0.392059,0.205254,0.083407,0.349371,0.543612,0.148557,0.148968,0.557609,0.616772,0.505852,0.579523,0.490480
0.667170,0.606870,0.187945,0.418645,0.604184,0.755419,0.204190,0.787411,0.550447,0.515478,0.598232,0.668566,0.409905,0.490215,0.804384,0.877284
0.455325,0.157801,0.306124,0.759179,0.312897,0.358222,0.667064,0.253136,0.588952,0.727009,0.492778,0.472954,0.181417,0.353645,0.043926,0.611480
0.631105,0.634578,0.569304,0.548832,0.314786,0.718917,0.336861,0.303956,0.677100,0.618563,0.553986,0.543390,0.383510,0.676547,0.406939,0.624223
0.459653,0.324179,0.233028,0.827015,0.140767,0.679241,0.119786,0.636562,0.279039,0.212168,0.591571,0.823044,0.773120,0.776226,0.717166,0.597576
0.410420,0.560619,0.186026,0.432846,0.615588,0.772449,0.793944,0.793742,0.690347,0.623434,0.613869,0.435499,0.612129,0.188614,0.424390,0.729830
0.513916,0.499560,0.283084,0.510837,0.738206,0.783987,0.703139,0.727769,0.495972,0.737788,0.679891,0.358846,0.518822,0.129335,0.476526,0.607722
0.490998,0.573480,0.598083,0.779305,0.085460,0.616343,0.303924,0.367547,0.208924,0.347089,0.785043,0.778655,0.394964,0.478368,0.328210,0.584583
0.521641,0.426851,0.118150,0.435621,0.468318,0.714471,0.701754,0.656885,0.602095,0.731816,0.659697,0.495101,0.417346,0.047818,0.498219,0.840005
0.426713,0.295278,0.886993,0.534937,0.699121,0.227147,0.410294,0.376648,0.631978,0.656658,0.083010,0.581544,0.293029,0.647440,0.696128,0.180814
0.246068,0.353964,0.364367,0.709223,0.649981,0.338251,0.686210,0.236345,0.620093,0.719002,0.436579,0.635022,0.266062,0.247039,0.195351,0.684529
0.315232,0.586859,0.315288,0.668833,0.150612,0.050621,0.140160,0.470758,0.109207,0.650962,0.859503,0.705788,0.531040,0.490998,0.728546,0.642053
0.390913,0.354197,0.149164,0.790396,0.149331,0.800520,0.194018,0.708205,0.201302,0.212233,0.462555,0.798781,0.713982,0.731021,0.620954,0.502748
0.122655,0.260553,0.654834,0.583429,0.597080,0.184490,0.064443,0.404767,0.634465,0.197813,0.224619,0.339651,0.618743,0.601629,0.399804,0.533041
0.175207,0.763197,0.381282,0.552375,0.149465,0.259788,0.092833,0.546768,0.221428,0.762368,0.866625,0.561903,0.694670,0.575093,0.811907,0.457059
0.356756,0.202440,0.760744,0.605047,0.688567,0.302024,0.471742,0.321260,0.626243,0.649547,0.263410,0.581125,0.423228,0.688352,0.605420,0.334252
0.599602,0.563028,0.195848,0.479799,0.676536,0.666384,0.832554,0.629523,0.518326,0.679408,0.566417,0.475130,0.528243,0.165286,0.504010,0.617130
0.201197,0.375594,0.725279,0.414750,0.492048,0.124712,0.219503,0.366196,0.589335,0.063167,0.282168,0.471967,0.637126,0.592788,0.364042,0.438714
0.545166,0.343855,0.095268,0.190671,0.453705,0.828231,0.519739,0.811012,0.464143,0.687488,0.439178,0.346979,0.559690,0.244703,0.551807,0.074185
0.469526,0.356602,0.191767,0.693527,0.317084,0.797897,0.175785,0.662703,0.297303,0.162091,0.592344,0.746216,0.641729,0.754874,0.590262,0.743193
