0.136033,0.633005,0.374737,0.390546,0.672310,0.219126,0.322513,0.779403,0.256649,0.666106,0.601783,0.746366,0.806555,0.731190,0.610478,0.703340
0.655828,0.525973,0.265128,0.591258,0.654428,0.249348,0.146257,0.442433,0.808738,0.304744,0.266725,0.578921,0.597948,0.402726,0.455380,0.129688
0.413785,0.438367,0.647799,0.713349,0.489564,0.474280,0.547102,0.707230,0.688573,0.269031,0.652436,0.192007,0.495632,0.156892,0.694815,0.346745
0.792419,0.826551,0.701439,0.763925,0.588537,0.500295,0.414266,0.614775,0.292383,0.288186,0.673753,0.201833,0.508823,0.296436,0.575446,0.818371
0.609599,0.660699,0.454250,0.467420,0.379547,0.385362,0.742542,0.135316,0.217627,0.307446,0.487611,0.520906,0.382088,0.829901,0.347223,0.294158
0.667260,0.398944,0.543806,0.614916,0.852579,0.201600,0.343347,0.825585,0.701381,0.783470,0.369608,0.235322,0.674291,0.444292,0.228504,0.302753
0.535176,0.599486,0.210557,0.384307,0.092651,0.204667,0.324092,0.288004,0.613076,0.177893,0.382723,0.858072,0.513209,0.576194,0.790394,0.239772
0.818525,0.729951,0.550365,0.775274,0.505946,0.452578,0.478273,0.529127,0.300052,0.235671,0.713404,0.266293,0.572879,0.332403,0.380359,0.958417
0.414969,0.614737,0.490309,0.626283,0.393110,0.459950,0.668361,0.632293,0.705607,0.391069,0.560550,0.229804,0.536004,0.196414,0.741824,0.372204
0.382470,0.530073,0.563133,0.653972,0.532891,0.582314,0.577672,0.669203,0.669828,0.275885,0.613426,0.203854,0.507148,0.186332,0.692010,0.284790
0.467745,0.388146,0.607624,0.597339,0.431893,0.227610,0.495684,0.701295,0.229660,0.491603,0.533304,0.589346,0.225485,0.352254,0.229896,0.840104
0.403172,0.270244,0.424576,0.592014,0.315563,0.475647,0.716840,0.698886,0.617087,0.755646,0.689495,0.406672,0.262649,0.099981,0.267552,0.542366
0.395059,0.674954,0.180592,0.358362,0.137357,0.182940,0.247419,0.308156,0.540666,0.237162,0.214342,0.809818,0.558869,0.476390,0.811624,0.064425
0.412520,0.547685,0.274940,0.558078,0.226068,0.217238,0.198294,0.278092,0.631604,0.278286,0.128767,0.787205,0.533849,0.554962,0.781678,0.334514
0.462279,0.644167,0.513345,0.399926,0.582869,0.577128,0.633098,0.726862,0.676216,0.365134,0.586428,0.033065,0.444400,0.210069,0.691531,0.342046
0.324587,0.532169,0.421683,0.351239,0.498118,0.214834,0.581374,0.326483,0.541735,0.274424,0.609621,0.152237,0.693572,0.286594,0.759445,0.279017
0.500258,0.388335,0.404683,0.260371,0.447001,0.645837,0.707808,0.105285,0.521966,0.823834,0.314414,0.695169,0.393114,0.064828,0.701279,0.232712
0.499980,0.509912,0.517842,0.586658,0.384579,0.194033,0.529331,0.739430,0.294823,0.547981,0.470799,0.548855,0.244231,0.312265,0.241396,0.725197
0.065261,0.690438,0.398673,0.413126,0.605902,0.229573,0.215249,0.798611,0.259914,0.648349,0.506445,0.669496,0.852328,0.705077,0.826712,0.733765
0.788784,0.708797,0.195178,0.576479,0.464798,0.618932,0.122223,0.596655,0.453895,0.484033,0.555984,0.384305,0.311265,0.198365,0.477541,0.567935
0.384847,0.205296,0.701836,0.296852,0.673973,0.774421,0.249752,0.383203,0.530260,0.509002,0.378300,0.219660,0.690048,0.517042,0.315057,0.400212
0.808264,0.689882,0.177558,0.426600,0.333089,0.656507,0.036018,0.537731,0.464574,0.703330,0.598756,0.319328,0.411196,0.355892,0.518651,0.516516
0.390119,0.309947,0.366818,0.551718,0.890884,0.143636,0.453236,0.777680,0.828213,0.744232,0.256925,0.190780,0.563067,0.441274,0.122471,0.362991
0.774455,0.741255,0.158929,0.261034,0.318292,0.432290,0.275539,0.509742,0.439577,0.794782,0.383654,0.440818,0.520495,0.589866,0.514792,0.619334
0.218007,0.510255,0.427345,0.269104,0.625258,0.134629,0.209120,0.705110,0.253571,0.807931,0.579010,0.720158,0.878417,0.644109,0.755472,0.656188
0.884019,0.810331,0.647645,0.753676,0.673958,0.472287,0.430522,0.512771,0.301877,0.339778,0.740478,0.345369,0.558090,0.352516,0.332006,0.862838
0.755101,0.620394,0.530398,0.608349,0.404819,0.307667,0.777688,0.188323,0.150376,0.356257,0.532113,0.593910,0.143072,0.705265,0.338626,0.332451
0.439523,0.332843,0.468268,0.310405,0.386070,0.715317,0.720413,0.260086,0.297726,0.826569,0.321173,0.770935,0.370658,0.172519,0.813474,0.338207
0.410846,0.455587,0.489005,0.116720,0.323862,0.626643,0.688616,0.121217,0.264027,0.832878,0.346230,0.643271,0.430581,0.120439,0.695396,0.382085
0.362661,0.439483,0.352560,0.398869,0.416419,0.238211,0.547838,0.447595,0.488901,0.309239,0.699022,0.226462,0.738658,0.256652,0.666263,0.317944
0.339042,0.515847,0.543094,0.673905,0.654650,0.509741,0.694226,0.708556,0.603551,0.247743,0.597436,0.121611,0.317487,0.237592,0.765865,0.319560
0.516587,0.759325,0.085573,0.340728,0.225095,0.210147,0.313382,0.289766,0.652662,0.251292,0.332718,0.700995,0.371265,0.495216,0.858923,0.235557
0.753535,0.510718,0.343594,0.611181,0.488418,0.346546,0.144504,0.324446,0.965140,0.354037,0.284814,0.472752,0.625321,0.545854,0.383977,0.099697
0.629356,0.397812,0.497150,0.685927,0.868805,0.159625,0.430048,0.785256,0.595424,0.690771,0.274183,0.215281,0.713699,0.423001,0.164179,0.420728
0.393952,0.517353,0.552896,0.534798,0.485913,0.474503,0.798878,0.641896,0.714979,0.341472,0.643796,0.303937,0.547836,0.071307,0.700844,0.357308
0.320623,0.490312,0.728000,0.556517,0.315750,0.491688,0.385463,0.371823,0.365501,0.599687,0.743691,0.397472,0.467798,0.600758,0.487554,0.756686
0.168346,0.692460,0.411175,0.217132,0.709000,0.287626,0.298483,0.752115,0.342524,0.744995,0.621739,0.774887,0.756427,0.652702,0.704297,0.656695
0.253141,0.210954,0.717859,0.533308,0.664107,0.812398,0.151906,0.401631,0.490035,0.498941,0.188366,0.084193,0.680137,0.753556,0.511258,0.392926
0.239121,0.176743,0.667422,0.556332,0.765785,0.820454,0.151630,0.449056,0.516843,0.514742,0.364102,0.253842,0.691350,0.551986,0.455675,0.340700
0.803989,0.531067,0.234110,0.707929,0.583804,0.218377,0.162017,0.521130,0.826289,0.258815,0.312231,0.503563,0.698452,0.413410,0.356177,0.242847
0.927324,0.706269,0.680531,0.801958,0.614070,0.522489,0.351036,0.675783,0.248461,0.135530,0.821831,0.254132,0.501771,0.261026,0.432944,0.620645
0.614146,0.617639,0.087714,0.362707,0.268525,0.349354,0.399560,0.560789,0.350118,0.866126,0.235225,0.480558,0.512723,0.499871,0.593669,0.528619
0.328789,0.241648,0.466924,0.540930,0.368752,0.643478,0.693925,0.723174,0.507007,0.601787,0.730412,0.346875,0.292184,0.218690,0.332549,0.488347
0.331322,0.586596,0.744487,0.663827,0.329689,0.470263,0.503971,0.419849,0.341033,0.529885,0.766113,0.340660,0.553486,0.461646,0.514459,0.928550
0.599414,0.446907,0.359346,0.737508,0.821686,0.137135,0.340333,0.681764,0.752307,0.609951,0.355893,0.244841,0.610472,0.483581,0.239720,0.331198
0.419536,0.347379,0.607427,0.299060,0.490439,0.670414,0.766978,0.191710,0.252717,0.702938,0.270360,0.618046,0.539627,0.225313,0.775967,0.403095
0.650713,0.596098,0.520386,0.594582,0.485625,0.274478,0.823205,0.035895,0.182806,0.449417,0.498497,0.543204,0.486138,0.807212,0.441114,0.294714
0.464246,0.302978,0.536795,0.345538,0.427933,0.745848,0.673345,0.229561,0.295164,0.798225,0.223259,0.758110,0.337840,0.264389,0.586889,0.473667
0.713615,0.451318,0.324658,0.703703,0.586904,0.220254,0.175600,0.469001,0.963839,0.249874,0.166380,0.557327,0.656744,0.341101,0.366405,0.283928
0.742556,0.416443,0.288064,0.692398,0.623716,0.309232,0.179571,0.394187,0.822150,0.184466,0.215977,0.534696,0.650996,0.402029,0.340564,0.115953
0.308974,0.452874,0.330000,0.400530,0.403031,0.294576,0.380094,0.335494,0.455252,0.290089,0.583692,0.242338,0.685693,0.243201,0.777255,0.236708
0.312116,0.238300,0.392404,0.664655,0.235008,0.502651,0.743349,0.675378,0.581951,0.686660,0.849079,0.256026,0.206905,0.199980,0.349783,0.584303
0.569541,0.780728,0.249469,0.264050,0.375377,0.370234,0.401357,0.427725,0.383890,1.000000,0.216536,0.380131,0.548481,0.680809,0.567956,0.494877
0.460607,0.303119,0.503715,0.292089,0.785430,0.326446,0.261193,0.573271,0.591382,0.294538,0.185240,0.565788,0.589790,0.349398,0.769246,0.863363
0.374672,0.213185,0.554349,0.241548,0.747928,0.194944,0.336656,0.608585,0.551813,0.233046,0.297827,0.507224,0.578800,0.354441,0.718166,0.803447
0.786145,0.579305,0.377321,0.562817,0.605161,0.242287,0.189522,0.413093,0.787374,0.153247,0.290597,0.533358,0.635444,0.413755,0.316870,0.274095
0.782671,0.373506,0.374293,0.601170,0.829185,0.170320,0.277951,0.699151,0.669680,0.801553,0.350239,0.115598,0.766979,0.407089,0.158143,0.217222
0.306024,0.220014,0.661012,0.535791,0.685500,0.931530,0.206000,0.414058,0.557748,0.433341,0.317215,0.166435,0.640115,0.571924,0.484445,0.347582
0.367471,0.464379,0.537746,0.587308,0.566858,0.569763,0.749532,0.550515,0.691233,0.353498,0.537799,0.328266,0.506208,0.200694,0.509883,0.419300
0.223396,0.656605,0.322036,0.370857,0.629076,0.135300,0.236657,0.819380,0.348145,0.670699,0.485350,0.694373,0.866449,0.656771,0.757468,0.828379
0.392784,0.349075,0.544781,0.538157,0.196880,0.702968,0.756246,0.695147,0.671343,0.713427,0.783589,0.334845,0.175282,0.175484,0.409934,0.433197
0.585250,0.679917,0.400941,0.661345,0.324047,0.268749,0.764384,0.230415,0.206769,0.381690,0.587617,0.538384,0.390186,0.843668,0.568471,0.319204
0.757790,0.607397,0.140220,0.377890,0.307032,0.692652,0.232431,0.526746,0.506697,0.676267,0.468765,0.341602,0.378882,0.383228,0.550672,0.525953
0.782681,0.612447,0.227495,0.447273,0.289477,0.648371,0.158309,0.369933,0.419144,0.607048,0.567049,0.258943,0.385026,0.224858,0.593591,0.680272
0.441788,0.226121,0.495848,0.185830,0.446966,0.577856,0.720386,0.211015,0.161840,0.863989,0.369439,0.839344,0.392613,0.179600,0.735972,0.412235
0.882485,0.707722,0.190017,0.379653,0.412780,0.594310,0.145098,0.414958,0.351651,0.794311,0.534013,0.414314,0.387933,0.220605,0.508073,0.598598
0.525313,0.626926,0.191818,0.343143,0.082977,0.112391,0.239918,0.316236,0.661652,0.233327,0.243599,0.807085,0.350827,0.463515,0.724228,0.204582
0.568662,0.689061,0.576839,0.521729,0.370395,0.318963,0.838169,0.262644,0.249262,0.203590,0.535761,0.570447,0.345218,0.747120,0.329662,0.303401
0.322775,0.146816,0.399988,0.206006,0.685214,0.174783,0.246267,0.659360,0.596655,0.196775,0.176892,0.553632,0.675491,0.418979,0.734510,0.785587
0.715500,0.676996,0.411467,0.594163,0.450013,0.381116,0.662286,0.235442,0.136299,0.351430,0.539778,0.424585,0.390643,0.736154,0.620179,0.229077
0.188454,0.195522,0.685427,0.549480,0.647459,0.810482,0.315480,0.359158,0.507565,0.572399,0.388461,0.255584,0.540006,0.570702,0.506321,0.327692
0.537040,0.428537,0.531854,0.459585,0.490608,0.240439,0.446648,0.731525,0.287371,0.348805,0.526053,0.615621,0.200792,0.306792,0.372207,0.721315
0.057448,0.632713,0.468968,0.356482,0.642533,0.255912,0.302302,0.840400,0.248437,0.727242,0.777294,0.731437,0.842182,0.696040,0.730675,0.749820
0.592706,0.476126,0.505409,0.538479,0.448467,0.105859,0.451089,0.779968,0.389471,0.637344,0.509329,0.659292,0.306585,0.269741,0.304219,0.759264
0.319533,0.181454,0.576383,0.085906,0.682979,0.250294,0.323725,0.598697,0.565141,0.229125,0.095673,0.597398,0.484269,0.284826,0.632457,0.796644
0.226462,0.218172,0.470645,0.165546,0.719185,0.224050,0.262304,0.544118,0.517852,0.242153,0.355774,0.505174,0.533325,0.323918,0.639021,0.764024
0.833966,0.819529,0.546002,0.759147,0.742911,0.523250,0.370555,0.618054,0.314697,0.265551,0.686729,0.155809,0.627746,0.390096,0.460848,0.829667
0.734523,0.541613,0.188315,0.562733,0.548045,0.190653,0.034118,0.223530,0.827262,0.129857,0.314590,0.547522,0.735826,0.398033,0.336735,0.226704
0.759477,0.646166,0.560855,0.722557,0.672747,0.484644,0.488736,0.598508,0.339032,0.162394,0.784022,0.146611,0.586209,0.227050,0.537107,0.788962
0.804382,0.761929,0.571389,0.769400,0.665144,0.538193,0.461713,0.554930,0.170242,0.088912,0.642070,0.214279,0.601957,0.403246,0.400565,0.814454
0.239242,0.312247,0.690399,0.480893,0.624779,0.752811,0.340292,0.327106,0.562764,0.494681,0.367050,0.250807,0.680744,0.507099,0.432866,0.363018
0.279294,0.237539,0.564110,0.480656,0.607984,0.706047,0.303547,0.362762,0.494365,0.412874,0.263559,0.269534,0.763287,0.637958,0.574599,0.215377
0.648644,0.577266,0.411625,0.690047,0.451215,0.411865,0.683242,0.227264,0.169910,0.420339,0.612940,0.534709,0.363366,0.883647,0.383605,0.150191
0.400717,0.446081,0.471489,0.457104,0.438734,0.336959,0.533478,0.301653,0.376340,0.302028,0.730901,0.272647,0.837829,0.380606,0.757667,0.237788
0.772451,0.764325,0.619207,0.804568,0.762526,0.480971,0.493053,0.580635,0.310754,0.213475,0.738846,0.207217,0.629202,0.281718,0.379989,0.791021
0.301308,0.522749,0.507701,0.664365,0.466742,0.480086,0.682051,0.928679,0.707062,0.325015,0.499586,0.218666,0.481712,0.254668,0.694820,0.284684
0.670320,0.642888,0.207285,0.254015,0.253054,0.541106,0.369125,0.687827,0.279276,0.532583,0.345250,0.297635,0.563143,0.658937,0.643538,0.408068
0.225835,0.579233,0.750237,0.716728,0.404544,0.458917,0.431239,0.384208,0.419620,0.539423,0.904533,0.402836,0.584268,0.502876,0.391493,0.681617
0.256214,0.392698,0.360262,0.495109,0.160866,0.490430,0.844318,0.659932,0.725339,0.680916,0.720552,0.504442,0.262756,0.311977,0.188692,0.383125
0.784253,0.395052,0.547617,0.641331,0.929360,0.122654,0.441967,0.735242,0.695625,0.641554,0.245813,0.196111,0.716597,0.373709,0.236757,0.338397
0.558036,0.593611,0.139932,0.394616,0.249618,0.449604,0.410373,0.508101,0.219150,0.803736,0.273210,0.454235,0.420178,0.702807,0.662161,0.450937
0.264270,0.259328,0.530762,0.636510,0.196950,0.653240,0.659467,0.617059,0.670312,0.684744,0.818508,0.367499,0.276026,0.210996,0.321217,0.469103
0.154593,0.630951,0.388031,0.374296,0.734695,0.234461,0.293376,0.760556,0.277895,0.711309,0.590236,0.868932,0.873638,0.726713,0.750134,0.848158
0.478285,0.341080,0.565676,0.589524,0.414434,0.213801,0.313418,0.608622,0.445515,0.410265,0.521983,0.820537,0.275613,0.389313,0.304896,0.654300
0.572255,0.360320,0.479600,0.641310,0.430943,0.268718,0.420037,0.640976,0.380595,0.548177,0.588272,0.590458,0.215683,0.240690,0.337861,0.738153
0.305315,0.306066,0.695685,0.529810,0.677086,0.747585,0.301270,0.418167,0.486939,0.470740,0.335277,0.235393,0.690019,0.725469,0.342888,0.308981
0.235297,0.229343,0.379617,0.190654,0.730500,0.235117,0.301199,0.642885,0.539416,0.260361,0.160853,0.568887,0.528888,0.417421,0.637890,0.852235
0.451770,0.656499,0.150987,0.293782,0.129844,0.246151,0.328063,0.342414,0.594089,0.164910,0.168746,0.688304,0.429564,0.630948,0.884945,0.182936
0.530036,0.505983,0.245053,0.420831,0.083302,0.131054,0.233619,0.271952,0.497183,0.272527,0.204744,0.732748,0.434365,0.547261,0.778729,0.127978
0.557571,0.693411,0.100251,0.196132,0.482846,0.518791,0.493658,0.477366,0.226667,0.872462,0.234158,0.347874,0.426568,0.517100,0.673542,0.577076
0.397170,0.259024,0.604730,0.499655,0.785740,0.790331,0.291052,0.394209,0.422710,0.434259,0.345949,0.279310,0.776151,0.617995,0.371893,0.291796
0.205393,0.614428,0.763258,0.651382,0.269754,0.347706,0.481694,0.455125,0.303464,0.603668,0.677746,0.405649,0.501723,0.341755,0.376666,0.788329
0.255217,0.192688,0.807759,0.547244,0.521982,0.683197,0.349642,0.329994,0.615603,0.577065,0.356225,0.208821,0.625917,0.566057,0.385289,0.212945
0.455261,0.544317,0.187349,0.292909,0.172859,0.105004,0.203685,0.226735,0.611838,0.342123,0.191134,0.692214,0.479921,0.490605,0.667081,0.251642
0.251369,0.578691,0.259497,0.469176,0.624537,0.189487,0.273140,0.919597,0.287867,0.675308,0.584338,0.739098,0.792810,0.667726,0.877050,0.783057
0.742617,0.514900,0.218763,0.607472,0.718172,0.144316,0.044569,0.469938,0.880242,0.333686,0.248337,0.574474,0.703590,0.412611,0.373909,0.304969
0.597644,0.574946,0.546964,0.663248,0.428335,0.335973,0.643163,0.095575,0.151161,0.334120,0.536357,0.509174,0.425019,0.713433,0.505515,0.293997
0.506103,0.762415,0.095869,0.415075,0.143574,0.280767,0.345665,0.266055,0.671656,0.361503,0.218092,0.719965,0.486381,0.479963,0.875625,0.170241
0.680700,0.619640,0.070038,0.308070,0.312759,0.527143,0.431613,0.617090,0.467561,0.770863,0.182230,0.401579,0.460734,0.606722,0.610801,0.433953
0.471630,0.396035,0.591805,0.572717,0.445127,0.223253,0.393645,0.717155,0.300550,0.480290,0.522555,0.579106,0.189843,0.405417,0.227240,0.863965
0.819852,0.744748,0.662626,0.780461,0.583780,0.287565,0.283651,0.645417,0.258146,0.151229,0.707128,0.257841,0.553448,0.365630,0.466805,0.797942
0.353251,0.477363,0.640614,0.657992,0.360422,0.405555,0.466738,0.326040,0.276127,0.598145,0.856858,0.258659,0.420757,0.436469,0.568669,0.730283
0.197679,0.682358,0.453511,0.421104,0.638945,0.356431,0.323009,0.742497,0.199203,0.608364,0.653721,0.783697,0.862555,0.709359,0.645921,0.774088
0.680174,0.659727,0.139391,0.291293,0.305513,0.558461,0.336099,0.599563,0.360443,0.710572,0.249888,0.345614,0.469511,0.618173,0.603559,0.479236
0.230278,0.267303,0.402700,0.250250,0.706296,0.216587,0.303261,0.599308,0.456843,0.195990,0.199100,0.611417,0.512671,0.197156,0.771116,0.750553
0.908426,0.817791,0.171140,0.402379,0.400928,0.614116,0.162184,0.460515,0.450858,0.707489,0.551576,0.314827,0.381618,0.281171,0.394472,0.607138
0.256733,0.207812,0.455611,0.553619,0.200571,0.539411,0.663001,0.619702,0.695273,0.709637,0.713407,0.323746,0.143118,0.138281,0.329343,0.540033
0.161623,0.359526,0.401295,0.646385,0.216147,0.499278,0.843573,0.639965,0.669242,0.702710,0.742886,0.326876,0.366783,0.279634,0.271758,0.504716
0.278625,0.391464,0.246626,0.403922,0.418015,0.233519,0.463825,0.391646,0.538471,0.263551,0.581916,0.244996,0.786887,0.214831,0.694249,0.303082
0.297885,0.575698,0.704031,0.740356,0.310518,0.391357,0.363369,0.350561,0.398350,0.600382,0.697361,0.334235,0.570742,0.547507,0.378676,0.669434
0.653720,0.647516,0.462220,0.584341,0.439942,0.337358,0.647362,0.266317,0.178676,0.349936,0.580646,0.514908,0.416708,0.809313,0.431423,0.448954
0.470418,0.371704,0.311249,0.168322,0.315466,0.747749,0.745898,0.333033,0.283499,0.767344,0.330896,0.713082,0.422255,0.229511,0.578902,0.329915
0.751173,0.759434,0.203847,0.263377,0.269836,0.722218,0.180242,0.537220,0.427552,0.772993,0.669378,0.468740,0.408991,0.188987,0.552094,0.540119
0.315336,0.537437,0.460350,0.584903,0.558422,0.502490,0.730398,0.738775,0.788898,0.341243,0.514749,0.213865,0.497802,0.170400,0.698479,0.300044
0.323592,0.296379,0.390278,0.269801,0.399935,0.647733,0.771457,0.093355,0.323888,0.711657,0.389936,0.593508,0.374456,0.110724,0.770299,0.339980
0.368846,0.416867,0.520906,0.575545,0.229914,0.427289,0.768993,0.642203,0.646416,0.602121,0.752115,0.387536,0.209662,0.249579,0.344528,0.376856
0.564891,0.617250,0.395980,0.533632,0.470575,0.366372,0.747376,0.199218,0.250974,0.369524,0.555884,0.387050,0.398466,0.861209,0.526265,0.137184
0.224150,0.197982,0.489213,0.278455,0.738812,0.206076,0.260468,0.738270,0.369557,0.332642,0.155285,0.615751,0.483969,0.385463,0.595828,0.769702
0.172510,0.612794,0.688744,0.601895,0.288464,0.444330,0.389738,0.379237,0.407450,0.553965,0.711396,0.204294,0.528282,0.453681,0.509193,0.846325
0.321031,0.296558,0.732991,0.450494,0.585009,0.812860,0.324260,0.449138,0.479662,0.529801,0.271236,0.179706,0.742911,0.679411,0.370334,0.335182
0.279651,0.556262,0.731738,0.753132,0.310357,0.326295,0.484926,0.446014,0.401087,0.583037,0.708671,0.416737,0.602035,0.447764,0.522271,0.631148
0.103323,0.626665,0.456582,0.462331,0.688700,0.228967,0.258048,0.822495,0.202563,0.672626,0.434050,0.806166,0.784263,0.688415,0.702556,0.801134
0.633504,0.639740,0.255073,0.554164,0.354814,0.669839,0.263543,0.541889,0.329623,0.791966,0.475547,0.404057,0.481829,0.287471,0.575135,0.543580
0.196759,0.149720,0.657609,0.569411,0.668299,0.769646,0.163187,0.336484,0.522531,0.454238,0.327180,0.306387,0.694091,0.451442,0.399280,0.282516
0.204679,0.220408,0.682312,0.471726,0.615176,0.775352,0.204087,0.343077,0.515788,0.492830,0.346971,0.256444,0.843188,0.758143,0.422348,0.338522
0.313357,0.212757,0.707613,0.473683,0.645403,0.805128,0.231116,0.371773,0.442486,0.424729,0.309587,0.242816,0.758190,0.532351,0.417402,0.304574
0.314075,0.344703,0.436747,0.342800,0.447891,0.317792,0.556733,0.252235,0.322216,0.295837,0.587864,0.178951,0.684654,0.305716,0.633297,0.239316
0.730971,0.669448,0.427671,0.587601,0.391442,0.304046,0.720195,0.228328,0.062995,0.379030,0.632801,0.476427,0.417374,0.834985,0.353366,0.291514
0.744902,0.638602,0.247540,0.387375,0.312993,0.499479,0.417037,0.456986,0.413154,0.728064,0.155849,0.480310,0.589437,0.583905,0.740139,0.441298
0.526414,0.298292,0.522748,0.581385,0.408106,0.248247,0.441609,0.811690,0.309059,0.483301,0.549500,0.648937,0.159511,0.310112,0.365280,0.910946
0.248231,0.370788,0.503860,0.621504,0.218610,0.485126,0.881089,0.793375,0.557657,0.690161,0.802223,0.310252,0.293307,0.295565,0.218174,0.509616
0.303446,0.310101,0.515698,0.222397,0.753694,0.291162,0.360021,0.636065,0.441180,0.222330,0.142025,0.525045,0.733680,0.346451,0.657311,0.751925
0.683074,0.513775,0.512229,0.530718,0.801555,0.104621,0.425821,0.797269,0.726720,0.602650,0.310802,0.243310,0.814118,0.388582,0.159127,0.263787
0.872992,0.509917,0.311991,0.551360,0.525359,0.188819,0.172269,0.421237,0.753490,0.322250,0.237754,0.554095,0.704995,0.348057,0.437974,0.174958
0.397696,0.305425,0.526357,0.565978,0.464212,0.264733,0.475449,0.767809,0.326097,0.493195,0.613313,0.637028,0.309934,0.341364,0.379246,0.566146
0.335738,0.364746,0.398946,0.505523,0.217989,0.497717,0.679136,0.634715,0.671111,0.664543,0.822970,0.372483,0.242801,0.278968,0.348860,0.555629
0.623407,0.435485,0.414567,0.642816,0.905632,0.171850,0.315981,0.856506,0.776688,0.843015,0.238145,0.136221,0.789267,0.333908,0.133960,0.343997
0.783159,0.774116,0.748001,0.820311,0.562889,0.345952,0.456657,0.606234,0.231788,0.079388,0.672723,0.205585,0.508751,0.326104,0.486308,0.753484
0.126777,0.625453,0.402349,0.388760,0.570470,0.274143,0.222945,0.788752,0.245976,0.698719,0.507894,0.858340,0.876841,0.693527,0.689683,0.808420
0.757711,0.558484,0.120278,0.249173,0.366055,0.477496,0.283982,0.488700,0.430418,0.751040,0.175482,0.489199,0.518508,0.681158,0.623710,0.450089
0.749563,0.483114,0.264800,0.568723,0.696903,0.181646,0.211738,0.446234,0.773992,0.022259,0.163666,0.454059,0.685378,0.388780,0.311708,0.194054
0.267070,0.511650,0.315257,0.442502,0.347445,0.259491,0.598687,0.344958,0.479985,0.307805,0.625367,0.244311,0.682062,0.216882,0.677814,0.134894
0.647721,0.506414,0.121133,0.725955,0.620700,0.210072,0.152138,0.397854,0.769883,0.156243,0.208897,0.537410,0.691688,0.341029,0.240341,0.268207
0.198249,0.263358,0.662129,0.472138,0.540830,0.650452,0.164309,0.374348,0.539411,0.548804,0.339109,0.165392,0.587824,0.673243,0.451234,0.374977
0.339971,0.167143,0.484748,0.201575,0.725648,0.091847,0.258349,0.618107,0.565684,0.191579,0.196421,0.542907,0.624144,0.386121,0.765142,0.863640
0.290129,0.374352,0.517702,0.509884,0.545316,0.553883,0.535083,0.631851,0.724772,0.306483,0.573663,0.173440,0.564745,0.032395,0.613676,0.400774
0.281994,0.300556,0.376604,0.661538,0.217350,0.555518,0.765340,0.716748,0.579037,0.710466,0.751700,0.344349,0.318435,0.218773,0.269301,0.480243
0.342315,0.430012,0.376937,0.421319,0.498720,0.215806,0.622626,0.368222,0.502750,0.419157,0.606642,0.109276,0.768502,0.266586,0.802863,0.240528
0.286516,0.403117,0.444188,0.379631,0.391251,0.112204,0.499700,0.261417,0.458882,0.273827,0.498020,0.213811,0.751723,0.307578,0.796323,0.261988
0.894484,0.725366,0.629617,0.700427,0.577948,0.398975,0.403057,0.497928,0.152818,0.181252,0.773726,0.244843,0.556946,0.400195,0.357805,0.894655
0.840969,0.725368,0.644942,0.764120,0.601606,0.498016,0.480769,0.695248,0.200000,0.206090,0.681328,0.199815,0.479511,0.277679,0.336893,0.786549
0.507796,0.686309,0.185490,0.321251,0.161082,0.354482,0.392306,0.155383,0.600684,0.340358,0.156611,0.639127,0.467518,0.431412,0.816397,0.216634
0.786249,0.742205,0.220687,0.402445,0.366226,0.675594,0.288083,0.382857,0.442468,0.697813,0.666416,0.378805,0.490166,0.394120,0.567699,0.590823
0.316080,0.484448,0.723178,0.709231,0.297298,0.349576,0.488629,0.465561,0.402061,0.649937,0.731797,0.401357,0.489716,0.463193,0.543544,0.714639
0.488875,0.676634,0.129120,0.386355,0.233311,0.331351,0.211792,0.188259,0.669159,0.261942,0.174019,0.696392,0.385258,0.454450,0.721077,0.265844
0.545377,0.329140,0.436489,0.226935,0.365109,0.638658,0.907745,0.172034,0.341850,0.713783,0.257500,0.726725,0.328112,0.157570,0.643996,0.343771
0.606008,0.302431,0.537320,0.670258,0.383260,0.129101,0.280788,0.629557,0.253416,0.566840,0.533627,0.687892,0.260874,0.402351,0.388246,0.836244
0.814473,0.726683,0.101832,0.432776,0.373458,0.726528,0.194415,0.538457,0.361323,0.643862,0.488015,0.427134,0.370368,0.240466,0.470563,0.452787
0.491472,0.761742,0.123477,0.235763,0.290404,0.496370,0.484816,0.594516,0.274948,0.877240,0.314241,0.383127,0.508690,0.714240,0.636415,0.671741
0.283786,0.421367,0.414136,0.481521,0.222388,0.587848,0.831153,0.586966,0.727235,0.732736,0.674137,0.433083,0.155827,0.242334,0.244666,0.460408
0.683127,0.458769,0.476300,0.633244,0.802527,0.067235,0.438144,0.799047,0.736964,0.643172,0.128941,0.304418,0.753801,0.406642,0.256621,0.276403
0.415209,0.605255,0.159002,0.320205,0.177519,0.076775,0.258791,0.124342,0.634751,0.275523,0.245896,0.744453,0.458264,0.547712,0.927902,0.384336
0.597285,0.404145,0.408486,0.586655,0.803645,0.279334,0.362056,0.757015,0.782345,0.579003,0.173616,0.183391,0.754545,0.488477,0.226707,0.331538
0.668988,0.591268,0.511272,0.552915,0.313112,0.328579,0.826397,0.195360,0.075036,0.434126,0.659660,0.494537,0.495214,0.739745,0.278681,0.210757
0.774514,0.681781,0.249545,0.428059,0.282040,0.575535,0.197434,0.496782,0.414150,0.786661,0.552940,0.476077,0.320566,0.236612,0.495418,0.613881
0.465396,0.429687,0.432837,0.235775,0.315023,0.605795,0.758987,0.254297,0.338562,0.878158,0.236879,0.789247,0.469915,0.268105,0.697895,0.465492
0.539797,0.335084,0.574211,0.526393,0.406460,0.259085,0.409442,0.756804,0.374084,0.519042,0.412986,0.666918,0.310803,0.550792,0.370867,0.713226
0.410953,0.568332,0.502239,0.635398,0.560693,0.515791,0.660445,0.698594,0.668759,0.286519,0.434262,0.217530,0.651209,0.315128,0.652823,0.398072
0.534458,0.608616,0.266504,0.342609,0.155643,0.227884,0.342651,0.210209,0.620071,0.230225,0.183656,0.687255,0.411195,0.382185,0.679657,0.425435
0.647428,0.606888,0.311988,0.619828,0.564004,0.195029,0.250098,0.387440,0.700671,0.063186,0.215376,0.546717,0.703730,0.492848,0.418523,0.217954
0.386582,0.592389,0.330486,0.496687,0.554843,0.254650,0.512988,0.216116,0.434185,0.363282,0.540851,0.332168,0.685083,0.243930,0.754202,0.118199
0.513992,0.169530,0.510946,0.045723,0.326250,0.780705,0.790066,0.266736,0.398987,0.769093,0.245384,0.733618,0.305589,0.243692,0.651052,0.392288
0.814595,0.734870,0.273789,0.370658,0.368734,0.634564,0.081444,0.509974,0.658099,0.632489,0.727083,0.374236,0.414018,0.251382,0.459246,0.575117
0.442323,0.348517,0.422908,0.592123,0.317167,0.502797,0.733231,0.683798,0.728379,0.664939,0.756648,0.416376,0.215928,0.171902,0.369091,0.433029
0.882326,0.429662,0.202583,0.622522,0.566632,0.203674,0.196417,0.394787,0.715576,0.169606,0.257460,0.572146,0.634842,0.446341,0.343332,0.199048
0.271788,0.471984,0.320210,0.372176,0.490302,0.315999,0.469972,0.387576,0.638353,0.234634,0.576689,0.226005,0.840053,0.246598,0.698539,0.261697
0.662101,0.445314,0.270641,0.650040,0.583823,0.192404,0.249005,0.319091,0.874216,0.181701,0.242993,0.435425,0.704291,0.447118,0.256864,0.145128
0.616145,0.624626,0.471375,0.585950,0.480383,0.333851,0.720427,0.365742,0.241331,0.326325,0.622755,0.618986,0.223410,0.810670,0.507553,0.233617
0.355035,0.409679,0.428678,0.342388,0.440753,0.207988,0.554218,0.341641,0.460792,0.333704,0.736130,0.154861,0.631980,0.248908,0.713192,0.181277
0.150740,0.632242,0.479931,0.438364,0.617215,0.158957,0.299355,0.847266,0.194851,0.691329,0.579155,0.789606,0.705673,0.628442,0.772032,0.789901
0.678774,0.640297,0.553896,0.640901,0.415890,0.334540,0.598295,0.193570,0.094879,0.349481,0.542409,0.567414,0.414903,0.753055,0.470903,0.218851
0.167591,0.210089,0.640738,0.616157,0.688852,0.662527,0.206637,0.398918,0.394803,0.556466,0.250180,0.157849,0.778538,0.620575,0.346771,0.267124
0.786579,0.602905,0.216130,0.394151,0.352326,0.769935,0.175133,0.490927,0.347568,0.568028,0.441543,0.298105,0.395471,0.385155,0.554301,0.493109
0.241235,0.203834,0.834474,0.467600,0.586244,0.766629,0.232523,0.372465,0.420358,0.565933,0.312101,0.132295,0.811008,0.538627,0.450390,0.299295
0.322956,0.515147,0.304615,0.548762,0.476800,0.235264,0.519327,0.339820,0.569476,0.312207,0.597841,0.176833,0.770325,0.268764,0.763191,0.157713
0.476584,0.408013,0.587392,0.513779,0.447944,0.312224,0.282022,0.773690,0.432617,0.409408,0.643103,0.762152,0.180887,0.515061,0.411627,0.724674
0.749165,0.560678,0.284438,0.611571,0.366006,0.129937,0.286675,0.480507,0.791488,0.310414,0.238118,0.443740,0.683506,0.426192,0.371263,0.286983
0.711737,0.528534,0.499325,0.572353,0.415002,0.438510,0.675097,0.079884,0.138566,0.342380,0.510935,0.578262,0.342541,0.639143,0.424575,0.348807
0.443452,0.317838,0.495951,0.706694,0.222302,0.546914,0.682049,0.623707,0.532917,0.731921,0.750951,0.378243,0.299566,0.081706,0.195037,0.398859
0.240981,0.178509,0.699050,0.519494,0.674580,0.751635,0.324020,0.280816,0.620410,0.527467,0.445806,0.120719,0.735626,0.528513,0.377884,0.224334
0.691148,0.468289,0.348967,0.617046,0.789121,0.282537,0.435113,0.794407,0.744153,0.717029,0.146365,0.153214,0.747884,0.410856,0.200745,0.228316
0.561544,0.450534,0.507459,0.501218,0.831815,0.151531,0.402817,0.609001,0.614626,0.787084,0.306472,0.164736,0.645858,0.446664,0.242117,0.352031
0.656498,0.445540,0.521204,0.685287,0.809918,0.186706,0.380435,0.773148,0.569980,0.757987,0.243267,0.057126,0.616792,0.443213,0.133364,0.409213
0.592663,0.668418,0.146391,0.287822,0.341825,0.383583,0.342076,0.536260,0.348567,0.774886,0.275671,0.359946,0.536543,0.621265,0.527461,0.510449
0.271014,0.725284,0.752809,0.657856,0.243479,0.426233,0.552762,0.325365,0.347257,0.590040,0.815844,0.237333,0.402768,0.489229,0.357368,0.689113
0.659437,0.650953,0.393319,0.645354,0.534574,0.469194,0.623729,0.176830,0.235193,0.386276,0.538279,0.505594,0.413070,0.756173,0.465375,0.329811
0.641254,0.314219,0.571241,0.544061,0.707287,0.201489,0.325457,0.715448,0.555222,0.666292,0.429080,0.183738,0.753863,0.329765,0.227576,0.328693
0.638401,0.720945,0.246740,0.368692,0.269706,0.367789,0.307004,0.622775,0.386497,0.639872,0.259016,0.356928,0.667914,0.600841,0.610020,0.441921
0.721354,0.728803,0.658699,0.696560,0.653893,0.572939,0.423979,0.608801,0.327423,0.168731,0.733925,0.294734,0.446798,0.362746,0.489332,0.731703
0.269744,0.548039,0.566780,0.576560,0.427808,0.537954,0.794786,0.786097,0.674730,0.363285,0.652525,0.323262,0.486067,0.107546,0.720762,0.381951
0.501099,0.773167,0.117266,0.197144,0.241117,0.520455,0.355512,0.454880,0.451590,0.861816,0.170576,0.463581,0.499369,0.562899,0.630557,0.544449
0.518421,0.432751,0.532424,0.625250,0.775197,0.150247,0.495910,0.742141,0.773271,0.668037,0.206530,0.300409,0.693082,0.446015,0.285498,0.396162
0.656742,0.901567,0.005907,0.572499,0.412148,0.616246,0.075314,0.543794,0.350015,0.616323,0.578839,0.419640,0.359107,0.307836,0.329723,0.548347
0.815024,0.698213,0.599617,0.715548,0.557608,0.482968,0.351911,0.507797,0.244779,0.104582,0.766624,0.129887,0.563397,0.405144,0.400597,0.817521
0.802053,0.413646,0.394826,0.670843,0.552580,0.245265,0.192316,0.456670,0.814465,0.139676,0.384708,0.435686,0.543139,0.367707,0.268668,0.164911
0.315600,0.518687,0.487179,0.571969,0.647176,0.628964,0.645634,0.791512,0.608623,0.316048,0.538023,0.241705,0.551142,0.159869,0.794875,0.222626
0.685678,0.432113,0.412938,0.521010,0.935486,0.192732,0.343391,0.667688,0.694191,0.750519,0.357501,0.046059,0.647643,0.372580,0.273416,0.341260
0.270717,0.271074,0.464782,0.208907,0.719496,0.151083,0.319740,0.675878,0.538078,0.163967,0.157334,0.491904,0.657491,0.371765,0.746575,0.706905
0.822692,0.645906,0.162440,0.373232,0.404555,0.713604,0.210907,0.485413,0.387268,0.667471,0.581425,0.365284,0.342922,0.224272,0.428150,0.602773
0.711016,0.608208,0.460427,0.675059,0.871181,0.217492,0.445543,0.739028,0.652261,0.661686,0.147819,0.103171,0.836319,0.568731,0.354810,0.238997
0.563795,0.550068,0.287053,0.376354,0.179371,0.200298,0.181574,0.303938,0.588360,0.242396,0.140705,0.860139,0.400148,0.410094,0.860212,0.156922
0.529148,0.357938,0.408161,0.654905,0.361723,0.363671,0.535041,0.691518,0.379875,0.572657,0.558984,0.764490,0.266445,0.277161,0.350168,0.654333
0.745899,0.740160,0.253775,0.224003,0.417801,0.542520,0.418543,0.591734,0.367116,0.795396,0.285028,0.314584,0.503232,0.614133,0.554299,0.344206
0.467757,0.536339,0.162163,0.345920,0.169768,0.151855,0.322816,0.236530,0.577848,0.251119,0.346551,0.648389,0.448013,0.476762,0.827011,0.218719
0.675408,0.704708,0.541967,0.571162,0.447002,0.326934,0.727340,0.191019,0.125719,0.298680,0.532032,0.519506,0.435852,0.867937,0.428739,0.303749
0.293185,0.160345,0.455449,0.330015,0.675997,0.224276,0.236471,0.588487,0.467165,0.136967,0.335174,0.487534,0.582668,0.328397,0.640835,0.707451
0.600046,0.480681,0.464278,0.704317,0.831610,0.038288,0.374888,0.780575,0.700754,0.591087,0.237808,0.141499,0.657967,0.321987,0.214333,0.444912
0.697081,0.467375,0.185187,0.642739,0.674687,0.210421,0.222830,0.442680,0.889386,0.144048,0.298967,0.555830,0.635365,0.440590,0.463334,0.272247
0.151247,0.580490,0.390850,0.374969,0.623189,0.411424,0.251575,0.809278,0.133820,0.614640,0.599774,0.794370,0.751325,0.547435,0.678258,0.749566
0.787735,0.643065,0.170203,0.319728,0.250317,0.731140,0.107510,0.500648,0.519270,0.647726,0.536395,0.364565,0.447483,0.312907,0.494993,0.417481
0.735636,0.546325,0.122798,0.712155,0.559264,0.133414,0.060254,0.492635,0.789698,0.168098,0.245560,0.541457,0.726226,0.452567,0.284723,0.210978
0.243464,0.611441,0.725189,0.644607,0.334592,0.410414,0.504276,0.430239,0.386836,0.611939,0.773243,0.326095,0.396964,0.469730,0.529856,0.789009
0.419412,0.482216,0.447275,0.704888,0.527699,0.466664,0.659783,0.699356,0.628277,0.333052,0.549641,0.273926,0.528607,0.146235,0.607251,0.421126
0.716341,0.740147,0.156608,0.212615,0.285489,0.616792,0.401380,0.466213,0.386906,0.785148,0.350454,0.486203,0.615929,0.546618,0.714958,0.595243
0.522683,0.549131,0.407064,0.709904,0.423809,0.260313,0.509326,0.726100,0.393409,0.428947,0.626313,0.658003,0.206713,0.379172,0.317699,0.730792
0.247846,0.477785,0.601124,0.537732,0.630364,0.455430,0.586043,0.836034,0.686216,0.313978,0.467697,0.356220,0.512003,0.224355,0.596821,0.326496
0.368701,0.274973,0.689315,0.536463,0.639576,0.685200,0.215742,0.367144,0.466444,0.533970,0.254632,0.179539,0.705175,0.444689,0.361683,0.266987
0.314255,0.249594,0.496637,0.556082,0.212340,0.489962,0.704512,0.589119,0.749028,0.685507,0.825894,0.371982,0.287944,0.335201,0.321830,0.583008
0.317005,0.238138,0.835509,0.518271,0.657166,0.780173,0.287369,0.273351,0.396974,0.540315,0.394017,0.258950,0.676647,0.451701,0.377267,0.382619
0.561620,0.365196,0.463256,0.526524,0.787309,0.158306,0.383835,0.907968,0.664766,0.784171,0.225049,0.191000,0.794657,0.380561,0.266162,0.287090
0.476252,0.485982,0.402139,0.524767,0.467329,0.088370,0.331634,0.725123,0.327409,0.470083,0.454599,0.656108,0.230534,0.345482,0.268900,0.737510
0.243433,0.315417,0.522912,0.547766,0.248594,0.571253,0.727773,0.650058,0.767073,0.615868,0.837442,0.326648,0.223239,0.184447,0.304547,0.437564
0.776782,0.802618,0.582180,0.754336,0.603926,0.625771,0.437075,0.536699,0.182949,0.068915,0.716166,0.113087,0.527685,0.413218,0.462811,0.795739
0.533109,0.433372,0.469380,0.557120,0.401745,0.254070,0.414871,0.594387,0.387406,0.411918,0.577155,0.775655,0.312226,0.237633,0.314649,0.790612
0.723397,0.523373,0.374110,0.626540,0.635683,0.179200,0.069596,0.438515,0.754125,0.251304,0.132979,0.536158,0.687389,0.521442,0.391787,0.220721
0.721896,0.434809,0.346392,0.644336,0.640851,0.320653,0.164664,0.454757,0.799273,0.111686,0.251275,0.466569,0.682192,0.444349,0.358851,0.163830
0.735143,0.561298,0.322062,0.496863,0.471872,0.365437,0.639371,0.273592,0.211599,0.408947,0.680606,0.504987,0.357342,0.650536,0.513100,0.314390
0.584755,0.712758,0.412285,0.517122,0.393325,0.420357,0.561802,0.098086,0.169043,0.380232,0.556481,0.590861,0.372800,0.760611,0.430053,0.347701
0.380467,0.211984,0.442892,0.180038,0.638391,0.136587,0.197793,0.728323,0.538990,0.262499,0.316588,0.604261,0.598354,0.254756,0.799861,0.884136
0.642097,0.362349,0.500844,0.554609,0.765738,0.186200,0.415797,0.858119,0.820705,0.766561,0.215837,0.224660,0.723152,0.403890,0.125061,0.346451
0.747600,0.552033,0.448271,0.604451,0.440810,0.303073,0.687249,0.267965,0.113754,0.338656,0.578406,0.601336,0.382940,0.753289,0.426122,0.279785
0.728236,0.753707,0.628780,0.764560,0.536868,0.378805,0.362714,0.533347,0.236856,0.179028,0.760816,0.137422,0.579655,0.235836,0.456113,0.710134
0.645962,0.616606,0.400506,0.588264,0.443777,0.265902,0.659147,0.247657,0.230068,0.318661,0.528480,0.568524,0.339539,0.890078,0.352056,0.226741
0.395888,0.235090,0.430429,0.552339,0.312167,0.595265,0.765779,0.794924,0.664630,0.627356,0.767850,0.384508,0.192647,0.307108,0.293311,0.455731
0.250986,0.010395,0.762357,0.647426,0.578176,0.775939,0.224622,0.349098,0.502889,0.394926,0.311866,0.089321,0.671342,0.617427,0.487778,0.343181
0.332147,0.318144,0.426943,0.193325,0.300681,0.661198,0.693140,0.287878,0.272591,0.835532,0.264988,0.534709,0.394716,0.120187,0.578849,0.391166
0.385725,0.332156,0.421946,0.263477,0.276022,0.706645,0.648483,0.236878,0.315231,0.649151,0.452427,0.700787,0.361376,0.148176,0.599471,0.425900
0.729900,0.672777,0.139618,0.404433,0.472284,0.670711,0.167965,0.506553,0.445591,0.590029,0.617380,0.384622,0.401280,0.372416,0.550299,0.597025
0.712276,0.511033,0.578083,0.594167,0.410651,0.438898,0.751584,0.313248,0.188775,0.402563,0.558432,0.564305,0.320043,0.894186,0.394672,0.244612
0.765622,0.746962,0.154042,0.471899,0.427173,0.630695,0.033020,0.406424,0.370902,0.621148,0.527560,0.344774,0.437373,0.307258,0.462223,0.570973
0.438599,0.669681,0.191858,0.402173,0.210168,0.434285,0.106370,0.185922,0.683689,0.289603,0.042678,0.637086,0.429802,0.585799,0.772669,0.154606
0.828816,0.726255,0.484805,0.855552,0.639993,0.347316,0.515164,0.575339,0.228680,0.092633,0.734280,0.201655,0.636310,0.302819,0.383779,0.774687
0.293180,0.603717,0.553398,0.523462,0.520643,0.615947,0.573936,0.664470,0.782052,0.367361,0.583610,0.265204,0.545670,0.162335,0.737353,0.435972
0.205283,0.216171,0.732790,0.458466,0.502526,0.688754,0.306783,0.347110,0.504559,0.469393,0.372262,0.112955,0.652396,0.456254,0.308572,0.260436
0.274136,0.156588,0.635017,0.509967,0.616247,0.779287,0.261008,0.487831,0.462753,0.461410,0.342672,0.278002,0.577299,0.605258,0.493114,0.252984
0.873995,0.665625,0.228514,0.446258,0.492594,0.674188,0.163631,0.491854,0.456646,0.598079,0.468838,0.300086,0.297611,0.247340,0.542769,0.564463
0.435014,0.103700,0.491995,0.243629,0.677839,0.237808,0.179127,0.592081,0.492233,0.171867,0.101632,0.514051,0.576856,0.220988,0.724740,0.745573
0.381567,0.333183,0.503483,0.168522,0.209578,0.678359,0.632390,0.071593,0.358130,0.737583,0.255942,0.753498,0.327793,0.261195,0.877811,0.316035
0.773450,0.859955,0.527910,0.793979,0.601386,0.363053,0.501912,0.619433,0.038653,0.148920,0.714617,0.299491,0.519554,0.277841,0.497533,0.724225
0.176098,0.579954,0.383889,0.328784,0.617528,0.297587,0.286214,0.782189,0.336484,0.707863,0.484972,0.666772,0.740269,0.657596,0.659045,0.790274
0.218742,0.186629,0.404942,0.156612,0.636869,0.074279,0.336479,0.624435,0.406113,0.210913,0.162843,0.496562,0.394121,0.398937,0.729043,0.818132
0.575964,0.653498,0.141410,0.244125,0.289790,0.457507,0.417601,0.613875,0.336286,0.793906,0.231681,0.512536,0.588412,0.668300,0.710615,0.396789
0.258864,0.259677,0.664252,0.452403,0.594131,0.640218,0.218955,0.313842,0.480716,0.459616,0.202487,0.203926,0.651867,0.640789,0.313333,0.443530
0.338354,0.441536,0.515404,0.597283,0.488860,0.296370,0.411340,0.825447,0.301677,0.511654,0.536402,0.681064,0.200595,0.414469,0.283582,0.727430
0.545693,0.348497,0.559489,0.588623,0.393335,0.129910,0.341369,0.758901,0.314687,0.474726,0.557723,0.522278,0.246436,0.442571,0.344116,0.846922
0.467307,0.418174,0.497470,0.548325,0.365081,0.239149,0.357503,0.766623,0.454825,0.638507,0.658409,0.616996,0.173227,0.511195,0.212611,0.676201
0.682179,0.544431,0.349199,0.694857,0.514676,0.150044,0.064217,0.451694,0.763150,0.280560,0.309898,0.474602,0.637125,0.421079,0.342209,0.128314
0.521063,0.444674,0.482787,0.473188,0.378152,0.342432,0.456138,0.718095,0.396059,0.530182,0.454676,0.627691,0.200759,0.383026,0.292113,0.720318
0.703770,0.634168,0.553739,0.656769,0.342907,0.294558,0.830331,0.151820,0.214135,0.417071,0.551712,0.436783,0.381500,0.749575,0.458338,0.248819
0.818812,0.468869,0.350277,0.526049,0.597964,0.218053,0.097481,0.388548,0.759391,0.211652,0.161573,0.522960,0.609131,0.347755,0.446814,0.298300
0.730327,0.803730,0.113842,0.434075,0.434621,0.692761,0.258897,0.544926,0.397490,0.567316,0.531094,0.331168,0.393934,0.298236,0.503607,0.569065
0.349880,0.314966,0.477069,0.625481,0.222309,0.500894,0.738700,0.742622,0.606657,0.679444,0.715438,0.297161,0.230425,0.223557,0.279340,0.413554
0.763080,0.678433,0.544307,0.874624,0.558238,0.469434,0.593425,0.595966,0.257863,0.112407,0.708190,0.210127,0.530951,0.246608,0.388060,0.618683
0.333048,0.613021,0.358010,0.478922,0.609310,0.327545,0.331527,0.700834,0.242627,0.750098,0.447861,0.782623,0.847533,0.654737,0.571838,0.728078
0.566461,0.489566,0.595366,0.528609,0.538206,0.249332,0.419214,0.764206,0.472089,0.510086,0.508945,0.597947,0.115414,0.382034,0.342631,0.751720
0.212205,0.553324,0.799180,0.630079,0.223687,0.343184,0.373580,0.400998,0.358705,0.623471,0.820460,0.378398,0.403551,0.542510,0.543235,0.813287
0.230699,0.217726,0.492106,0.117987,0.770651,0.214387,0.296571,0.713964,0.483973,0.270300,0.274045,0.535810,0.526154,0.351986,0.541186,0.650782
0.305077,0.285767,0.523514,0.635574,0.229251,0.615031,0.763444,0.633559,0.656029,0.534445,0.711111,0.507266,0.194432,0.277619,0.249167,0.512767
0.171604,0.649730,0.492444,0.338028,0.587031,0.301468,0.266345,0.686247,0.171632,0.645532,0.602353,0.625702,0.745318,0.689024,0.732534,0.687642
0.212357,0.376074,0.320701,0.402129,0.453414,0.324287,0.528278,0.419834,0.507669,0.238086,0.629589,0.246630,0.758703,0.182815,0.568676,0.363947
0.780006,0.765118,0.239867,0.429575,0.329018,0.700828,0.199236,0.601245,0.373902,0.608451,0.546505,0.329392,0.352711,0.446288,0.409825,0.600218
0.450949,0.359826,0.504451,0.295348,0.361494,0.601958,0.686493,0.168265,0.410616,0.713369,0.260884,0.804868,0.280842,0.074519,0.894406,0.344197
0.408165,0.605436,0.155813,0.358290,0.089419,0.268847,0.263047,0.343678,0.498554,0.244606,0.219032,0.726663,0.605421,0.312720,0.787670,0.378944
0.800094,0.731321,0.563321,0.811871,0.528501,0.380267,0.504519,0.541509,0.168194,0.246354,0.843332,0.239718,0.555061,0.355804,0.427832,0.844816
0.304414,0.395248,0.742794,0.529433,0.705774,0.693752,0.309253,0.456168,0.481746,0.589491,0.439356,0.199950,0.783661,0.598371,0.508345,0.351014
0.294471,0.244214,0.477911,0.221425,0.708357,0.171263,0.368335,0.802386,0.423623,0.305365,0.054844,0.561211,0.601294,0.356981,0.678866,0.653651
0.236117,0.613342,0.390615,0.361566,0.497071,0.198294,0.264896,0.684420,0.395792,0.858855,0.669597,0.828833,0.824125,0.715953,0.724186,0.711364
0.734777,0.705589,0.511610,0.513150,0.285623,0.460482,0.733208,0.281706,0.110857,0.353697,0.567071,0.578076,0.269508,0.833755,0.508740,0.181987
0.767682,0.764889,0.594053,0.787312,0.561965,0.344953,0.451183,0.521970,0.244455,0.221763,0.614761,0.215182,0.647693,0.462913,0.488612,0.856481
0.353242,0.416915,0.350443,0.371735,0.500375,0.461247,0.533797,0.356628,0.506187,0.185839,0.661754,0.236971,0.683374,0.244625,0.768127,0.179330
0.502171,0.671188,0.173419,0.300465,0.163846,0.264713,0.151507,0.230508,0.551877,0.244373,0.190165,0.868551,0.407405,0.534082,0.768870,0.192330
0.178844,0.166592,0.620275,0.618352,0.586628,0.833782,0.191957,0.335258,0.517584,0.669391,0.355015,0.288060,0.629333,0.720391,0.304420,0.292639
0.568438,0.448553,0.431643,0.543507,0.812158,0.254181,0.423331,0.870267,0.711158,0.837840,0.293095,0.339253,0.754267,0.408944,0.189980,0.328507
0.235482,0.514439,0.551213,0.550320,0.494910,0.636708,0.728214,0.692946,0.785769,0.239718,0.442071,0.204474,0.440970,0.201252,0.662204,0.376550
0.608702,0.399683,0.467373,0.638621,0.738904,0.066833,0.419525,0.891547,0.801364,0.660335,0.218526,0.207762,0.725195,0.352955,0.192098,0.398905
0.620113,0.751539,0.206271,0.253350,0.310547,0.420619,0.381644,0.573322,0.250921,0.742479,0.202485,0.291148,0.535864,0.638127,0.616245,0.501142
0.350399,0.524205,0.537146,0.589572,0.416432,0.563151,0.630448,0.767493,0.727691,0.354614,0.473819,0.290514,0.489821,0.218005,0.707881,0.371843
0.632179,0.400043,0.278077,0.672351,0.547790,0.191018,0.128281,0.476274,0.866063,0.165468,0.177016,0.571736,0.622756,0.519911,0.400651,0.302921
0.499400,0.341341,0.444408,0.646164,0.410038,0.260634,0.380424,0.753703,0.308512,0.555206,0.598000,0.664038,0.274359,0.389245,0.356145,0.665175
0.172448,0.550756,0.825778,0.651153,0.334109,0.451078,0.455513,0.381259,0.390306,0.531057,0.905709,0.355457,0.438982,0.572049,0.495270,0.775046
0.261204,0.498541,0.394096,0.509933,0.400898,0.169638,0.488196,0.209428,0.553877,0.289340,0.655175,0.282829,0.748146,0.328426,0.546452,0.279721
0.521332,0.319641,0.482459,0.596996,0.379455,0.201465,0.290796,0.800747,0.406012,0.410195,0.466370,0.659225,0.181385,0.413473,0.295005,0.760169
0.108826,0.586176,0.360815,0.418834,0.719009,0.279836,0.480603,0.622789,0.388791,0.693705,0.477935,0.717559,0.739443,0.707665,0.823871,0.677335
0.622377,0.665061,0.190431,0.425436,0.324136,0.597909,0.142547,0.326472,0.417126,0.668272,0.675692,0.453017,0.456699,0.332960,0.459296,0.563407
0.804992,0.720934,0.738888,0.868280,0.647224,0.480990,0.528702,0.489869,0.233752,0.136014,0.694409,0.268818,0.482329,0.289380,0.479610,0.791474
0.261110,0.379788,0.511846,0.656195,0.178680,0.522585,0.718831,0.647826,0.696665,0.515363,0.767248,0.392114,0.107536,0.244178,0.296479,0.537349
0.282076,0.303347,0.575405,0.559875,0.264534,0.550114,0.728897,0.709885,0.628141,0.712188,0.763573,0.343867,0.295438,0.230355,0.225385,0.641739
0.378561,0.232565,0.599663,0.203685,0.826451,0.212431,0.255959,0.590789,0.479252,0.288018,0.205933,0.589398,0.503879,0.304786,0.677933,0.834319
0.237222,0.560175,0.802451,0.552619,0.300070,0.373843,0.590457,0.325075,0.463965,0.577157,0.764628,0.326771,0.513899,0.512429,0.376187,0.723111
0.813980,0.825502,0.091089,0.437962,0.373144,0.652025,0.155145,0.555477,0.304199,0.687014,0.588088,0.372915,0.342279,0.334128,0.443265,0.494096
0.411962,0.448385,0.567564,0.535296,0.478707,0.685885,0.664229,0.760224,0.708337,0.233839,0.549196,0.242163,0.534744,0.139153,0.607344,0.222534
0.709366,0.560527,0.407011,0.459130,0.547133,0.327534,0.639181,0.235428,0.126294,0.349029,0.574102,0.599899,0.491638,0.777827,0.451592,0.322398
0.366336,0.420588,0.591321,0.674824,0.418213,0.518089,0.714073,0.757512,0.610575,0.311330,0.472255,0.282399,0.561405,0.232155,0.661643,0.439865
0.062173,0.689012,0.434495,0.406203,0.618434,0.136546,0.253225,0.780123,0.176290,0.828028,0.534158,0.719780,0.637193,0.673941,0.782365,0.710891
0.281508,0.351950,0.449193,0.548279,0.313927,0.496241,0.776376,0.647181,0.670153,0.628038,0.669502,0.438215,0.308923,0.210348,0.285578,0.437094
0.600324,0.668447,0.257748,0.390008,0.217168,0.525378,0.436863,0.397240,0.420148,0.786866,0.170850,0.431748,0.712089,0.639541,0.620133,0.432603
0.734347,0.669467,0.214579,0.366716,0.215203,0.582128,0.015839,0.479269,0.456090,0.648434,0.653561,0.461865,0.277975,0.283582,0.426190,0.586895
0.443265,0.412474,0.326885,0.415213,0.407865,0.144360,0.638044,0.343261,0.572939,0.330382,0.551166,0.398832,0.667902,0.290365,0.765063,0.342718
0.405513,0.172774,0.622672,0.422296,0.688654,0.770034,0.233883,0.339248,0.526041,0.447210,0.313908,0.145769,0.657501,0.594331,0.435949,0.066777
0.610426,0.358527,0.519540,0.624795,0.492944,0.191187,0.383185,0.774815,0.407936,0.598807,0.544732,0.759454,0.297489,0.430065,0.261140,0.688591
0.499525,0.485801,0.534084,0.475426,0.404822,0.231238,0.457678,0.724106,0.442175,0.511344,0.545266,0.620388,0.336103,0.344360,0.286818,0.668782
0.725363,0.615673,0.265469,0.681677,0.481731,0.201413,0.339703,0.454776,0.781265,0.197411,0.167213,0.510682,0.732872,0.443239,0.418667,0.160313
0.235401,0.740887,0.821295,0.606681,0.355541,0.421240,0.444196,0.421433,0.352496,0.685283,0.687800,0.407075,0.483144,0.464344,0.429177,0.877598
0.255994,0.474053,0.799706,0.625479,0.316284,0.436199,0.697894,0.505665,0.418443,0.566101,0.757581,0.178771,0.496597,0.501646,0.535711,0.770667
0.682078,0.629665,0.357172,0.573505,0.456132,0.306418,0.807976,0.294245,0.099936,0.308663,0.580233,0.548475,0.422464,0.761175,0.342161,0.200628
0.742089,0.805852,0.612949,0.690118,0.721083,0.422374,0.482136,0.643964,0.450725,0.095261,0.710867,0.233764,0.548142,0.298338,0.475561,0.853512
0.267576,0.662832,0.816361,0.666507,0.259587,0.513219,0.369689,0.414463,0.362474,0.589957,0.786223,0.354318,0.511986,0.571968,0.476968,0.705311
0.332036,0.281589,0.472621,0.517457,0.247781,0.586791,0.725556,0.684342,0.613287,0.541702,0.759773,0.438692,0.092727,0.170465,0.315007,0.480493
0.363526,0.272923,0.536739,0.216954,0.385137,0.712191,0.638194,0.215369,0.320528,0.841236,0.316721,0.604738,0.417080,0.254082,0.617842,0.469216
0.575361,0.497581,0.546581,0.559832,0.362750,0.170655,0.488068,0.727674,0.302111,0.527415,0.451545,0.665302,0.202526,0.327523,0.236090,0.683933
0.735825,0.663675,0.627596,0.776598,0.521265,0.442031,0.435378,0.488350,0.265256,0.174813,0.879484,0.229708,0.612617,0.418379,0.395969,0.849206
0.224417,0.613730,0.702825,0.696635,0.382807,0.404024,0.473427,0.395345,0.357261,0.595520,0.785205,0.344960,0.473418,0.596685,0.531434,0.751341
0.323569,0.372024,0.509904,0.616213,0.339540,0.533041,0.824696,0.685885,0.573825,0.596468,0.861963,0.511491,0.242600,0.111655,0.281146,0.467288
0.765972,0.708484,0.213696,0.478223,0.340898,0.658805,0.331706,0.463523,0.412699,0.522047,0.474341,0.415053,0.429542,0.281176,0.514423,0.496572
0.356264,0.224512,0.750158,0.497401,0.656842,0.820035,0.231436,0.376460,0.463337,0.590520,0.245851,0.255521,0.628597,0.587635,0.349737,0.276397
0.387381,0.488775,0.389750,0.727012,0.473560,0.443110,0.610900,0.728919,0.742294,0.474810,0.460596,0.170417,0.437743,0.120210,0.642632,0.329223
0.569354,0.391715,0.564975,0.635266,0.881450,0.214793,0.426613,0.739462,0.699771,0.772792,0.293927,0.058992,0.637550,0.352826,0.257428,0.312244
0.628976,0.534407,0.251348,0.701569,0.528104,0.366564,0.132783,0.598079,0.732289,0.195860,0.202742,0.546016,0.815711,0.338085,0.284466,0.178700
0.270317,0.279069,0.624797,0.562957,0.557888,0.804178,0.165543,0.348428,0.574174,0.472209,0.330598,0.262574,0.630054,0.578268,0.355720,0.384898
0.364406,0.321862,0.437922,0.620675,0.072172,0.580510,0.757131,0.694252,0.586544,0.691511,0.878990,0.361872,0.214314,0.249794,0.394010,0.542723
0.443396,0.431624,0.391180,0.588200,0.129159,0.468770,0.723702,0.654049,0.663777,0.715018,0.653860,0.403657,0.261921,0.278222,0.343485,0.453931
0.668983,0.394628,0.237481,0.697072,0.498156,0.151743,0.204417,0.471930,0.865401,0.174129,0.171673,0.621689,0.685625,0.476159,0.441671,0.235394
0.169450,0.239987,0.480876,0.246392,0.608516,0.287883,0.355436,0.470629,0.530070,0.143453,0.306026,0.592712,0.486328,0.386390,0.692660,0.751526
0.836390,0.665294,0.089780,0.390539,0.452007,0.597466,0.193594,0.544356,0.370125,0.693344,0.598917,0.412010,0.345033,0.296795,0.591453,0.577718
0.437380,0.394561,0.343066,0.207298,0.363065,0.712876,0.793628,0.194052,0.371417,0.669175,0.316783,0.703424,0.480053,0.342248,0.675702,0.464460
0.771054,0.453751,0.508334,0.698236,0.797188,0.184982,0.437292,0.754240,0.747955,0.775515,0.348841,0.157683,0.647125,0.388872,0.246594,0.169983
0.312819,0.308245,0.572421,0.168268,0.236250,0.785152,0.586600,0.150382,0.312974,0.805464,0.325585,0.727366,0.482831,0.000000,0.638119,0.429723
0.311560,0.393032,0.315608,0.515835,0.528454,0.245292,0.668965,0.333075,0.504741,0.222406,0.556184,0.248757,0.779542,0.140019,0.803580,0.226518
0.848537,0.725033,0.569116,0.821573,0.538538,0.423837,0.458739,0.569333,0.385944,0.112017,0.630554,0.195504,0.529161,0.311905,0.382075,0.805095
0.476538,0.409385,0.319996,0.392705,0.464397,0.129769,0.488813,0.420338,0.506016,0.264426,0.710727,0.313372,0.688874,0.269027,0.660689,0.270794
0.335636,0.330735,0.729699,0.420101,0.624693,0.669255,0.218859,0.393599,0.592041,0.481899,0.326033,0.216383,0.679982,0.556229,0.492053,0.317796
0.474048,0.353283,0.506480,0.129639,0.298040,0.693332,0.736199,0.199092,0.276500,0.680491,0.258176,0.732190,0.315496,0.204047,0.760333,0.334461
0.777343,0.839396,0.680603,0.644189,0.506677,0.358402,0.500611,0.621104,0.168702,0.139661,0.676718,0.182358,0.628176,0.247161,0.459619,0.878445
0.696489,0.602769,0.435867,0.640038,0.436384,0.351831,0.741287,0.320079,0.091907,0.395450,0.496939,0.502975,0.398661,0.742914,0.533911,0.278986
0.489850,0.436169,0.505729,0.207646,0.399542,0.583618,0.680189,0.233852,0.289922,0.679559,0.176936,0.795170,0.181175,0.173324,0.637304,0.487098
0.344091,0.421034,0.390980,0.302482,0.499695,0.188680,0.531565,0.303248,0.450506,0.310571,0.598126,0.208833,0.750898,0.211927,0.607777,0.201957
0.513882,0.360461,0.457232,0.567265,0.501026,0.316429,0.502175,0.765643,0.320654,0.629783,0.521934,0.668683,0.255541,0.406349,0.280065,0.746257
0.267899,0.391356,0.404272,0.554816,0.445539,0.512116,0.759920,0.705310,0.644195,0.211268,0.558002,0.210160,0.527316,0.135528,0.741905,0.350732
0.460386,0.445180,0.381758,0.503203,0.379988,0.172010,0.548694,0.246205,0.566439,0.266174,0.495539,0.259883,0.902484,0.327632,0.727317,0.179531
0.727393,0.573941,0.496710,0.546349,0.365481,0.418859,0.780763,0.187603,0.265918,0.337360,0.591469,0.526031,0.435000,0.807660,0.351438,0.229195
0.267521,0.192950,0.366225,0.233780,0.689266,0.155479,0.328233,0.735687,0.475322,0.128213,0.217822,0.410790,0.533931,0.242135,0.634235,0.756892
0.861267,0.718620,0.652977,0.752969,0.599676,0.465445,0.444846,0.630889,0.251357,0.060996,0.579347,0.132383,0.486594,0.334700,0.300031,0.803964
0.430077,0.676083,0.159598,0.248399,0.067760,0.129815,0.255527,0.227342,0.526672,0.210511,0.164688,0.918815,0.472025,0.410475,0.632655,0.333631
0.280922,0.220489,0.762415,0.562471,0.574697,0.705366,0.310453,0.345246,0.464074,0.549680,0.320429,0.105149,0.650118,0.571368,0.329534,0.320071
0.708963,0.642209,0.507482,0.486339,0.421248,0.247419,0.750780,0.324020,0.086436,0.214072,0.467476,0.494382,0.410676,0.740760,0.406724,0.304358
0.811451,0.675253,0.626865,0.826447,0.725028,0.372274,0.406805,0.639909,0.208620,0.093552,0.762924,0.226035,0.561922,0.310270,0.377027,0.792309
0.665050,0.679605,0.093970,0.327117,0.224403,0.555472,0.414550,0.560226,0.321156,0.858526,0.169250,0.455509,0.543927,0.712807,0.606778,0.482983
0.461723,0.412243,0.380737,0.454036,0.496163,0.342069,0.645141,0.303285,0.409263,0.275259,0.620729,0.251095,0.832665,0.203855,0.697002,0.151759
0.359976,0.386041,0.356115,0.469348,0.426303,0.236414,0.594418,0.245067,0.402604,0.215780,0.581059,0.338645,0.809180,0.354033,0.672312,0.298734
0.231959,0.646059,0.523710,0.320098,0.687692,0.076518,0.308075,0.860797,0.287065,0.727718,0.475378,0.817598,0.816467,0.661699,0.733094,0.735982
0.482877,0.359334,0.588269,0.520700,0.382847,0.250662,0.414782,0.794718,0.318132,0.503833,0.667649,0.772630,0.214772,0.359299,0.348016,0.819246
0.341512,0.394392,0.574302,0.587797,0.246577,0.649692,0.700871,0.686394,0.715003,0.605972,0.817267,0.405305,0.124713,0.219846,0.310227,0.482567
0.425755,0.432764,0.352544,0.387578,0.593817,0.242455,0.524737,0.375002,0.568937,0.202827,0.555802,0.171963,0.812751,0.324137,0.817926,0.215575
0.776064,0.586168,0.033581,0.487013,0.287979,0.672925,0.186107,0.394364,0.423702,0.719650,0.538299,0.378297,0.420960,0.308764,0.461297,0.576820
0.233739,0.470378,0.746492,0.646783,0.443749,0.419302,0.497527,0.394165,0.411238,0.596175,0.831303,0.272596,0.592905,0.485002,0.292785,0.734154
0.226003,0.302887,0.480631,0.283863,0.291982,0.631530,0.682910,0.319939,0.320097,0.768890,0.354787,0.730989,0.355930,0.163686,0.693329,0.347583
0.368489,0.512446,0.821252,0.718484,0.370880,0.529864,0.436349,0.501750,0.443971,0.631220,0.763930,0.279354,0.545873,0.458977,0.407019,0.738519
0.272736,0.416640,0.455481,0.501066,0.142518,0.483744,0.688777,0.665412,0.737859,0.558050,0.779632,0.471378,0.260490,0.247832,0.223860,0.571427
0.434233,0.171136,0.694755,0.434151,0.652394,0.829008,0.050250,0.310334,0.608077,0.402609,0.381260,0.230668,0.608574,0.587853,0.426279,0.346160
0.535456,0.419353,0.399250,0.319494,0.331673,0.727704,0.776597,0.165047,0.406131,0.915075,0.400574,0.569806,0.441206,0.050217,0.741986,0.483555
0.339743,0.560066,0.854888,0.727269,0.302513,0.451678,0.488782,0.344317,0.316759,0.594786,0.732836,0.253280,0.469773,0.476175,0.436516,0.854456
0.354005,0.396580,0.425271,0.519759,0.583500,0.164244,0.569344,0.280395,0.568776,0.254965,0.780707,0.321457,0.688364,0.279707,0.751106,0.302437
0.285147,0.293000,0.418333,0.587040,0.181986,0.541393,0.733423,0.774635,0.682065,0.693557,0.760622,0.395830,0.246388,0.155172,0.175782,0.590453
0.610147,0.482094,0.529596,0.754604,0.871096,0.188799,0.327152,0.729880,0.654163,0.661960,0.258349,0.241884,0.772466,0.404446,0.268013,0.433558
0.221920,0.202862,0.582604,0.598363,0.545737,0.613565,0.246854,0.393676,0.391274,0.482049,0.226614,0.230844,0.722039,0.521638,0.512353,0.341117
0.695944,0.504374,0.348300,0.630554,0.842715,0.058848,0.316793,0.771177,0.657780,0.614005,0.256766,0.148524,0.690409,0.475272,0.208531,0.375083
0.094962,0.423298,0.353892,0.458102,0.227752,0.583165,0.696239,0.611501,0.651060,0.729927,0.813483,0.239485,0.252027,0.237883,0.342480,0.458054
0.701526,0.481657,0.181009,0.650962,0.631559,0.211799,0.273041,0.470670,0.765745,0.051425,0.224984,0.437915,0.713165,0.371135,0.405058,0.126708
0.583625,0.408636,0.516457,0.597985,0.764811,0.246901,0.391564,0.649098,0.689414,0.646671,0.202642,0.120110,0.751178,0.468316,0.304148,0.354199
0.742202,0.502339,0.443446,0.620068,0.376825,0.386710,0.652448,0.473830,0.190086,0.430898,0.505782,0.517775,0.308437,0.840514,0.399560,0.166002
0.731594,0.653155,0.476039,0.663269,0.269970,0.330371,0.763077,0.196863,0.191514,0.308005,0.499429,0.531875,0.424987,0.742429,0.485909,0.293935
0.330377,0.605067,0.609636,0.715770,0.298305,0.446081,0.497290,0.488216,0.364826,0.583539,0.801115,0.325634,0.557504,0.447247,0.406723,0.717719
0.379750,0.309556,0.447945,0.433305,0.130601,0.476261,0.647625,0.658211,0.675683,0.650384,0.813589,0.423762,0.386131,0.209125,0.362151,0.405173
0.235874,0.369709,0.477824,0.675637,0.212056,0.593377,0.825028,0.704952,0.664243,0.689995,0.764860,0.306377,0.272269,0.194452,0.255118,0.565656
0.781948,0.426500,0.497220,0.684420,0.828781,0.189549,0.300299,0.703194,0.799793,0.800712,0.251163,0.217074,0.807518,0.348346,0.126445,0.440556
0.364884,0.257624,0.461574,0.462197,0.280628,0.439820,0.740855,0.668640,0.687664,0.699325,0.673894,0.331154,0.126122,0.099019,0.259334,0.376897
0.180758,0.675839,0.495887,0.464667,0.704430,0.257941,0.348962,0.731204,0.284072,0.796689,0.616927,0.692840,0.734683,0.553063,0.623255,0.815012
0.182684,0.694429,0.346054,0.345979,0.610865,0.233428,0.350086,0.806446,0.189246,0.749291,0.501401,0.706483,0.631334,0.750323,0.631347,0.733196
0.207759,0.628576,0.873135,0.802082,0.460222,0.461901,0.439009,0.422006,0.387712,0.705677,0.802377,0.331675,0.544137,0.445276,0.507286,0.770388
0.698105,0.354497,0.313303,0.709013,0.605020,0.188803,0.162054,0.411728,0.726970,0.321685,0.191533,0.494700,0.718296,0.353572,0.400195,0.162102
0.603568,0.758604,0.149813,0.260834,0.235562,0.542065,0.424819,0.600260,0.318684,0.698108,0.185580,0.435948,0.533201,0.646838,0.677463,0.486329
0.732077,0.694639,0.577606,0.707769,0.495537,0.370366,0.411299,0.652332,0.189557,0.259995,0.671745,0.214475,0.544238,0.307671,0.497890,0.840600
0.237727,0.235197,0.765603,0.468324,0.564166,0.692028,0.217717,0.409861,0.484934,0.569474,0.285640,0.199914,0.815545,0.509510,0.378097,0.343773
0.271044,0.554749,0.603876,0.646614,0.408589,0.350774,0.579119,0.432334,0.362077,0.693229,0.823090,0.318910,0.497436,0.513608,0.401245,0.859000
0.693004,0.771744,0.670928,0.818161,0.807583,0.419767,0.426197,0.587213,0.273812,0.196918,0.821997,0.218596,0.606886,0.238616,0.546795,0.746804
0.208294,0.626192,0.304145,0.299994,0.516228,0.168290,0.306876,0.743130,0.398999,0.771671,0.538585,0.739028,0.731813,0.673441,0.771377,0.722073
0.233767,0.297737,0.404261,0.570774,0.323024,0.647042,0.709992,0.687032,0.573580,0.751121,0.823637,0.266143,0.233493,0.113222,0.213730,0.359799
0.325721,0.556280,0.792012,0.590563,0.281203,0.376734,0.418609,0.378315,0.432040,0.674078,0.824299,0.347512,0.376262,0.567096,0.459760,0.818316
0.672513,0.651208,0.235094,0.301242,0.376371,0.578535,0.348292,0.446265,0.311479,0.838625,0.220316,0.422706,0.336904,0.581686,0.484245,0.424565
0.472402,0.472870,0.256829,0.491500,0.353985,0.365332,0.472607,0.303506,0.361379,0.148200,0.703694,0.244744,0.854712,0.246304,0.688938,0.187787
0.277051,0.642712,0.862727,0.698138,0.299939,0.487691,0.321783,0.358360,0.399737,0.587081,0.770200,0.377186,0.504038,0.574711,0.503909,0.682110
0.349328,0.335184,0.630902,0.484122,0.718195,0.795365,0.117488,0.426076,0.514211,0.581699,0.333526,0.218581,0.695422,0.479626,0.396749,0.265509
0.547799,0.648279,0.294464,0.367206,0.306556,0.436016,0.497588,0.509246,0.313651,0.818037,0.078010,0.338716,0.539792,0.691390,0.651700,0.434706
0.135111,0.686551,0.393884,0.363537,0.578089,0.257448,0.201156,0.774898,0.350888,0.738263,0.627722,0.714108,0.986712,0.794414,0.664338,0.706054
0.676045,0.533147,0.344322,0.595102,0.844155,0.231693,0.292596,0.677641,0.732361,0.651577,0.327374,0.181845,0.649943,0.381534,0.189441,0.342785
0.702620,0.447290,0.569678,0.633593,0.795181,0.135144,0.384229,0.718342,0.763555,0.700749,0.223256,0.181566,0.689947,0.555733,0.192850,0.367301
0.736849,0.758802,0.255427,0.493757,0.314162,0.658489,0.216952,0.554261,0.365506,0.629136,0.618506,0.145459,0.404650,0.214166,0.433404,0.495489
0.752744,0.714341,0.104254,0.468966,0.445732,0.680935,0.037527,0.553838,0.352506,0.598934,0.592935,0.428305,0.437884,0.269412,0.559738,0.541377
0.266853,0.544402,0.836610,0.679575,0.330515,0.513083,0.582207,0.333110,0.289994,0.564780,0.802015,0.414028,0.482044,0.577941,0.313547,0.819997
0.607610,0.424746,0.492639,0.622137,0.869634,0.236711,0.207160,0.722207,0.640896,0.742572,0.311195,0.162523,0.749123,0.469684,0.119635,0.413628
0.633183,0.745334,0.218571,0.344967,0.306833,0.468402,0.396891,0.430648,0.372380,0.743484,0.139194,0.465859,0.469390,0.705963,0.474724,0.546981
0.387363,0.335615,0.517160,0.155328,0.749431,0.129048,0.210240,0.651752,0.570814,0.196057,0.265696,0.501513,0.533183,0.290006,0.672168,0.731033
0.264638,0.461221,0.451288,0.686644,0.476448,0.558381,0.763156,0.865191,0.620970,0.403949,0.435410,0.354419,0.467968,0.262788,0.759958,0.249950
0.454008,0.390169,0.449259,0.219100,0.393814,0.534663,0.663321,0.272762,0.257919,0.905224,0.231295,0.749285,0.413578,0.202247,0.744083,0.483166
0.439951,0.674760,0.098568,0.289290,0.103803,0.334595,0.301336,0.180326,0.617289,0.269855,0.223118,0.977716,0.455941,0.549317,0.859465,0.335970
0.486738,0.582742,0.113569,0.312781,0.084360,0.237283,0.252319,0.350478,0.535307,0.256773,0.215859,0.743782,0.448643,0.451386,0.904488,0.026513
0.189595,0.655524,0.448037,0.365677,0.657548,0.299486,0.236967,0.807849,0.226440,0.662492,0.573022,0.886866,0.852080,0.664278,0.712570,0.635569
0.141234,0.538524,0.824609,0.643249,0.356641,0.399733,0.526488,0.396095,0.465982,0.638372,0.791087,0.257547,0.497779,0.465321,0.382456,0.872740
0.193764,0.101037,0.752049,0.426770,0.684363,0.704481,0.219266,0.225933,0.531162,0.439145,0.323335,0.236901,0.693517,0.659347,0.408274,0.332969
0.618391,0.470446,0.289256,0.672496,0.557521,0.270233,0.342288,0.291059,0.726592,0.172064,0.243878,0.496985,0.637308,0.421488,0.310496,0.203760
0.442179,0.372336,0.394609,0.162926,0.420847,0.629678,0.715703,0.156449,0.310087,0.885541,0.225751,0.720610,0.408630,0.127453,0.757663,0.455022
0.381251,0.394001,0.506543,0.321863,0.659944,0.269412,0.479889,0.268029,0.516210,0.298557,0.602239,0.323743,0.655780,0.258458,0.626890,0.224575
0.422115,0.579980,0.067422,0.377671,0.075018,0.310990,0.284116,0.272639,0.637731,0.206295,0.336231,0.752424,0.394859,0.536192,0.726525,0.166785
0.238232,0.321416,0.419471,0.601289,0.260862,0.424596,0.718276,0.773821,0.636668,0.743852,0.758198,0.391524,0.213211,0.253694,0.284752,0.606327
0.658350,0.475835,0.549499,0.614874,0.686964,0.078014,0.307606,0.736928,0.793992,0.717201,0.246322,0.218753,0.679012,0.459199,0.187367,0.258576
0.646109,0.660765,0.198095,0.335408,0.326389,0.594048,0.367410,0.498839,0.232149,0.816571,0.024316,0.357540,0.438277,0.589338,0.585489,0.566438
0.585090,0.455565,0.303007,0.518990,0.870390,0.119638,0.360988,0.778806,0.810881,0.568063,0.270816,0.126473,0.753304,0.631638,0.201202,0.413826
0.357946,0.227804,0.498804,0.203410,0.708014,0.157101,0.280773,0.688667,0.540595,0.135047,0.257129,0.592845,0.570103,0.244524,0.646215,0.736511
0.718149,0.757222,0.456836,0.870472,0.547550,0.417421,0.464635,0.455921,0.316890,0.079966,0.686593,0.154561,0.513586,0.341084,0.470544,0.774919
0.308476,0.471140,0.576692,0.593608,0.445122,0.514817,0.765708,0.808953,0.665273,0.262997,0.451952,0.248318,0.417090,0.249509,0.635175,0.354950
0.462194,0.610189,0.513337,0.739475,0.499312,0.498354,0.668517,0.721019,0.736462,0.257979,0.545575,0.368457,0.523432,0.182876,0.591394,0.321989
0.232938,0.385533,0.316323,0.631867,0.305766,0.443012,0.777416,0.640428,0.607397,0.543096,0.772504,0.412666,0.319521,0.163413,0.339347,0.395835
0.293148,0.326792,0.493427,0.207632,0.404175,0.528487,0.783794,0.199426,0.349229,0.708732,0.318822,0.654306,0.472055,0.296498,0.719483,0.389355
0.600726,0.705117,0.195124,0.362401,0.360835,0.553924,0.471232,0.485419,0.253666,0.827932,0.328771,0.435379,0.320177,0.544169,0.542593,0.526014
0.643721,0.607170,0.238428,0.689720,0.561734,0.213892,0.111135,0.406691,0.721070,0.057052,0.395151,0.602373,0.638447,0.422077,0.320679,0.094118
0.353956,0.081511,0.472379,0.240290,0.781616,0.090553,0.425149,0.694919,0.508774,0.163520,0.306875,0.553504,0.524939,0.395540,0.768073,0.784970
0.841944,0.667945,0.245356,0.298141,0.424381,0.576736,0.251226,0.540005,0.513299,0.521509,0.642736,0.358047,0.411634,0.371155,0.661201,0.650682
0.069591,0.612210,0.419941,0.566975,0.623156,0.260503,0.319634,0.765721,0.260872,0.789237,0.547317,0.840011,0.831903,0.672327,0.708383,0.743898
0.301754,0.451609,0.346921,0.431244,0.460953,0.302661,0.553060,0.268877,0.400308,0.261390,0.695102,0.321562,0.576440,0.172227,0.779104,0.278237
0.599435,0.612068,0.219031,0.714876,0.425475,0.276126,0.173257,0.469866,0.884777,0.249002,0.213587,0.561954,0.731109,0.392919,0.375156,0.121265
0.721961,0.763695,0.073720,0.458400,0.344940,0.618762,0.215713,0.600288,0.466857,0.735357,0.571532,0.377828,0.301565,0.233473,0.475549,0.579062
0.198490,0.192717,0.660458,0.498164,0.672168,0.701122,0.153268,0.419575,0.525264,0.586477,0.384226,0.178555,0.721056,0.560740,0.470412,0.337390
0.337494,0.274113,0.511244,0.529460,0.288426,0.531620,0.710568,0.708426,0.693055,0.731281,0.784840,0.227160,0.277122,0.207953,0.225161,0.382595
0.599872,0.304891,0.393965,0.532199,0.686417,0.256386,0.329334,0.761723,0.709232,0.772895,0.327061,0.156614,0.659247,0.410956,0.287262,0.334489
0.263154,0.650905,0.835532,0.536547,0.292290,0.441696,0.411132,0.341612,0.347111,0.541348,0.795846,0.320109,0.621095,0.438829,0.497156,0.624521
0.546239,0.582394,0.549618,0.657798,0.332561,0.190979,0.452817,0.692596,0.450437,0.500876,0.531071,0.681427,0.249641,0.444355,0.255175,0.728183
0.899420,0.781593,0.617703,0.651555,0.557502,0.349200,0.403838,0.551589,0.329720,0.266701,0.792657,0.216200,0.618978,0.346414,0.294711,0.770361
0.272514,0.569416,0.704258,0.656724,0.400793,0.412800,0.504869,0.349220,0.385545,0.612512,0.849398,0.337490,0.467204,0.451534,0.578712,0.759573
0.256671,0.588529,0.870938,0.735646,0.368494,0.414289,0.554789,0.399207,0.251974,0.604695,0.919476,0.239394,0.471696,0.415873,0.462199,0.780188
0.587839,0.634828,0.189543,0.356891,0.179549,0.065992,0.191526,0.169442,0.692493,0.313053,0.180500,0.723369,0.374546,0.442011,0.857130,0.252787
0.504317,0.550278,0.146840,0.272696,0.196406,0.173013,0.236457,0.198743,0.671247,0.164871,0.063734,0.887149,0.447529,0.397573,0.747593,0.283446
0.443588,0.315635,0.513051,0.261673,0.268012,0.695017,0.687894,0.241073,0.299095,0.804648,0.468248,0.807644,0.364561,0.197787,0.712592,0.322599
0.472502,0.419874,0.550065,0.694158,0.419473,0.232665,0.467806,0.795937,0.423792,0.475058,0.680816,0.705812,0.161165,0.363938,0.312932,0.788900
0.255542,0.210157,0.441396,0.199466,0.775212,0.162614,0.201676,0.648627,0.475399,0.219854,0.183987,0.555918,0.506481,0.300186,0.763219,0.732619
0.663119,0.625883,0.469980,0.673541,0.414926,0.325181,0.708477,0.188355,0.099066,0.391359,0.575627,0.509358,0.396688,0.901462,0.384366,0.215464
0.614625,0.760861,0.736368,0.766356,0.687370,0.407480,0.419305,0.577604,0.410300,0.186964,0.775265,0.214387,0.676116,0.500390,0.468206,0.808818
0.540086,0.543221,0.125049,0.341071,0.133062,0.162359,0.197165,0.234960,0.617032,0.139638,0.244196,0.800191,0.356816,0.442401,0.803936,0.162867
0.375158,0.349161,0.430210,0.399825,0.589299,0.279063,0.579572,0.200739,0.564662,0.223167,0.664149,0.262478,0.706810,0.270488,0.668501,0.291116
0.167961,0.624102,0.411384,0.475416,0.712054,0.278811,0.282773,0.745887,0.351233,0.825608,0.586211,0.832741,0.862224,0.644571,0.777397,0.755229
0.524082,0.348482,0.659391,0.550464,0.394155,0.208849,0.455750,0.795471,0.441519,0.626006,0.555146,0.681123,0.298110,0.381738,0.205992,0.607271
