0.244107,0.461958,0.328730,0.552748,0.239081,0.773985,0.523355,0.454649,0.497937,0.677742,0.793674,0.618708,0.185679,0.312121,0.676199,0.149343
0.300971,0.744058,0.408196,0.352868,0.270263,0.468917,0.861406,0.485222,0.420694,0.489795,0.349709,0.490605,0.543047,0.535807,0.881499,0.759831
0.634913,0.467656,0.754949,0.474419,0.496795,0.730764,0.583675,0.839442,0.283420,0.949131,0.364996,0.495471,0.663804,0.268669,0.614991,0.687646
0.408528,0.612283,0.718071,0.833244,0.787721,0.383000,0.268215,0.709353,0.735314,0.198158,0.822837,0.373750,0.568999,0.770868,0.499981,0.649455
0.176051,0.719630,0.736796,0.744164,0.791997,0.203505,0.325191,0.658546,0.737823,0.374911,0.927514,0.299973,0.731198,0.929255,0.464816,0.587614
0.218466,0.615869,0.610721,0.785447,0.793504,0.581434,0.473720,0.432812,0.708773,0.665441,0.234485,0.885763,0.645224,0.158028,0.877598,0.507584
0.595246,0.402934,0.718067,0.233989,0.202996,0.680029,0.633566,0.440982,0.247588,0.316207,0.236574,0.192114,0.371093,0.609013,0.655094,0.354592
0.833280,0.434756,0.386063,0.244539,0.632181,0.741243,0.832334,0.348009,0.526180,0.641948,0.161496,0.646113,0.765115,0.311332,0.567838,0.235250
0.290193,0.715646,0.453232,0.400835,0.159545,0.367657,0.799541,0.373498,0.463779,0.648812,0.458365,0.316027,0.448648,0.597466,0.775100,0.687618
0.231246,0.709900,0.482738,0.362133,0.145234,0.420850,0.845911,0.479501,0.365534,0.656814,0.411115,0.397482,0.547840,0.588686,0.889563,0.741370
0.692660,0.417695,0.791162,0.441763,0.202570,0.572867,0.650560,0.563305,0.103756,0.293646,0.368085,0.203942,0.383164,0.558669,0.568896,0.351681
0.191319,0.395206,0.280297,0.245359,0.712913,0.719198,0.768209,0.305478,0.272943,0.673384,0.277330,0.295203,0.644543,0.374706,0.234443,0.784657
0.294665,0.409459,0.875910,0.667297,0.695694,0.839256,0.850065,0.810937,0.508285,0.549845,0.725150,0.800711,0.707513,0.374521,0.259503,0.211611
0.198628,0.734402,0.486095,0.216933,0.194419,0.354196,0.883317,0.463266,0.339795,0.652870,0.386132,0.323780,0.623157,0.646011,0.880164,0.754919
0.421502,0.288850,0.846099,0.780446,0.844198,0.256096,0.531607,0.362260,0.167949,0.383709,0.136577,0.711474,0.655261,0.713563,0.336791,0.416602
0.214910,0.368910,0.895890,0.746523,0.768323,0.785448,0.685465,0.743748,0.327605,0.541492,0.681215,0.843640,0.692810,0.386845,0.416992,0.121779
0.255529,0.604991,0.492286,0.223093,0.390875,0.810720,0.319037,0.224631,0.783194,0.351404,0.570389,0.502735,0.240071,0.512607,0.612594,0.606428
0.643271,0.293767,0.684608,0.312093,0.298986,0.594395,0.752888,0.457024,0.230202,0.397592,0.372190,0.340793,0.367061,0.682047,0.589751,0.507362
0.332498,0.423053,0.312523,0.780391,0.242580,0.407952,0.532428,0.607428,0.455030,0.242227,0.540779,0.775626,0.689916,0.249937,0.384486,0.900833
0.199273,0.535204,0.589537,0.137144,0.185117,0.866292,0.487052,0.248001,0.759309,0.455085,0.586387,0.666134,0.248855,0.366312,0.680413,0.711530
0.659019,0.444786,0.771799,0.341678,0.230422,0.785383,0.684280,0.482266,0.218773,0.334977,0.263823,0.231620,0.416575,0.685626,0.588753,0.325129
0.540121,0.498871,0.685013,0.256764,0.244354,0.590607,0.514760,0.319242,0.332676,0.339812,0.344039,0.191151,0.401042,0.646893,0.641004,0.387528
0.597085,0.281171,0.764592,0.384915,0.134107,0.703045,0.589338,0.480309,0.288523,0.287551,0.283614,0.129213,0.392247,0.585924,0.533160,0.399018
0.280893,0.508802,0.603988,0.253085,0.292195,0.786099,0.389090,0.198019,0.793487,0.527951,0.529815,0.756532,0.270379,0.277602,0.719426,0.692565
0.157987,0.419634,0.308295,0.434029,0.750475,0.688776,0.757841,0.358014,0.373814,0.909565,0.509211,0.253388,0.651234,0.374120,0.319395,0.549716
0.403184,0.305048,0.735660,0.723459,0.802267,0.218004,0.361332,0.433679,0.216020,0.329089,0.257255,0.707904,0.799482,0.695252,0.171527,0.204259
0.283102,0.609188,0.323606,0.697184,0.210354,0.452439,0.618313,0.358889,0.485981,0.205275,0.618211,0.583445,0.684067,0.159797,0.377134,0.798679
0.211140,0.478709,0.579473,0.752896,0.601822,0.543454,0.452065,0.655422,0.814781,0.577751,0.359117,0.901203,0.527336,0.133797,0.763473,0.553879
0.673023,0.223492,0.625219,0.369116,0.760584,0.301874,0.252172,0.409307,0.543467,0.722806,0.642727,0.493537,0.513867,0.423983,0.693966,0.790655
0.189102,0.304164,0.359633,0.379368,0.529825,0.712881,0.805718,0.347304,0.331211,0.769115,0.392687,0.352463,0.825351,0.249601,0.316477,0.681053
0.461968,0.398565,0.929865,0.434208,0.581806,0.656310,0.589721,0.870105,0.358912,0.873599,0.424964,0.458162,0.565884,0.224823,0.624555,0.705463
0.554372,0.612669,0.702853,0.786569,0.454660,0.157016,0.466356,0.550214,0.080039,0.563294,0.394197,0.726660,0.708189,0.688284,0.577301,0.419688
0.178251,0.340804,0.099150,0.437510,0.615086,0.668410,0.743952,0.328511,0.231082,0.647483,0.452331,0.440088,0.569008,0.315120,0.228171,0.598753
0.247527,0.317913,0.840534,0.698220,0.826865,0.865671,0.800884,0.767703,0.450886,0.605900,0.726841,0.808481,0.724184,0.408892,0.234171,0.232679
0.516734,0.332508,0.255234,0.762647,0.511821,0.806326,0.513771,0.566733,0.541113,0.767793,0.549754,0.603032,0.672245,0.530648,0.718248,0.536955
0.314292,0.547843,0.720931,0.868125,0.679499,0.404727,0.318425,0.772131,0.630211,0.424662,0.740366,0.401170,0.799422,0.858625,0.537145,0.624769
0.216918,0.354285,0.153231,0.487121,0.223528,0.683679,0.402477,0.398694,0.652440,0.576830,0.776496,0.623793,0.257397,0.217430,0.680605,0.317154
0.299257,0.667748,0.495866,0.430616,0.247525,0.393892,0.860429,0.507328,0.421624,0.647136,0.512300,0.357871,0.629098,0.578928,0.846789,0.613476
0.248954,0.503581,0.570507,0.942228,0.708458,0.636819,0.490447,0.627956,0.740088,0.461366,0.339831,0.845424,0.541465,0.222521,0.847050,0.345601
0.716140,0.319906,0.768042,0.322416,0.636180,0.190811,0.265902,0.453927,0.659039,0.642968,0.598086,0.454657,0.504309,0.388170,0.605736,0.909098
0.664112,0.633990,0.802098,0.661541,0.420283,0.267229,0.371363,0.485704,0.096027,0.473360,0.533903,0.529955,0.792689,0.599308,0.688329,0.558596
0.668765,0.233396,0.302053,0.239050,0.741072,0.755715,0.789907,0.409090,0.686978,0.627915,0.404163,0.798788,0.926312,0.309603,0.509911,0.303928
0.270668,0.340211,0.244550,0.467972,0.252942,0.706225,0.331579,0.347706,0.481803,0.747164,0.833610,0.689050,0.216625,0.468500,0.783598,0.143050
0.537354,0.519617,0.332447,0.838332,0.670127,0.754476,0.495832,0.526065,0.204498,0.753374,0.751148,0.623997,0.744382,0.547075,0.743571,0.632323
0.296886,0.395073,0.849846,0.739005,0.794091,0.365133,0.524344,0.300699,0.143667,0.387796,0.170501,0.864670,0.666730,0.613393,0.395203,0.375503
0.576765,0.302614,0.705960,0.206649,0.747607,0.243055,0.209854,0.290976,0.451226,0.562620,0.652634,0.334775,0.654346,0.454200,0.686894,0.827922
0.380227,0.307744,0.900635,0.759934,0.834349,0.370461,0.599990,0.347544,0.283079,0.285127,0.284823,0.834373,0.614406,0.531229,0.209645,0.305399
0.271238,0.521877,0.447372,0.086935,0.365666,0.677251,0.314727,0.223617,0.807305,0.354255,0.594271,0.602556,0.361201,0.263661,0.608578,0.673970
0.606877,0.395651,0.318568,0.891332,0.554321,0.813469,0.577965,0.598044,0.306207,0.706399,0.595092,0.584343,0.778018,0.643331,0.671477,0.639829
0.690378,0.388973,0.875386,0.515551,0.559206,0.739046,0.660945,0.765335,0.340554,0.743184,0.337467,0.546172,0.734573,0.221500,0.656499,0.826765
0.187331,0.533949,0.478817,0.773172,0.697624,0.649819,0.466911,0.560092,0.693184,0.555384,0.354111,0.796442,0.518133,0.251445,0.863660,0.398947
0.712123,0.359827,0.321494,0.229792,0.582619,0.853573,0.671256,0.410444,0.573330,0.688394,0.232792,0.766540,0.833945,0.208208,0.462849,0.246989
0.190253,0.804396,0.535826,0.377525,0.282085,0.508524,0.782029,0.532986,0.463541,0.675594,0.396590,0.417785,0.614443,0.614878,0.908156,0.882257
0.538783,0.416074,0.736130,0.396679,0.201887,0.599007,0.610629,0.331069,0.312060,0.414973,0.366292,0.112719,0.541360,0.674169,0.635542,0.342394
0.136388,0.514828,0.705162,0.158212,0.252150,0.886931,0.347107,0.159981,0.820788,0.398085,0.672239,0.636367,0.126082,0.334348,0.632952,0.703008
0.710307,0.169064,0.635018,0.292958,0.748883,0.146804,0.353385,0.300975,0.520096,0.526049,0.533964,0.385460,0.631898,0.492617,0.639673,0.892739
0.233701,0.524241,0.521250,0.202227,0.336272,0.791888,0.332818,0.260108,0.880489,0.366216,0.580152,0.566214,0.225216,0.217037,0.786917,0.791479
0.408483,0.524349,0.865799,0.696841,0.774771,0.504699,0.490268,0.330271,0.176014,0.228184,0.190578,0.798386,0.791765,0.611204,0.463241,0.399102
0.571321,0.230626,0.684154,0.277898,0.694370,0.288377,0.270771,0.373628,0.548999,0.707617,0.666901,0.450910,0.653792,0.467847,0.628604,0.960892
0.366847,0.551822,0.696455,0.084219,0.171581,0.787723,0.396563,0.220789,0.730357,0.442470,0.565861,0.589861,0.252628,0.214258,0.655108,0.606197
0.253815,0.533092,0.434241,0.315043,0.216156,0.912841,0.354516,0.066431,0.790909,0.456233,0.425020,0.535732,0.185274,0.285529,0.730177,0.541403
0.167045,0.328131,0.739715,0.705309,0.851252,0.876087,0.567991,0.769667,0.416523,0.551496,0.710566,0.873019,0.607681,0.372559,0.355759,0.273394
0.713141,0.505254,0.824513,0.619569,0.507792,0.867503,0.618146,0.899909,0.176351,0.814336,0.394652,0.524551,0.682714,0.207814,0.618797,0.776160
0.284755,0.700393,0.885203,0.799044,0.725337,0.299611,0.290777,0.661599,0.706519,0.206548,0.798017,0.355646,0.778368,0.790683,0.442054,0.542032
0.073143,0.545999,0.492951,0.826456,0.546035,0.569228,0.436986,0.663372,0.818207,0.580358,0.275163,0.803222,0.545022,0.378698,0.900009,0.473525
0.618012,0.266320,0.814314,0.532694,0.693363,0.855305,0.598004,0.917943,0.381985,0.801137,0.458502,0.622889,0.647739,0.216970,0.675544,0.793972
0.286056,0.507886,0.209598,0.867311,0.251697,0.389021,0.663443,0.479933,0.395177,0.280956,0.679617,0.568081,0.725634,0.321284,0.335205,0.762278
0.269083,0.292686,0.324105,0.308652,0.556756,0.667599,0.723885,0.314927,0.235344,0.712418,0.334468,0.338248,0.667478,0.443110,0.233004,0.609503
0.273160,0.461343,0.560201,0.864185,0.542184,0.669389,0.452865,0.616262,0.755713,0.613603,0.193662,0.833168,0.555709,0.245218,0.798090,0.480003
0.194469,0.549987,0.103920,0.824487,0.161015,0.462399,0.614077,0.400489,0.582775,0.379794,0.610023,0.521412,0.777309,0.112014,0.471271,0.695685
0.311058,0.663414,0.874374,0.790655,0.832889,0.321256,0.248055,0.653269,0.740314,0.269491,0.725640,0.301128,0.706947,0.843577,0.377495,0.665201
0.360740,0.717754,0.832499,0.723302,0.803869,0.345829,0.398067,0.752981,0.706739,0.242892,0.739796,0.345580,0.707568,0.662057,0.458468,0.620020
0.265540,0.712223,0.439046,0.449634,0.213299,0.439769,0.885965,0.507852,0.424101,0.523210,0.333530,0.330155,0.535328,0.527113,0.861906,0.735534
0.326547,0.519434,0.289115,0.834908,0.250360,0.527960,0.473139,0.387001,0.430440,0.244889,0.506933,0.716349,0.795004,0.267739,0.367204,0.689277
0.275550,0.796370,0.462902,0.363255,0.061801,0.383483,0.864000,0.589564,0.487287,0.598263,0.489483,0.373199,0.746672,0.546958,0.738046,0.857714
0.608172,0.364261,0.752407,0.368830,0.107584,0.635081,0.596530,0.401329,0.241307,0.353425,0.415127,0.213533,0.368227,0.705748,0.523358,0.406888
0.188808,0.330377,0.280399,0.445088,0.248503,0.748517,0.541640,0.348385,0.546602,0.657862,0.795772,0.701569,0.194441,0.414474,0.682205,0.182617
0.169488,0.271433,0.239149,0.362752,0.201881,0.659575,0.389913,0.377265,0.409618,0.693754,0.722555,0.640820,0.129231,0.419074,0.650339,0.202670
0.533499,0.422350,0.366046,0.764025,0.567224,0.664555,0.402870,0.532500,0.173015,0.687009,0.626816,0.608137,0.604325,0.546261,0.645167,0.516674
0.369788,0.303929,0.775551,0.877213,0.801329,0.107711,0.419756,0.413891,0.099067,0.342066,0.190431,0.900627,0.761824,0.647147,0.272672,0.229043
0.385560,0.683791,0.493262,0.731112,0.537474,0.411006,0.617369,0.553950,0.553501,0.628090,0.524010,0.365428,0.326653,0.641884,0.895024,0.249879
0.247418,0.542383,0.531298,0.179752,0.239359,0.797306,0.462274,0.214029,0.696527,0.335804,0.498944,0.425063,0.277851,0.171399,0.711776,0.523106
0.106084,0.416319,0.169719,0.450928,0.242893,0.633355,0.577709,0.392870,0.498349,0.666963,0.894620,0.682127,0.208625,0.365441,0.736113,0.292184
0.589117,0.471055,0.907062,0.386319,0.580020,0.750812,0.664615,0.843970,0.260650,0.842162,0.425850,0.590426,0.806303,0.269651,0.595398,0.653956
0.371928,0.495778,0.274312,0.931675,0.174991,0.447668,0.622275,0.576902,0.465530,0.283743,0.556087,0.618254,0.791888,0.225093,0.376940,0.817701
0.394313,0.670155,0.456980,0.523690,0.718223,0.294040,0.401379,0.684461,0.498260,0.700091,0.551378,0.570999,0.285726,0.628008,0.825388,0.292765
0.283323,0.593490,0.464238,0.499366,0.611294,0.163482,0.520685,0.621924,0.565505,0.717563,0.510605,0.559287,0.116848,0.569994,0.882203,0.332048
0.530879,0.352291,0.869210,0.406763,0.143124,0.705339,0.612372,0.305505,0.231188,0.120700,0.443164,0.303630,0.395223,0.767438,0.538024,0.447670
0.728593,0.294497,0.437082,0.238147,0.730217,0.686658,0.744254,0.387052,0.661613,0.658210,0.265154,0.614726,0.853905,0.194630,0.546329,0.317496
0.125823,0.605011,0.589456,0.204743,0.254368,0.796213,0.392209,0.079869,0.742152,0.404052,0.580290,0.540892,0.227619,0.358943,0.741672,0.694797
0.564388,0.330442,0.667499,0.331796,0.264888,0.707860,0.674282,0.456086,0.269420,0.319123,0.453522,0.239684,0.336354,0.546982,0.624080,0.476418
0.377438,0.783189,0.423865,0.346378,0.201452,0.313657,0.751673,0.468996,0.496889,0.533180,0.381319,0.273520,0.531884,0.643221,0.847235,0.854646
0.260956,0.566645,0.629567,0.268224,0.224675,0.840839,0.244922,0.242662,0.742794,0.489991,0.570260,0.498453,0.138929,0.341031,0.719790,0.729201
0.572170,0.376078,0.734606,0.304866,0.212991,0.607948,0.599660,0.441690,0.147454,0.488061,0.409935,0.287584,0.409131,0.659789,0.601563,0.452414
0.504590,0.396910,0.800617,0.486959,0.604940,0.584998,0.740365,0.690910,0.122661,0.926411,0.429780,0.711434,0.714345,0.368613,0.586272,0.708676
0.305308,0.755213,0.705232,0.928074,0.768930,0.366749,0.274412,0.797475,0.663664,0.360381,0.833749,0.345161,0.709139,0.965485,0.448056,0.622291
0.632061,0.263044,0.600069,0.258612,0.698286,0.272904,0.283297,0.397321,0.676277,0.563356,0.508425,0.404126,0.605268,0.498926,0.771168,0.772531
0.553326,0.641944,0.707134,0.819129,0.402969,0.242747,0.515137,0.454033,0.175140,0.562160,0.425130,0.655461,0.764439,0.828726,0.557452,0.367083
0.250509,0.455454,0.343414,0.471330,0.656881,0.750867,0.873578,0.274935,0.328726,0.581451,0.368788,0.379981,0.601469,0.294873,0.257314,0.636576
0.659897,0.418119,0.683391,0.520512,0.539463,0.690106,0.710678,0.865698,0.186610,0.771930,0.464205,0.559795,0.729878,0.385011,0.647402,0.672992
0.252746,0.503532,0.252119,0.821954,0.279814,0.483042,0.502859,0.565142,0.494145,0.326329,0.738756,0.649575,0.747431,0.287180,0.349634,0.794472
0.752527,0.184604,0.659851,0.171161,0.639458,0.268940,0.262289,0.467822,0.570486,0.595044,0.693493,0.531560,0.601483,0.597658,0.708711,0.946868
0.266890,0.338206,0.728824,0.643053,0.901432,0.856075,0.698534,0.782218,0.400514,0.468431,0.797734,0.706732,0.790723,0.385767,0.344325,0.255697
0.144314,0.347905,0.212674,0.400504,0.583969,0.812053,0.688978,0.338827,0.299989,0.854995,0.293700,0.379930,0.615281,0.346166,0.322544,0.673440
0.679797,0.282572,0.637901,0.298645,0.745803,0.319501,0.296465,0.453446,0.615367,0.628700,0.556540,0.310018,0.671422,0.535911,0.879691,0.936265
0.441144,0.552941,0.188844,0.821062,0.228629,0.459762,0.693855,0.446379,0.510490,0.232915,0.588152,0.697672,0.667037,0.268372,0.396382,0.815088
0.656476,0.167205,0.558410,0.309668,0.791586,0.102723,0.323442,0.439124,0.599866,0.636170,0.476278,0.416377,0.492040,0.544461,0.593673,0.893932
0.245274,0.549242,0.544941,0.191890,0.246687,0.872561,0.459189,0.214972,0.800006,0.390563,0.696440,0.543496,0.245786,0.412464,0.600129,0.698151
0.672220,0.171524,0.647485,0.264059,0.711817,0.162909,0.225544,0.295806,0.644902,0.640391,0.648487,0.355219,0.470472,0.495708,0.654153,0.856925
0.304474,0.503966,0.238144,0.915639,0.293616,0.658454,0.602448,0.367686,0.421026,0.226748,0.684356,0.688535,0.729438,0.256609,0.324794,0.745694
0.325562,0.567290,0.599158,0.118407,0.255009,0.819477,0.392705,0.029785,0.883366,0.544919,0.494591,0.481868,0.187701,0.242324,0.816099,0.684010
0.239231,0.327396,0.811772,0.654478,0.853838,0.938102,0.758089,0.877328,0.425495,0.468131,0.671229,0.812148,0.644329,0.243672,0.441187,0.230821
0.337215,0.569640,0.303204,0.750850,0.240285,0.449399,0.642115,0.472598,0.452548,0.188076,0.564241,0.684744,0.711739,0.305305,0.387064,0.804388
0.184210,0.468797,0.548139,0.757959,0.508829,0.508337,0.378134,0.549241,0.670287,0.690498,0.375529,0.838393,0.552900,0.287501,0.715999,0.548123
0.475052,0.468476,0.711388,0.394625,0.686692,0.682676,0.644543,0.832505,0.336320,0.777976,0.319529,0.563048,0.759273,0.206785,0.571133,0.725727
0.299472,0.766550,0.725865,0.810316,0.763279,0.335697,0.236617,0.673922,0.744511,0.308908,0.761034,0.416657,0.783621,0.874965,0.488493,0.633785
0.195343,0.308610,0.206008,0.441137,0.293694,0.672413,0.412649,0.302644,0.524553,0.663754,0.758597,0.804010,0.135557,0.460906,0.675111,0.167062
0.174470,0.641845,0.580455,0.739260,0.566383,0.798683,0.447717,0.665641,0.733356,0.717432,0.362577,0.879572,0.584914,0.429264,0.767612,0.282551
0.133043,0.435847,0.352061,0.565810,0.195086,0.752249,0.583708,0.253259,0.544101,0.808178,0.783720,0.652195,0.205134,0.396125,0.742939,0.193805
0.236116,0.440930,0.839980,0.745400,0.810339,0.750176,0.680795,0.841586,0.525138,0.443847,0.756482,0.710116,0.811635,0.317225,0.386086,0.221071
0.725099,0.543248,0.685666,0.738117,0.337127,0.162108,0.430045,0.364173,0.130793,0.392090,0.487287,0.642432,0.817762,0.704743,0.573597,0.468224
0.318378,0.584720,0.458977,0.568348,0.802459,0.290384,0.582618,0.583471,0.553902,0.695026,0.474025,0.368426,0.239404,0.645481,0.934555,0.269391
0.702483,0.320615,0.561418,0.214167,0.704497,0.282650,0.223167,0.453926,0.601790,0.732104,0.615873,0.398848,0.652240,0.456022,0.771742,0.759168
0.376045,0.349205,0.865370,0.837044,0.771509,0.260183,0.477720,0.395228,0.214874,0.463962,0.266259,0.820120,0.743496,0.576915,0.299674,0.295975
0.274952,0.302861,0.878708,0.742643,0.730087,0.447197,0.454221,0.350608,0.154863,0.478467,0.321668,0.774337,0.817188,0.802312,0.228141,0.340173
0.632253,0.471487,0.667054,0.571858,0.220752,0.579905,0.770183,0.327792,0.295337,0.339463,0.422406,0.134404,0.350123,0.618133,0.600890,0.479602
0.164774,0.636877,0.427723,0.585430,0.671205,0.319762,0.570494,0.652125,0.500874,0.788233,0.557231,0.412783,0.081488,0.609424,0.709956,0.251299
0.403919,0.213478,0.832777,0.670340,0.814621,0.233405,0.508134,0.339581,0.231292,0.349861,0.218010,0.795834,0.767544,0.652358,0.245810,0.327530
0.591802,0.376658,0.688198,0.424512,0.231361,0.591931,0.611728,0.443138,0.188060,0.334351,0.391682,0.349963,0.377243,0.661572,0.623158,0.361033
0.641683,0.412521,0.872128,0.467742,0.579125,0.716549,0.704942,0.960578,0.184620,0.857931,0.407225,0.659755,0.773708,0.290470,0.688859,0.732790
0.255163,0.715433,0.800923,0.740840,0.728647,0.335421,0.327720,0.708266,0.538215,0.409449,0.792574,0.136352,0.769227,0.837015,0.378283,0.681017
0.228493,0.549652,0.615247,0.138068,0.261083,0.869357,0.386212,0.354834,0.834120,0.420942,0.591178,0.659722,0.261198,0.320576,0.753832,0.595204
0.603468,0.403363,0.818091,0.466873,0.412961,0.725750,0.646127,0.771545,0.268090,0.820138,0.484276,0.536923,0.742197,0.368685,0.642022,0.747908
0.173061,0.389769,0.214010,0.584176,0.129078,0.751162,0.491573,0.365668,0.445575,0.751185,0.883009,0.529993,0.157034,0.334823,0.732440,0.147290
0.573836,0.441715,0.332966,0.860002,0.540213,0.744257,0.533297,0.529385,0.228479,0.656300,0.693437,0.753572,0.847168,0.511924,0.681947,0.651574
0.000000,0.315019,0.204690,0.606002,0.204005,0.726822,0.461136,0.287314,0.589263,0.689467,0.839219,0.676476,0.157116,0.394921,0.693177,0.210045
0.160598,0.291821,0.299687,0.393965,0.171903,0.677632,0.473709,0.364375,0.574894,0.741743,0.821619,0.591007,0.265249,0.391532,0.861868,0.273907
0.257633,0.799760,0.349618,0.365984,0.241584,0.269506,0.876573,0.466116,0.380003,0.694748,0.397532,0.429585,0.708767,0.585479,0.923673,0.731793
0.551639,0.407938,0.341766,0.846514,0.588270,0.731205,0.327491,0.582082,0.439582,0.740649,0.603726,0.587650,0.797117,0.605149,0.698478,0.688864
0.165326,0.353717,0.257404,0.461052,0.617895,0.645152,0.733346,0.347492,0.349477,0.768623,0.238381,0.308772,0.678873,0.451206,0.339106,0.542839
0.440926,0.342183,0.862798,0.685098,0.783883,0.294249,0.595118,0.375698,0.214256,0.305987,0.288508,0.836666,0.743089,0.539743,0.337080,0.295615
0.666846,0.412555,0.722472,0.340671,0.166124,0.574622,0.581058,0.420585,0.263844,0.401021,0.439998,0.278525,0.335849,0.675416,0.655992,0.434711
0.208966,0.729039,0.634810,0.285083,0.277162,0.416533,0.756859,0.472399,0.467390,0.620444,0.407298,0.329671,0.616603,0.621521,0.793103,0.652613
0.342078,0.394839,0.826358,0.730943,0.764430,0.858407,0.730445,0.805853,0.330441,0.391122,0.671577,0.804028,0.666291,0.397265,0.329092,0.235365
0.603630,0.160379,0.708288,0.397846,0.684090,0.189139,0.301396,0.296266,0.587216,0.488972,0.596312,0.404224,0.571306,0.655163,0.738955,0.829570
0.262333,0.299383,0.798355,0.822540,0.829399,0.213994,0.415156,0.290864,0.264334,0.443368,0.309326,0.889781,0.838135,0.521194,0.118856,0.278066
0.284382,0.248863,0.767770,0.743901,0.781237,0.904439,0.749252,0.785828,0.401347,0.380700,0.673608,0.791578,0.746940,0.191861,0.302484,0.304502
0.511937,0.519326,0.241839,0.794650,0.613041,0.746789,0.464069,0.446540,0.321318,0.773271,0.691569,0.609638,0.797057,0.490684,0.684626,0.619865
0.573113,0.445537,0.663808,0.334988,0.255839,0.639819,0.633052,0.455500,0.353121,0.438739,0.424329,0.272608,0.415752,0.695550,0.442653,0.481935
0.305975,0.673775,0.486535,0.703935,0.636595,0.195159,0.560829,0.615513,0.501898,0.760140,0.438785,0.493794,0.246481,0.730354,0.939805,0.358958
0.683060,0.255942,0.635185,0.287588,0.616484,0.281058,0.218533,0.347579,0.586872,0.560530,0.527276,0.387155,0.680188,0.564600,0.771102,0.762239
0.661249,0.640967,0.671680,0.763237,0.360823,0.192520,0.501991,0.502372,0.312367,0.642291,0.367728,0.538076,0.688749,0.678217,0.574464,0.496022
0.150016,0.603754,0.611927,0.294324,0.239388,0.854111,0.300041,0.315889,0.684451,0.337536,0.536381,0.606761,0.230053,0.271795,0.735611,0.523547
0.349591,0.519192,0.737763,0.813253,0.812709,0.233904,0.209141,0.724426,0.511587,0.244669,0.675361,0.417203,0.672577,0.812166,0.452908,0.723637
0.701933,0.379686,0.383641,0.190811,0.668877,0.657102,0.712033,0.384401,0.556644,0.762572,0.449474,0.683162,0.967409,0.325929,0.593068,0.232318
0.293715,0.589107,0.622066,0.274690,0.255692,0.818846,0.306433,0.169938,0.780223,0.198608,0.444425,0.507377,0.218475,0.217411,0.714345,0.746592
0.603969,0.511503,0.799788,0.726106,0.379367,0.225103,0.526526,0.619183,0.158378,0.475708,0.390582,0.605446,0.646417,0.606396,0.507635,0.474622
0.779720,0.407595,0.282198,0.297436,0.713161,0.858166,0.665357,0.444029,0.711505,0.802237,0.330858,0.799062,0.843172,0.307632,0.459109,0.297587
0.202286,0.797110,0.564228,0.370537,0.172985,0.390920,0.761563,0.423107,0.463884,0.633717,0.506792,0.197678,0.594100,0.739141,0.844031,0.907486
0.037481,0.519503,0.646418,0.764766,0.567690,0.652122,0.486543,0.744462,0.791612,0.597741,0.257785,0.891547,0.574688,0.271953,0.789930,0.453433
0.710667,0.661041,0.739376,0.639936,0.355923,0.253955,0.380111,0.621549,0.225078,0.543136,0.553969,0.535243,0.648601,0.736972,0.614576,0.437235
0.324689,0.576950,0.275091,0.822777,0.186641,0.476241,0.476124,0.357363,0.526185,0.280293,0.501765,0.512850,0.668574,0.277767,0.428376,0.726866
0.212036,0.712829,0.713001,0.837568,0.706216,0.340291,0.314567,0.709595,0.624550,0.257749,0.758539,0.212207,0.697334,0.855535,0.357130,0.550101
0.622224,0.357714,0.732476,0.406287,0.185074,0.659767,0.626629,0.366351,0.158332,0.464573,0.393342,0.313856,0.448868,0.628561,0.601203,0.376440
0.452002,0.434775,0.876281,0.743660,0.895433,0.395155,0.479549,0.318181,0.288287,0.455059,0.150779,0.842247,0.620535,0.610753,0.289258,0.218286
0.223303,0.647452,0.405317,0.320578,0.073112,0.499654,0.859968,0.504633,0.396111,0.656136,0.478592,0.217026,0.565865,0.640099,0.949201,0.842068
0.752454,0.263500,0.773743,0.296925,0.022973,0.562023,0.623511,0.444548,0.228129,0.279332,0.383493,0.203461,0.367978,0.677996,0.607626,0.348385
0.262645,0.200579,0.718922,0.799201,0.940724,0.979250,0.754661,0.805312,0.500680,0.612327,0.754448,0.739626,0.601944,0.397167,0.446824,0.228531
0.189872,0.339179,0.830134,0.799976,0.667639,0.874844,0.686686,0.854847,0.378340,0.578495,0.634079,0.702598,0.687053,0.419955,0.275364,0.231280
0.327893,0.232909,0.698961,0.644468,0.662378,0.825293,0.604149,0.859264,0.265351,0.525146,0.686071,0.902354,0.794217,0.270427,0.394867,0.304571
0.699595,0.443662,0.294800,0.288394,0.681097,0.700365,0.634123,0.314205,0.618979,0.779035,0.263824,0.673696,0.761364,0.226014,0.484872,0.299250
0.427438,0.661585,0.473303,0.621213,0.677633,0.218183,0.523796,0.571269,0.545093,0.738904,0.582706,0.525505,0.109491,0.691685,0.824750,0.336800
0.749380,0.269179,0.764990,0.228686,0.670530,0.211268,0.245727,0.387749,0.659715,0.597980,0.686674,0.326391,0.601589,0.628695,0.557835,0.780855
0.279451,0.430916,0.604853,0.166430,0.122811,0.880623,0.383378,0.318249,0.752557,0.522073,0.710955,0.501569,0.169634,0.421946,0.747795,0.670253
0.228602,0.537519,0.538112,0.928900,0.775457,0.687284,0.502638,0.543269,0.785974,0.749868,0.272103,0.820266,0.627604,0.286488,0.762678,0.456049
0.668879,0.330819,0.357664,0.269480,0.714031,0.773995,0.793378,0.347401,0.667430,0.718058,0.503347,0.725406,0.816138,0.384439,0.473481,0.274130
0.590973,0.387898,0.277315,0.888919,0.462398,0.684803,0.493453,0.532652,0.323056,0.654818,0.593568,0.683270,0.693088,0.640442,0.724724,0.568172
0.012696,0.468555,0.344022,0.472490,0.586940,0.796147,0.722375,0.418200,0.237411,0.781866,0.291975,0.316936,0.649856,0.473895,0.151525,0.672813
0.195806,0.408537,0.172501,0.311681,0.580174,0.744581,0.729443,0.341696,0.443640,0.764321,0.445099,0.264902,0.619912,0.350250,0.300523,0.638607
0.321204,0.626703,0.702066,0.975051,0.742980,0.329842,0.259544,0.586492,0.642177,0.448174,0.877514,0.405398,0.701702,0.908197,0.496391,0.628602
0.381326,0.436239,0.314793,0.825050,0.325788,0.396673,0.522975,0.404015,0.459370,0.280949,0.573459,0.559105,0.790217,0.197647,0.454623,0.874951
0.191070,0.277475,0.206317,0.371383,0.576920,0.794280,0.624178,0.314320,0.349300,0.760997,0.427981,0.147394,0.677815,0.309389,0.207701,0.737389
0.242895,0.622996,0.509074,0.473867,0.644401,0.245614,0.591637,0.628469,0.652196,0.760393,0.525816,0.420144,0.304092,0.629595,0.736655,0.366733
0.205792,0.324367,0.725237,0.752030,0.780148,0.777223,0.678541,0.696712,0.327887,0.546918,0.609362,0.884504,0.672782,0.292911,0.331552,0.261320
0.157854,0.284292,0.336735,0.510244,0.705955,0.743075,0.672138,0.291411,0.342682,0.864582,0.276411,0.282607,0.542957,0.466533,0.285529,0.655071
0.204465,0.605951,0.560431,0.782358,0.710220,0.605855,0.422034,0.505759,0.704804,0.656594,0.227030,0.853012,0.552349,0.082279,0.928510,0.372621
0.111798,0.536998,0.452114,0.767362,0.538457,0.635711,0.602183,0.536576,0.746777,0.586643,0.303805,0.881096,0.593635,0.193567,0.823694,0.468194
0.563428,0.428914,0.885350,0.448014,0.585614,0.707009,0.712792,0.888773,0.225075,0.931269,0.362157,0.554760,0.629742,0.257494,0.680005,0.728646
0.253531,0.640624,0.627187,0.149398,0.265228,0.880113,0.369658,0.187956,0.816493,0.430827,0.515563,0.385740,0.295728,0.286486,0.548411,0.441064
0.177698,0.328907,0.346534,0.420155,0.221769,0.668312,0.485501,0.392883,0.598423,0.626636,0.845593,0.734129,0.112992,0.385410,0.740338,0.218920
0.563995,0.364872,0.360369,0.971379,0.559578,0.796808,0.452526,0.573498,0.331043,0.754868,0.654414,0.801678,0.662125,0.408313,0.785533,0.472603
0.249988,0.360911,0.904422,0.659025,0.821898,0.871239,0.700568,0.823304,0.391084,0.478719,0.767900,0.675319,0.766669,0.337878,0.380633,0.155074
0.196846,0.542930,0.517007,0.594917,0.622018,0.325699,0.653903,0.547565,0.502656,0.748256,0.570217,0.429921,0.183997,0.631368,0.715435,0.347661
0.266006,0.574411,0.427242,0.645902,0.550874,0.254210,0.711480,0.628284,0.597048,0.750771,0.577638,0.532336,0.244302,0.664288,0.867958,0.174303
0.326649,0.588546,0.761852,0.831778,0.671365,0.211772,0.375556,0.711960,0.698811,0.359848,0.790301,0.317840,0.612138,0.849069,0.366386,0.624976
0.171839,0.708263,0.328069,0.353591,0.088780,0.333030,0.815040,0.492158,0.380819,0.661124,0.554622,0.489803,0.617862,0.474696,0.839021,0.960544
0.231275,0.261821,0.399927,0.355303,0.473705,0.653661,0.832420,0.479042,0.299145,0.614054,0.454545,0.361106,0.594909,0.383042,0.207638,0.677636
0.820660,0.333328,0.385288,0.286818,0.610725,0.751238,0.724000,0.383563,0.438763,0.639358,0.391179,0.619338,0.837380,0.173120,0.430593,0.299021
0.227706,0.578091,0.604102,0.876673,0.429018,0.710990,0.337161,0.550368,0.766313,0.603100,0.272767,0.790414,0.567692,0.332753,0.902216,0.403626
0.273280,0.588603,0.774765,0.906673,0.794570,0.411722,0.295100,0.606951,0.763257,0.220900,0.769567,0.300262,0.699800,0.786948,0.488022,0.718109
0.367595,0.791998,0.714099,0.938600,0.668557,0.328397,0.204765,0.711326,0.686675,0.309113,0.891872,0.512499,0.746272,0.929921,0.374244,0.634494
0.165475,0.790070,0.441446,0.277262,0.084589,0.350729,0.871381,0.312302,0.377227,0.672062,0.444448,0.327662,0.550736,0.535672,0.925490,0.838344
0.649704,0.403835,0.781651,0.397055,0.518694,0.693596,0.707545,0.783785,0.144661,0.964939,0.280290,0.644790,0.653792,0.301005,0.595162,0.754391
0.662803,0.626418,0.817567,0.807834,0.299202,0.192679,0.605908,0.411688,0.235761,0.552535,0.364049,0.768133,0.736464,0.820977,0.617787,0.418018
0.310230,0.752928,0.510866,0.286076,0.109023,0.391916,0.787910,0.446881,0.458844,0.618866,0.375959,0.202463,0.603769,0.631332,0.743865,0.834973
0.266024,0.756601,0.392156,0.359865,0.288727,0.351145,0.736621,0.558403,0.366440,0.555647,0.378066,0.327230,0.601543,0.653637,0.793834,0.815152
0.480923,0.266385,0.838035,0.767408,0.847504,0.379341,0.490465,0.408135,0.218010,0.360847,0.343777,0.639825,0.726625,0.602649,0.267926,0.243209
0.657614,0.336724,0.400695,0.378852,0.594823,0.701905,0.746144,0.413656,0.519417,0.671463,0.281733,0.704751,0.722496,0.297313,0.629277,0.230675
0.689936,0.282302,0.719899,0.358137,0.723949,0.161376,0.204540,0.480081,0.614779,0.636335,0.636623,0.431376,0.596410,0.559692,0.732029,0.714339
0.568992,0.373705,0.804438,0.297795,0.174493,0.613051,0.669353,0.297606,0.275820,0.287263,0.335929,0.214452,0.459398,0.605010,0.672620,0.461022
0.615452,0.550974,0.670558,0.709049,0.466561,0.154292,0.477475,0.519212,0.172490,0.418860,0.449921,0.649830,0.815870,0.757246,0.621269,0.391067
0.185553,0.627823,0.488324,0.596667,0.613107,0.242725,0.493783,0.602931,0.498977,0.780233,0.493223,0.483556,0.203253,0.754211,0.814225,0.271397
0.636102,0.397621,0.233783,0.850847,0.552612,0.698381,0.403097,0.598077,0.297232,0.641670,0.669857,0.573109,0.731472,0.596189,0.748069,0.730682
0.128931,0.834138,0.396414,0.331547,0.235386,0.478528,0.797107,0.397164,0.452781,0.695847,0.464468,0.326203,0.439091,0.528818,0.851788,0.839227
0.240085,0.424193,0.733919,0.782271,0.747821,0.921547,0.781629,0.752959,0.401231,0.455524,0.762401,0.782791,0.766073,0.282793,0.301326,0.204279
0.690186,0.322597,0.419700,0.263453,0.803648,0.827624,0.733844,0.378534,0.615786,0.586346,0.311171,0.747662,0.726965,0.273128,0.622235,0.206883
0.621605,0.336978,0.668137,0.356533,0.214000,0.722824,0.716544,0.378959,0.214610,0.340649,0.480331,0.246299,0.513687,0.665472,0.579233,0.371307
0.319508,0.651284,0.432161,0.655049,0.699453,0.234751,0.584701,0.594850,0.600480,0.673256,0.509088,0.420288,0.283307,0.635038,0.766830,0.330181
0.272139,0.432176,0.195330,0.476908,0.221364,0.733763,0.404772,0.313069,0.542654,0.586518,0.872913,0.595974,0.155513,0.314652,0.727158,0.338515
0.421591,0.717726,0.786757,0.848662,0.830035,0.293087,0.270113,0.638583,0.685000,0.180193,0.951070,0.278742,0.688991,0.771404,0.464945,0.740135
0.163696,0.429934,0.540962,0.795772,0.597039,0.654694,0.495660,0.583720,0.847573,0.508597,0.350374,0.939224,0.636064,0.341834,0.830786,0.581868
0.134067,0.588716,0.497115,0.739524,0.533771,0.562292,0.431582,0.566987,0.827055,0.657689,0.414517,0.771588,0.512700,0.365121,0.877488,0.299227
0.145946,0.430764,0.272163,0.408535,0.657632,0.711964,0.778816,0.437244,0.228239,0.806486,0.330803,0.287848,0.581035,0.298456,0.189030,0.696057
0.622485,0.576558,0.631913,0.689903,0.363297,0.031793,0.549178,0.582924,0.229029,0.680424,0.622299,0.571978,0.705511,0.757474,0.594182,0.390383
0.705968,0.544436,0.638999,0.641117,0.336283,0.182380,0.412361,0.634451,0.298229,0.493706,0.497124,0.562579,0.855638,0.766112,0.637854,0.395524
0.503554,0.490743,0.329514,0.852617,0.671146,0.833024,0.448904,0.449367,0.330328,0.698606,0.666411,0.672627,0.714051,0.500547,0.735486,0.545335
0.306940,0.561341,0.513435,0.876172,0.575528,0.633965,0.416274,0.520854,0.698490,0.555725,0.347963,0.857127,0.620171,0.192050,0.863378,0.312675
0.354725,0.629783,0.809541,0.712415,0.821582,0.268895,0.349350,0.745735,0.763540,0.308390,0.800303,0.457560,0.815329,0.968968,0.417147,0.718691
0.136943,0.749417,0.331891,0.300540,0.278064,0.401068,0.813427,0.288144,0.547020,0.518317,0.363719,0.297422,0.463941,0.724055,0.750851,0.869241
0.256759,0.748912,0.540467,0.308792,0.238712,0.341760,0.820391,0.495571,0.307305,0.659814,0.450951,0.467593,0.609629,0.598490,0.843669,0.693602
0.453485,0.458438,0.270235,0.838238,0.480248,0.837286,0.520979,0.473862,0.381806,0.707252,0.557890,0.590660,0.786764,0.573289,0.713060,0.585340
0.154857,0.417650,0.252867,0.499702,0.276149,0.801717,0.535222,0.280828,0.638344,0.634883,0.729199,0.691146,0.176825,0.374770,0.756954,0.177735
0.182149,0.645889,0.461826,0.354330,0.248530,0.345129,0.763307,0.556640,0.379232,0.622516,0.529069,0.337027,0.571055,0.630921,0.842493,0.816972
0.184190,0.797156,0.512555,0.488048,0.262673,0.350519,0.788784,0.470766,0.492192,0.595788,0.553471,0.387500,0.542976,0.507541,0.782341,0.705418
0.336476,0.230668,0.816445,0.693330,0.713483,0.981101,0.621771,0.777514,0.347255,0.414559,0.694817,0.812331,0.682849,0.374733,0.328538,0.278587
0.259967,0.492284,0.653400,0.246272,0.208293,0.833188,0.319607,0.182340,0.729821,0.351859,0.518575,0.486266,0.173961,0.335723,0.741378,0.671938
0.717361,0.722220,0.703037,0.680457,0.368219,0.096531,0.514151,0.562367,0.216776,0.515403,0.360060,0.612845,0.748284,0.648551,0.667669,0.395719
0.686544,0.217291,0.269205,0.312171,0.639495,0.743185,0.715318,0.454058,0.507545,0.597109,0.299555,0.714678,0.832836,0.284921,0.483288,0.306354
0.337253,0.601476,0.739226,0.806230,0.868566,0.305863,0.292477,0.642150,0.681854,0.251492,0.849244,0.289589,0.810628,0.837429,0.442745,0.545468
0.706055,0.218656,0.640122,0.301391,0.735062,0.131687,0.296960,0.409012,0.664170,0.668078,0.655300,0.533237,0.548982,0.565530,0.803815,0.914418
0.142750,0.360331,0.514594,0.490520,0.543813,0.727016,0.698187,0.197383,0.317485,0.803943,0.318206,0.377474,0.578402,0.296660,0.271935,0.619731
0.219993,0.222788,0.139585,0.416671,0.240819,0.603939,0.481883,0.369690,0.617455,0.622649,0.852131,0.672748,0.340359,0.261689,0.764940,0.218342
0.400686,0.613558,0.464222,0.423318,0.683255,0.322344,0.577608,0.641932,0.603323,0.555561,0.594498,0.388508,0.172352,0.663205,0.978778,0.297801
0.150380,0.502595,0.582336,0.142444,0.077000,0.758899,0.313113,0.168783,0.773461,0.404155,0.597734,0.482609,0.157285,0.326886,0.859043,0.602171
0.267424,0.734809,0.465900,0.594518,0.680130,0.351066,0.637531,0.598992,0.454525,0.727434,0.503467,0.473123,0.059570,0.693153,1.000000,0.332944
0.388048,0.698744,0.481853,0.572299,0.610415,0.322592,0.478654,0.576100,0.582092,0.628620,0.629676,0.512627,0.198155,0.772121,0.978748,0.216793
0.257988,0.510609,0.540920,0.789400,0.565508,0.725822,0.453108,0.675542,0.672465,0.683676,0.356904,0.794570,0.533004,0.225284,0.839872,0.479316
0.265638,0.688784,0.546557,0.373148,0.196300,0.418058,0.895199,0.481588,0.415662,0.534611,0.381455,0.261623,0.608613,0.617895,0.980943,0.853804
0.339029,0.683960,0.394653,0.306843,0.147175,0.363222,0.847354,0.578441,0.447209,0.650928,0.479699,0.316176,0.556584,0.553646,0.946959,0.696266
0.356604,0.458162,0.864186,0.855211,0.904717,0.303378,0.432894,0.227617,0.173581,0.515160,0.205850,0.799708,0.771706,0.639041,0.193780,0.419420
0.593949,0.435445,0.880283,0.645892,0.553809,0.653053,0.671890,0.883012,0.241320,0.919561,0.406991,0.582437,0.701640,0.214005,0.469506,0.746956
0.204051,0.662131,0.524952,0.355786,0.259949,0.372209,0.830993,0.491799,0.458017,0.571799,0.518306,0.304712,0.539883,0.534417,0.920987,0.821771
0.167429,0.767552,0.538969,0.218627,0.205780,0.368772,0.920529,0.394342,0.259496,0.489695,0.410305,0.283650,0.595187,0.577087,0.846132,0.824212
0.679598,0.541948,0.586994,0.784187,0.504256,0.179414,0.238743,0.470435,0.120976,0.588188,0.494431,0.543473,0.755849,0.758740,0.573657,0.364036
0.142793,0.583920,0.595826,0.174410,0.365706,0.924823,0.247299,0.178069,0.704361,0.438648,0.560116,0.550978,0.326823,0.259496,0.672733,0.539450
0.283131,0.322141,0.713457,0.789169,0.730494,0.891516,0.657265,0.826685,0.338924,0.476377,0.622953,0.799774,0.742874,0.312629,0.343462,0.221425
0.326097,0.716575,0.656851,0.760625,0.711020,0.330582,0.294804,0.668182,0.615421,0.202835,0.745525,0.417742,0.664671,0.853640,0.361919,0.549326
0.203557,0.534386,0.590154,0.210823,0.192823,0.827477,0.395718,0.300878,0.808562,0.379729,0.486976,0.473701,0.258605,0.180824,0.857435,0.565002
0.730800,0.305500,0.646242,0.426890,0.657196,0.183346,0.309624,0.454775,0.576515,0.499904,0.691489,0.340232,0.565968,0.572607,0.727678,0.981801
0.293436,0.772305,0.499789,0.259130,0.157895,0.477672,0.930791,0.409297,0.371726,0.674376,0.521983,0.372250,0.622916,0.602068,0.766513,0.774253
0.091116,0.716245,0.576588,0.314517,0.240595,0.452295,0.734242,0.425398,0.414804,0.774500,0.351257,0.316430,0.544511,0.587962,0.940087,0.790122
0.794818,0.257190,0.383451,0.289934,0.596536,0.751042,0.781609,0.359301,0.577774,0.648493,0.329827,0.722434,0.801873,0.190050,0.527613,0.265915
0.632897,0.461357,0.225859,0.855358,0.534665,0.648811,0.403678,0.450758,0.319140,0.702670,0.624856,0.705536,0.752560,0.484275,0.559795,0.614612
0.463491,0.332185,0.303831,0.795391,0.528357,0.810053,0.432717,0.511933,0.226827,0.633774,0.792797,0.483244,0.749867,0.486326,0.587605,0.443457
0.306970,0.332836,0.723464,0.721782,0.738984,0.250341,0.632355,0.424168,0.272650,0.344123,0.316137,0.759583,0.714568,0.568299,0.279183,0.446223
0.282615,0.629874,0.465026,0.589755,0.577221,0.354996,0.457337,0.556896,0.491936,0.707906,0.457643,0.484187,0.193564,0.646558,0.763764,0.306333
0.699231,0.185336,0.559230,0.231405,0.763771,0.135287,0.260720,0.306797,0.568749,0.669099,0.529494,0.306860,0.599738,0.496409,0.651505,0.909879
0.647461,0.602418,0.692312,0.589652,0.349917,0.187628,0.367865,0.658524,0.104969,0.638887,0.468274,0.670919,0.838332,0.686004,0.458467,0.542151
0.564775,0.475658,0.298616,0.893505,0.604672,0.789794,0.382284,0.571423,0.308236,0.813409,0.598872,0.751998,0.675542,0.425646,0.668564,0.634726
0.199622,0.596618,0.598565,0.257082,0.213011,0.923807,0.474578,0.213893,0.685271,0.426711,0.640840,0.569064,0.368841,0.259552,0.616659,0.637024
0.334585,0.645618,0.698329,0.806393,0.713943,0.363243,0.211621,0.682289,0.622494,0.285700,0.777408,0.375767,0.683195,0.843889,0.362254,0.754489
0.353598,0.450931,0.841936,0.725516,0.802351,0.296958,0.596313,0.363088,0.157755,0.382628,0.214007,0.828813,0.730909,0.609990,0.289519,0.383134
0.731057,0.325290,0.350724,0.311133,0.519194,0.753954,0.665421,0.408104,0.457868,0.645990,0.339789,0.750126,0.764837,0.284197,0.500783,0.217168
0.401190,0.339024,0.795122,0.683255,0.798757,0.900075,0.719945,0.799243,0.387810,0.483186,0.506405,0.628925,0.655897,0.353651,0.357107,0.274867
0.256664,0.306703,0.709928,0.581500,0.811401,0.753973,0.672087,0.780290,0.405812,0.515108,0.631731,0.700163,0.698594,0.430868,0.264757,0.188124
0.254111,0.675892,0.626984,0.919677,0.853135,0.310217,0.245829,0.674814,0.653467,0.259429,0.687352,0.286043,0.773968,0.866324,0.369985,0.637178
0.374767,0.334622,0.923999,0.799743,0.784517,0.363237,0.426960,0.411013,0.233819,0.530012,0.285489,0.768004,0.750343,0.595055,0.267784,0.294755
0.206978,0.283443,0.298036,0.627842,0.285138,0.679970,0.509510,0.391356,0.535929,0.569835,0.807657,0.681378,0.136801,0.476517,0.697681,0.277547
0.319227,0.634553,0.443501,0.473075,0.640866,0.391185,0.514175,0.597469,0.473948,0.665601,0.605308,0.510157,0.258298,0.673586,0.848604,0.270517
0.285474,0.646274,0.810201,0.769123,0.757257,0.280871,0.281309,0.761623,0.694724,0.253358,0.820018,0.372479,0.720012,0.812700,0.552066,0.644433
0.124228,0.323618,0.316721,0.384530,0.239553,0.725190,0.559329,0.359902,0.520737,0.627244,0.839803,0.626542,0.177675,0.414740,0.741552,0.284454
0.567562,0.340608,0.732436,0.468758,0.227541,0.656628,0.613719,0.347652,0.119975,0.318423,0.254804,0.118337,0.382325,0.624342,0.565243,0.277442
0.144269,0.351058,0.228779,0.400302,0.568828,0.717686,0.693017,0.360435,0.308228,0.754077,0.487380,0.357920,0.691581,0.378662,0.228110,0.655126
0.108312,0.306754,0.741797,0.881245,0.695304,0.855081,0.810721,0.895822,0.413468,0.393089,0.664956,0.756094,0.682667,0.357387,0.309338,0.199668
0.660006,0.140052,0.711655,0.257184,0.657617,0.274800,0.340462,0.365745,0.614666,0.640912,0.546767,0.336159,0.567798,0.439990,0.540380,0.894670
0.265112,0.318328,0.855554,0.687025,0.847034,0.775562,0.670669,0.849198,0.304056,0.345811,0.617855,0.742367,0.766631,0.327014,0.242920,0.278768
0.201585,0.332396,0.296729,0.514489,0.284780,0.642529,0.574163,0.355944,0.512702,0.654282,0.692287,0.731951,0.145122,0.422140,0.796160,0.198253
0.275594,0.649783,0.506696,0.327640,0.105048,0.409912,0.887882,0.276613,0.308986,0.604774,0.410892,0.352615,0.491351,0.575393,0.826886,0.883533
0.747235,0.328044,0.352462,0.270136,0.752589,0.641184,0.617371,0.290568,0.570670,0.770041,0.352648,0.763792,0.770656,0.161433,0.565064,0.219451
0.559702,0.595642,0.708473,0.735461,0.385667,0.176835,0.489637,0.531684,0.148668,0.477820,0.430803,0.628298,0.800340,0.656409,0.730642,0.526852
0.237490,0.636199,0.601643,0.740324,0.535266,0.647418,0.412862,0.491482,0.733026,0.594029,0.383828,0.802002,0.516316,0.256574,0.830034,0.319998
0.216068,0.443834,0.282775,0.442518,0.642822,0.585106,0.663526,0.406835,0.373771,0.577553,0.392648,0.302093,0.544319,0.322527,0.102006,0.551891
0.325065,0.531245,0.347957,0.859634,0.251677,0.429364,0.595701,0.347388,0.462216,0.288363,0.688206,0.731406,0.841116,0.246376,0.354174,0.788037
0.559016,0.654712,0.706833,0.636509,0.303781,0.148896,0.462362,0.638990,0.223276,0.647876,0.555775,0.531560,0.697057,0.689111,0.555712,0.438974
0.484069,0.536235,0.299280,0.843654,0.594651,0.764574,0.638632,0.748605,0.242328,0.652730,0.745601,0.551665,0.721373,0.513527,0.621038,0.614895
0.185106,0.580638,0.520049,0.779132,0.517007,0.601840,0.473905,0.650699,0.686075,0.735146,0.202472,0.829973,0.568659,0.241145,0.842794,0.378604
0.407754,0.388526,0.800948,0.724274,0.716999,0.281110,0.481448,0.319029,0.171402,0.411595,0.280537,0.916704,0.776560,0.489875,0.393195,0.455292
0.200042,0.581915,0.488358,0.793722,0.576891,0.599017,0.543864,0.554139,0.770769,0.707391,0.350089,0.819666,0.558746,0.150490,0.815223,0.535831
0.374209,0.617600,0.427925,0.650346,0.643030,0.255996,0.516837,0.677080,0.601676,0.811397,0.507313,0.390915,0.186169,0.699057,0.707095,0.239482
0.301683,0.710504,0.490221,0.699195,0.675884,0.222342,0.579462,0.640561,0.524139,0.595997,0.607256,0.386098,0.274235,0.571330,0.947183,0.283259
0.401595,0.328767,0.874906,0.652327,0.863466,0.883804,0.676734,0.840632,0.423881,0.481601,0.703852,0.773321,0.626565,0.384534,0.391514,0.133470
0.698694,0.315984,0.263527,0.358185,0.695438,0.761403,0.697725,0.238008,0.532474,0.647083,0.319994,0.514575,0.702324,0.287523,0.523046,0.284649
0.268889,0.634418,0.468225,0.577333,0.670187,0.347211,0.508528,0.735223,0.676297,0.708505,0.513753,0.460423,0.207690,0.514134,0.783431,0.262274
0.285107,0.603593,0.738370,0.834301,0.719525,0.377000,0.274236,0.581169,0.670235,0.257597,0.880056,0.304730,0.732512,0.823663,0.445012,0.705664
0.243933,0.559226,0.447805,0.260868,0.289900,0.919786,0.561433,0.233293,0.734583,0.421472,0.574721,0.602252,0.280910,0.324778,0.711147,0.558067
0.644138,0.421989,0.764796,0.409187,0.109181,0.730927,0.653482,0.377570,0.178487,0.428309,0.350701,0.155914,0.480102,0.625129,0.646695,0.484463
0.243002,0.747186,0.413676,0.394607,0.171469,0.459496,0.836602,0.449953,0.459618,0.637170,0.535043,0.390713,0.526804,0.590367,0.834899,0.802105
0.532860,0.457406,0.856481,0.474432,0.277485,0.566722,0.611902,0.456719,0.261363,0.292952,0.347987,0.237029,0.426422,0.631164,0.609816,0.413017
0.562917,0.362289,0.875646,0.419391,0.318211,0.684831,0.621927,0.389801,0.268799,0.469211,0.338898,0.231177,0.428582,0.622599,0.542456,0.427987
0.293092,0.566367,0.634451,0.056228,0.214161,0.787476,0.456107,0.158059,0.622144,0.406956,0.468381,0.541659,0.166627,0.266219,0.605924,0.594165
0.217765,0.529194,0.585574,0.151239,0.084736,0.824645,0.333076,0.219753,0.820303,0.521336,0.442268,0.529611,0.286470,0.286503,0.801161,0.604971
0.565039,0.384846,0.182100,0.772559,0.520359,0.660586,0.426384,0.476492,0.298131,0.605421,0.706156,0.630249,0.802102,0.504311,0.645281,0.525366
0.716784,0.303709,0.317835,0.294083,0.645774,0.726934,0.651336,0.370815,0.696230,0.581907,0.232845,0.693984,0.711701,0.229954,0.595082,0.136658
0.547487,0.244550,0.655381,0.330228,0.140009,0.747961,0.594172,0.450160,0.295381,0.260054,0.374799,0.193830,0.436313,0.658241,0.670282,0.547205
0.170791,0.359466,0.305351,0.384759,0.630855,0.670131,0.737911,0.318065,0.219921,0.766199,0.502369,0.334398,0.698707,0.485818,0.238285,0.681239
0.356092,0.563548,0.442916,0.670891,0.600994,0.272635,0.619171,0.592336,0.440331,0.695292,0.445236,0.503682,0.193709,0.733471,0.747644,0.365829
0.180128,0.479539,0.627432,0.197775,0.315358,0.872799,0.405086,0.155722,0.763040,0.338775,0.579908,0.472454,0.176675,0.464510,0.648799,0.612297
0.648195,0.465066,0.310532,0.913179,0.520664,0.633600,0.371729,0.581880,0.332764,0.682172,0.759818,0.609864,0.597235,0.486391,0.703296,0.646459
0.631570,0.416739,0.702354,0.357818,0.531641,0.709683,0.652163,0.786190,0.378204,0.870696,0.364559,0.627479,0.778696,0.286762,0.678234,0.685848
0.491605,0.523306,0.152094,0.921053,0.147351,0.446928,0.546564,0.401190,0.510334,0.267780,0.565736,0.527915,0.865917,0.298530,0.443298,0.750474
0.175966,0.566566,0.516408,0.147800,0.301226,0.893763,0.445179,0.161052,0.821174,0.384720,0.520097,0.539669,0.336087,0.314408,0.743236,0.558912
0.614371,0.450602,0.343428,0.888553,0.588916,0.811470,0.467662,0.515682,0.356785,0.679048,0.735529,0.613358,0.777145,0.441264,0.678887,0.423531
0.658184,0.694152,0.750385,0.743789,0.319158,0.321074,0.425057,0.596087,0.144988,0.455123,0.295713,0.668075,0.855684,0.696459,0.527364,0.670485
0.667244,0.260708,0.573948,0.319641,0.556310,0.232398,0.302965,0.518752,0.679065,0.587221,0.574443,0.264158,0.684737,0.560107,0.643927,0.739508
0.285755,0.674566,0.696952,0.763869,0.572972,0.362898,0.192226,0.741081,0.723206,0.363686,0.803006,0.431605,0.603671,0.843543,0.470327,0.709086
0.274175,0.633522,0.547501,0.699939,0.666127,0.309522,0.451885,0.511976,0.509519,0.753886,0.617468,0.383067,0.322869,0.739631,0.777640,0.412752
0.260921,0.615963,0.536608,0.614751,0.660395,0.261591,0.567844,0.659843,0.580419,0.579854,0.479853,0.420302,0.259855,0.517480,0.757579,0.195595
0.614118,0.268735,0.709955,0.325620,0.639373,0.129400,0.159555,0.399159,0.565538,0.707807,0.637062,0.463476,0.604618,0.517139,0.648516,0.886039
0.339763,0.318203,0.846518,0.794769,0.764924,0.419540,0.500039,0.401369,0.238588,0.447344,0.304323,0.753514,0.648466,0.718119,0.293179,0.308708
0.127172,0.402150,0.339823,0.403448,0.545248,0.769066,0.738994,0.319094,0.275363,0.750110,0.347779,0.397052,0.483677,0.337245,0.276101,0.655937
0.416996,0.513570,0.367011,0.933540,0.300790,0.524999,0.464411,0.485512,0.547940,0.174939,0.513338,0.484251,0.713491,0.291765,0.312877,0.894007
0.582684,0.649291,0.674640,0.709192,0.358887,0.312352,0.419956,0.498136,0.248136,0.548519,0.385416,0.665662,0.784339,0.780316,0.689474,0.424151
0.515514,0.375955,0.336907,0.843111,0.671164,0.755675,0.548755,0.496450,0.297893,0.720541,0.653489,0.525064,0.676880,0.564178,0.710124,0.593569
0.325992,0.636094,0.688011,0.731222,0.861041,0.265893,0.344114,0.631544,0.773341,0.159400,0.739369,0.387380,0.663875,0.772826,0.495925,0.662492
0.312626,0.320614,0.249979,0.479953,0.275054,0.769202,0.462764,0.351703,0.466730,0.678642,0.989055,0.740964,0.308299,0.464004,0.801329,0.223245
0.587270,0.433210,0.332494,0.280377,0.674758,0.793854,0.663309,0.334014,0.495337,0.658237,0.344043,0.757304,0.903785,0.234559,0.597347,0.454322
0.637466,0.192449,0.731457,0.265577,0.615054,0.256346,0.235242,0.414474,0.636596,0.490392,0.746346,0.454270,0.632001,0.515093,0.662318,0.791707
0.604197,0.436126,0.337922,0.964295,0.512356,0.604982,0.514308,0.672684,0.240379,0.882857,0.586737,0.579774,0.744307,0.674073,0.763477,0.534012
0.551796,0.421307,0.372619,0.825601,0.592041,0.765115,0.451091,0.673007,0.209468,0.796921,0.687320,0.649039,0.733530,0.569087,0.659900,0.583926
0.088097,0.481906,0.594556,0.215424,0.215216,0.858022,0.362978,0.208069,0.733634,0.364318,0.638165,0.478069,0.237008,0.226210,0.683235,0.535702
0.638848,0.625043,0.698742,0.683585,0.399292,0.124962,0.400123,0.473100,0.185531,0.554337,0.379306,0.686313,0.712037,0.710600,0.696076,0.576018
0.306182,0.265253,0.339796,0.658102,0.206163,0.768632,0.515332,0.223029,0.589232,0.607230,0.817277,0.716932,0.242925,0.421719,0.793367,0.176371
0.491196,0.323405,0.771068,0.351622,0.023243,0.705410,0.509601,0.440124,0.174396,0.324223,0.366184,0.266334,0.415999,0.585373,0.504998,0.414992
0.671109,0.148767,0.637257,0.384856,0.718574,0.161588,0.318355,0.450017,0.684033,0.612771,0.642417,0.419190,0.622416,0.444449,0.726764,0.793662
0.561629,0.418152,0.902117,0.586784,0.486334,0.736610,0.548321,0.845751,0.292465,0.711335,0.331249,0.570489,0.751132,0.284764,0.678680,0.826429
0.315719,0.270615,0.910834,0.822130,0.697905,0.750435,0.656839,0.804400,0.322708,0.467313,0.650738,0.778166,0.688556,0.323402,0.253322,0.313939
0.286761,0.602243,0.417918,0.619759,0.708278,0.390278,0.581952,0.642879,0.608216,0.809150,0.599666,0.459200,0.289627,0.631938,0.816884,0.330776
0.635214,0.392524,0.394042,0.379725,0.655954,0.681408,0.743415,0.307397,0.685813,0.694777,0.283576,0.754093,0.739815,0.150716,0.463559,0.214302
0.356279,0.421903,0.747486,0.891986,0.852452,0.871283,0.761523,0.828520,0.482565,0.579891,0.624506,0.734208,0.704616,0.313983,0.340400,0.214418
0.583146,0.429949,0.403717,0.872863,0.470555,0.749696,0.441332,0.541274,0.323385,0.692619,0.576104,0.670282,0.682834,0.587313,0.638595,0.657518
0.298000,0.493572,0.206817,0.852178,0.178449,0.475067,0.637119,0.467148,0.406032,0.302978,0.614200,0.741298,0.719722,0.170633,0.380919,0.738592
0.661209,0.301172,0.604444,0.200085,0.696323,0.254202,0.178901,0.381402,0.657240,0.531951,0.527685,0.382118,0.642409,0.534403,0.702067,0.822346
0.108746,0.546088,0.602694,0.887147,0.556773,0.698980,0.435695,0.511522,0.810031,0.635714,0.345550,0.934904,0.557256,0.330637,0.850337,0.490175
0.364091,0.600209,0.838096,0.800241,0.783974,0.482958,0.305784,0.572188,0.651334,0.271998,0.751067,0.286996,0.674518,0.793493,0.343066,0.450575
0.257494,0.466402,0.201778,0.771854,0.266005,0.482319,0.752126,0.338438,0.533995,0.263725,0.647531,0.563604,0.737638,0.259141,0.426975,0.689178
0.555628,0.446502,0.870799,0.453793,0.593850,0.708674,0.665835,0.889004,0.190846,0.819453,0.378909,0.625222,0.554539,0.329159,0.634243,0.619005
0.151708,0.763457,0.517515,0.462494,0.211782,0.397233,0.785745,0.489445,0.469083,0.506967,0.359621,0.335256,0.623786,0.557763,0.877816,0.843838
0.704859,0.577027,0.769962,0.680759,0.338374,0.227097,0.402947,0.531975,0.293429,0.529331,0.446008,0.691309,0.794997,0.642805,0.539781,0.527119
0.223125,0.249673,0.822922,0.690665,0.776183,0.705454,0.793301,0.763385,0.359199,0.560190,0.686447,0.784543,0.748814,0.424891,0.394425,0.249092
0.558082,0.719276,0.781374,0.741696,0.421760,0.277882,0.426893,0.592076,0.167350,0.563173,0.534105,0.453230,0.783794,0.661509,0.609461,0.423263
0.205321,0.683505,0.468743,0.413679,0.114023,0.384615,0.925427,0.559367,0.451015,0.599970,0.389645,0.283517,0.624520,0.651198,0.799967,0.800841
0.251019,0.318110,0.108936,0.451334,0.306683,0.763045,0.560430,0.384369,0.500382,0.733411,0.721489,0.764823,0.219957,0.334766,0.665991,0.235405
0.210748,0.292429,0.285561,0.448960,0.496628,0.663864,0.875898,0.280977,0.285829,0.786746,0.349533,0.292536,0.597139,0.378261,0.320029,0.697614
0.746353,0.427563,0.800155,0.341494,0.150703,0.687958,0.637886,0.430353,0.286356,0.332339,0.355888,0.254361,0.476805,0.759956,0.487250,0.272153
0.530871,0.379406,0.604776,0.278116,0.233911,0.748578,0.591524,0.373413,0.274929,0.322268,0.348620,0.177578,0.391225,0.710686,0.626178,0.438372
0.740056,0.569013,0.863384,0.637643,0.343897,0.178349,0.365491,0.623916,0.306574,0.411288,0.529525,0.536889,0.909496,0.865429,0.613471,0.345440
0.599173,0.652256,0.715090,0.811175,0.225653,0.163493,0.468616,0.603926,0.135368,0.561920,0.471711,0.570196,0.832519,0.684780,0.554894,0.419387
0.212595,0.337482,0.333663,0.405337,0.643285,0.803635,0.762847,0.254310,0.338544,0.762195,0.321822,0.258707,0.756785,0.392581,0.333119,0.639462
0.350062,0.462307,0.155198,0.899010,0.234228,0.400670,0.588588,0.496710,0.421670,0.224749,0.660777,0.686990,0.788950,0.196099,0.445056,0.689438
0.473777,0.550758,0.956284,0.373225,0.564637,0.724201,0.712835,0.857389,0.166113,0.926262,0.410208,0.563948,0.748536,0.318620,0.579255,0.760116
0.273683,0.703598,0.374140,0.564942,0.639670,0.424895,0.487626,0.651270,0.490871,0.830818,0.484180,0.433828,0.266486,0.659192,0.769748,0.246908
0.604482,0.395850,0.349415,0.799622,0.538477,0.746428,0.489891,0.514978,0.233789,0.764170,0.546945,0.616189,0.899895,0.447900,0.642029,0.675921
0.310631,0.216643,0.775364,0.699707,0.889280,0.819771,0.665571,0.833848,0.303973,0.493824,0.703057,0.929713,0.704240,0.361640,0.382544,0.244497
0.272443,0.310791,0.286287,0.447116,0.564850,0.737023,0.751780,0.317566,0.334534,0.838934,0.379789,0.306583,0.736262,0.273902,0.270777,0.601889
0.354136,0.275354,0.802826,0.845781,0.781595,0.335768,0.426170,0.463117,0.043479,0.489304,0.289766,0.734349,0.685175,0.678251,0.392116,0.286172
0.302392,0.713147,0.555821,0.581250,0.606715,0.324860,0.686587,0.596028,0.425001,0.693760,0.573118,0.413414,0.197590,0.684337,0.783926,0.270240
0.515199,0.205162,0.659932,0.414648,0.096956,0.491736,0.569531,0.347450,0.172238,0.263652,0.381037,0.371561,0.466320,0.610718,0.562692,0.311267
0.222552,0.487564,0.420454,0.434355,0.618093,0.683016,0.610943,0.303370,0.314409,0.798464,0.529591,0.385559,0.585193,0.355453,0.265512,0.701219
0.669213,0.338927,0.844050,0.392178,0.472160,0.584468,0.647094,0.792679,0.232384,0.799801,0.396000,0.485909,0.731886,0.252647,0.654597,0.719849
0.238646,0.506599,0.092951,0.802504,0.229343,0.392743,0.568139,0.493436,0.397574,0.223091,0.611959,0.618511,0.626922,0.223150,0.439406,0.806734
0.302043,0.357936,0.317749,0.428045,0.623277,0.793121,0.669526,0.296940,0.294264,0.740615,0.376028,0.215692,0.580691,0.300090,0.217996,0.624446
0.611734,0.636307,0.649061,0.733198,0.440210,0.321944,0.535088,0.637975,0.295604,0.508898,0.514973,0.529349,0.911992,0.668785,0.682864,0.525172
0.317664,0.720072,0.799927,0.747415,0.692701,0.436500,0.322661,0.563956,0.671070,0.340531,0.705382,0.244027,0.721951,0.776376,0.444176,0.635438
0.627880,0.310928,0.757502,0.422272,0.152791,0.696709,0.753021,0.337150,0.263000,0.393603,0.408848,0.226002,0.385230,0.641227,0.487596,0.473306
0.244943,0.286299,0.916369,0.748562,0.696804,0.885061,0.803412,0.741010,0.423808,0.571900,0.729706,0.761838,0.743642,0.397900,0.482421,0.216883
0.232277,0.428678,0.266277,0.435107,0.150467,0.734324,0.513582,0.381277,0.443518,0.759135,0.796498,0.749961,0.096767,0.325627,0.672829,0.194990
0.612850,0.279493,0.659706,0.271179,0.736900,0.276245,0.344496,0.389850,0.605491,0.581197,0.611249,0.437399,0.583010,0.509376,0.620715,0.815491
0.805608,0.621628,0.727134,0.698090,0.344448,0.153465,0.542900,0.625683,0.092029,0.497906,0.506015,0.711487,0.895576,0.835904,0.478555,0.447201
0.341905,0.748223,0.709779,0.736773,0.766866,0.313278,0.237998,0.726092,0.729981,0.304487,0.765024,0.354865,0.765123,0.846249,0.430632,0.635275
0.308894,0.395585,0.197872,0.504322,0.292738,0.647798,0.417754,0.285148,0.567396,0.596660,0.878816,0.640894,0.206376,0.235672,0.668201,0.417642
0.363857,0.488247,0.483655,0.181739,0.210087,0.889753,0.317564,0.246116,0.665709,0.488777,0.391146,0.576197,0.352154,0.339741,0.630146,0.719169
0.205506,0.310173,0.227740,0.430061,0.228135,0.702459,0.549270,0.350112,0.571951,0.762076,0.751636,0.678170,0.290577,0.379361,0.805115,0.344959
0.204919,0.346534,0.792412,0.821422,0.768824,0.877076,0.648470,0.668450,0.332950,0.597946,0.594464,0.675715,0.683896,0.431428,0.354858,0.325894
0.240764,0.502998,0.601303,0.265985,0.188843,0.786938,0.342904,0.176492,0.769396,0.462467,0.564053,0.605982,0.177656,0.293445,0.714740,0.644857
0.264538,0.624113,0.673484,0.781558,0.605635,0.326106,0.280439,0.748027,0.674792,0.224884,0.669265,0.295778,0.639932,0.827779,0.387586,0.592201
0.358283,0.463898,0.274841,0.835325,0.365426,0.467591,0.636300,0.387633,0.500276,0.286443,0.639607,0.744043,0.677227,0.254611,0.352994,0.905832
0.159775,0.438195,0.358594,0.444979,0.639151,0.799063,0.828992,0.341918,0.297467,0.797587,0.337487,0.239960,0.494486,0.395868,0.199771,0.556784
0.325472,0.407269,0.729066,0.706746,0.812614,0.845354,0.699276,0.804658,0.362179,0.499013,0.601851,0.704412,0.706407,0.398246,0.382232,0.230592
0.102276,0.565007,0.586047,0.753119,0.661595,0.647937,0.527860,0.574432,0.750865,0.761753,0.295040,0.922977,0.635349,0.132405,0.742392,0.418093
0.727299,0.442203,0.359570,0.294236,0.615078,0.669067,0.767389,0.424708,0.640108,0.617751,0.344016,0.684309,0.816672,0.233146,0.450852,0.278079
0.292074,0.680716,0.542523,0.539592,0.690813,0.440405,0.534297,0.527718,0.636871,0.617549,0.487233,0.481592,0.182449,0.668355,0.887232,0.187452
0.320401,0.824656,0.521170,0.238030,0.227556,0.490022,0.799834,0.438612,0.333021,0.662901,0.374499,0.423004,0.708461,0.652136,0.642882,0.853824
0.330372,0.328982,0.743751,0.713264,0.768074,0.901964,0.685729,0.769472,0.299816,0.607018,0.691985,0.737977,0.749438,0.474773,0.290052,0.185273
0.608696,0.701992,0.753997,0.677545,0.450848,0.297381,0.589474,0.518919,0.170980,0.547332,0.501786,0.677820,0.827918,0.641903,0.605976,0.500289
0.764459,0.331655,0.378234,0.339971,0.581866,0.764250,0.888044,0.490150,0.595553,0.707300,0.284732,0.755950,0.889470,0.205174,0.457218,0.376546
0.529532,0.410896,0.183757,0.962182,0.556341,0.719552,0.419038,0.624935,0.264243,0.761257,0.685664,0.713011,0.638553,0.533645,0.667178,0.510424
0.261432,0.529063,0.580661,0.827597,0.535927,0.673803,0.448340,0.607678,0.794576,0.607298,0.379191,0.904530,0.456560,0.235632,0.864195,0.460534
0.596906,0.688775,0.686698,0.727092,0.351450,0.278718,0.396519,0.561010,0.390342,0.456475,0.550146,0.572056,0.847868,0.709434,0.654019,0.387485
0.258061,0.358677,0.785661,0.886417,0.682705,0.351923,0.585978,0.536262,0.211101,0.327310,0.221284,0.705436,0.723677,0.576831,0.401140,0.226442
0.687110,0.243582,0.758977,0.327783,0.671588,0.209022,0.321733,0.314118,0.716564,0.536645,0.587438,0.325739,0.549599,0.468292,0.628274,0.898347
0.204865,0.754157,0.441495,0.230769,0.195459,0.312116,0.769938,0.372342,0.398066,0.462661,0.460077,0.257997,0.412682,0.483683,0.757264,0.911042
0.382373,0.450181,0.239244,0.953087,0.307517,0.392923,0.526477,0.373826,0.437594,0.272962,0.700210,0.667847,0.702840,0.219317,0.365078,0.739529
0.556661,0.291637,0.750340,0.287321,0.215228,0.704129,0.623302,0.395343,0.344309,0.330231,0.389940,0.127706,0.394890,0.570125,0.584282,0.514849
0.207736,0.419775,0.767843,0.678559,0.874548,0.867587,0.743482,0.826610,0.376866,0.538996,0.740360,0.684589,0.827151,0.384317,0.353149,0.162937
0.180603,0.699784,0.676172,0.211602,0.204721,0.802737,0.299804,0.288991,0.789158,0.430663,0.653078,0.477544,0.232088,0.288999,0.697765,0.679901
0.276215,0.713937,0.794924,0.749889,0.793784,0.436635,0.120057,0.668418,0.724590,0.264776,0.691116,0.331059,0.701819,0.804605,0.399844,0.660954
0.602520,0.639297,0.713766,0.722865,0.388848,0.165376,0.463485,0.454517,0.202918,0.524113,0.458666,0.498336,0.772969,0.842908,0.641165,0.479811
0.315132,0.753596,0.699603,0.836038,0.793971,0.302525,0.347988,0.606236,0.723109,0.250574,0.755469,0.333644,0.717823,0.812822,0.529858,0.774866
0.603469,0.231478,0.610210,0.312369,0.625253,0.277707,0.271238,0.441567,0.665363,0.734980,0.612950,0.458030,0.620472,0.783349,0.666473,0.882476
0.576648,0.498842,0.680654,0.401986,0.126438,0.585731,0.602007,0.350865,0.223660,0.350521,0.434537,0.220198,0.405947,0.702733,0.616706,0.282654
0.326384,0.618108,0.470078,0.558694,0.609693,0.320612,0.680738,0.646216,0.616074,0.751360,0.497999,0.340922,0.238131,0.590325,0.801307,0.147247
0.328602,0.233482,0.920466,0.820247,0.766762,0.722941,0.750448,0.832846,0.470733,0.407029,0.627796,0.843909,0.726969,0.324966,0.390836,0.225995
0.802137,0.236951,0.636692,0.214617,0.695608,0.196080,0.296675,0.340996,0.623240,0.570535,0.613053,0.455048,0.667069,0.459823,0.641086,0.962515
0.675889,0.373874,0.293893,0.318616,0.734206,0.688342,0.770527,0.442883,0.526651,0.735001,0.243451,0.743355,0.800089,0.348071,0.624751,0.229995
0.264123,0.502131,0.258613,0.846814,0.433282,0.495109,0.599119,0.376770,0.650385,0.289626,0.681746,0.665222,0.692759,0.299139,0.354233,0.819497
0.238200,0.434010,0.589321,0.148775,0.165231,0.897053,0.264686,0.231401,0.891757,0.418172,0.641379,0.494639,0.248357,0.310850,0.834303,0.523587
0.607568,0.143430,0.631832,0.176043,0.644985,0.222895,0.416068,0.463523,0.596439,0.528596,0.517506,0.401916,0.549283,0.585059,0.677137,0.851090
0.576397,0.425650,0.341080,0.757201,0.495634,0.852853,0.425264,0.674255,0.385655,0.740032,0.598029,0.623857,0.730475,0.469492,0.718380,0.542627
0.273730,0.585109,0.551038,0.261381,0.359682,0.791529,0.356783,0.281294,0.883231,0.487769,0.599028,0.559019,0.227882,0.304555,0.619824,0.654251
0.700858,0.199174,0.590718,0.419444,0.759393,0.129523,0.219001,0.487349,0.610425,0.513111,0.565095,0.415898,0.628504,0.592305,0.793076,0.891160
0.654780,0.413910,0.754388,0.442886,0.197641,0.668676,0.701884,0.347430,0.187884,0.388367,0.362829,0.338892,0.359405,0.540790,0.703185,0.479152
0.345094,0.467106,0.299728,0.832930,0.322514,0.495981,0.547959,0.444388,0.463275,0.174917,0.677580,0.591022,0.793085,0.200362,0.269336,0.927124
0.335217,0.237610,0.892398,0.690564,0.735938,0.904123,0.705754,0.766376,0.363881,0.468757,0.704383,0.760171,0.590366,0.325057,0.424193,0.159002
0.220741,0.414222,0.457272,0.808058,0.638797,0.624057,0.441797,0.508217,0.867838,0.458826,0.239817,0.892373,0.604049,0.325293,0.853244,0.422841
0.298414,0.351507,0.853198,0.657749,0.769764,0.780667,0.588968,0.704325,0.352408,0.428339,0.666902,0.755856,0.728989,0.423919,0.189081,0.145564
0.289724,0.611819,0.599909,0.818279,0.621523,0.571868,0.425737,0.733937,0.727508,0.576943,0.348827,0.706734,0.489071,0.199196,0.825645,0.336809
0.741295,0.124927,0.674805,0.234952,0.726417,0.190194,0.238110,0.323571,0.640187,0.566048,0.677998,0.365452,0.621716,0.574800,0.750280,0.732338
0.602913,0.448893,0.247236,0.795921,0.491494,0.683778,0.432026,0.500715,0.391319,0.758879,0.669344,0.655511,0.745968,0.562854,0.744361,0.509117
0.034484,0.421311,0.605875,0.941077,0.555001,0.713228,0.495635,0.793301,0.808714,0.665847,0.270945,0.983812,0.463355,0.253629,0.834795,0.427360
0.523043,0.652493,0.307137,0.842671,0.484844,0.749910,0.458977,0.469644,0.332154,0.700495,0.682559,0.545184,0.710808,0.677916,0.690158,0.587731
0.253402,0.509147,0.594575,0.100104,0.111656,0.859568,0.418626,0.153347,0.895175,0.379951,0.580775,0.601524,0.218956,0.328724,0.645978,0.557836
0.597100,0.314376,0.363736,0.198340,0.704978,0.700596,0.715640,0.507906,0.523283,0.694685,0.362700,0.784998,0.780635,0.181141,0.507544,0.154250
0.228924,0.371854,0.331652,0.620631,0.330474,0.714654,0.578108,0.379816,0.494954,0.642031,0.710048,0.756574,0.159378,0.354402,0.768340,0.292565
0.316262,0.533587,0.333056,0.871010,0.418590,0.379551,0.612321,0.419490,0.502114,0.292988,0.641221,0.693920,0.837188,0.190775,0.465436,0.811086
0.757508,0.401662,0.246060,0.310409,0.707106,0.727078,0.727473,0.347766,0.645956,0.676911,0.229909,0.733825,0.864859,0.135559,0.538506,0.332595
0.270414,0.398524,0.769712,0.708088,0.843623,0.932788,0.788286,0.722480,0.310848,0.587728,0.686183,0.837913,0.569298,0.240737,0.399648,0.307434
0.048288,0.487540,0.286978,0.453873,0.689349,0.804435,0.790210,0.273886,0.352541,0.787465,0.385950,0.316657,0.658278,0.382107,0.261909,0.771054
0.286292,0.495791,0.220330,0.791643,0.314730,0.347660,0.632751,0.452540,0.344841,0.438546,0.647984,0.504149,0.709541,0.266943,0.317289,0.722777
0.249920,0.650097,0.528899,0.535275,0.619010,0.264332,0.661789,0.675935,0.605975,0.783374,0.505903,0.449098,0.144867,0.756559,0.809036,0.275293
0.159611,0.395076,0.403958,0.474059,0.631098,0.690888,0.742950,0.351392,0.188130,0.772478,0.376054,0.105838,0.608640,0.382801,0.331232,0.610148
0.346265,0.515097,0.608802,0.142953,0.195194,0.831921,0.342329,0.233168,0.815127,0.505103,0.592209,0.449005,0.189943,0.226414,0.671644,0.635779
0.781208,0.177534,0.697434,0.363925,0.708311,0.172275,0.231874,0.419007,0.646072,0.463693,0.433481,0.344051,0.682877,0.545637,0.726976,0.987075
0.381264,0.359173,0.778290,0.819648,0.770456,0.338300,0.360113,0.482468,0.194132,0.370184,0.196843,0.796643,0.786405,0.751530,0.282446,0.376897
0.160536,0.498125,0.609903,0.194621,0.216418,0.803690,0.329808,0.234970,0.731990,0.558489,0.526578,0.616854,0.348501,0.330207,0.637863,0.523484
0.693851,0.515926,0.333985,0.387516,0.617049,0.709474,0.754200,0.357710,0.481190,0.656665,0.435776,0.588652,0.976064,0.182640,0.722171,0.296171
0.241550,0.663881,0.469770,0.773755,0.677206,0.636831,0.310014,0.511827,0.911356,0.623913,0.438138,0.815850,0.504670,0.210073,0.836294,0.347443
0.206010,0.657827,0.721187,0.714539,0.640261,0.265891,0.264500,0.669809,0.686625,0.204918,0.806753,0.534256,0.709545,0.737105,0.367821,0.651237
0.164962,0.466446,0.469039,0.759842,0.653231,0.691887,0.399646,0.597457,0.740645,0.533571,0.302388,0.890147,0.484569,0.129988,0.884113,0.442357
0.622799,0.467645,0.317374,0.909477,0.505110,0.732287,0.556458,0.540343,0.313668,0.659393,0.556832,0.520579,0.734583,0.434868,0.714467,0.519204
0.275114,0.770032,0.494088,0.331779,0.208616,0.419141,0.929092,0.517305,0.447471,0.459180,0.387060,0.315935,0.564245,0.615001,0.718855,0.806183
0.569155,0.421794,0.674964,0.410601,0.235187,0.607971,0.631398,0.355267,0.337023,0.387497,0.319235,0.130144,0.397166,0.601326,0.581813,0.348176
0.251234,0.287999,0.814744,0.808702,0.804175,0.266438,0.508031,0.365376,0.212128,0.492890,0.180740,0.753349,0.581705,0.731363,0.311509,0.286652
0.789944,0.598823,0.711529,0.676622,0.321884,0.205125,0.402061,0.630379,0.262759,0.463020,0.454885,0.632955,0.771121,0.769825,0.563791,0.425411
0.265416,0.514574,0.308176,0.412929,0.557583,0.668065,0.768017,0.349235,0.268694,0.831017,0.350566,0.223603,0.562388,0.292688,0.195847,0.669343
0.694343,0.388853,0.881786,0.472015,0.511997,0.774262,0.576910,0.874252,0.325167,0.798139,0.488467,0.647111,0.601251,0.430193,0.708480,0.629713
0.265722,0.436387,0.225920,0.551377,0.244503,0.618349,0.622826,0.268391,0.395806,0.629276,0.870506,0.758660,0.110243,0.397167,0.688301,0.241646
0.310044,0.610599,0.835105,0.817517,0.726894,0.385913,0.155833,0.703696,0.756536,0.301105,0.782717,0.437313,0.737598,0.778041,0.375469,0.633223
0.411151,0.355448,0.814555,0.754203,0.791405,0.372975,0.493032,0.473486,0.190973,0.347878,0.327538,0.769540,0.634960,0.530218,0.289297,0.432260
0.444238,0.142667,0.775167,0.765907,0.823040,0.827157,0.638356,0.740329,0.382898,0.587277,0.744325,0.870894,0.601054,0.388902,0.196001,0.181224
0.215282,0.389879,0.203511,0.501410,0.305369,0.767517,0.487543,0.267789,0.556141,0.663179,0.842843,0.598058,0.187184,0.396733,0.676056,0.386875
0.178198,0.549504,0.538487,0.254764,0.252022,0.884028,0.269749,0.260397,0.811825,0.477853,0.483580,0.376490,0.192143,0.268926,0.734088,0.658825
0.261572,0.366071,0.288706,0.498501,0.623664,0.842207,0.789747,0.240251,0.229687,0.835067,0.357056,0.198315,0.544846,0.393783,0.405814,0.727842
0.211859,0.386551,0.733489,0.668830,0.712300,0.855108,0.692796,0.785129,0.420232,0.466609,0.722416,0.652365,0.735753,0.413084,0.351134,0.226892
0.163330,0.391616,0.514257,0.187726,0.251588,0.838704,0.422981,0.169639,0.830266,0.399646,0.504982,0.516182,0.218121,0.393292,0.685815,0.716079
0.206465,0.453233,0.228272,0.434393,0.274122,0.671525,0.567610,0.413004,0.512028,0.708061,0.840504,0.647844,0.180919,0.354152,0.680320,0.254821
0.230151,0.590522,0.476811,0.489724,0.774472,0.318723,0.558121,0.587599,0.486374,0.793452,0.546062,0.506517,0.201825,0.609819,0.878926,0.310336
0.678480,0.525804,0.837253,0.512672,0.632446,0.683885,0.600981,0.893624,0.286804,0.859989,0.349916,0.624907,0.699024,0.282970,0.546505,0.776223
0.444490,0.665952,0.706878,0.849922,0.632378,0.285743,0.263676,0.691708,0.600036,0.269471,0.729459,0.365834,0.777696,0.720815,0.442667,0.731067
0.160314,0.319493,0.262256,0.450025,0.330659,0.752824,0.504647,0.328596,0.452745,0.673333,0.824644,0.550572,0.154772,0.283710,0.670507,0.256256
0.348735,0.433385,0.216961,0.835091,0.196952,0.378316,0.662284,0.491412,0.370331,0.316445,0.602481,0.641250,0.787336,0.309475,0.466301,0.785919
