0.597279,0.593732,0.581653,0.682044,0.462273,0.435431,0.573525,0.779204,0.582348,0.621755,0.519952,0.487560,0.856997,0.384441,0.340938,0.498071
0.584032,0.577306,0.535187,0.563548,0.751494,0.622015,0.564432,0.351155,0.377537,0.815551,0.038053,0.398784,0.289796,0.789643,0.361088,0.334229
0.508805,0.533858,0.763814,0.374506,0.211902,0.319301,0.301519,0.661153,0.428973,0.411849,0.317337,0.417094,0.561710,0.369552,0.554543,0.336235
0.487505,0.390224,0.528996,0.625368,0.701163,0.741377,0.885712,0.663582,0.309487,0.091753,0.317844,0.391356,0.491506,0.622012,0.378644,0.539274
0.579915,0.502142,0.222033,0.371704,0.114233,0.426079,0.824354,0.667500,0.652262,0.548966,0.505010,0.357214,0.460358,0.420113,0.500841,0.785412
0.236419,0.795687,0.934950,0.516699,0.700920,0.502850,0.438249,0.542559,0.545584,0.322502,0.328179,0.321933,0.530351,0.327081,0.322590,0.545341
0.572455,0.245715,0.359113,0.301855,0.410065,0.403224,0.513379,0.154580,0.442044,0.598762,0.501488,0.461978,0.695605,0.647109,0.458079,0.095918
0.552709,0.404283,0.786030,0.186817,0.353928,0.519991,0.508927,0.437736,0.624698,0.282095,0.335984,0.307288,0.415010,0.239191,0.266583,0.726042
0.277734,0.377852,0.334586,0.328002,0.342185,0.441745,0.414546,0.478358,0.676778,0.683096,0.457416,0.593951,0.389743,0.705329,0.515204,0.419766
0.142004,0.697860,0.734007,0.372437,0.603112,0.457126,0.317037,0.486875,0.779749,0.430631,0.477558,0.559127,0.533183,0.120129,0.220241,0.718334
0.740207,0.721480,0.565768,0.563324,0.632223,0.759761,0.390705,0.818470,0.224728,0.224402,0.347367,0.633513,0.363264,0.288794,0.648507,0.589928
0.455035,0.334044,0.835902,0.269394,0.200650,0.626968,0.809612,0.774873,0.851569,0.474002,0.593887,0.114001,0.407894,0.881333,0.724891,0.390924
0.436678,0.326455,0.242791,0.219728,0.502968,0.379948,0.450579,0.124690,0.455851,0.347767,0.370086,0.347625,0.720513,0.679743,0.414062,0.163336
0.600810,0.585351,0.597816,0.570587,0.354385,0.525082,0.470107,0.846048,0.608636,0.623560,0.610690,0.419451,0.943050,0.405585,0.416306,0.353512
0.478389,0.571988,0.765321,0.416569,0.349630,0.312045,0.412492,0.756967,0.509325,0.316409,0.410953,0.411715,0.537005,0.413726,0.646778,0.250721
0.768566,0.717297,0.766644,0.329349,0.831338,0.244402,0.350304,0.772146,0.795911,0.324271,0.713813,0.547997,0.440357,0.153299,0.405521,0.652010
0.419210,0.418089,0.238550,0.174762,0.522029,0.419690,0.535006,0.137731,0.402802,0.510918,0.425088,0.488574,0.718406,0.678543,0.454601,0.235052
0.358860,0.258028,0.201742,0.383243,0.346425,0.388371,0.450249,0.442877,0.669141,0.601622,0.544714,0.535269,0.344485,0.829703,0.452233,0.355094
0.463038,0.485666,0.624977,0.215727,0.307905,0.550858,0.659903,0.533891,0.557766,0.339082,0.839593,0.495419,0.321211,0.672113,0.436037,0.799822
0.399453,0.723014,0.758594,0.422608,0.580975,0.412175,0.256145,0.480669,0.724130,0.240202,0.492283,0.357755,0.517070,0.198112,0.276491,0.604790
0.753499,0.657891,0.535071,0.607078,0.608577,0.379012,0.464526,0.436114,0.431855,0.715369,0.093992,0.392358,0.414435,0.735794,0.471141,0.407018
0.713670,0.401794,0.571496,0.203998,0.419058,0.767205,0.450496,0.629993,0.590856,0.304490,0.466949,0.445911,0.514066,0.186652,0.346251,0.705542
0.565113,0.797480,0.908493,0.320472,0.271860,0.488758,0.228502,0.463107,0.346465,0.609505,0.421580,0.549960,0.339649,0.097641,0.339682,0.546690
0.474384,0.345378,0.434512,0.603278,0.713488,0.735261,0.788274,0.682754,0.332175,0.168192,0.196355,0.345645,0.432053,0.759177,0.526722,0.591299
0.589216,0.478206,0.216363,0.395546,0.301725,0.476548,0.681477,0.583448,0.728943,0.404711,0.347980,0.274548,0.515094,0.512593,0.405090,0.598968
0.635909,0.649401,0.718024,0.356803,0.445955,0.430567,0.302748,0.463661,0.207531,0.557070,0.598165,0.491873,0.209219,0.308824,0.449032,0.553761
0.471435,0.268566,0.348543,0.187278,0.697062,0.476065,0.609945,0.197244,0.410073,0.353328,0.432144,0.513414,0.811729,0.706176,0.334298,0.230306
0.136983,0.836614,0.782355,0.470903,0.717954,0.284143,0.169664,0.540214,0.683125,0.252038,0.429696,0.420427,0.675059,0.312250,0.205187,0.619215
0.181425,0.707119,0.830292,0.564332,0.751392,0.460898,0.237455,0.580107,0.603126,0.307433,0.380875,0.466231,0.534583,0.280635,0.202756,0.633012
0.314573,0.240255,0.353090,0.317557,0.324895,0.377627,0.492021,0.559526,0.670562,0.589921,0.513324,0.596104,0.198326,0.686453,0.554688,0.425552
0.394114,0.406490,0.545031,0.623207,0.743031,0.592579,0.806928,0.696328,0.270100,0.259322,0.282313,0.306637,0.401494,0.762007,0.390067,0.592459
0.374422,0.430459,0.465482,0.632276,0.740856,0.653238,0.785419,0.659782,0.269418,0.125107,0.353560,0.347688,0.460676,0.633644,0.343903,0.516877
0.548881,0.409142,0.585853,0.627577,0.706098,0.639301,0.970765,0.689942,0.362761,0.175464,0.365632,0.300560,0.459719,0.691745,0.492798,0.542292
0.431683,0.100892,0.283416,0.359204,0.437604,0.443147,0.376568,0.448606,0.500094,0.602860,0.449063,0.579124,0.354314,0.745547,0.380108,0.437473
0.490234,0.308135,0.717742,0.340129,0.200212,0.604390,0.910635,0.722494,0.678121,0.382171,0.516611,0.242571,0.465483,0.828080,0.772788,0.347603
0.545241,0.339303,0.608092,0.195356,0.344267,0.590197,0.379841,0.524041,0.675641,0.338140,0.458801,0.396296,0.393113,0.241927,0.255492,0.758981
0.785857,0.355870,0.533370,0.459196,0.468697,0.798066,0.437513,0.429537,0.775613,0.862148,0.509989,0.606591,0.481613,0.520696,0.666089,0.421246
0.675606,0.501735,0.227036,0.344630,0.368161,0.455351,0.796021,0.792010,0.627328,0.644139,0.494188,0.261781,0.557623,0.491990,0.520938,0.695347
0.631187,0.581691,0.457353,0.617922,0.715908,0.426144,0.553322,0.460542,0.393354,0.938105,0.203840,0.392047,0.249900,0.771626,0.320325,0.305539
0.563222,0.300922,0.674419,0.323347,0.453942,0.682339,0.444037,0.529360,0.707653,0.192212,0.474276,0.379908,0.301395,0.187130,0.162147,0.790642
0.308787,0.261812,0.405138,0.430000,0.396901,0.452733,0.416526,0.522678,0.565040,0.578970,0.457652,0.512788,0.336144,0.654957,0.490936,0.408799
0.317119,0.721646,0.848121,0.556980,0.683889,0.322676,0.273889,0.549928,0.636553,0.264929,0.479278,0.451926,0.661639,0.326793,0.287871,0.554383
0.579965,0.623578,0.504610,0.586983,0.695578,0.363302,0.482088,0.346913,0.322046,0.820617,0.200987,0.383199,0.257769,0.735519,0.295569,0.453133
0.614333,0.549642,0.750016,0.427000,0.315479,0.418926,0.258226,0.356608,0.243866,0.653785,0.625050,0.425837,0.146120,0.122968,0.367071,0.611088
0.370084,0.545137,0.920436,0.507930,0.192970,0.227217,0.520187,0.794240,0.463225,0.290791,0.278380,0.439857,0.650363,0.447067,0.808854,0.178010
0.636684,0.667448,0.419730,0.544006,0.712157,0.407586,0.549233,0.377541,0.359885,0.812182,0.314282,0.370835,0.274213,0.783348,0.327542,0.257540
0.201341,0.259623,0.203363,0.333031,0.448928,0.292078,0.429728,0.445171,0.617520,0.732481,0.487530,0.440393,0.328730,0.816295,0.461852,0.439226
0.634893,0.263972,0.715748,0.299031,0.396433,0.619420,0.388133,0.484510,0.709406,0.267819,0.422450,0.317656,0.394375,0.223359,0.278359,0.706186
0.365379,0.664538,0.811661,0.518111,0.701246,0.407353,0.303945,0.525163,0.623401,0.242367,0.494534,0.355197,0.494507,0.171049,0.241144,0.583389
0.785708,0.665135,0.480441,0.598500,0.741304,0.763499,0.411447,0.724803,0.271964,0.246026,0.412273,0.568691,0.345235,0.313854,0.601443,0.583656
0.830505,0.887500,0.713771,0.442694,0.687267,0.142071,0.443050,0.769020,0.802093,0.246206,0.719806,0.492888,0.560083,0.322585,0.428993,0.702316
0.548339,0.564791,0.441792,0.619112,0.486772,0.342671,0.386680,0.756371,0.538015,0.640116,0.629738,0.554429,0.790103,0.334596,0.436321,0.487215
0.336305,0.444958,0.844966,0.405706,0.182395,0.335918,0.439485,0.827675,0.485170,0.291634,0.430804,0.518288,0.526222,0.332086,0.564038,0.258097
0.421029,0.222296,0.314307,0.139520,0.529922,0.400452,0.515772,0.130298,0.545961,0.340093,0.556023,0.375234,0.706883,0.590325,0.496037,0.095337
0.685075,0.702556,0.409659,0.557457,0.602193,0.518685,0.542816,0.412280,0.455609,0.638376,0.078915,0.417081,0.273695,0.808380,0.326780,0.410369
0.571194,0.413858,0.679057,0.272539,0.512146,0.744667,0.313611,0.359424,0.668768,0.217892,0.607682,0.290709,0.381390,0.156390,0.229661,0.780381
0.654350,0.348480,0.206492,0.313740,0.255757,0.558135,0.764699,0.740624,0.682288,0.535543,0.468956,0.333084,0.461120,0.479635,0.441040,0.729756
0.825738,0.529768,0.440858,0.620392,0.706009,0.412492,0.615983,0.277706,0.395510,0.879101,0.218713,0.350204,0.334452,0.685962,0.333387,0.286419
0.191035,0.287578,0.135748,0.477167,0.383275,0.408475,0.428922,0.537242,0.486798,0.587789,0.487696,0.546798,0.299122,0.776939,0.530144,0.440455
0.570906,0.606534,0.684796,0.571659,0.342745,0.375996,0.467527,0.721256,0.656567,0.561417,0.448642,0.491148,0.763907,0.313480,0.302265,0.329816
0.547636,0.310616,0.757674,0.277100,0.106504,0.582576,0.839877,0.667016,0.695801,0.541653,0.500193,0.286025,0.359275,0.856651,0.705831,0.404741
0.708414,0.439879,0.673358,0.392496,0.456352,0.606723,0.431408,0.469603,0.715285,0.753889,0.451310,0.627639,0.448209,0.508311,0.836403,0.347718
0.226300,0.656062,0.747226,0.588483,0.670895,0.499513,0.358874,0.495197,0.716372,0.332271,0.402940,0.400263,0.620118,0.213066,0.312753,0.645052
0.707545,0.349452,0.497045,0.296741,0.351497,0.644227,0.322311,0.414226,0.665974,0.337874,0.480169,0.463379,0.396176,0.169800,0.332961,0.643384
0.320848,0.501958,0.522578,0.687658,0.624978,0.751076,0.792877,0.657333,0.380446,0.175433,0.304086,0.291733,0.503614,0.681003,0.385497,0.644612
0.710448,0.552079,0.641850,0.586039,0.859739,0.682963,0.368560,0.783633,0.194912,0.208221,0.539097,0.681808,0.241073,0.402685,0.582864,0.547341
0.522474,0.365419,0.792295,0.321709,0.205451,0.619717,0.759498,0.603720,0.769827,0.469180,0.529187,0.235518,0.594738,0.792258,0.750599,0.470643
0.919211,0.672936,0.597135,0.467744,0.758833,0.727348,0.405974,0.809596,0.179691,0.161216,0.381263,0.696145,0.302430,0.353809,0.662370,0.583775
0.469333,0.461615,0.425865,0.675459,0.683343,0.731823,0.819054,0.722449,0.315543,0.205268,0.181244,0.381600,0.370158,0.723444,0.320949,0.641173
0.314763,0.225621,0.333785,0.459938,0.395323,0.381893,0.467295,0.458978,0.525533,0.532216,0.483129,0.672526,0.304787,0.685813,0.564177,0.413294
0.627769,0.171066,0.698944,0.456849,0.244557,0.503573,0.695952,0.633547,0.735807,0.494187,0.453848,0.294269,0.325507,0.817744,0.663324,0.455622
0.294846,0.740632,0.817904,0.443249,0.701657,0.408534,0.279840,0.508799,0.736556,0.445261,0.404989,0.293543,0.610799,0.257109,0.276879,0.596175
0.678634,0.717110,0.449966,0.496169,0.613045,0.583008,0.542990,0.322408,0.466852,0.811082,0.190833,0.309821,0.384721,0.769995,0.369873,0.398804
0.551119,0.510810,0.542128,0.424573,0.385054,0.405543,0.506653,0.832443,0.654210,0.791338,0.614383,0.486770,0.764338,0.393861,0.233269,0.526301
0.450893,0.328197,0.781023,0.295148,0.299583,0.564901,0.830841,0.665496,0.669518,0.534676,0.493752,0.200290,0.421032,0.770134,0.768819,0.489037
0.337554,0.559425,0.773382,0.545310,0.127243,0.319185,0.391884,0.568700,0.337401,0.235601,0.353647,0.480518,0.673674,0.212426,0.672402,0.179217
0.654300,0.360287,0.301212,0.570736,0.178422,0.597918,0.759864,0.788047,0.684559,0.473692,0.351978,0.445293,0.487890,0.456451,0.556535,0.738505
0.461512,0.491276,0.754331,0.369518,0.431550,0.429131,0.756722,0.581553,0.522685,0.410238,0.658564,0.395206,0.404109,0.665078,0.437201,0.587657
0.550877,0.385384,0.657773,0.378833,0.461044,0.648664,0.428793,0.326837,0.799193,0.740619,0.515614,0.624605,0.423461,0.452875,0.742533,0.308412
0.437326,0.614922,0.604932,0.502176,0.212579,0.884273,0.409030,0.851741,0.690487,0.350897,0.830236,0.507678,0.213145,0.831387,0.679253,0.431330
0.457387,0.485183,0.514784,0.674584,0.638414,0.490379,0.448651,0.327627,0.413198,0.863379,0.159942,0.361796,0.228912,0.722391,0.392788,0.335063
0.740714,0.315947,0.551770,0.378291,0.439107,0.806828,0.643204,0.414782,0.826714,0.731141,0.501762,0.619312,0.456563,0.547295,0.726999,0.254640
0.509918,0.497922,0.590920,0.373919,0.400919,0.593319,0.790214,0.646321,0.578860,0.403451,0.714912,0.391823,0.339214,0.648889,0.482701,0.660417
0.340569,0.285360,0.374579,0.409635,0.377914,0.491326,0.506334,0.522710,0.666888,0.636700,0.571218,0.631997,0.215436,0.679646,0.486129,0.512892
0.486340,0.278013,0.391446,0.155044,0.661185,0.409207,0.597287,0.125630,0.427746,0.389955,0.563519,0.413570,0.674041,0.573345,0.586532,0.302093
0.373658,0.610550,0.699691,0.386366,0.400860,0.494830,0.648970,0.611373,0.579874,0.278897,0.799409,0.435511,0.404731,0.616579,0.606923,0.765798
0.435863,0.489367,0.714252,0.295080,0.356817,0.547673,0.648305,0.583937,0.685836,0.396848,0.880370,0.591684,0.376462,0.533770,0.498093,0.713577
0.673315,0.569946,0.660429,0.730094,0.450105,0.424757,0.645137,0.740155,0.605955,0.610116,0.562764,0.613513,0.743246,0.478541,0.436758,0.509347
0.651985,0.458489,0.309497,0.365175,0.253059,0.479229,0.774497,0.706982,0.618083,0.473351,0.418979,0.275780,0.494894,0.576111,0.460412,0.731865
0.474010,0.376245,0.544152,0.589867,0.583332,0.714784,0.744998,0.705892,0.410350,0.179208,0.241509,0.289596,0.433724,0.653681,0.280859,0.716884
0.541496,0.516673,0.510624,0.678633,0.498556,0.419966,0.517675,0.726868,0.596039,0.624591,0.574641,0.606402,0.852266,0.316105,0.497140,0.551935
0.366979,0.471582,0.597916,0.286709,0.317954,0.488391,0.575210,0.518762,0.722627,0.351361,0.830918,0.392195,0.524343,0.690472,0.430622,0.659292
0.609064,0.754660,0.704940,0.420687,0.226273,0.447333,0.445390,0.302953,0.309010,0.538438,0.493214,0.438230,0.279046,0.195871,0.444529,0.461383
0.666844,0.703029,0.521891,0.707020,0.629854,0.450559,0.508258,0.415098,0.484242,0.791354,0.247876,0.410058,0.401248,0.723900,0.368873,0.225423
0.674206,0.416489,0.640131,0.396973,0.520317,0.728085,0.580493,0.440475,0.706740,0.726282,0.526123,0.703623,0.520477,0.501825,0.715630,0.380075
0.441493,0.557899,0.768875,0.308150,0.175307,0.324669,0.457593,0.721793,0.367512,0.324560,0.297365,0.456013,0.549065,0.314214,0.674626,0.250705
0.664696,0.686637,0.565243,0.598237,0.593473,0.547254,0.460529,0.431324,0.369827,0.823268,0.264040,0.376042,0.213921,0.648739,0.336134,0.231492
0.813946,0.681586,0.609635,0.546000,0.723540,0.773221,0.330722,0.758659,0.277520,0.221551,0.352223,0.611050,0.310572,0.233769,0.617669,0.603227
0.537837,0.232995,0.404334,0.130707,0.492477,0.512437,0.550813,0.340082,0.463162,0.425299,0.493430,0.381727,0.654562,0.612790,0.411494,0.191128
0.665129,0.624052,0.565411,0.696779,0.670571,0.485050,0.460849,0.231980,0.367051,0.869746,0.227065,0.426746,0.349800,0.696035,0.413225,0.301441
0.401880,0.540068,0.496787,0.405106,0.311210,0.757944,0.467609,0.863305,0.622123,0.424937,0.805502,0.369234,0.318869,0.813386,0.689988,0.456269
0.876949,0.693554,0.640218,0.557695,0.597998,0.660523,0.348972,0.715085,0.214881,0.333936,0.380333,0.745809,0.252369,0.432619,0.671716,0.505964
0.454716,0.578247,0.579209,0.285510,0.280278,0.469609,0.723445,0.514871,0.670054,0.327765,0.702200,0.445451,0.482155,0.673880,0.449091,0.692649
0.574936,0.477583,0.656796,0.595760,0.456766,0.356578,0.419984,0.725703,0.565588,0.607729,0.547729,0.465579,0.815041,0.449802,0.390805,0.499153
0.848209,0.596039,0.574962,0.671680,0.820652,0.738815,0.497051,0.789069,0.155786,0.045160,0.300954,0.706969,0.329068,0.396592,0.750326,0.430923
0.626411,0.593737,0.423904,0.623963,0.653569,0.499238,0.462291,0.334758,0.515865,0.940530,0.240182,0.396850,0.252861,0.817392,0.397116,0.369208
0.468000,0.561417,0.662056,0.398199,0.349067,0.494812,0.641959,0.602378,0.587761,0.340923,0.813403,0.430418,0.506821,0.668570,0.561181,0.565548
0.653142,0.396319,0.650387,0.385376,0.418887,0.662851,0.470741,0.562615,0.891166,0.801538,0.581322,0.710975,0.467799,0.547035,0.766761,0.230141
0.784511,0.680657,0.708435,0.453861,0.787815,0.294031,0.438672,0.601679,0.733386,0.267694,0.781498,0.477516,0.566620,0.274194,0.511290,0.676146
0.509736,0.684528,0.713911,0.379896,0.408610,0.399477,0.333043,0.430999,0.169017,0.503005,0.469387,0.519014,0.392441,0.208279,0.422521,0.580705
0.846276,0.680791,0.742696,0.356000,0.716477,0.174250,0.281500,0.747009,0.929097,0.382830,0.720507,0.439175,0.581518,0.228989,0.413935,0.680644
0.668645,0.477443,0.193736,0.440879,0.164529,0.519680,0.677869,0.714061,0.719991,0.543501,0.470187,0.407486,0.516203,0.453040,0.543690,0.753346
0.544488,0.222991,0.604357,0.407131,0.480272,0.674552,0.526264,0.372245,0.810112,0.751195,0.444506,0.578340,0.563708,0.632063,0.775579,0.369973
0.566904,0.295001,0.644712,0.362028,0.436432,0.597029,0.379543,0.397506,0.538907,0.307787,0.460674,0.324044,0.460047,0.195233,0.232391,0.820410
0.594377,0.223927,0.713435,0.340151,0.348804,0.663149,0.821562,0.654616,0.721541,0.482059,0.465872,0.209294,0.379861,0.708402,0.720922,0.433079
0.626578,0.334369,0.561434,0.353618,0.291527,0.640305,0.343597,0.467111,0.523876,0.301918,0.410316,0.440458,0.478201,0.247897,0.270923,0.689567
0.453140,0.347763,0.472427,0.646439,0.751009,0.614533,0.762216,0.617588,0.381426,0.216343,0.205249,0.300019,0.380195,0.714734,0.422484,0.596369
0.410491,0.295009,0.825687,0.295979,0.135686,0.646440,0.709295,0.530352,0.624412,0.488139,0.511540,0.177243,0.503112,0.845358,0.793137,0.483795
0.694116,0.803550,0.634434,0.285353,0.642476,0.000000,0.373628,0.730832,0.860382,0.289128,0.694866,0.469830,0.490154,0.212169,0.431827,0.745616
0.458052,0.746634,0.568670,0.439319,0.204972,0.751839,0.369199,0.872777,0.633037,0.412783,0.737486,0.409797,0.297205,0.662893,0.615297,0.447414
0.526633,0.392678,0.578647,0.638667,0.699562,0.562747,0.789249,0.674252,0.339995,0.105406,0.173723,0.291755,0.387840,0.735756,0.406090,0.646087
0.565690,0.522320,0.599868,0.553373,0.468343,0.414407,0.426702,0.707268,0.601795,0.702978,0.479326,0.551016,0.782875,0.442566,0.345427,0.364898
0.542892,0.494999,0.681814,0.355438,0.244604,0.470954,0.661857,0.542339,0.706598,0.318981,0.825426,0.460076,0.382415,0.542511,0.584141,0.600752
0.363427,0.493070,0.432031,0.541758,0.631796,0.666513,0.821037,0.670996,0.314528,0.293344,0.197539,0.420964,0.490386,0.717879,0.420975,0.625186
0.326585,0.401789,0.548783,0.354806,0.334416,0.524915,0.572232,0.536057,0.633906,0.249478,0.892164,0.411299,0.474240,0.691710,0.646947,0.859818
0.479908,0.388782,0.887717,0.295159,0.182793,0.579447,0.811755,0.665628,0.768335,0.423172,0.496792,0.062839,0.367307,0.819759,0.630831,0.405620
0.733031,0.689736,0.697034,0.312081,0.617150,0.221596,0.376262,0.751225,0.741064,0.305343,0.686765,0.430580,0.592316,0.222927,0.398583,0.708913
0.393989,0.439958,0.758285,0.438592,0.306799,0.300434,0.370309,0.715071,0.580746,0.194978,0.387294,0.326920,0.483927,0.472550,0.550106,0.429181
0.273208,0.171471,0.332558,0.324649,0.373699,0.357371,0.466042,0.452213,0.748106,0.520833,0.502832,0.584321,0.214129,0.772929,0.549810,0.385024
0.633697,0.702339,0.479539,0.513802,0.644951,0.476014,0.439565,0.354098,0.455023,0.824811,0.199839,0.383403,0.262747,0.632093,0.240904,0.345895
0.591037,0.368538,0.618136,0.302984,0.377286,0.810602,0.271490,0.503287,0.681175,0.327428,0.440380,0.397547,0.262770,0.188634,0.196268,0.845474
0.375912,0.573509,0.687166,0.381097,0.350809,0.547863,0.543441,0.540912,0.498303,0.468809,0.785277,0.431758,0.430133,0.686521,0.494593,0.695181
0.642713,0.553862,0.821825,0.401530,0.633313,0.246526,0.412026,0.778622,0.818350,0.329000,0.726863,0.524503,0.418417,0.169306,0.485025,0.705706
0.177046,0.777299,0.798160,0.473181,0.706964,0.355536,0.298722,0.591971,0.720695,0.251272,0.446834,0.525216,0.556975,0.159377,0.173706,0.545850
0.356566,0.180798,0.315281,0.417892,0.516050,0.424413,0.430153,0.465917,0.651329,0.580025,0.579068,0.582871,0.399746,0.668119,0.532176,0.525284
0.566966,0.294126,0.233554,0.198531,0.511181,0.543177,0.453404,0.333428,0.491893,0.517022,0.409764,0.472656,0.697953,0.700567,0.505232,0.238408
0.616946,0.603290,0.361734,0.564196,0.590673,0.473068,0.566413,0.348325,0.472690,0.731850,0.222567,0.309077,0.391054,0.839036,0.308858,0.297990
0.516870,0.337055,0.771897,0.322356,0.186372,0.600063,0.767170,0.670239,0.735785,0.403978,0.504001,0.248436,0.364787,0.796227,0.608695,0.411774
0.489711,0.391936,0.463164,0.758966,0.708286,0.477731,0.697648,0.619700,0.334762,0.171933,0.300235,0.272605,0.420965,0.633913,0.397240,0.570557
0.617776,0.517227,0.649910,0.636696,0.447712,0.520422,0.461143,0.742719,0.623102,0.753125,0.539948,0.580190,0.699147,0.364707,0.342258,0.385886
0.303994,0.791168,0.837610,0.468565,0.654340,0.476839,0.269572,0.490456,0.665464,0.357520,0.459978,0.447494,0.605098,0.187045,0.321326,0.685007
0.791188,0.297936,0.219286,0.352779,0.090210,0.579821,0.726099,0.731739,0.638966,0.631640,0.423908,0.406924,0.408978,0.490551,0.403104,0.645883
0.417642,0.423076,0.437131,0.646185,0.634548,0.669261,0.728729,0.695651,0.229192,0.122607,0.116897,0.274963,0.456470,0.784596,0.386897,0.470996
0.504528,0.596800,0.644444,0.612077,0.417556,0.386262,0.522531,0.729136,0.702204,0.641390,0.657488,0.590590,0.923197,0.286364,0.334831,0.410596
0.719393,0.697804,0.564621,0.581969,0.813182,0.681333,0.334701,0.746766,0.240602,0.176032,0.429296,0.738080,0.286623,0.435893,0.613327,0.582425
0.481429,0.381354,0.474320,0.570577,0.787451,0.604861,0.861797,0.685509,0.282888,0.218236,0.267909,0.340314,0.542123,0.738204,0.357813,0.600830
0.467413,0.408367,0.303035,0.139113,0.561479,0.442842,0.448660,0.268874,0.557291,0.431726,0.554531,0.429771,0.572377,0.603477,0.421300,0.252742
0.435876,0.149428,0.373911,0.223419,0.569401,0.421325,0.378671,0.171088,0.483575,0.443191,0.410588,0.337558,0.567770,0.666819,0.486200,0.187485
0.539164,0.505769,0.597481,0.621606,0.472637,0.488067,0.572835,0.787556,0.716887,0.570280,0.617395,0.560636,0.867951,0.440265,0.367079,0.467594
0.536099,0.255650,0.716929,0.156026,0.201655,0.640024,0.811034,0.631638,0.650635,0.454219,0.507766,0.213147,0.442680,0.734868,0.681624,0.410927
0.766176,0.384584,0.700571,0.403189,0.501442,0.634702,0.515124,0.348013,0.769122,0.831846,0.522369,0.509874,0.506916,0.486820,0.838448,0.341628
0.381686,0.338486,0.751441,0.352894,0.158953,0.585943,0.856138,0.754445,0.803617,0.440421,0.572191,0.145432,0.538000,0.811141,0.716278,0.526058
0.274122,0.685953,0.860767,0.497728,0.822570,0.453044,0.275695,0.517225,0.574585,0.242881,0.401196,0.454052,0.511003,0.242351,0.420143,0.668955
0.444417,0.507300,0.605988,0.323494,0.362607,0.550416,0.669874,0.538148,0.613882,0.439952,0.835496,0.472573,0.626042,0.672015,0.513151,0.812863
0.751604,0.377141,0.694875,0.395820,0.476142,0.665486,0.584645,0.481880,0.789140,0.765187,0.585068,0.625959,0.543387,0.489766,0.774676,0.289975
0.573946,0.344799,0.157826,0.377995,0.292321,0.536731,0.634698,0.724035,0.603835,0.525805,0.469593,0.335690,0.492107,0.431055,0.355197,0.712242
0.706706,0.430957,0.487573,0.280476,0.329747,0.511144,0.332833,0.354079,0.546934,0.322144,0.381469,0.317087,0.587080,0.251360,0.215102,0.810169
0.742040,0.805721,0.667701,0.467092,0.764137,0.736237,0.366350,0.752425,0.204811,0.213108,0.397752,0.608095,0.277546,0.283039,0.694392,0.426621
0.765450,0.614444,0.470310,0.596399,0.755794,0.781633,0.389378,0.686531,0.195088,0.348537,0.382938,0.647399,0.290777,0.390062,0.673023,0.545305
0.712737,0.642899,0.616654,0.359947,0.639819,0.278702,0.421237,0.619640,0.822273,0.203722,0.754791,0.506433,0.682546,0.225153,0.471662,0.679158
0.663441,0.733042,0.651454,0.633670,0.466213,0.404792,0.639784,0.730833,0.622402,0.656534,0.519599,0.538227,0.894372,0.424990,0.262478,0.492292
0.413047,0.338415,0.755056,0.356475,0.086842,0.769390,0.837848,0.649058,0.774987,0.468981,0.460252,0.231704,0.307701,0.858595,0.823801,0.453525
0.558084,0.653283,0.530563,0.440265,0.087656,0.685844,0.419896,0.748743,0.791941,0.401382,0.729923,0.355098,0.256646,0.699292,0.700866,0.486808
0.425393,0.450665,0.797633,0.505542,0.301379,0.367040,0.457632,0.654499,0.593797,0.242469,0.571558,0.404175,0.572348,0.440968,0.728792,0.262366
0.340783,0.507657,0.786221,0.444298,0.201728,0.229169,0.358613,0.756138,0.567616,0.333640,0.334214,0.374947,0.559063,0.370783,0.565482,0.152130
0.599676,0.517762,0.631971,0.790481,0.492315,0.457014,0.471129,0.691743,0.676731,0.654692,0.551801,0.619138,0.879421,0.450693,0.323674,0.322345
0.352333,0.172931,0.257965,0.344904,0.434551,0.468672,0.457386,0.488784,0.645625,0.485933,0.565320,0.602804,0.317086,0.705201,0.515341,0.279496
0.611921,0.727153,0.717599,0.392177,0.770374,0.027181,0.382496,0.760468,0.787717,0.141430,0.621640,0.594851,0.580939,0.287247,0.519842,0.646350
0.581514,0.317741,0.611378,0.231467,0.237958,0.582469,0.427365,0.381276,0.606415,0.416706,0.305974,0.373942,0.391148,0.272083,0.297400,0.787113
0.433096,0.310578,0.738168,0.359396,0.156043,0.596759,0.748955,0.597777,0.684534,0.505826,0.584660,0.064033,0.415798,0.793350,0.676113,0.563091
0.678814,0.332951,0.309633,0.370755,0.245142,0.547861,0.811396,0.672793,0.650033,0.519814,0.412881,0.342293,0.266948,0.490095,0.504760,0.718175
0.772375,0.736922,0.776372,0.300892,0.729968,0.231879,0.323176,0.768161,0.895078,0.268178,0.638534,0.376011,0.572226,0.288461,0.472273,0.721173
0.592835,0.557996,0.597362,0.585067,0.605845,0.564047,0.578337,0.328935,0.423483,0.805544,0.214816,0.372582,0.330227,0.695473,0.378763,0.257113
0.416752,0.298954,0.374652,0.126446,0.522756,0.342309,0.526012,0.237885,0.618794,0.450831,0.518343,0.432984,0.618080,0.633555,0.367840,0.169819
0.638771,0.725763,0.942364,0.443417,0.331114,0.223725,0.320266,0.347798,0.207983,0.511349,0.601590,0.497946,0.261083,0.222598,0.512134,0.497172
0.786770,0.701116,0.697604,0.278643,0.716593,0.147587,0.390273,0.702415,0.827328,0.177309,0.704860,0.393592,0.500685,0.039709,0.561184,0.561160
0.419304,0.600063,0.708396,0.279046,0.335822,0.581344,0.655860,0.492779,0.631667,0.392211,0.806024,0.456261,0.439675,0.585650,0.572302,0.646327
0.671331,0.526048,0.473611,0.624807,0.402952,0.384879,0.495192,0.648178,0.573346,0.713469,0.643360,0.544712,0.795750,0.393154,0.487157,0.454022
0.578385,0.638748,0.568475,0.554669,0.208593,0.705814,0.489081,0.848328,0.785988,0.454619,0.668960,0.411748,0.271009,0.807009,0.847285,0.373945
0.691397,0.746419,0.844634,0.366739,0.183306,0.435062,0.449168,0.428450,0.382063,0.558559,0.699797,0.432666,0.192465,0.156304,0.476568,0.565294
0.751746,0.716452,0.769838,0.357233,0.738305,0.165765,0.370457,0.844311,0.806396,0.146640,0.673879,0.527982,0.550016,0.246969,0.432502,0.767152
0.467647,0.658131,0.724097,0.507292,0.292443,0.757498,0.423158,0.849791,0.833068,0.274503,0.751077,0.408522,0.161184,0.751983,0.716995,0.402651
0.551427,0.350656,0.251315,0.198022,0.539146,0.571269,0.441180,0.275333,0.325945,0.423070,0.500542,0.438181,0.723344,0.708977,0.469436,0.160630
0.497423,0.222683,0.719615,0.299729,0.182025,0.556504,0.819107,0.686527,0.691968,0.456569,0.608597,0.236920,0.390520,0.674085,0.812716,0.389314
0.504351,0.660021,0.553790,0.688271,0.178574,0.731281,0.591045,0.856198,0.760039,0.541376,0.727243,0.322210,0.265404,0.798092,0.668275,0.463261
0.506188,0.293855,0.327822,0.225213,0.510567,0.441656,0.493232,0.304461,0.363038,0.426212,0.404233,0.446655,0.660152,0.699190,0.536096,0.194200
0.497099,0.383218,0.785451,0.223181,0.166969,0.600044,0.811860,0.656798,0.664227,0.455094,0.537544,0.150141,0.308655,0.812988,0.706635,0.481296
0.513275,0.489708,0.759422,0.531877,0.268954,0.247584,0.418140,0.699733,0.600517,0.302736,0.373984,0.383029,0.658183,0.453893,0.644937,0.256094
0.228811,0.774369,0.780891,0.433864,0.664697,0.371662,0.231574,0.483528,0.587357,0.237661,0.420549,0.480660,0.644314,0.347493,0.238086,0.741683
0.687958,0.366219,0.734071,0.339826,0.518745,0.767876,0.633795,0.388160,0.790593,0.751129,0.458020,0.623965,0.460262,0.475597,0.681772,0.336613
0.426102,0.728629,0.546015,0.598076,0.361478,0.719727,0.317669,0.778912,0.752704,0.347207,0.680636,0.313340,0.365915,0.734709,0.677895,0.474183
0.342270,0.506811,0.965379,0.469020,0.295156,0.211971,0.424994,0.586254,0.505643,0.248532,0.359658,0.329712,0.528202,0.380200,0.671653,0.185229
0.697266,0.399352,0.256282,0.501132,0.138863,0.492154,0.793188,0.655729,0.690374,0.457979,0.423821,0.250472,0.526535,0.523068,0.357857,0.698723
0.419824,0.410570,0.756918,0.439562,0.271290,0.138959,0.458566,0.748048,0.431740,0.381344,0.390714,0.543252,0.541603,0.253913,0.687582,0.157198
0.403480,0.598560,0.868458,0.369010,0.244310,0.316761,0.383515,0.702420,0.487650,0.269593,0.344465,0.439198,0.564502,0.306325,0.600489,0.352173
0.622430,0.466719,0.220794,0.397873,0.179213,0.551032,0.772215,0.789360,0.688082,0.465141,0.512831,0.399888,0.372413,0.430809,0.384042,0.956664
0.744276,0.167696,0.311650,0.418553,0.219833,0.623926,0.685788,0.631037,0.736262,0.616178,0.393879,0.300229,0.460064,0.513351,0.413420,0.703858
0.361418,0.739257,0.705323,0.546503,0.753950,0.438248,0.207658,0.546591,0.562196,0.268360,0.467570,0.396472,0.602015,0.293071,0.422157,0.513579
0.510284,0.374830,0.795227,0.308069,0.142458,0.596614,0.755987,0.656577,0.636498,0.493239,0.451143,0.187192,0.476114,0.659793,0.657460,0.517790
0.434671,0.534223,0.771141,0.455157,0.238252,0.277763,0.317751,0.725853,0.514682,0.266189,0.397509,0.415109,0.564736,0.448919,0.755612,0.193620
0.615062,0.652511,0.555707,0.703935,0.360626,0.465279,0.453472,0.707713,0.701560,0.807484,0.625785,0.613963,0.671794,0.461802,0.386425,0.388852
0.637989,0.610210,0.625460,0.541147,0.215115,0.672377,0.552591,0.751904,0.709255,0.360480,0.781692,0.317701,0.315270,0.835431,0.747824,0.519698
0.605055,0.593324,0.540756,0.546028,0.462306,0.421249,0.413195,0.763339,0.595633,0.624315,0.543648,0.515591,0.840166,0.368161,0.347186,0.414432
0.712955,0.354110,0.711749,0.483146,0.585712,0.717402,0.497269,0.296956,0.694733,0.755252,0.419971,0.576045,0.487537,0.504661,0.647433,0.243118
0.500555,0.635148,0.551895,0.540983,0.305856,0.732659,0.398301,0.852284,0.735286,0.451125,0.710032,0.461829,0.137031,0.746007,0.649858,0.454360
0.736074,0.659604,0.616002,0.490366,0.838638,0.790327,0.319431,0.771223,0.084208,0.215754,0.250711,0.782276,0.406711,0.359788,0.554253,0.578134
0.684888,0.791883,0.700039,0.487527,0.690023,0.221197,0.422244,0.715471,0.791750,0.378151,0.601636,0.343547,0.544194,0.217995,0.438162,0.732271
0.399816,0.287900,0.315525,0.165992,0.610749,0.417960,0.547014,0.224210,0.355270,0.307326,0.492563,0.463292,0.606017,0.660220,0.407927,0.284048
0.639040,0.400129,0.746771,0.342013,0.598313,0.688027,0.569216,0.317777,0.733002,0.698070,0.573618,0.694914,0.526842,0.516052,0.695562,0.252109
0.292068,0.204326,0.391299,0.362429,0.443357,0.419050,0.365640,0.441617,0.727853,0.673588,0.542767,0.579608,0.299542,0.655574,0.520542,0.321496
0.611851,0.659929,0.828490,0.347666,0.247806,0.444189,0.303475,0.387153,0.343099,0.513278,0.686623,0.459887,0.374885,0.197949,0.364265,0.530827
0.604044,0.415408,0.191666,0.296648,0.305252,0.516279,0.712940,0.746535,0.726805,0.424534,0.468334,0.326484,0.397414,0.434571,0.545767,0.732241
0.373742,0.365621,0.310759,0.342434,0.654862,0.413358,0.614645,0.202359,0.507942,0.517367,0.451289,0.444523,0.710234,0.624614,0.533143,0.250061
0.611564,0.729810,0.782096,0.408061,0.296978,0.352602,0.372439,0.457026,0.307634,0.460170,0.591479,0.492866,0.316735,0.312298,0.475803,0.580326
0.236880,0.746405,0.685538,0.442508,0.735680,0.445594,0.282154,0.529666,0.611213,0.375958,0.392648,0.465770,0.666939,0.308821,0.220673,0.672292
0.615586,0.721691,0.807545,0.474542,0.345881,0.473276,0.324164,0.412670,0.279215,0.466592,0.615846,0.594673,0.387215,0.170128,0.418544,0.531236
0.615973,0.381330,0.710748,0.315748,0.428889,0.637797,0.442801,0.499672,0.581316,0.348081,0.519128,0.347980,0.478480,0.210684,0.213505,0.814380
0.602167,0.380402,0.372115,0.379632,0.221735,0.561602,0.850632,0.785338,0.638117,0.507968,0.395792,0.345481,0.345092,0.472227,0.496822,0.756909
0.641365,0.832375,0.740792,0.350652,0.295965,0.470406,0.325898,0.401047,0.241725,0.574253,0.664762,0.525728,0.280425,0.268091,0.459068,0.508837
0.677603,0.639055,0.719925,0.296311,0.723364,0.205906,0.339698,0.663900,0.665058,0.271975,0.696832,0.530396,0.410862,0.158728,0.482337,0.717723
0.476733,0.235047,0.879936,0.514497,0.265902,0.625025,0.843612,0.629510,0.675685,0.457330,0.534689,0.265052,0.395094,0.743587,0.644793,0.384109
0.671859,0.466903,0.682768,0.353257,0.391413,0.658466,0.467964,0.596600,0.589021,0.393301,0.502933,0.412953,0.558342,0.130788,0.152883,0.691809
0.323875,0.744624,0.717992,0.523565,0.707608,0.451695,0.332043,0.441324,0.622906,0.302167,0.419253,0.402768,0.469419,0.233217,0.296189,0.582824
0.481788,0.309519,0.547476,0.588070,0.722135,0.627151,0.796031,0.636044,0.260827,0.240842,0.283221,0.376531,0.410410,0.734414,0.278413,0.617760
0.741422,0.762067,0.754895,0.277901,0.643681,0.142262,0.407342,0.732710,0.800736,0.210833,0.662667,0.491183,0.427678,0.310501,0.440795,0.653198
0.588912,0.615868,0.840834,0.379725,0.754224,0.154875,0.226744,0.792042,0.836793,0.217204,0.603886,0.435705,0.445350,0.199795,0.468867,0.703832
0.544473,0.701415,0.811905,0.392270,0.284784,0.407399,0.421963,0.351523,0.393941,0.525707,0.627084,0.401683,0.436981,0.272416,0.388864,0.544453
0.748956,0.385401,0.193936,0.372980,0.228116,0.557215,0.666852,0.618760,0.620176,0.413625,0.476541,0.341851,0.416350,0.453245,0.430298,0.697456
0.657435,0.664002,0.488663,0.477238,0.561326,0.556563,0.521649,0.282381,0.316197,0.795977,0.120246,0.370065,0.370116,0.716747,0.296206,0.220643
0.675358,0.676777,0.715134,0.543227,0.312876,0.453126,0.442792,0.332217,0.294680,0.590285,0.633047,0.460571,0.386911,0.227862,0.391290,0.577761
0.660970,0.381559,0.282821,0.322945,0.140961,0.511541,0.747457,0.755439,0.634997,0.392938,0.370327,0.252446,0.561611,0.491002,0.469574,0.719545
0.612586,0.499427,0.333671,0.457922,0.246427,0.442324,0.797102,0.655975,0.618757,0.514166,0.403893,0.272175,0.467589,0.539104,0.507343,0.616095
0.626485,0.253936,0.566725,0.275344,0.475644,0.568992,0.359136,0.595090,0.667319,0.272243,0.367012,0.401866,0.459064,0.161995,0.256113,0.754114
0.450103,0.365030,0.631418,0.287211,0.504739,0.555729,0.367256,0.476091,0.612588,0.296898,0.402964,0.325368,0.478014,0.250886,0.161452,0.777092
0.327597,0.262231,0.355094,0.500760,0.437081,0.336261,0.307773,0.464668,0.682664,0.593161,0.554360,0.565959,0.331465,0.768171,0.425330,0.439442
0.611258,0.682567,0.841793,0.337353,0.360319,0.460163,0.354590,0.443610,0.312407,0.462140,0.568422,0.517209,0.321652,0.301567,0.425484,0.556414
0.578655,0.440090,0.691404,0.349029,0.313363,0.691349,0.449984,0.495294,0.602549,0.383371,0.457728,0.328189,0.535980,0.270558,0.266309,0.630888
0.245738,0.206657,0.330972,0.375259,0.523573,0.432106,0.415524,0.377347,0.659266,0.612941,0.575624,0.480156,0.277447,0.764359,0.591791,0.444733
0.665537,0.462595,0.589725,0.364562,0.243729,0.623055,0.351235,0.502342,0.629138,0.251140,0.452107,0.341996,0.384361,0.139882,0.346393,0.760005
0.616050,0.491777,0.614643,0.547063,0.120747,0.743483,0.417000,0.770719,0.670453,0.484553,0.757166,0.377826,0.197987,0.793888,0.671565,0.575428
0.845764,0.333156,0.658306,0.442684,0.555524,0.724819,0.488301,0.422681,0.882537,0.856236,0.421507,0.663631,0.575182,0.500940,0.731012,0.287723
0.475560,0.343976,0.735854,0.325731,0.208699,0.486161,0.795692,0.595992,0.751558,0.429310,0.482386,0.163351,0.397560,0.883627,0.673764,0.394393
0.434836,0.219967,0.401178,0.373027,0.515240,0.424004,0.379727,0.419678,0.566743,0.682234,0.540618,0.641652,0.388133,0.814335,0.485296,0.500720
0.665987,0.651832,0.570780,0.537544,0.721969,0.743393,0.403904,0.760646,0.248505,0.090432,0.404100,0.690379,0.203324,0.354674,0.685106,0.542794
0.566916,0.440281,0.525218,0.634796,0.413748,0.372954,0.540746,0.703020,0.659309,0.675244,0.562616,0.489367,0.882130,0.411639,0.277298,0.596520
0.660253,0.766911,0.570184,0.636830,0.822736,0.664416,0.382724,0.680321,0.089973,0.133130,0.352417,0.783374,0.386012,0.347286,0.698081,0.444882
0.747252,0.832445,0.812652,0.445241,0.698114,0.170129,0.381179,0.811424,0.835904,0.179752,0.721643,0.515231,0.527641,0.237798,0.469709,0.629378
0.527909,0.458038,0.564744,0.788078,0.443619,0.401932,0.461472,0.667172,0.713612,0.658886,0.643418,0.466155,0.753697,0.428457,0.332875,0.365718
0.693317,0.547186,0.489711,0.574187,0.402516,0.438228,0.515574,0.648588,0.629994,0.620285,0.551924,0.533366,0.755579,0.410676,0.291375,0.319066
0.379072,0.212243,0.273200,0.390317,0.413006,0.351885,0.414818,0.440229,0.683719,0.569188,0.463443,0.550056,0.312922,0.764680,0.508265,0.396082
0.395141,0.374332,0.601527,0.646731,0.667974,0.663378,0.948290,0.706179,0.166359,0.172013,0.252184,0.360776,0.509694,0.830421,0.329757,0.594644
0.313158,0.686049,0.838287,0.414640,0.680221,0.412678,0.273513,0.522359,0.631092,0.410593,0.416281,0.412458,0.582029,0.218117,0.245118,0.663098
0.539021,0.496331,0.811275,0.430025,0.194093,0.415452,0.426758,0.768163,0.464873,0.345298,0.359486,0.371921,0.519089,0.457687,0.731083,0.250491
0.865206,0.703995,0.606281,0.691214,0.723759,0.782436,0.235262,0.738831,0.074900,0.153031,0.469449,0.752787,0.266185,0.365249,0.598774,0.555916
0.459411,0.665494,0.570408,0.620170,0.196871,0.636245,0.505869,0.871398,0.652607,0.408494,0.755867,0.445102,0.332371,0.760410,0.811960,0.391771
0.365760,0.589833,0.602353,0.346541,0.173009,0.568257,0.697444,0.550580,0.560688,0.221631,0.799292,0.393230,0.345136,0.600310,0.583060,0.611213
0.435339,0.663075,0.681564,0.416231,0.399796,0.510325,0.650186,0.519441,0.644460,0.338084,0.709676,0.443220,0.435397,0.582048,0.594735,0.756980
0.300649,0.483974,0.594425,0.350040,0.357773,0.559589,0.662803,0.521529,0.616424,0.254159,0.766704,0.612641,0.441840,0.580603,0.603739,0.741178
0.412175,0.636548,0.446596,0.569547,0.180489,0.639970,0.473368,0.760114,0.670987,0.398508,0.677670,0.355276,0.177212,0.691919,0.766151,0.404739
0.669399,0.425091,0.118009,0.426073,0.229676,0.503975,0.754927,0.846481,0.688162,0.533451,0.426955,0.285795,0.464031,0.390054,0.489566,0.730086
0.579431,0.335896,0.663432,0.191734,0.473385,0.565656,0.303315,0.386808,0.672768,0.368511,0.465146,0.323498,0.499882,0.304000,0.242682,0.681634
0.561578,0.746096,0.971489,0.557367,0.189574,0.400132,0.424831,0.395589,0.368916,0.464586,0.710540,0.472455,0.164755,0.238070,0.440884,0.495217
0.386053,0.217413,0.326363,0.346966,0.373800,0.485733,0.472147,0.446427,0.590550,0.615278,0.612041,0.636595,0.389646,0.824058,0.707928,0.363632
0.289192,0.148360,0.260514,0.415621,0.390855,0.405156,0.376233,0.516436,0.811900,0.600306,0.657443,0.561728,0.274163,0.728339,0.527607,0.420752
0.412165,0.598620,0.921927,0.462694,0.296772,0.320282,0.542486,0.576852,0.495856,0.298275,0.295136,0.426500,0.569534,0.384572,0.656544,0.311626
0.750587,0.327303,0.116682,0.358364,0.070471,0.570913,0.745586,0.735686,0.820503,0.485684,0.489632,0.367134,0.420361,0.418269,0.480365,0.685349
0.585987,0.669420,0.807426,0.454397,0.403402,0.428298,0.347966,0.463153,0.308991,0.586475,0.651464,0.391895,0.243533,0.272970,0.394536,0.545600
0.680239,0.371554,0.192163,0.536108,0.309888,0.541886,0.828633,0.627444,0.748566,0.542302,0.495003,0.221514,0.427831,0.570145,0.473803,0.660811
0.607881,0.634361,0.444758,0.601096,0.665574,0.448389,0.532742,0.394843,0.451242,0.768694,0.128674,0.428704,0.367855,0.866542,0.330341,0.360699
0.721658,0.752027,0.721326,0.389145,0.780958,0.241842,0.317824,0.770385,0.781313,0.374815,0.616779,0.526454,0.524184,0.203428,0.372831,0.636587
0.610903,0.369931,0.284466,0.324062,0.265732,0.425087,0.829193,0.704179,0.721469,0.364649,0.478240,0.268161,0.497526,0.515786,0.433262,0.716379
0.375542,0.411491,0.585857,0.368841,0.503690,0.590609,0.617923,0.384269,0.663989,0.300095,0.720105,0.434950,0.528474,0.547060,0.534077,0.695836
0.534603,0.557008,0.689383,0.598252,0.484063,0.394455,0.485564,0.742822,0.674950,0.619817,0.673245,0.522280,0.771061,0.437101,0.308126,0.421051
0.586827,0.699826,0.507388,0.572583,0.560722,0.443874,0.516825,0.312557,0.400377,0.927423,0.107406,0.381050,0.352522,0.624353,0.441152,0.411564
0.255657,0.752576,0.751563,0.523678,0.702742,0.467840,0.238432,0.473408,0.729393,0.292558,0.302794,0.445586,0.593155,0.219011,0.332720,0.628769
0.385784,0.491042,0.820852,0.437010,0.266189,0.297789,0.473230,0.711143,0.550285,0.227950,0.512180,0.496107,0.541393,0.304161,0.550007,0.199697
0.599298,0.568785,0.656252,0.635330,0.349749,0.468713,0.503892,0.752569,0.643879,0.656729,0.515706,0.458184,0.765652,0.460470,0.363495,0.394758
0.519437,0.285548,0.642708,0.327241,0.221763,0.566478,0.730378,0.665392,0.723054,0.553566,0.547422,0.217629,0.442794,0.854129,0.719756,0.461720
0.374497,0.461579,0.568479,0.373294,0.291343,0.455501,0.656461,0.539127,0.535624,0.381950,0.910775,0.396375,0.413047,0.667911,0.496077,0.696772
0.656093,0.532122,0.641928,0.242751,0.370036,0.621001,0.370747,0.458118,0.569983,0.300963,0.445606,0.367329,0.437744,0.259734,0.284103,0.678475
0.284490,0.701898,0.748031,0.501713,0.528535,0.431442,0.318259,0.451906,0.589249,0.366816,0.494326,0.357825,0.649490,0.343090,0.143836,0.603295
0.258729,0.208229,0.309792,0.359769,0.402672,0.334182,0.420964,0.534757,0.796115,0.672301,0.559811,0.599432,0.428648,0.582691,0.578257,0.381779
0.739471,0.578646,0.568324,0.554142,0.767696,0.642175,0.564058,0.846506,0.245169,0.290242,0.384979,0.719069,0.448666,0.287669,0.644620,0.533332
0.434855,0.343249,0.821429,0.482120,0.325552,0.508998,0.822945,0.701812,0.589527,0.435538,0.556205,0.225501,0.444605,0.726347,0.608578,0.404913
0.364322,0.668717,0.765462,0.391167,0.204487,0.298023,0.500075,0.687857,0.470749,0.307094,0.315513,0.379113,0.535629,0.389331,0.741450,0.128489
0.753351,0.726691,0.641685,0.322923,0.685868,0.245087,0.376983,0.733219,0.774390,0.231807,0.694259,0.437485,0.556783,0.123886,0.353794,0.588749
0.736979,0.432117,0.614725,0.395180,0.514698,0.765155,0.512716,0.518795,0.821488,0.807418,0.486622,0.559503,0.454348,0.552974,0.734733,0.307969
0.676309,0.325399,0.574884,0.211903,0.341146,0.696749,0.366869,0.540955,0.463589,0.305711,0.450256,0.394591,0.171828,0.274317,0.149455,0.690548
0.613191,0.638237,0.501473,0.622301,0.700803,0.434702,0.477998,0.320614,0.414121,0.821023,0.184284,0.494038,0.275562,0.721226,0.262706,0.246898
0.702762,0.353800,0.644997,0.451912,0.471620,0.708971,0.597889,0.491819,0.727169,0.837819,0.500762,0.579541,0.399052,0.474853,0.712575,0.350323
0.617106,0.521096,0.587931,0.727539,0.482695,0.415223,0.415477,0.702367,0.684062,0.745189,0.575259,0.543507,0.750387,0.494289,0.338426,0.492268
0.799516,0.670550,0.387678,0.529538,0.821503,0.854775,0.380481,0.814300,0.048816,0.196594,0.397108,0.663268,0.269051,0.330443,0.569325,0.595769
0.457189,0.530850,0.759719,0.347595,0.233072,0.525370,0.630827,0.589127,0.650826,0.300297,0.777920,0.631074,0.489456,0.587063,0.565417,0.747387
0.620568,0.712482,0.868964,0.445023,0.331707,0.356957,0.470225,0.384120,0.255846,0.529978,0.588699,0.351801,0.352600,0.274331,0.494517,0.554827
0.791743,0.463075,0.591223,0.734659,0.542201,0.477325,0.451675,0.659089,0.738104,0.691598,0.504816,0.630839,0.715663,0.383868,0.336541,0.475977
0.577311,0.801352,0.867752,0.282337,0.388764,0.440947,0.360491,0.233114,0.308628,0.482822,0.579743,0.451256,0.218841,0.354025,0.426915,0.555389
0.640306,0.414019,0.230928,0.361936,0.234603,0.485391,0.865967,0.704124,0.682847,0.461370,0.513812,0.327703,0.480454,0.459816,0.421515,0.629702
0.641594,0.327139,0.662401,0.337643,0.443990,0.660995,0.316547,0.483432,0.610286,0.306302,0.498868,0.456285,0.516692,0.177464,0.186485,0.717094
0.750099,0.624913,0.623127,0.496818,0.649415,0.735409,0.455076,0.764094,0.199166,0.130844,0.282517,0.726747,0.295814,0.428012,0.822079,0.548020
0.514380,0.334296,0.738875,0.374212,0.203146,0.583070,0.666385,0.667953,0.844815,0.429105,0.481330,0.255735,0.457845,0.831730,0.725123,0.441204
0.547465,0.521679,0.519339,0.516062,0.286148,0.663148,0.366683,0.819967,0.695236,0.322062,0.739481,0.429438,0.201123,0.726367,0.794440,0.522522
0.268120,0.272294,0.314591,0.418338,0.374455,0.437432,0.491395,0.562984,0.588156,0.603217,0.512215,0.631394,0.295626,0.791442,0.511209,0.396339
0.742304,0.601518,0.690913,0.417557,0.739164,0.191317,0.506971,0.753136,0.798753,0.218489,0.681198,0.393255,0.451902,0.225946,0.460252,0.806541
0.702908,0.432220,0.305176,0.431516,0.188316,0.527169,0.708143,0.718326,0.605089,0.483723,0.393066,0.393355,0.388537,0.435322,0.353223,0.820671
0.705541,0.655829,0.641322,0.602135,0.688211,0.791077,0.329392,0.808007,0.281939,0.133677,0.271806,0.625225,0.429828,0.288800,0.725270,0.447718
0.793420,0.714956,0.733513,0.272018,0.648001,0.206225,0.385134,0.658659,0.812995,0.252704,0.767206,0.502509,0.440728,0.215217,0.607932,0.695747
0.444263,0.367395,0.442506,0.654027,0.758026,0.677887,0.797007,0.666638,0.444242,0.177628,0.253060,0.256015,0.436234,0.773155,0.426469,0.635596
0.690613,0.433157,0.677937,0.307429,0.416011,0.676589,0.365900,0.470572,0.745216,0.374086,0.389650,0.518626,0.390772,0.270678,0.258748,0.770408
0.449699,0.283577,0.264512,0.269596,0.602419,0.510778,0.619545,0.211457,0.334741,0.359145,0.458630,0.354218,0.618942,0.733439,0.526910,0.224614
0.274133,0.758227,0.782549,0.513744,0.711301,0.441634,0.351652,0.535058,0.586989,0.300513,0.290223,0.424654,0.526510,0.233668,0.177043,0.532606
0.425035,0.217406,0.754885,0.390708,0.183899,0.565524,0.773473,0.677033,0.650992,0.488703,0.539041,0.367120,0.499137,0.781568,0.684849,0.436407
0.812124,0.654715,0.710080,0.535944,0.820180,0.716864,0.386454,0.782300,0.229652,0.251773,0.337563,0.634411,0.326178,0.376271,0.657387,0.569807
0.615836,0.662734,0.491257,0.512381,0.775159,0.443702,0.644936,0.332001,0.378170,0.826217,0.077434,0.436330,0.329336,0.817255,0.375928,0.266425
0.693954,0.396900,0.605409,0.383569,0.508090,0.662449,0.552866,0.446368,0.696858,0.785250,0.440261,0.590659,0.425253,0.504326,0.723901,0.276433
0.739898,0.325004,0.203037,0.482306,0.271029,0.484449,0.802359,0.828631,0.676128,0.417728,0.369511,0.315329,0.500694,0.578284,0.463129,0.693320
0.598907,0.683237,0.872466,0.416231,0.253002,0.383059,0.345875,0.333854,0.253956,0.549590,0.668018,0.510078,0.237062,0.217476,0.331884,0.495049
0.583579,0.708916,0.774215,0.360087,0.348577,0.411836,0.404767,0.421286,0.268048,0.573685,0.540848,0.507999,0.272990,0.127828,0.329455,0.505948
0.789418,0.651809,0.713563,0.504240,0.775364,0.675687,0.343425,0.873590,0.231493,0.240997,0.311010,0.678870,0.262489,0.296570,0.575312,0.580170
0.594589,0.445874,0.597943,0.409722,0.592878,0.753133,0.566421,0.458709,0.703065,0.878066,0.437081,0.652700,0.409457,0.515442,0.753834,0.311949
0.558473,0.612123,0.573923,0.668437,0.463537,0.290347,0.524206,0.682400,0.611391,0.608160,0.604994,0.461523,0.693031,0.430667,0.307859,0.528122
0.760727,0.628600,0.604161,0.630890,0.809798,0.825116,0.354225,0.695108,0.196329,0.181789,0.355358,0.852585,0.278438,0.339266,0.671411,0.631971
0.655317,0.678039,0.834945,0.425098,0.210738,0.392705,0.436910,0.442948,0.407292,0.536236,0.689283,0.541461,0.310974,0.232974,0.427553,0.497869
0.672727,0.446698,0.653845,0.674517,0.393136,0.507210,0.487286,0.637517,0.653124,0.635714,0.654004,0.614155,0.813821,0.327907,0.428745,0.427526
0.626898,0.414074,0.159422,0.411802,0.303325,0.544336,0.762023,0.841720,0.636029,0.371456,0.482104,0.304837,0.548358,0.515148,0.544316,0.763384
0.338926,0.046986,0.361238,0.399017,0.440649,0.297450,0.479565,0.453844,0.674841,0.590562,0.528991,0.505080,0.376018,0.692506,0.383687,0.372745
0.807804,0.650914,0.602940,0.595661,0.677450,0.889844,0.293547,0.751200,0.239350,0.180751,0.349048,0.620822,0.401382,0.315130,0.652883,0.499763
0.438021,0.541064,0.678001,0.245157,0.306561,0.557843,0.609102,0.588745,0.548788,0.349634,0.846899,0.476398,0.365523,0.597655,0.507685,0.575990
0.567931,0.527622,0.533927,0.577522,0.178481,0.753426,0.555404,0.833093,0.680849,0.420160,0.778807,0.403074,0.311674,0.771526,0.808520,0.498634
0.641156,0.387925,0.194937,0.384974,0.258872,0.508442,0.721297,0.532802,0.577476,0.402889,0.380781,0.325578,0.534403,0.378427,0.523427,0.686247
0.501959,0.311995,0.716126,0.320831,0.216018,0.550291,0.829875,0.580836,0.760575,0.398417,0.513349,0.277394,0.408012,0.765211,0.757921,0.490179
0.714943,0.404796,0.241200,0.427023,0.111937,0.582492,0.772310,0.813392,0.672242,0.485345,0.456473,0.360107,0.500475,0.509464,0.428540,0.756804
0.507777,0.498359,0.823364,0.530349,0.242496,0.235444,0.363881,0.817374,0.514424,0.284034,0.426144,0.563397,0.542940,0.252259,0.654189,0.293306
0.279245,0.590462,0.767596,0.492154,0.651168,0.408073,0.222913,0.467975,0.558915,0.325587,0.331199,0.468303,0.635214,0.274849,0.298311,0.557404
0.482359,0.558837,0.445377,0.579450,0.718748,0.666116,0.816543,0.612223,0.397784,0.193429,0.269210,0.279810,0.418350,0.714666,0.426819,0.526273
0.324142,0.110828,0.257798,0.350979,0.482805,0.487187,0.440464,0.447262,0.624779,0.632161,0.351720,0.606448,0.237839,0.737709,0.538927,0.414851
0.526480,0.447295,0.391971,0.626401,0.628191,0.654914,0.789490,0.639421,0.333945,0.246390,0.308229,0.214304,0.455392,0.709554,0.284656,0.569592
0.211136,0.267444,0.424159,0.328455,0.326435,0.469232,0.466534,0.517090,0.621594,0.591124,0.505709,0.488217,0.275395,0.678505,0.478564,0.402310
0.443583,0.441770,0.771617,0.443385,0.156180,0.602647,0.841899,0.644941,0.689258,0.477570,0.551474,0.229140,0.425976,0.754256,0.709351,0.492154
0.472025,0.320466,0.497542,0.582106,0.641945,0.606886,0.831542,0.795253,0.307001,0.141907,0.263512,0.313717,0.498750,0.794951,0.369648,0.681108
0.321166,0.234128,0.298533,0.328752,0.494491,0.395143,0.473384,0.473131,0.715938,0.612915,0.366282,0.617661,0.304953,0.818389,0.418654,0.407020
0.393988,0.532785,0.639653,0.262020,0.386306,0.486209,0.616862,0.458713,0.570617,0.322440,0.830138,0.369866,0.380995,0.597357,0.558027,0.698401
0.485746,0.494844,0.856326,0.343354,0.257370,0.434577,0.299399,0.797005,0.574170,0.302743,0.314635,0.454322,0.594877,0.305548,0.667950,0.253087
0.610848,0.282711,0.347967,0.161125,0.522706,0.556794,0.433829,0.176797,0.398979,0.563443,0.397765,0.389854,0.706446,0.660485,0.481399,0.253566
0.404896,0.252250,0.824652,0.325009,0.298987,0.564980,0.675046,0.613492,0.700701,0.411780,0.495753,0.133155,0.471835,0.738791,0.678552,0.425083
0.554933,0.667646,0.512653,0.622975,0.662657,0.500204,0.478122,0.380715,0.370522,0.738551,0.216278,0.405977,0.285379,0.749401,0.382530,0.274133
0.690150,0.757660,0.456557,0.638198,0.592655,0.469461,0.527077,0.357838,0.358363,0.818889,0.210871,0.400519,0.277824,0.754750,0.353216,0.307115
0.268586,0.270625,0.394466,0.513114,0.242770,0.430928,0.371667,0.345370,0.655245,0.617411,0.479313,0.575259,0.281675,0.834929,0.541829,0.385272
0.443173,0.520414,0.748153,0.450037,0.346707,0.322849,0.488065,0.789503,0.417412,0.421258,0.374560,0.388003,0.528421,0.452936,0.667489,0.215873
0.663235,0.575343,0.540279,0.739086,0.463789,0.411721,0.502603,0.717696,0.627198,0.631554,0.537252,0.533351,0.746115,0.443598,0.352080,0.410533
0.455359,0.464847,0.465542,0.689573,0.809123,0.648326,0.839509,0.640892,0.280225,0.229187,0.246853,0.268239,0.430251,0.686235,0.343306,0.607791
0.340815,0.418259,0.529087,0.647913,0.639646,0.721101,0.801123,0.627068,0.194788,0.282694,0.312358,0.354894,0.523462,0.763105,0.462897,0.466953
0.533764,0.470402,0.563753,0.389357,0.397113,0.572188,0.637348,0.474845,0.654938,0.305892,0.828965,0.435276,0.351701,0.595862,0.548238,0.716951
0.453506,0.455089,0.711048,0.366523,0.342189,0.319488,0.424690,0.667636,0.499796,0.268010,0.231204,0.334963,0.500375,0.372026,0.584164,0.254495
0.450737,0.655195,0.716368,0.359401,0.346625,0.362514,0.337509,0.370292,0.276304,0.357210,0.628168,0.468834,0.246738,0.232108,0.339452,0.549827
0.506248,0.219064,0.602196,0.236053,0.295809,0.648001,0.424137,0.515147,0.533145,0.204613,0.449543,0.396434,0.410444,0.154278,0.315374,0.707508
0.816588,0.655442,0.609381,0.510909,0.779096,0.808868,0.346748,0.720254,0.191954,0.224251,0.398127,0.641987,0.391867,0.320883,0.645799,0.507069
0.403529,0.415865,0.812079,0.451843,0.132433,0.392948,0.369582,0.768751,0.541150,0.283954,0.441765,0.407423,0.622316,0.388868,0.607948,0.159978
0.487944,0.355244,0.130124,0.271682,0.470037,0.409358,0.516307,0.212426,0.404014,0.395767,0.478586,0.465463,0.666487,0.699001,0.608475,0.204520
0.567943,0.277782,0.234176,0.247310,0.563240,0.481822,0.364467,0.275465,0.331745,0.379012,0.454849,0.469412,0.660171,0.640693,0.526311,0.179977
0.685168,0.618986,0.659849,0.418802,0.746400,0.273423,0.355772,0.723839,0.744384,0.215954,0.637342,0.417679,0.476811,0.294316,0.458213,0.660190
0.383732,0.399967,0.449347,0.540791,0.707696,0.675220,0.721574,0.550406,0.389472,0.159759,0.199244,0.407262,0.488547,0.698452,0.343316,0.603268
0.354625,0.552385,0.829027,0.568108,0.212968,0.247519,0.512951,0.879793,0.421163,0.259726,0.284127,0.453649,0.522616,0.381425,0.564990,0.375194
0.611929,0.486199,0.510278,0.618872,0.413722,0.405218,0.389122,0.763076,0.601820,0.732150,0.513971,0.559014,0.768685,0.413310,0.323050,0.474918
0.705343,0.413835,0.694171,0.247097,0.353129,0.616610,0.426245,0.489957,0.631100,0.429844,0.392725,0.323653,0.374087,0.235378,0.250719,0.845374
0.348257,0.208938,0.244610,0.457007,0.491053,0.412404,0.433216,0.432858,0.733080,0.555825,0.533723,0.554180,0.272996,0.723472,0.467968,0.386551
0.759655,0.408289,0.559509,0.394498,0.588474,0.633065,0.427612,0.444550,0.903177,0.798069,0.636116,0.537946,0.497607,0.648158,0.720639,0.370990
0.645368,0.316236,0.713635,0.326689,0.576457,0.657957,0.491646,0.360500,0.795206,0.792966,0.502066,0.521908,0.479707,0.559613,0.788840,0.420225
0.685448,0.661663,0.541408,0.670027,0.693580,0.426565,0.527433,0.370764,0.363287,0.838184,0.083588,0.354171,0.220556,0.695209,0.264064,0.357204
0.442104,0.414764,0.514493,0.637845,0.737522,0.637202,0.795447,0.621412,0.340969,0.250322,0.319352,0.364548,0.540358,0.846380,0.399418,0.615245
0.376071,0.548936,0.828401,0.439276,0.205268,0.308590,0.285790,0.776978,0.437059,0.429835,0.330900,0.437507,0.517140,0.362900,0.582271,0.234571
0.798248,0.382924,0.691013,0.331650,0.570026,0.725405,0.489603,0.417408,0.777976,0.885703,0.513452,0.712430,0.596496,0.537798,0.810551,0.442093
0.431665,0.310689,0.835033,0.381829,0.174767,0.681014,0.808832,0.623424,0.775192,0.602332,0.501335,0.224599,0.369678,0.802619,0.638498,0.418593
0.399903,0.481529,0.447213,0.537738,0.730334,0.621299,0.753256,0.648776,0.281169,0.194582,0.343957,0.384637,0.419398,0.681034,0.493231,0.686030
0.889698,0.681099,0.536970,0.614550,0.807354,0.723722,0.399564,0.814447,0.124386,0.250703,0.299358,0.712470,0.293773,0.381955,0.623983,0.648545
0.604077,0.675645,0.459955,0.565177,0.612396,0.414728,0.531377,0.353228,0.427321,0.692506,0.070265,0.260844,0.316061,0.760912,0.455956,0.375268
0.745715,0.383683,0.245663,0.399251,0.213793,0.512067,0.804275,0.681100,0.672251,0.424533,0.403927,0.330221,0.481077,0.478489,0.556390,0.762555
0.527489,0.374450,0.465735,0.710263,0.608563,0.694122,0.822270,0.642936,0.248961,0.201814,0.296152,0.332623,0.382033,0.704508,0.416615,0.512137
0.630434,0.729947,0.905557,0.442841,0.424574,0.460256,0.404510,0.529925,0.320419,0.430833,0.565707,0.503580,0.311887,0.194303,0.437972,0.597747
0.217151,0.796472,0.748496,0.417327,0.599133,0.614966,0.342985,0.452820,0.541063,0.237265,0.354062,0.369429,0.643601,0.219427,0.262193,0.561043
0.688075,0.675176,0.363488,0.648820,0.586036,0.482314,0.481851,0.291457,0.456555,0.973137,0.123488,0.407875,0.267797,0.695364,0.365618,0.332630
0.741996,0.568811,0.595317,0.562620,0.359721,0.370415,0.480130,0.753667,0.673139,0.756598,0.665220,0.565291,0.866862,0.315211,0.211287,0.404193
0.403513,0.277831,0.468094,0.639155,0.707884,0.608133,0.785920,0.606463,0.323366,0.288854,0.223532,0.423568,0.452701,0.805160,0.373163,0.613950
0.663731,0.312308,0.250422,0.411080,0.201838,0.487544,0.808314,0.841385,0.680186,0.482696,0.413868,0.305420,0.480946,0.518733,0.499540,0.612110
0.631853,0.529581,0.671969,0.616179,0.392115,0.411480,0.389447,0.732778,0.603805,0.635691,0.600605,0.434912,0.963800,0.450691,0.236121,0.441683
0.743347,0.674925,0.724457,0.416740,0.662782,0.292592,0.487568,0.791079,0.788551,0.216714,0.768588,0.524356,0.480417,0.171034,0.326444,0.677308
0.524339,0.405300,0.850625,0.382339,0.158692,0.541173,1.000000,0.602554,0.633033,0.516858,0.505393,0.105007,0.329035,0.759543,0.685823,0.451037
0.473950,0.694137,0.523180,0.570890,0.217409,0.798170,0.465219,0.795267,0.737030,0.491924,0.800403,0.441888,0.273379,0.737841,0.654768,0.407521
0.423380,0.467720,0.565318,0.430358,0.418601,0.560913,0.564679,0.536979,0.537628,0.323826,0.843638,0.476216,0.398984,0.520633,0.498674,0.667988
0.671439,0.371927,0.631730,0.253855,0.405127,0.662717,0.273135,0.498164,0.617740,0.276555,0.434070,0.528647,0.407729,0.231328,0.239849,0.783393
0.614980,0.308412,0.661617,0.245959,0.322783,0.640292,0.433618,0.458998,0.663122,0.340282,0.396398,0.280608,0.424979,0.275585,0.292459,0.733540
0.777442,0.556706,0.454400,0.604990,0.634016,0.475464,0.646473,0.269575,0.379376,0.691915,0.101271,0.429048,0.304965,0.634331,0.371994,0.211810
0.783669,0.314071,0.671221,0.449934,0.535142,0.702941,0.494896,0.531777,0.770300,0.751138,0.543684,0.736745,0.511657,0.591372,0.674948,0.472672
0.756442,0.349101,0.620302,0.250084,0.414478,0.595066,0.415294,0.568219,0.574725,0.323098,0.489009,0.282700,0.439151,0.181671,0.247188,0.788930
0.324535,0.334200,0.473332,0.405435,0.404207,0.463212,0.398878,0.564900,0.580414,0.669174,0.578969,0.512120,0.363060,0.769734,0.522136,0.468329
0.300408,0.238446,0.285946,0.330365,0.378868,0.366842,0.479548,0.518826,0.655241,0.690662,0.499079,0.523705,0.389987,0.595859,0.484561,0.475090
0.462189,0.399115,0.702932,0.221052,0.269879,0.277199,0.374059,0.650484,0.476909,0.339169,0.357238,0.393619,0.581147,0.345482,0.603289,0.160886
0.673431,0.625624,0.528740,0.516828,0.622168,0.761461,0.365228,0.723960,0.098274,0.238676,0.375647,0.787764,0.293676,0.241012,0.622567,0.540645
0.498473,0.236620,0.399083,0.157549,0.540449,0.411555,0.413217,0.167809,0.435242,0.440618,0.562692,0.390545,0.690043,0.632868,0.419724,0.229634
0.529001,0.297977,0.283148,0.262485,0.534244,0.521993,0.449936,0.090178,0.505014,0.465795,0.402195,0.395525,0.768975,0.716568,0.325866,0.233216
0.488954,0.539141,0.824832,0.403478,0.113576,0.295535,0.409289,0.793309,0.558511,0.293930,0.360269,0.406756,0.573094,0.410992,0.580921,0.149469
0.663303,0.190495,0.615144,0.397673,0.595081,0.674900,0.429352,0.387525,0.738281,0.840683,0.479399,0.633765,0.468031,0.503255,0.789931,0.261577
0.602659,0.696752,0.450154,0.695438,0.603105,0.502736,0.532999,0.282759,0.431613,0.794254,0.206724,0.435673,0.429347,0.770966,0.285180,0.284751
0.491973,0.375903,0.434408,0.667194,0.630919,0.662242,0.875080,0.567240,0.357484,0.265722,0.314316,0.344339,0.447208,0.719676,0.403942,0.648178
0.732548,0.719341,0.423288,0.622543,0.522361,0.445622,0.491725,0.265473,0.439405,0.865248,0.118163,0.372446,0.369552,0.708802,0.335756,0.331875
0.668377,0.345481,0.710298,0.370939,0.543400,0.648155,0.519860,0.381813,0.701480,0.745078,0.484567,0.643693,0.427674,0.471158,0.710378,0.267540
0.645040,0.587657,0.408312,0.582904,0.704398,0.507527,0.525510,0.371973,0.493540,0.793734,0.212502,0.376971,0.327769,0.775491,0.376934,0.299493
0.672050,0.500754,0.599534,0.596473,0.382642,0.387232,0.583189,0.686423,0.629930,0.671722,0.548828,0.512111,0.793723,0.370312,0.326405,0.453249
0.453261,0.775846,0.777538,0.581759,0.694071,0.423894,0.387445,0.597303,0.565908,0.290071,0.397613,0.398079,0.650917,0.214094,0.239189,0.591070
0.347300,0.482234,0.759310,0.388793,0.256124,0.236465,0.357162,0.694012,0.528911,0.411448,0.448936,0.443105,0.642774,0.391443,0.687676,0.304334
0.410962,0.509051,0.843050,0.452074,0.254034,0.400153,0.461191,0.724162,0.537543,0.281827,0.443521,0.400154,0.576548,0.444354,0.691418,0.260306
0.444209,0.488218,0.880230,0.428589,0.177740,0.385147,0.448849,0.644897,0.546111,0.277261,0.408411,0.392215,0.546922,0.445017,0.533039,0.267493
0.611145,0.324173,0.737526,0.362288,0.423793,0.690576,0.604098,0.388513,0.725689,0.762795,0.428015,0.692907,0.491144,0.605338,0.680725,0.227375
0.337341,0.679916,0.802712,0.304264,0.758593,0.419881,0.223840,0.568727,0.659087,0.273009,0.407944,0.416249,0.627633,0.183487,0.226855,0.590943
0.286257,0.078003,0.317343,0.336695,0.464382,0.261875,0.346497,0.398605,0.699798,0.596796,0.674582,0.681846,0.378234,0.816403,0.593957,0.405279
0.688021,0.329905,0.223734,0.381123,0.214044,0.466940,0.724591,0.783963,0.701348,0.609772,0.433673,0.294377,0.514063,0.523719,0.616431,0.735794
0.405761,0.243588,0.685539,0.351738,0.220586,0.663864,0.713480,0.719070,0.631282,0.466279,0.610919,0.233136,0.412490,0.793485,0.727574,0.497258
0.476308,0.350128,0.429389,0.704894,0.693581,0.637392,0.813815,0.612416,0.177638,0.125726,0.219013,0.461358,0.502208,0.592228,0.296371,0.645066
0.386185,0.362369,0.807684,0.280936,0.268117,0.592095,0.739203,0.624630,0.727890,0.478638,0.476087,0.232865,0.225311,0.831283,0.771990,0.427854
0.367918,0.715615,0.792037,0.464405,0.627884,0.477785,0.296711,0.390421,0.637310,0.262770,0.346976,0.341637,0.708528,0.334312,0.198298,0.640988
0.406480,0.504358,0.795260,0.289937,0.242668,0.255549,0.434206,0.705598,0.475185,0.361470,0.468823,0.377117,0.704181,0.388648,0.729844,0.318534
0.499120,0.331843,0.428192,0.623582,0.737673,0.642595,0.749354,0.664088,0.280490,0.201162,0.178058,0.348942,0.454029,0.758016,0.359118,0.492051
0.666670,0.390393,0.241261,0.363378,0.238778,0.593307,0.723761,0.854850,0.637519,0.512631,0.438174,0.291399,0.520255,0.531991,0.438443,0.763513
0.438105,0.430002,0.651141,0.320832,0.298345,0.524420,0.672126,0.736022,0.564005,0.194196,0.740514,0.381713,0.374740,0.621356,0.557544,0.680405
0.766119,0.667523,0.806198,0.328575,0.782457,0.149061,0.428831,0.687516,0.775775,0.226847,0.632853,0.364046,0.512595,0.173176,0.510057,0.704982
0.382332,0.647649,0.557243,0.551188,0.152455,0.653794,0.473632,0.828283,0.696560,0.476164,0.716893,0.340782,0.207859,0.756304,0.710058,0.483864
0.610684,0.514536,0.585821,0.581656,0.291368,0.406129,0.463330,0.805793,0.521913,0.687490,0.486445,0.630123,0.714396,0.352291,0.322731,0.337725
0.422072,0.416009,0.832824,0.485265,0.284746,0.305000,0.425874,0.715555,0.395962,0.372290,0.399186,0.414600,0.651831,0.477533,0.705353,0.240717
0.616758,0.530537,0.589914,0.532443,0.349429,0.507520,0.496414,0.714125,0.562670,0.666828,0.585524,0.490951,0.720003,0.388260,0.469459,0.439470
0.707187,0.359324,0.266731,0.400043,0.228022,0.331280,0.726017,0.688302,0.710846,0.584184,0.427112,0.276912,0.357614,0.533619,0.529253,0.802172
0.563712,0.627364,0.546631,0.686529,0.584605,0.525169,0.531593,0.322502,0.320935,0.840740,0.121202,0.365216,0.247935,0.722760,0.226349,0.435511
0.318378,0.172507,0.330900,0.474858,0.397304,0.254248,0.489550,0.440310,0.555942,0.590353,0.595235,0.614517,0.322601,0.731518,0.516576,0.412139
0.452945,0.559959,0.702265,0.323926,0.282732,0.490480,0.688939,0.619706,0.680855,0.315760,0.788298,0.395146,0.404128,0.590891,0.676558,0.682831
0.330705,0.257048,0.265266,0.308339,0.361733,0.426100,0.440495,0.366941,0.593278,0.573200,0.567893,0.566442,0.283706,0.704728,0.346893,0.366742
0.817541,0.282325,0.612353,0.379069,0.477057,0.815199,0.576353,0.444679,0.774831,0.681146,0.583589,0.562147,0.492658,0.477210,0.693197,0.277808
0.550064,0.689070,0.748554,0.427751,0.274483,0.391396,0.269470,0.459186,0.459722,0.397131,0.562125,0.402460,0.340427,0.314818,0.418707,0.463931
0.606589,0.645685,0.515234,0.610895,0.640797,0.425715,0.582657,0.395532,0.470956,0.810695,0.100550,0.402499,0.260591,0.745930,0.356116,0.305589
0.794851,0.772233,0.543531,0.569742,0.775222,0.597603,0.381566,0.707760,0.160638,0.220682,0.427212,0.677216,0.413287,0.340893,0.653270,0.440411
0.504847,0.437479,0.410148,0.730116,0.776591,0.705524,0.902469,0.702308,0.333857,0.143721,0.165740,0.226185,0.383304,0.728065,0.327170,0.658009
0.435056,0.483455,0.896922,0.451487,0.184116,0.391606,0.300247,0.816436,0.497625,0.357668,0.378163,0.446252,0.656248,0.299810,0.635625,0.337995
0.443563,0.431392,0.840479,0.396460,0.298795,0.236647,0.432736,0.817954,0.636532,0.307520,0.421076,0.510977,0.476532,0.394104,0.664013,0.250539
0.671999,0.635563,0.524671,0.592192,0.636541,0.538613,0.522811,0.293683,0.316644,0.826752,0.308484,0.400358,0.242520,0.757381,0.174727,0.339062
0.733400,0.311761,0.693078,0.459357,0.448798,0.726966,0.459419,0.452021,0.645000,0.826764,0.509181,0.708646,0.443853,0.613704,0.785012,0.231746
0.653390,0.329697,0.613873,0.360870,0.462131,0.579064,0.500316,0.377168,0.766661,0.726424,0.508514,0.581541,0.481909,0.506242,0.857400,0.180810
0.516201,0.606821,0.541427,0.507044,0.292111,0.788992,0.514643,0.703125,0.692679,0.362230,0.835147,0.379815,0.120079,0.803844,0.698068,0.447874
0.626430,0.335960,0.691909,0.253670,0.405095,0.726175,0.424366,0.435460,0.544205,0.385365,0.369234,0.309083,0.300768,0.167631,0.171979,0.722574
0.700928,0.637036,0.491604,0.666091,0.583421,0.412342,0.528434,0.353730,0.358182,0.855625,0.160833,0.251944,0.304115,0.671934,0.415870,0.404694
0.782154,0.414076,0.627489,0.302499,0.502220,0.678660,0.516603,0.499786,0.741017,0.781943,0.588920,0.577359,0.431871,0.473312,0.755782,0.296687
0.672675,0.585776,0.792133,0.396943,0.398372,0.321795,0.324946,0.432554,0.353788,0.539895,0.660925,0.442669,0.341726,0.196402,0.482830,0.547853
0.661942,0.705602,0.722294,0.389088,0.320448,0.343925,0.292277,0.405691,0.275652,0.576137,0.522920,0.550560,0.228111,0.111704,0.454263,0.547330
0.391657,0.360557,0.508778,0.683363,0.697808,0.668736,0.785130,0.611199,0.319551,0.112354,0.164315,0.283995,0.465641,0.716734,0.421403,0.626612
0.305725,0.487959,0.806879,0.487298,0.144727,0.240230,0.494018,0.701631,0.451822,0.340490,0.501616,0.524666,0.566241,0.346280,0.604822,0.239386
0.338678,0.802210,0.825348,0.536280,0.640111,0.452582,0.239335,0.509613,0.596764,0.324633,0.386405,0.200863,0.713238,0.216822,0.165493,0.516958
0.549797,0.549853,0.601515,0.632647,0.356923,0.602266,0.570952,0.805835,0.604929,0.682582,0.513884,0.518009,0.812390,0.485814,0.309035,0.377971
0.244034,0.296425,0.267843,0.489759,0.560620,0.485986,0.408622,0.475722,0.662378,0.554755,0.570735,0.613937,0.275671,0.733807,0.501590,0.377669
0.506490,0.206447,0.721969,0.381269,0.254317,0.621310,0.770195,0.798203,0.709875,0.547501,0.530897,0.207872,0.404482,0.828280,0.673020,0.514133
0.416218,0.641705,0.590784,0.382196,0.229568,0.647050,0.439755,0.767913,0.784414,0.464647,0.766980,0.462620,0.308300,0.761380,0.901722,0.541658
0.516329,0.300089,0.695885,0.311404,0.163995,0.617563,0.760125,0.702284,0.714878,0.473265,0.592909,0.356681,0.597157,0.790475,0.660728,0.487522
0.664690,0.578621,0.592810,0.571472,0.435911,0.345001,0.489849,0.739163,0.622255,0.606217,0.620712,0.605339,0.815296,0.420016,0.390380,0.402690
0.471944,0.573755,0.513037,0.526640,0.276478,0.670257,0.483131,0.915449,0.713431,0.531091,0.778509,0.447915,0.212838,0.872722,0.708259,0.473280
0.802215,0.597657,0.647324,0.521154,0.701692,0.757982,0.464590,0.749829,0.253740,0.232899,0.305519,0.730425,0.361796,0.292890,0.602276,0.492295
0.463899,0.246542,0.232215,0.170843,0.554431,0.543186,0.580150,0.246874,0.374865,0.369281,0.472770,0.408628,0.681905,0.638286,0.515608,0.311942
0.410981,0.369214,0.511686,0.631727,0.615524,0.723057,0.779447,0.652809,0.302579,0.171213,0.278993,0.360330,0.418741,0.658255,0.380869,0.576156
0.488918,0.355910,0.739989,0.356349,0.220288,0.472925,0.845824,0.627118,0.753645,0.408585,0.517636,0.214217,0.375872,0.833964,0.619982,0.494525
0.600225,0.593795,0.526081,0.672348,0.624343,0.523923,0.443140,0.265061,0.368425,0.884200,0.228583,0.410274,0.237797,0.799746,0.316529,0.370023
0.797163,0.703065,0.581916,0.689661,0.732965,0.875999,0.424378,0.772013,0.239459,0.194309,0.424291,0.641873,0.283704,0.334224,0.675762,0.485589
0.724379,0.313899,0.317169,0.438133,0.218347,0.564104,0.758656,0.792830,0.761783,0.412581,0.383094,0.332893,0.509313,0.495684,0.429950,0.615998
0.590845,0.273264,0.313719,0.055100,0.555691,0.499504,0.435447,0.147247,0.382711,0.416816,0.475281,0.527039,0.659607,0.722531,0.621450,0.091093
0.366770,0.669146,0.496072,0.630249,0.197207,0.683675,0.367017,0.771296,0.679394,0.520320,0.733342,0.413996,0.308571,0.656777,0.657509,0.389903
0.412480,0.708147,0.766336,0.447975,0.593760,0.475378,0.273679,0.432178,0.640204,0.282308,0.414779,0.480076,0.594372,0.241049,0.145467,0.591017
0.376799,0.717237,0.490718,0.485242,0.206857,0.668610,0.404754,0.870546,0.726554,0.336979,0.895916,0.543291,0.359865,0.836166,0.822879,0.516787
0.861641,0.591394,0.577011,0.624077,0.786531,0.832605,0.433273,0.797848,0.254995,0.308938,0.481066,0.768890,0.309288,0.325182,0.665502,0.578169
0.440475,0.463491,0.728118,0.437409,0.274832,0.293313,0.406422,0.704770,0.421340,0.303634,0.301436,0.522814,0.576340,0.407433,0.717284,0.248910
0.194364,0.634544,0.716063,0.591833,0.658467,0.441502,0.267568,0.487651,0.563884,0.258921,0.349330,0.357475,0.652646,0.226686,0.265735,0.617238
0.522051,0.714361,0.813297,0.357908,0.216638,0.405534,0.277145,0.447793,0.201472,0.502474,0.572506,0.439066,0.314355,0.239129,0.505221,0.572303
0.377921,0.548325,0.797451,0.405840,0.195277,0.293512,0.407547,0.682145,0.384197,0.317617,0.447002,0.491711,0.635779,0.300056,0.674032,0.275086
0.255132,0.828331,0.772263,0.410220,0.663004,0.427734,0.348928,0.570317,0.717911,0.230223,0.420944,0.311540,0.611810,0.230671,0.355563,0.581696
0.602636,0.714992,0.538013,0.663303,0.664349,0.527693,0.529907,0.309722,0.427038,0.724149,0.055456,0.209183,0.293265,0.708814,0.310621,0.326071
0.586160,0.596587,0.890025,0.349583,0.345468,0.306330,0.269390,0.503037,0.398927,0.496240,0.605470,0.364268,0.262068,0.200540,0.565949,0.479050
0.515340,0.719289,0.497350,0.612938,0.197681,0.639830,0.448003,0.765485,0.748635,0.588655,0.764900,0.445398,0.275155,0.740258,0.674636,0.376091
0.345951,0.503733,0.805046,0.408974,0.217859,0.305122,0.404611,0.727702,0.406613,0.302267,0.313968,0.338513,0.640404,0.386235,0.660724,0.331664
