0.678513,0.611303,0.219871,0.527077,0.372094,0.816440,0.451491,0.684076,0.427541,0.592161,0.072946,0.256077,0.644487,0.711778,0.272978,0.281269
0.515741,0.615224,0.342989,0.704910,0.608349,0.822001,0.338202,0.641715,0.697030,0.417458,0.470845,0.225539,0.726207,0.422245,0.247440,0.160229
0.735410,0.357070,0.388044,0.641011,0.629524,0.777535,0.452526,0.345952,0.365691,0.092551,0.597169,0.602251,0.367834,0.541707,0.599591,0.715877
0.735235,0.761849,0.585372,0.235712,0.229974,0.440948,0.264670,0.668342,0.405050,0.638885,0.416514,0.261123,0.799427,0.756102,0.757648,0.334416
0.613553,0.621843,0.287058,0.238009,0.381182,0.631408,0.609459,0.572572,0.330968,0.366575,0.431876,0.630144,0.716138,0.674073,0.647099,0.473635
0.611301,0.468621,0.564631,0.530087,0.496721,0.863485,0.753144,0.747982,0.611486,0.345902,0.316227,0.303933,0.661674,0.529030,0.439899,0.824520
0.684962,0.655661,0.208522,0.541399,0.412401,0.639492,0.370492,0.596225,0.478361,0.608389,0.069364,0.304340,0.604795,0.683723,0.289719,0.246103
0.551635,0.208550,0.463550,0.281889,0.332540,0.529761,0.656449,0.801585,0.295994,0.421764,0.310463,0.259769,0.373086,0.128290,0.605919,0.428504
0.869976,0.359043,0.382120,0.611640,0.486214,0.658647,0.594937,0.226892,0.468080,0.183700,0.574281,0.772007,0.466837,0.589029,0.672281,0.863502
0.626394,0.251652,0.227546,0.193038,0.947992,0.218814,0.590139,0.747571,0.589301,0.372586,0.666546,0.747389,0.513704,0.616972,0.335708,0.489349
0.851812,0.483569,0.365558,0.619087,0.492210,0.640761,0.565281,0.352132,0.424732,0.154517,0.619487,0.772357,0.649530,0.511584,0.646172,0.792515
0.258117,0.877854,0.620901,0.401524,0.290015,0.164251,0.746106,0.510488,0.482828,0.794905,0.586337,0.326116,0.732652,0.574233,0.542282,0.419216
0.515206,0.318905,0.754618,0.841262,0.553901,0.491924,0.609787,0.423137,0.132259,0.571798,0.449166,0.634867,0.477322,0.406555,0.381894,0.517221
0.261954,0.573340,0.701502,0.639754,0.159959,0.603196,0.373897,0.434481,0.328022,0.688982,0.518201,0.637000,0.906149,0.368030,0.569085,0.464771
0.238360,0.686967,0.667391,0.276345,0.316291,0.230640,0.739664,0.551619,0.568760,0.580158,0.715174,0.354643,0.720691,0.709908,0.474520,0.263399
0.539454,0.224618,0.828471,0.799937,0.470740,0.440458,0.575658,0.273429,0.157351,0.564033,0.384876,0.597279,0.594300,0.447816,0.323576,0.505669
0.707903,0.205521,0.461595,0.234057,0.309153,0.499155,0.747818,0.877239,0.237915,0.343463,0.336616,0.340790,0.364346,0.162775,0.688350,0.527044
0.414829,0.223311,0.271545,0.527080,0.513529,0.168963,0.479588,0.743561,0.652537,0.563591,0.274014,0.301711,0.321589,0.438714,0.048052,0.507417
0.411213,0.247825,0.353450,0.383200,0.747094,0.147519,0.425795,0.754729,0.631702,0.468955,0.297139,0.307342,0.312741,0.476054,0.182102,0.603111
0.520588,0.513258,0.316675,0.335493,0.699434,0.647233,0.221415,0.185754,0.140548,0.174273,0.395789,0.189535,0.240720,0.568807,0.669743,0.744726
0.529936,0.281691,0.791853,0.818399,0.579342,0.537912,0.690114,0.343948,0.252063,0.464674,0.489587,0.624200,0.676265,0.350260,0.308178,0.434433
0.352552,0.335419,0.765369,0.983163,0.483482,0.671855,0.649974,0.339703,0.104544,0.532053,0.408904,0.666117,0.712524,0.366379,0.400064,0.631044
0.872985,0.599611,0.627897,0.314487,0.211942,0.708393,0.291466,0.729574,0.528279,0.749481,0.519921,0.248152,0.712998,0.852586,0.744284,0.301106
0.222380,0.728523,0.621063,0.342246,0.410006,0.266949,0.675910,0.474945,0.454496,0.681671,0.654356,0.378877,0.679742,0.763002,0.536455,0.336823
0.093701,0.780929,0.662136,0.327141,0.422970,0.247256,0.757239,0.468142,0.447656,0.748777,0.595096,0.406457,0.831104,0.739083,0.497942,0.355174
0.388436,0.437518,0.643800,0.276584,0.765781,0.445472,0.361054,0.656072,0.370286,0.126673,0.319207,0.239566,0.642035,0.655184,0.401158,0.557343
0.757978,0.733967,0.604231,0.307528,0.078328,0.587600,0.269851,0.669004,0.474329,0.568696,0.562582,0.256829,0.628823,0.910091,0.810444,0.314546
0.219281,0.729488,0.612143,0.412779,0.328640,0.249800,0.778712,0.356275,0.512048,0.753445,0.671477,0.375578,0.745451,0.741533,0.597842,0.505605
0.462164,0.247049,0.803414,0.745500,0.549026,0.450334,0.515237,0.305033,0.202205,0.483939,0.466856,0.658708,0.690062,0.490194,0.372161,0.423274
0.763355,0.433323,0.521172,0.477119,0.516714,0.855548,0.485088,0.143599,0.515949,0.124867,0.530569,0.690157,0.470823,0.513523,0.592095,0.818862
0.664626,0.213821,0.532064,0.221418,0.393943,0.583892,0.688589,0.618683,0.245981,0.343492,0.311844,0.299190,0.323091,0.264483,0.684557,0.468480
0.564764,0.290987,0.154333,0.377680,0.727747,0.288935,0.731167,0.850847,0.516357,0.382876,0.599600,0.719510,0.451022,0.532201,0.269180,0.612751
0.847616,0.713753,0.638245,0.293613,0.180846,0.545581,0.220057,0.751552,0.474679,0.593054,0.386216,0.110906,0.580383,0.752555,0.811332,0.332608
0.678727,0.612240,0.200149,0.385287,0.455617,0.672515,0.388815,0.853017,0.388184,0.632640,0.208601,0.252130,0.530205,0.597369,0.396233,0.269978
0.590947,0.297233,0.219533,0.385181,0.917201,0.232811,0.514768,0.868085,0.518591,0.585150,0.498025,0.697457,0.465381,0.545878,0.228462,0.467656
0.799549,0.495912,0.324116,0.729392,0.646146,0.816934,0.614833,0.200826,0.368701,0.134869,0.648599,0.733333,0.658931,0.517690,0.515164,0.802697
0.728171,0.350317,0.453412,0.610195,0.640797,0.699564,0.558295,0.273071,0.571626,0.062884,0.661612,0.723333,0.548073,0.569226,0.555224,0.697390
0.479976,0.324018,0.789260,0.718589,0.657126,0.598443,0.518444,0.378388,0.349893,0.465780,0.444462,0.676527,0.704392,0.336579,0.306628,0.625310
0.644088,0.527394,0.564886,0.513868,0.535210,0.780826,0.849613,0.682622,0.488164,0.379711,0.253018,0.256452,0.514071,0.562708,0.360734,0.847394
0.449085,0.346776,0.211097,0.285219,0.869647,0.111085,0.573040,0.840922,0.518313,0.407200,0.565002,0.589266,0.631677,0.604649,0.222164,0.414529
0.816533,0.520208,0.482404,0.481540,0.699581,0.740756,0.515732,0.243059,0.444087,0.180014,0.627584,0.873963,0.571220,0.651728,0.558721,0.712864
0.718012,0.678810,0.583833,0.331292,0.065623,0.525023,0.270314,0.696415,0.538829,0.606695,0.420201,0.153167,0.735048,0.717086,0.790189,0.175685
0.419368,0.510626,0.656132,0.312711,0.790436,0.477078,0.455114,0.825767,0.348787,0.198379,0.412387,0.371662,0.742006,0.657811,0.388163,0.547120
0.608261,0.442272,0.324715,0.300423,0.768666,0.623575,0.194366,0.155853,0.234784,0.284259,0.407836,0.276682,0.212804,0.537976,0.746266,0.716893
0.357524,0.517247,0.606775,0.105138,0.802215,0.534771,0.407655,0.648500,0.430892,0.387596,0.294034,0.283355,0.616788,0.728414,0.356609,0.489732
0.254823,0.812366,0.530125,0.287834,0.340652,0.280330,0.656602,0.502260,0.442350,0.673397,0.687700,0.482836,0.835691,0.638481,0.634326,0.316514
0.657448,0.692967,0.234122,0.557545,0.293028,0.817320,0.374477,0.646814,0.509394,0.707337,0.297943,0.283611,0.554435,0.568068,0.361162,0.322115
0.355977,0.860929,0.501280,0.243683,0.113686,0.238015,0.616794,0.426986,0.542434,0.330488,0.583216,0.628215,0.327829,0.292724,0.351036,0.853451
0.173531,0.728617,0.465804,0.284558,0.350154,0.202878,0.638325,0.394840,0.568190,0.661038,0.642474,0.353373,0.874726,0.825997,0.630544,0.485325
0.158944,0.392089,0.711668,0.477062,0.174512,0.446307,0.135916,0.462988,0.143601,0.769336,0.504523,0.702137,0.788457,0.219451,0.583315,0.475095
0.780736,0.678067,0.560277,0.266115,0.103679,0.633252,0.406830,0.733277,0.396649,0.552500,0.444789,0.296057,0.636892,0.769350,0.869727,0.305214
0.652328,0.516738,0.540442,0.371477,0.525709,0.753568,0.833190,0.734751,0.461921,0.284085,0.303729,0.206361,0.678956,0.619599,0.478101,0.815167
0.358063,0.663378,0.324560,0.533642,0.385869,0.504823,0.346930,0.169397,0.865133,0.703202,0.189187,0.759713,0.706958,0.646453,0.685083,0.269780
0.539403,0.815187,0.495292,0.223455,0.215884,0.284340,0.432351,0.417256,0.540257,0.272428,0.505419,0.547366,0.218789,0.234608,0.234913,0.949454
0.350440,0.302179,0.299917,0.414722,0.688585,0.132827,0.427641,0.720657,0.516251,0.569028,0.321698,0.294363,0.366392,0.482062,0.125640,0.459345
0.431910,0.322281,0.792317,0.849369,0.559036,0.536233,0.647152,0.482836,0.135164,0.497533,0.344516,0.766708,0.704975,0.388658,0.383193,0.525324
0.549750,0.455552,0.243425,0.336754,0.427011,0.730944,0.560466,0.531595,0.329861,0.360844,0.500932,0.574330,0.717836,0.797452,0.627316,0.538369
0.541018,0.659803,0.351159,0.719917,0.487734,0.828593,0.223803,0.460484,0.935705,0.490259,0.423503,0.273681,0.859824,0.405111,0.268820,0.261908
0.658185,0.634923,0.338653,0.662766,0.537485,0.837451,0.218119,0.479042,0.891334,0.477805,0.490585,0.306385,0.721940,0.511779,0.228620,0.205443
0.189137,0.625630,0.654855,0.339625,0.470950,0.225340,0.664861,0.444829,0.574635,0.653586,0.655057,0.511099,0.722265,0.651570,0.618726,0.479562
0.386367,0.325407,0.330657,0.390011,0.856082,0.124967,0.477213,0.705962,0.442559,0.529905,0.304283,0.328805,0.319713,0.460488,0.137104,0.587486
0.679325,0.577009,0.333783,0.202810,0.341157,0.573600,0.695642,0.601856,0.385534,0.331741,0.451830,0.607382,0.719238,0.711450,0.630678,0.431410
0.776345,0.653384,0.620586,0.264108,0.202254,0.526194,0.442911,0.505133,0.575310,0.599291,0.382921,0.204523,0.670128,0.683535,0.764407,0.272793
0.578410,0.225526,0.479771,0.174648,0.148554,0.554822,0.635762,0.854196,0.231859,0.489157,0.302480,0.291437,0.240841,0.183770,0.716173,0.488435
0.462016,0.468692,0.570875,0.255319,0.822170,0.533072,0.337539,0.674238,0.386738,0.182063,0.310803,0.449200,0.603713,0.678055,0.432747,0.500633
0.431360,0.715480,0.398478,0.735391,0.344537,0.488756,0.499148,0.096627,0.688155,0.646154,0.209475,0.712508,0.602578,0.782902,0.775801,0.340555
0.676304,0.639272,0.246857,0.511723,0.275155,0.602395,0.350736,0.665534,0.346819,0.692174,0.114779,0.279062,0.615750,0.637124,0.345017,0.151218
0.758855,0.248253,0.226522,0.272643,0.849123,0.102040,0.584297,0.691940,0.529150,0.313921,0.570061,0.825168,0.501196,0.519228,0.369466,0.567484
0.628391,0.475806,0.231892,0.197477,0.384103,0.842441,0.655661,0.552686,0.366912,0.382638,0.609271,0.544409,0.713647,0.738315,0.639927,0.546017
0.576415,0.555780,0.449635,0.406311,0.425071,0.738184,0.758335,0.856272,0.518324,0.172341,0.383955,0.302006,0.473488,0.625473,0.290276,0.750528
0.519028,0.308464,0.783622,0.678789,0.575292,0.524401,0.620007,0.509854,0.213534,0.477490,0.350311,0.586909,0.564247,0.357361,0.404590,0.605791
0.725732,0.484332,0.261146,0.360623,0.806497,0.363805,0.550992,0.622530,0.568954,0.391097,0.580989,0.708338,0.554012,0.470989,0.367408,0.513951
0.479327,0.803422,0.515341,0.138754,0.250755,0.306453,0.621797,0.567729,0.461019,0.352884,0.363158,0.621176,0.168239,0.454661,0.250110,0.732632
0.484748,0.329396,0.580532,0.176927,0.774836,0.567281,0.305620,0.805493,0.339716,0.249368,0.306789,0.317612,0.767499,0.667268,0.351985,0.486764
0.206912,0.758421,0.394984,0.505607,0.342862,0.529300,0.409611,0.173943,0.823581,0.716432,0.202037,0.773540,0.695793,0.632182,0.809763,0.281556
0.152721,0.787677,0.579806,0.250235,0.474901,0.399602,0.736995,0.417605,0.557604,0.782227,0.711044,0.400456,0.781061,0.661940,0.501629,0.412155
0.691221,0.273265,0.166124,0.391702,0.772662,0.277090,0.444154,0.857306,0.643279,0.352131,0.548172,0.800158,0.561905,0.530082,0.389908,0.530241
0.273832,0.552193,0.613359,0.530373,0.195970,0.449161,0.281458,0.521668,0.250847,0.638505,0.534893,0.668390,0.741121,0.409047,0.598866,0.386017
0.193888,0.632672,0.729967,0.290133,0.413081,0.344906,0.702635,0.357892,0.542703,0.645394,0.670000,0.438590,0.641866,0.557015,0.621158,0.369711
0.649661,0.290010,0.275729,0.365099,0.843179,0.253488,0.591145,0.731254,0.472265,0.427033,0.649310,0.726084,0.550147,0.608981,0.251777,0.518210
0.342372,0.417999,0.371751,0.293710,0.640932,0.234841,0.413840,0.793768,0.522757,0.412720,0.419858,0.301662,0.435813,0.391567,0.126948,0.537499
0.836073,0.795158,0.582892,0.243655,0.152198,0.643198,0.360238,0.609939,0.427039,0.688857,0.444113,0.223205,0.752912,0.721148,0.683616,0.295682
0.544617,0.607752,0.354825,0.737837,0.542574,0.678373,0.316770,0.477547,0.826565,0.590407,0.437647,0.292939,0.803582,0.371401,0.160635,0.293629
0.840100,0.599776,0.581263,0.262397,0.246516,0.486113,0.135007,0.736183,0.412097,0.601495,0.459337,0.187334,0.681704,0.770675,0.798006,0.433232
0.627551,0.657342,0.426533,0.317765,0.259244,0.570184,0.693634,0.533527,0.212047,0.406087,0.487365,0.640575,0.628296,0.723076,0.600009,0.409495
0.697871,0.594927,0.306658,0.685170,0.338571,0.917004,0.170622,0.556344,0.723799,0.350868,0.394048,0.317167,0.743499,0.413700,0.250730,0.269141
0.256196,0.758110,0.417570,0.545714,0.390248,0.592240,0.580115,0.165387,0.813740,0.732770,0.359448,0.738931,0.572706,0.825152,0.785871,0.222062
0.199861,0.536685,0.757104,0.525503,0.231137,0.335086,0.184545,0.423816,0.240728,0.716282,0.538464,0.692736,0.859322,0.385987,0.562090,0.354910
0.599684,0.490668,0.490017,0.212043,0.512984,0.582587,0.788578,0.647697,0.388507,0.402075,0.442963,0.537144,0.708467,0.841852,0.798689,0.366569
0.594207,0.679877,0.194170,0.635886,0.356436,0.721148,0.235609,0.516011,0.812517,0.467145,0.327069,0.232601,0.970506,0.308477,0.108154,0.278222
0.227666,0.733883,0.628379,0.321252,0.438416,0.253829,0.640349,0.476533,0.567202,0.657280,0.717682,0.494525,0.702354,0.732167,0.518759,0.490056
0.396026,0.411465,0.684737,0.233371,0.587663,0.464801,0.506159,0.768632,0.395695,0.226613,0.406700,0.340574,0.494721,0.628271,0.341816,0.552016
0.282246,0.685834,0.630328,0.369950,0.460402,0.371172,0.708677,0.453646,0.494223,0.651611,0.684340,0.559765,0.702963,0.654058,0.683950,0.408194
0.212655,0.726314,0.708738,0.296213,0.375558,0.283996,0.652938,0.432729,0.664739,0.688868,0.630118,0.326687,0.762426,0.728525,0.424604,0.544082
0.345478,0.186091,0.272098,0.405253,0.536245,0.068131,0.490326,0.723629,0.437713,0.469582,0.319902,0.268417,0.324105,0.347639,0.107043,0.564712
0.241876,0.747491,0.457569,0.515568,0.279311,0.558688,0.336259,0.069590,0.776596,0.722367,0.262009,0.679400,0.629774,0.681492,0.814768,0.303056
0.556715,0.882181,0.522671,0.196369,0.247846,0.272689,0.536941,0.570968,0.512417,0.344760,0.632423,0.702645,0.131865,0.322122,0.125469,0.765537
0.600690,0.254930,0.602972,0.229120,0.160810,0.589113,0.702387,0.659849,0.092640,0.391236,0.307309,0.358900,0.279960,0.147146,0.776932,0.391537
0.499038,0.405038,0.362792,0.308619,0.662717,0.598384,0.196656,0.328510,0.120288,0.251581,0.350112,0.241949,0.339457,0.405609,0.654526,0.641935
0.642445,0.302255,0.135927,0.394458,0.922657,0.278280,0.624212,0.718331,0.522728,0.395126,0.565673,0.777820,0.456507,0.547467,0.422827,0.426673
0.558365,0.273165,0.599907,0.319412,0.286245,0.613673,0.848340,0.737951,0.309533,0.247679,0.321112,0.367157,0.379753,0.154100,0.702210,0.406828
0.631354,0.784063,0.132986,0.487642,0.422097,0.665738,0.411541,0.644522,0.506327,0.788973,0.063267,0.330461,0.685622,0.549588,0.428333,0.235276
0.590810,0.590202,0.346670,0.413746,0.778792,0.593751,0.170909,0.171129,0.118674,0.301134,0.420574,0.193950,0.417897,0.606164,0.633611,0.647231
0.623807,0.200725,0.521310,0.210911,0.179538,0.584737,0.781222,0.855435,0.251040,0.222082,0.350403,0.282383,0.251087,0.129834,0.703021,0.500439
0.388098,0.452578,0.579539,0.103606,0.788284,0.406399,0.501791,0.714745,0.275270,0.248396,0.495407,0.411566,0.839840,0.577281,0.305766,0.520843
0.547142,0.301851,0.259640,0.201891,0.842599,0.304381,0.622963,0.693735,0.418006,0.527184,0.517174,0.855816,0.512023,0.587109,0.429105,0.592327
0.244684,0.575746,0.791049,0.581367,0.060957,0.469518,0.168786,0.469505,0.134190,0.767374,0.583069,0.748572,0.798566,0.221515,0.588222,0.396416
0.658455,0.666248,0.229561,0.367771,0.353921,0.692893,0.290802,0.573490,0.310907,0.629236,0.141557,0.375699,0.514790,0.597105,0.265419,0.218337
0.441279,0.270100,0.190283,0.406188,0.585335,0.157929,0.508784,0.795409,0.544108,0.572937,0.285084,0.258032,0.327377,0.448021,0.184911,0.589216
0.237078,0.774117,0.679379,0.273975,0.495516,0.342414,0.750659,0.384020,0.516049,0.695842,0.678247,0.390280,0.750305,0.729046,0.605891,0.443959
0.206408,0.856888,0.617958,0.314631,0.481004,0.209841,0.624101,0.413469,0.582274,0.653003,0.665265,0.351119,0.756815,0.705056,0.449176,0.471507
0.507742,0.331406,0.281473,0.468364,0.784275,0.257248,0.497443,0.722103,0.463447,0.540789,0.364568,0.340888,0.235832,0.436928,0.181387,0.631976
0.398824,0.176960,0.287565,0.501925,0.699651,0.249988,0.387807,0.632053,0.518272,0.410456,0.211212,0.298973,0.321772,0.418081,0.137796,0.602463
0.753352,0.608542,0.661364,0.209637,0.091821,0.435562,0.326912,0.796383,0.442455,0.597200,0.438737,0.250890,0.718737,0.808316,0.731121,0.283478
0.627645,0.272978,0.250654,0.296939,0.818628,0.085021,0.527878,0.741832,0.648709,0.442784,0.515084,0.829648,0.455074,0.488688,0.422558,0.612300
0.561387,0.236621,0.552867,0.302553,0.241419,0.664669,0.757498,0.860274,0.133403,0.378382,0.330914,0.218600,0.374688,0.217119,0.663701,0.412035
0.708734,0.475447,0.363362,0.693648,0.543369,0.696081,0.519707,0.171759,0.388618,0.337908,0.482565,0.580625,0.658757,0.521681,0.593837,0.776222
0.742225,0.328540,0.397827,0.590067,0.576162,0.773493,0.487930,0.212258,0.465905,0.185735,0.461019,0.710160,0.483805,0.570382,0.503750,0.702308
0.293390,0.311717,0.659787,0.514026,0.046013,0.591624,0.312452,0.608742,0.357650,0.666522,0.602863,0.630965,0.845481,0.298978,0.511058,0.400789
0.454167,0.529523,0.557867,0.545053,0.523085,0.757583,0.863164,0.780014,0.483506,0.320613,0.380028,0.246061,0.548373,0.681587,0.339319,0.720287
0.197564,0.772888,0.656531,0.347964,0.489564,0.266244,0.598085,0.413384,0.522285,0.630566,0.688574,0.528767,0.746480,0.821682,0.570232,0.419194
0.359309,0.448831,0.560826,0.170574,0.655084,0.412265,0.293408,0.669547,0.435242,0.206157,0.477637,0.334158,0.718632,0.654995,0.448554,0.623673
0.809465,0.699064,0.547129,0.302268,0.157073,0.557580,0.237301,0.585653,0.524487,0.664980,0.369742,0.192589,0.568819,0.817051,0.868021,0.413824
0.611594,0.561963,0.569765,0.481363,0.354920,0.733450,0.809914,0.695938,0.520186,0.234545,0.339999,0.103273,0.560704,0.680426,0.272171,0.783616
0.721501,0.213532,0.550308,0.287148,0.193671,0.524435,0.713047,0.798536,0.180697,0.293328,0.268985,0.254532,0.363108,0.223355,0.804231,0.553010
0.352176,0.276461,0.995243,0.904710,0.650074,0.554231,0.660177,0.425041,0.240615,0.432083,0.426874,0.565008,0.688167,0.282053,0.322602,0.557942
0.393180,0.434378,0.697599,0.232438,0.747070,0.442220,0.407453,0.660954,0.269881,0.020939,0.313536,0.325963,0.680287,0.762983,0.346356,0.601794
0.425738,0.270493,0.624681,0.313697,0.625510,0.343581,0.491640,0.738295,0.261480,0.203544,0.326090,0.320890,0.765062,0.563544,0.369156,0.550930
0.345166,0.157931,0.294796,0.415477,0.717260,0.100348,0.411231,0.751398,0.556830,0.543247,0.301027,0.241338,0.335073,0.406097,0.264225,0.447995
0.434461,0.584360,0.341492,0.249345,0.686950,0.599154,0.160240,0.206379,0.274021,0.260253,0.484067,0.291396,0.335371,0.510100,0.714285,0.765364
0.612273,0.484529,0.581301,0.537798,0.377871,0.874659,0.730137,0.677522,0.440683,0.380627,0.244072,0.094187,0.589667,0.761485,0.274471,0.888950
0.792955,0.882324,0.557755,0.276414,0.196223,0.548963,0.362248,0.675788,0.564593,0.579605,0.327158,0.207994,0.660511,0.792897,0.867184,0.209747
0.325555,0.243497,0.173651,0.399918,0.707179,0.216119,0.522779,0.877590,0.559318,0.518118,0.225485,0.293333,0.302978,0.404218,0.171242,0.528192
0.749576,0.606603,0.245748,0.368674,0.324452,0.691117,0.730284,0.541684,0.378380,0.418320,0.297524,0.648927,0.671220,0.804003,0.637123,0.424363
0.557635,0.472894,0.299205,0.269032,0.395230,0.633927,0.642278,0.668888,0.340750,0.438935,0.469977,0.607771,0.661966,0.773764,0.742017,0.484455
0.588843,0.587885,0.349991,0.454294,0.481075,0.715504,0.717699,0.782289,0.352320,0.432343,0.527543,0.523062,0.669745,0.712833,0.793624,0.569019
0.545362,0.865372,0.494331,0.230356,0.194686,0.215965,0.542722,0.526907,0.593673,0.221395,0.498342,0.560754,0.234011,0.422258,0.262983,0.665980
0.618464,0.479383,0.272181,0.749789,0.394264,0.852619,0.190114,0.468256,0.906580,0.462442,0.443603,0.207154,0.712957,0.370276,0.190219,0.256186
0.470921,0.295505,0.762721,0.873896,0.669955,0.600535,0.649306,0.398387,0.175766,0.460241,0.451048,0.586571,0.648416,0.296914,0.375309,0.545228
0.232512,0.792661,0.413685,0.541153,0.213975,0.541951,0.469204,0.128448,0.803492,0.621554,0.281843,0.638249,0.687607,0.695353,0.859209,0.212050
0.723241,0.249772,0.238693,0.461156,0.946809,0.287995,0.564984,0.682562,0.622299,0.506790,0.503919,0.731085,0.580507,0.497389,0.256350,0.495702
0.859023,0.654794,0.760144,0.246968,0.147269,0.492439,0.374604,0.612427,0.592209,0.532472,0.472382,0.281202,0.757193,0.694134,0.760846,0.420611
0.595108,0.180707,0.490243,0.134859,0.367592,0.529890,0.783861,0.721958,0.161580,0.456794,0.216402,0.253700,0.238718,0.322519,0.752459,0.421508
0.785164,0.430193,0.451160,0.534158,0.688481,0.716786,0.470412,0.207573,0.430986,0.090106,0.473446,0.738446,0.563869,0.469355,0.642475,0.867334
0.260454,0.716599,0.508866,0.436886,0.307740,0.499223,0.452213,0.234339,0.780562,0.777118,0.376644,0.762361,0.632680,0.671274,0.734029,0.314646
0.599776,0.377175,0.305543,0.244878,0.697472,0.205241,0.536513,0.867729,0.446633,0.530618,0.448657,0.666990,0.530646,0.528577,0.161447,0.369427
0.508348,0.450871,0.400716,0.611308,0.507173,0.786320,0.219993,0.364378,0.859589,0.432594,0.527686,0.212979,0.763782,0.365912,0.185009,0.260466
0.636818,0.569702,0.401495,0.664107,0.527215,0.829043,0.308362,0.470884,0.852280,0.374292,0.401791,0.269525,0.566446,0.318015,0.086862,0.204041
0.779744,0.481010,0.451431,0.704136,0.497608,0.671548,0.436773,0.239311,0.417811,0.211314,0.702767,0.755017,0.639998,0.630914,0.595338,0.769928
0.609609,0.550975,0.315689,0.627056,0.468059,0.794712,0.264787,0.519353,0.832683,0.396283,0.286020,0.247688,0.852276,0.428402,0.076874,0.300718
0.584137,0.843307,0.493354,0.275906,0.141271,0.379664,0.472157,0.454223,0.386957,0.297244,0.526001,0.690125,0.140522,0.340246,0.256434,0.701782
0.204032,0.786913,0.323717,0.594871,0.313741,0.614913,0.430816,0.237976,0.747766,0.713017,0.185838,0.681981,0.769466,0.738474,0.812991,0.176097
0.646799,0.553385,0.632298,0.544274,0.415077,0.850262,0.813926,0.714672,0.516821,0.336485,0.203788,0.235305,0.551908,0.665144,0.401112,0.789342
0.547772,0.434733,0.316761,0.369267,0.801213,0.578290,0.052850,0.215203,0.214608,0.203831,0.376891,0.251015,0.418676,0.567605,0.710685,0.834454
0.787285,0.284143,0.229302,0.302079,0.940949,0.226607,0.561740,0.788717,0.521920,0.534917,0.614634,0.802044,0.561610,0.540462,0.289539,0.529774
0.512673,0.302375,0.795744,0.811696,0.486208,0.527666,0.720218,0.524715,0.107355,0.553599,0.478866,0.597868,0.673130,0.395915,0.305576,0.534822
0.210451,0.701115,0.593153,0.329653,0.374794,0.292260,0.693222,0.412637,0.459313,0.600882,0.658149,0.477154,0.741382,0.738589,0.458827,0.439843
0.630426,0.957822,0.478268,0.166858,0.441422,0.294847,0.589021,0.500501,0.512440,0.395887,0.617459,0.708382,0.373970,0.376568,0.276589,0.840250
0.292539,0.510175,0.608354,0.324445,0.823058,0.511583,0.384571,0.715221,0.383599,0.244158,0.345072,0.265100,0.498297,0.666754,0.368138,0.615931
0.645972,0.512448,0.209812,0.255900,0.389958,0.785709,0.782132,0.579601,0.548771,0.405701,0.462732,0.598647,0.747925,0.843770,0.701841,0.449986
0.732971,0.418442,0.241376,0.348986,0.869122,0.206905,0.505530,0.772084,0.605218,0.402813,0.551632,0.725329,0.485331,0.496262,0.244777,0.489940
0.824375,0.272539,0.461706,0.575844,0.582302,0.747396,0.421926,0.229086,0.310507,0.106750,0.579657,0.582583,0.477771,0.468650,0.598432,0.776619
0.716388,0.526498,0.292971,0.266063,0.377370,0.688764,0.657973,0.702036,0.334885,0.419226,0.398991,0.563633,0.752060,0.627939,0.558533,0.424059
0.750958,0.311415,0.249073,0.377488,0.888797,0.164748,0.405804,0.934273,0.573330,0.396098,0.659139,0.805767,0.435850,0.559521,0.352764,0.487857
0.186967,0.560641,0.748786,0.536260,0.125916,0.251607,0.323286,0.536995,0.248559,0.699420,0.434621,0.743193,0.840475,0.337686,0.453090,0.364754
0.678065,0.493687,0.345389,0.718849,0.515638,0.828232,0.244232,0.519719,0.874333,0.364790,0.309380,0.212919,0.815780,0.263087,0.066763,0.238701
0.447331,0.249520,0.847208,0.897541,0.627877,0.512044,0.554669,0.478991,0.256073,0.547055,0.404073,0.698730,0.697598,0.410520,0.432928,0.679987
0.607922,0.812497,0.581419,0.200794,0.027081,0.295639,0.447599,0.496597,0.509611,0.285244,0.604140,0.630160,0.258349,0.290472,0.256432,0.830345
0.513775,0.940316,0.604077,0.282458,0.274061,0.339876,0.443839,0.540725,0.533226,0.253072,0.550590,0.583939,0.241397,0.354194,0.262440,0.696034
0.229879,0.781700,0.472460,0.704908,0.228867,0.521148,0.520374,0.218486,0.797379,0.633920,0.267545,0.576124,0.731169,0.703179,0.741061,0.174981
0.895680,0.397097,0.456945,0.549324,0.622114,0.755545,0.536735,0.425377,0.542478,0.161305,0.792927,0.729159,0.571827,0.409885,0.605610,0.790870
0.628823,0.231556,0.476783,0.159877,0.184824,0.666854,0.815896,0.783563,0.257407,0.385338,0.165205,0.353423,0.315690,0.269181,0.712038,0.425229
0.521340,0.487350,0.521909,0.223313,0.835949,0.573036,0.047054,0.215481,0.211681,0.380098,0.489510,0.258922,0.367924,0.589412,0.618743,0.690606
0.294771,0.255565,0.813187,0.875754,0.530016,0.473017,0.638525,0.407026,0.296095,0.663133,0.333033,0.613096,0.677289,0.323392,0.288888,0.547538
0.658121,0.319863,0.233976,0.298605,0.699272,0.231564,0.545875,0.977451,0.496026,0.413138,0.492622,0.770034,0.569785,0.632410,0.282060,0.498742
0.476145,0.759117,0.561673,0.194496,0.144643,0.449807,0.621562,0.559230,0.576871,0.412632,0.513705,0.651117,0.274266,0.297361,0.279241,0.765818
0.773350,0.658051,0.604420,0.330350,0.139719,0.740749,0.351193,0.744985,0.476847,0.509903,0.340479,0.299609,0.738963,0.718632,0.897039,0.235522
0.463909,0.376068,0.688879,0.492443,0.392829,0.755530,0.915634,0.636943,0.634407,0.328726,0.460038,0.148977,0.662767,0.716487,0.412143,0.900376
0.259589,0.789226,0.586245,0.397966,0.546332,0.282172,0.753521,0.398642,0.506327,0.609812,0.661661,0.364037,0.677980,0.633461,0.608485,0.390879
0.572738,0.193136,0.419744,0.337156,0.243582,0.502479,0.736837,0.781291,0.174943,0.353460,0.361186,0.540661,0.321384,0.213471,0.710766,0.538287
0.692337,0.664636,0.235855,0.494055,0.348427,0.720723,0.502257,0.567560,0.398382,0.814599,0.220793,0.334659,0.648313,0.628992,0.351038,0.102571
0.672316,0.193071,0.594367,0.190817,0.260084,0.480929,0.834829,0.784362,0.188461,0.507362,0.342170,0.237751,0.319022,0.202886,0.699886,0.331089
0.578675,0.416314,0.281886,0.445292,0.791388,0.248500,0.554115,0.796885,0.598501,0.474161,0.568497,0.754545,0.544768,0.583229,0.285744,0.412064
0.929104,0.652803,0.698744,0.226504,0.158366,0.495346,0.348605,0.625071,0.564558,0.653998,0.480739,0.239031,0.691241,0.753750,0.694074,0.358721
0.540560,0.689583,0.231741,0.448698,0.444069,0.749315,0.509098,0.598714,0.355993,0.648433,0.122016,0.301477,0.633543,0.595751,0.333630,0.177644
0.638784,0.486036,0.268982,0.869018,0.447005,0.884007,0.210585,0.505824,0.810924,0.479548,0.479158,0.186717,0.833928,0.389117,0.029265,0.250416
0.288750,0.482393,0.744790,0.638704,0.090703,0.478759,0.366222,0.503465,0.252709,0.735424,0.558004,0.680331,0.848376,0.316173,0.535575,0.445111
0.419282,0.302775,0.253697,0.425700,0.660102,0.147213,0.503056,0.737163,0.599667,0.439526,0.350897,0.204627,0.267618,0.307942,0.241091,0.616065
0.590732,0.556088,0.368093,0.650043,0.426852,0.733498,0.170989,0.562426,0.809807,0.452866,0.439618,0.189019,0.746754,0.404266,0.190022,0.142852
0.208689,0.824358,0.635511,0.287168,0.406981,0.186561,0.669099,0.394545,0.497873,0.834961,0.588221,0.302866,0.855590,0.717340,0.541619,0.410010
0.543771,0.374653,0.331349,0.371539,0.920741,0.229956,0.563501,0.909960,0.599518,0.359049,0.604445,0.837992,0.545036,0.598997,0.290947,0.518694
0.480293,0.209843,0.809978,0.847422,0.644487,0.524112,0.700409,0.451946,0.310239,0.475463,0.397474,0.505273,0.588421,0.388728,0.285147,0.575849
0.443418,0.229422,0.844362,0.855025,0.591045,0.530363,0.563383,0.457049,0.225351,0.513870,0.400984,0.668694,0.599065,0.414730,0.410922,0.623030
0.542663,0.885333,0.460710,0.059877,0.230958,0.394991,0.441221,0.581741,0.521835,0.400136,0.630510,0.676864,0.207117,0.314410,0.163034,0.822786
0.655938,0.735584,0.230961,0.373686,0.396918,0.786205,0.330731,0.678611,0.435749,0.761093,0.216825,0.139516,0.502903,0.617461,0.278391,0.308095
0.792467,0.817922,0.593614,0.280778,0.282910,0.628715,0.289648,0.708796,0.469324,0.533061,0.457612,0.283132,0.636231,0.861102,0.749671,0.235856
0.738951,0.546582,0.448118,0.555849,0.568831,0.748400,0.428490,0.306411,0.517734,0.147472,0.765318,0.745376,0.551905,0.361167,0.601449,0.692408
0.269907,0.783462,0.702304,0.397337,0.325954,0.333503,0.624729,0.444356,0.617055,0.702944,0.635380,0.374070,0.719850,0.608114,0.566289,0.313589
0.704037,0.267088,0.193845,0.385548,0.704565,0.318452,0.491893,0.618801,0.578794,0.388846,0.514250,0.706981,0.440392,0.540034,0.260787,0.534043
0.433219,0.316960,0.860018,0.710641,0.589138,0.527702,0.654436,0.393457,0.160905,0.520405,0.398828,0.645473,0.764875,0.399862,0.497709,0.672026
0.626796,0.770490,0.553075,0.253630,0.179285,0.240837,0.443731,0.624887,0.521688,0.196963,0.486800,0.638992,0.121845,0.320923,0.196264,0.860785
0.863248,0.486015,0.429814,0.544518,0.670810,0.817891,0.604855,0.300721,0.448950,0.184870,0.583592,0.755831,0.542822,0.571075,0.596650,0.701270
0.287027,0.839275,0.387330,0.456877,0.250881,0.404575,0.376615,0.235811,0.888810,0.725438,0.205468,0.747189,0.731217,0.758499,0.731456,0.229161
0.708910,0.781959,0.582475,0.162027,0.344081,0.449462,0.574339,0.463969,0.534147,0.464939,0.511449,0.590449,0.164368,0.386869,0.327073,0.751293
0.506494,0.288062,0.259496,0.537410,0.594762,0.281043,0.390218,0.767547,0.427386,0.471609,0.381847,0.320062,0.259035,0.527925,0.110322,0.601116
0.722081,0.311005,0.231931,0.225452,0.905208,0.225943,0.629042,0.705497,0.571738,0.468507,0.596801,0.704486,0.570868,0.512111,0.387306,0.651945
0.272718,0.176006,0.212072,0.350672,0.656037,0.130958,0.302817,0.710772,0.571477,0.481902,0.272816,0.199216,0.369532,0.412362,0.238414,0.495865
0.651068,0.468761,0.192113,0.313527,0.824996,0.158122,0.640733,0.747158,0.619719,0.511153,0.447615,0.777644,0.476288,0.566982,0.452631,0.511510
0.656800,0.675480,0.276619,0.689729,0.449014,0.743971,0.201273,0.575026,0.923736,0.482406,0.536977,0.255490,0.816489,0.366492,0.109102,0.311210
0.397865,0.315528,0.101260,0.540496,0.702405,0.208969,0.553246,0.704470,0.583021,0.534214,0.173093,0.294440,0.393776,0.523388,0.094139,0.689735
0.310420,0.430062,0.586540,0.333362,0.725932,0.442153,0.511761,0.702339,0.410568,0.119438,0.410871,0.338509,0.611214,0.700843,0.381864,0.503258
0.620301,0.779822,0.515799,0.198217,0.215305,0.330714,0.497330,0.497673,0.507697,0.441937,0.441383,0.522127,0.225996,0.406805,0.247513,0.855131
0.246912,0.494948,0.538512,0.252876,0.803060,0.347858,0.368565,0.873280,0.485644,0.274248,0.330723,0.416196,0.601161,0.648957,0.413168,0.423195
0.286591,0.750149,0.381698,0.534898,0.259356,0.536127,0.406692,0.084836,0.777675,0.761033,0.256735,0.610309,0.769171,0.726199,0.780997,0.227335
0.550702,0.682605,0.299448,0.326577,0.396332,0.666811,0.716846,0.710313,0.273568,0.538037,0.429036,0.597890,0.756790,0.684513,0.660880,0.466953
0.364506,0.680075,0.423698,0.580865,0.350835,0.421206,0.416373,0.230603,0.857392,0.756010,0.348306,0.675535,0.824120,0.754203,0.787803,0.197266
0.444640,0.340483,0.848421,0.798857,0.642948,0.560181,0.617813,0.271637,0.139780,0.513713,0.457877,0.666457,0.719321,0.484348,0.300674,0.512782
0.586072,0.403349,0.621184,0.443382,0.433768,0.792095,0.663556,0.602208,0.578495,0.355457,0.437095,0.126485,0.498997,0.602733,0.377650,0.710663
0.306859,0.391850,0.609956,0.301767,0.755578,0.442593,0.586182,0.769774,0.438964,0.287843,0.394081,0.299188,0.620059,0.667674,0.300945,0.434125
0.160072,0.862911,0.597529,0.372469,0.352956,0.223718,0.635833,0.379942,0.501237,0.604235,0.651304,0.428150,0.656191,0.668052,0.576386,0.473638
0.551843,0.830301,0.541789,0.157631,0.303139,0.305746,0.537883,0.551369,0.463519,0.292757,0.636599,0.632390,0.069694,0.294159,0.243090,0.761687
0.421694,0.362187,0.343596,0.409292,0.638115,0.524716,0.123562,0.152154,0.182692,0.393607,0.472995,0.324849,0.278010,0.622077,0.779286,0.672089
0.214617,0.480164,0.711612,0.524449,0.070041,0.508269,0.339427,0.455908,0.214109,0.664466,0.369102,0.736639,0.925674,0.179272,0.554437,0.354207
0.258855,0.416559,0.607725,0.263881,0.770838,0.521092,0.324939,0.907608,0.326184,0.253646,0.463671,0.331970,0.743563,0.735916,0.338300,0.505868
0.634212,0.304708,0.293389,0.366708,0.829277,0.329939,0.582906,0.799004,0.599345,0.382136,0.431709,0.557635,0.518253,0.625604,0.388343,0.487277
0.503705,0.746145,0.622409,0.095965,0.287276,0.224552,0.410001,0.558128,0.636848,0.329753,0.531572,0.542713,0.298779,0.238070,0.198162,0.804025
0.739857,0.716341,0.207232,0.456046,0.476591,0.805198,0.330270,0.641599,0.349980,0.832556,0.178567,0.201222,0.504869,0.616412,0.530114,0.161505
0.775281,0.496262,0.560378,0.567963,0.556509,0.751867,0.577962,0.202530,0.412789,0.116752,0.599630,0.652992,0.534488,0.702276,0.637956,0.657199
0.273509,0.667598,0.562276,0.376813,0.480152,0.277133,0.731604,0.226290,0.538131,0.685514,0.622487,0.356666,0.754271,0.658658,0.512982,0.371416
0.684109,0.652012,0.157237,0.532463,0.271060,0.730963,0.426304,0.471499,0.417616,0.721648,0.146272,0.283069,0.686094,0.629352,0.170015,0.261076
0.236213,0.682739,0.416392,0.464448,0.344782,0.566286,0.550929,0.112249,0.807023,0.787781,0.256924,0.600845,0.721328,0.570276,0.674949,0.231078
0.302304,0.318345,0.438652,0.426702,0.675354,0.296276,0.532941,0.894440,0.460810,0.325414,0.473238,0.362957,0.314764,0.387546,0.133077,0.527770
0.692423,0.415649,0.540772,0.374126,0.495879,0.847846,0.885060,0.646062,0.561669,0.301918,0.415353,0.321250,0.628205,0.806017,0.451721,0.762421
0.291382,0.368832,0.662830,0.270067,0.691654,0.509044,0.346868,0.776329,0.478144,0.224593,0.401901,0.288807,0.626428,0.670870,0.144614,0.457474
0.646347,0.823163,0.555936,0.168651,0.394293,0.297729,0.434480,0.570652,0.408686,0.358770,0.591688,0.612543,0.076332,0.289914,0.192604,0.853605
0.559415,0.516351,0.379832,0.319033,0.325832,0.556487,0.727949,0.649417,0.403267,0.315255,0.378348,0.471126,0.566364,0.817801,0.700221,0.406642
0.520082,0.504886,0.400502,0.632211,0.511887,0.709050,0.313217,0.487244,0.865534,0.404394,0.466887,0.199654,0.802912,0.327640,0.149245,0.257739
0.305922,0.319465,0.269446,0.457519,0.664426,0.150942,0.555310,0.767108,0.402442,0.591880,0.423628,0.295295,0.312491,0.445686,0.223004,0.515695
0.187447,0.488364,0.712410,0.537355,0.269658,0.465558,0.175591,0.463845,0.188584,0.675333,0.580129,0.590401,1.000000,0.317939,0.519261,0.296608
0.585934,0.634142,0.330834,0.224290,0.471620,0.668457,0.766186,0.519652,0.550823,0.438835,0.406865,0.722252,0.825626,0.825833,0.680814,0.488559
0.325634,0.829633,0.385048,0.474882,0.273247,0.564081,0.519574,0.215816,0.847482,0.700582,0.188592,0.748045,0.624344,0.676104,0.756173,0.236719
0.406548,0.461913,0.608553,0.285588,0.626891,0.565050,0.413554,0.682195,0.438670,0.180155,0.218173,0.286523,0.672284,0.613641,0.390136,0.528745
0.328494,0.267765,0.167267,0.486782,0.669457,0.171392,0.455509,0.696527,0.505540,0.568250,0.400068,0.263408,0.385827,0.539446,0.167110,0.655964
0.361243,0.711635,0.279619,0.448200,0.262880,0.537942,0.444528,0.241142,0.690258,0.747702,0.259189,0.654271,0.647208,0.691484,0.776024,0.243445
0.533856,0.843280,0.514171,0.095477,0.333403,0.311380,0.525765,0.613115,0.605093,0.332674,0.621581,0.578051,0.126758,0.303628,0.284624,0.865285
0.453021,0.834519,0.568665,0.147191,0.311959,0.259799,0.552513,0.499287,0.537578,0.436590,0.539353,0.584412,0.250967,0.265082,0.330807,0.792977
0.650940,0.493766,0.337965,0.232239,0.394910,0.682008,0.599603,0.569696,0.424247,0.279877,0.520318,0.690496,0.604040,0.761068,0.776121,0.409516
0.627768,0.497895,0.404942,0.154678,0.400324,0.724828,0.627121,0.677730,0.361321,0.464842,0.499206,0.545036,0.699420,0.670550,0.779323,0.374325
0.621935,0.611321,0.238430,0.536098,0.334770,0.710303,0.353704,0.660323,0.346368,0.658295,0.069519,0.354290,0.544037,0.622552,0.358063,0.187439
0.402271,0.418699,0.553661,0.294822,0.918536,0.604963,0.498147,0.833118,0.366562,0.246604,0.450308,0.389177,0.793476,0.739245,0.418955,0.422825
0.642727,0.113810,0.576197,0.234182,0.106898,0.667688,0.741366,0.810917,0.279946,0.430775,0.333839,0.457744,0.281499,0.250553,0.608712,0.481389
0.755916,0.475214,0.541454,0.378759,0.446934,0.879049,0.926878,0.617305,0.659023,0.363184,0.499923,0.249487,0.601639,0.693992,0.387313,0.704503
0.706611,0.636929,0.165033,0.504247,0.339800,0.784676,0.357006,0.644587,0.384723,0.617104,0.052582,0.333669,0.577419,0.753960,0.283517,0.181794
0.389120,0.325929,0.290663,0.418782,0.636957,0.212735,0.503586,0.753531,0.523776,0.475678,0.408395,0.275572,0.398647,0.408753,0.000000,0.497705
0.198426,0.509322,0.573269,0.484864,0.214874,0.462600,0.228683,0.510092,0.295371,0.605084,0.514462,0.707993,0.802098,0.240604,0.562012,0.453224
0.729250,0.503390,0.414135,0.728743,0.420256,0.827739,0.246977,0.434563,0.815116,0.364116,0.496730,0.311802,0.825164,0.575622,0.116762,0.319076
0.662923,0.647387,0.462744,0.668771,0.535467,0.839821,0.308746,0.518882,0.822821,0.494708,0.484285,0.292758,0.815538,0.387431,0.269422,0.275802
0.258311,0.645477,0.575496,0.263682,0.362390,0.351788,0.718213,0.395943,0.358522,0.739812,0.583502,0.354416,0.701157,0.696244,0.701439,0.339619
0.584912,0.486523,0.281370,0.363633,0.541516,0.554510,0.150423,0.221412,0.221338,0.323999,0.525520,0.114028,0.404280,0.527898,0.712886,0.727783
0.529908,0.587132,0.361995,0.346145,0.342726,0.642505,0.537406,0.689373,0.306110,0.467061,0.466085,0.614902,0.741311,0.868823,0.784192,0.471491
0.342574,0.569601,0.706841,0.455659,0.258293,0.501195,0.312563,0.503743,0.164748,0.707159,0.551583,0.666118,0.849705,0.430290,0.407913,0.421262
0.247740,0.837396,0.560566,0.293933,0.403659,0.201934,0.641977,0.418906,0.533433,0.687611,0.586036,0.352451,0.701630,0.696677,0.451991,0.372927
0.681690,0.637278,0.106286,0.325400,0.324800,0.673437,0.428753,0.471795,0.352264,0.788782,0.189620,0.195389,0.645287,0.588968,0.283078,0.331847
0.626031,0.327151,0.145792,0.274446,0.890515,0.233513,0.428549,0.906723,0.626978,0.428288,0.555972,0.890746,0.448824,0.587116,0.258154,0.494179
0.606111,0.464835,0.206763,0.259313,0.362527,0.593028,0.690453,0.582810,0.377769,0.497970,0.442709,0.571208,0.694908,0.767671,0.706257,0.401952
0.375007,0.425898,0.288355,0.423343,0.769872,0.191562,0.436036,0.871503,0.540372,0.404200,0.371596,0.302805,0.345064,0.485854,0.279994,0.633699
0.626333,0.719992,0.341869,0.792909,0.503633,0.778190,0.192660,0.397059,0.786013,0.376026,0.469452,0.320201,0.787678,0.283245,0.229248,0.261930
0.347761,0.622944,0.674207,0.498895,0.354478,0.499930,0.223522,0.569308,0.258242,0.726011,0.558511,0.580165,0.792104,0.328621,0.600653,0.496248
0.819023,0.431113,0.450904,0.524921,0.682334,0.749239,0.481149,0.147722,0.447356,0.070863,0.510479,0.724285,0.576565,0.537436,0.623578,0.751696
0.437426,0.587779,0.431045,0.327974,0.340360,0.614309,0.670816,0.637578,0.410271,0.450510,0.312143,0.672267,0.679616,0.743591,0.664402,0.590907
0.371786,0.685537,0.200401,0.453978,0.362207,0.667370,0.475126,0.692515,0.501928,0.792178,0.180944,0.349043,0.542418,0.681038,0.386489,0.315502
0.907150,0.519405,0.449094,0.618507,0.593265,0.759657,0.596689,0.320095,0.358217,0.085980,0.685887,0.744847,0.496462,0.317723,0.604883,0.695617
0.656492,0.638769,0.275990,0.771864,0.471930,0.719879,0.272781,0.472048,0.950011,0.416938,0.339801,0.201835,0.757765,0.305744,0.231803,0.257539
0.680487,0.439361,0.618215,0.505474,0.487413,0.824407,0.836267,0.823476,0.567832,0.321489,0.282829,0.259805,0.544915,0.563143,0.318832,0.825365
0.787868,0.766507,0.612152,0.299558,0.220012,0.600961,0.498418,0.666522,0.560659,0.659037,0.419734,0.228229,0.586593,0.724529,0.818908,0.340599
0.418482,0.386245,0.279909,0.358465,0.727636,0.094739,0.419662,0.852771,0.500189,0.481649,0.277325,0.266827,0.329360,0.533978,0.140282,0.395011
0.288420,0.835223,0.280346,0.513492,0.215913,0.493139,0.366582,0.093629,0.847124,0.737262,0.226887,0.787679,0.630424,0.727454,0.675890,0.255141
0.434423,0.334472,0.295418,0.489955,0.664790,0.179522,0.457678,0.790286,0.408850,0.555497,0.341330,0.356128,0.351816,0.479184,0.121107,0.529075
0.100936,0.708513,0.671702,0.287560,0.525529,0.149994,0.595988,0.373845,0.350055,0.784714,0.609365,0.431527,0.689450,0.642306,0.476791,0.292324
0.181874,0.479973,0.583279,0.570476,0.252908,0.457190,0.342605,0.487340,0.175111,0.668584,0.427321,0.716294,0.823405,0.328275,0.408202,0.424614
0.590015,0.163168,0.459722,0.224298,0.334391,0.712263,0.683489,0.910804,0.227037,0.342608,0.297603,0.377707,0.251068,0.172843,0.812124,0.404569
0.666681,0.707133,0.181333,0.515919,0.400854,0.801196,0.322521,0.585457,0.277317,0.728712,0.174085,0.226863,0.506768,0.643894,0.406000,0.301926
0.496689,0.349022,0.770821,0.739539,0.552519,0.559099,0.540411,0.443214,0.187685,0.500508,0.383695,0.595376,0.633170,0.374795,0.386362,0.415011
0.300520,0.420366,0.709322,0.505040,0.165619,0.455521,0.043250,0.401070,0.214029,0.673397,0.467545,0.682831,0.829737,0.255053,0.382154,0.461017
0.693113,0.287656,0.170828,0.271826,0.817245,0.073630,0.617017,0.692091,0.528706,0.441680,0.601634,0.903991,0.529022,0.535144,0.231069,0.508033
0.481998,0.268669,0.777825,0.714834,0.496004,0.530495,0.686669,0.367716,0.298102,0.489723,0.316537,0.627585,0.683980,0.421425,0.353853,0.680812
0.520798,0.192867,0.486893,0.269149,0.125654,0.539270,0.804218,0.784175,0.259462,0.372616,0.296477,0.382449,0.363692,0.216475,0.766826,0.481753
0.590812,0.535137,0.247923,0.268519,0.370780,0.626638,0.706009,0.679853,0.282542,0.487521,0.445141,0.625341,0.663932,0.731644,0.688476,0.360481
0.231062,0.505677,0.539799,0.263020,0.631687,0.529982,0.493330,0.673732,0.510975,0.184144,0.255518,0.517628,0.685137,0.615672,0.328049,0.564535
0.460910,0.400456,0.492367,0.528635,0.636894,0.837506,0.786238,0.758573,0.556328,0.252393,0.356205,0.223525,0.582664,0.666870,0.359511,0.837139
0.699393,0.577521,0.285307,0.326764,0.688056,0.642442,0.132888,0.253163,0.203908,0.190255,0.249736,0.341762,0.446779,0.521038,0.693808,0.669493
0.555994,0.244514,0.813362,0.894211,0.591208,0.501140,0.759401,0.404073,0.236715,0.539301,0.482456,0.737764,0.735180,0.272472,0.252583,0.539449
0.259015,0.461567,0.574187,0.506301,0.276250,0.663035,0.276310,0.554107,0.167551,0.700352,0.630594,0.605294,0.729764,0.269787,0.476657,0.504973
0.466792,0.237860,0.724146,0.751307,0.440150,0.521718,0.618229,0.422998,0.141455,0.432100,0.446886,0.543303,0.628485,0.376690,0.399327,0.480845
0.480408,0.329347,0.843304,0.753669,0.478255,0.456670,0.616543,0.334696,0.051893,0.349717,0.398196,0.625125,0.716010,0.351539,0.325732,0.535784
0.504356,0.456541,0.229775,0.218740,0.771078,0.568458,0.137755,0.218299,0.194175,0.166754,0.379781,0.179406,0.414458,0.541711,0.569708,0.746978
0.618379,0.684661,0.522571,0.115088,0.140970,0.321498,0.502430,0.655398,0.556363,0.213015,0.527234,0.509619,0.163564,0.310307,0.255791,0.796267
0.280899,0.465848,0.694439,0.594723,0.136218,0.528654,0.300694,0.423282,0.259808,0.733361,0.540255,0.764368,0.839194,0.348122,0.490508,0.398265
0.679015,0.742311,0.108519,0.467328,0.435601,0.861359,0.304248,0.628905,0.341178,0.799240,0.163829,0.308537,0.526694,0.672374,0.367483,0.141876
0.675001,0.568296,0.343450,0.735492,0.552353,0.770761,0.301975,0.535239,0.818531,0.408948,0.365042,0.391477,0.788558,0.416475,0.227041,0.380328
0.577153,0.565142,0.632636,0.487109,0.462912,0.793824,0.820846,0.737715,0.565995,0.272535,0.345793,0.265206,0.476904,0.687098,0.437978,0.821724
0.736072,0.666614,0.225289,0.399732,0.393525,0.672674,0.343960,0.521369,0.304720,0.705865,0.265487,0.323164,0.460588,0.564018,0.366166,0.303174
0.831271,0.766515,0.623328,0.286885,0.039504,0.523835,0.298340,0.778729,0.473119,0.640639,0.477669,0.118007,0.612352,0.890789,0.754758,0.279485
0.254656,0.792763,0.632900,0.419259,0.435825,0.205918,0.727601,0.313428,0.436543,0.785990,0.583981,0.524632,0.676148,0.628428,0.651164,0.365228
0.494282,0.516036,0.330687,0.393090,0.287420,0.524118,0.789624,0.567280,0.391601,0.383427,0.456697,0.551321,0.760936,0.777582,0.665433,0.430635
0.658535,0.203469,0.463516,0.186446,0.183912,0.666971,0.832842,0.778753,0.223069,0.481363,0.363729,0.500460,0.262922,0.153010,0.598278,0.527112
0.298408,0.901057,0.332618,0.632297,0.237229,0.439003,0.430421,0.116061,0.838736,0.712052,0.192780,0.719953,0.686348,0.779153,0.731344,0.265349
0.092709,0.803917,0.651713,0.349915,0.382597,0.187959,0.736783,0.412489,0.517319,0.649494,0.685261,0.328264,0.690934,0.630452,0.527695,0.483262
0.529165,0.820903,0.562661,0.177747,0.206933,0.304971,0.499524,0.587835,0.628537,0.376692,0.658814,0.652013,0.196134,0.324007,0.349916,0.698265
0.671472,0.761803,0.284982,0.464503,0.384921,0.823663,0.369256,0.555963,0.453339,0.831448,0.311161,0.259693,0.511586,0.654677,0.253063,0.269087
0.561187,0.511507,0.382314,0.397076,0.679291,0.664499,0.088429,0.254305,0.135554,0.341227,0.326216,0.167314,0.325885,0.522575,0.775097,0.632972
0.679736,0.052041,0.466916,0.259839,0.196466,0.539621,0.791278,0.675109,0.303799,0.259362,0.251476,0.353090,0.207691,0.209588,0.731118,0.572515
0.257091,0.834783,0.189076,0.650735,0.312598,0.502442,0.405525,0.123132,0.839706,0.515846,0.424739,0.719078,0.657627,0.695456,0.855313,0.213950
0.824717,0.465357,0.444598,0.527048,0.478118,0.775400,0.591269,0.212619,0.313775,0.191093,0.520314,0.728677,0.566147,0.581093,0.471746,0.678261
0.566252,0.070030,0.530382,0.316993,0.223572,0.688940,0.846462,0.743779,0.164420,0.367643,0.247568,0.351180,0.291427,0.258399,0.708767,0.501119
0.301561,0.566742,0.712125,0.499924,0.139129,0.519119,0.199023,0.420596,0.101242,0.888061,0.537484,0.727306,0.713703,0.317118,0.540527,0.422728
0.689903,0.357489,0.481744,0.536256,0.628302,0.594389,0.429339,0.328287,0.406943,0.293084,0.591191,0.625870,0.486578,0.465399,0.515227,0.853569
0.351805,0.400217,0.630759,0.280414,0.809485,0.514143,0.581007,0.805934,0.299175,0.183482,0.529200,0.304336,0.688274,0.569396,0.289700,0.511276
0.868638,0.699541,0.423161,0.256410,0.099239,0.603540,0.293776,0.668682,0.519867,0.574901,0.471475,0.287282,0.821489,0.749813,0.855580,0.266038
0.684763,0.615356,0.421001,0.714369,0.470907,0.782998,0.277163,0.414071,0.766802,0.403103,0.426308,0.332569,0.757628,0.369170,0.291811,0.312782
0.649280,0.189470,0.190288,0.256259,0.837182,0.276672,0.678606,0.754624,0.560537,0.490835,0.767291,0.705365,0.424098,0.485284,0.336346,0.600095
0.643431,0.633818,0.253322,0.401627,0.249157,0.612533,0.328430,0.580252,0.456758,0.760378,0.146678,0.248866,0.593835,0.627833,0.264103,0.258547
0.568631,0.798481,0.579887,0.236234,0.193666,0.286395,0.440785,0.539681,0.479899,0.206609,0.539928,0.685478,0.277847,0.421035,0.213215,0.871142
0.615425,0.332082,0.519650,0.175269,0.162715,0.554396,0.733820,0.614225,0.170829,0.375384,0.369896,0.296099,0.221639,0.284367,0.765426,0.462821
0.758503,0.786092,0.737294,0.399054,0.037178,0.497741,0.305376,0.697514,0.609418,0.645173,0.356652,0.242034,0.750532,0.715610,0.685285,0.263009
0.595655,0.678246,0.371487,0.462477,0.425236,0.718209,0.276207,0.527167,0.647253,0.296506,0.470206,0.268533,0.828090,0.405819,0.150497,0.293412
0.564073,0.391509,0.313751,0.339668,0.709687,0.584478,0.106061,0.241987,0.246414,0.300176,0.370022,0.250096,0.451475,0.543165,0.618263,0.735566
0.621567,0.494153,0.236657,0.253759,0.687988,0.589127,0.214053,0.264154,0.136000,0.292373,0.514153,0.106170,0.341552,0.516433,0.567107,0.798739
0.281227,0.790239,0.668369,0.374921,0.346455,0.301687,0.733404,0.495887,0.429200,0.751398,0.762245,0.258716,0.787075,0.673794,0.721098,0.441477
0.539211,0.511735,0.365749,0.770681,0.592001,0.727980,0.144337,0.494307,0.955588,0.435965,0.379180,0.272796,0.679824,0.311319,0.258502,0.437455
0.582118,0.537399,0.598692,0.363803,0.328137,0.861435,0.691258,0.774885,0.572185,0.406886,0.366145,0.116155,0.518680,0.694838,0.433790,0.846616
0.588320,0.638826,0.339807,0.306838,0.366287,0.708341,0.607162,0.522542,0.427755,0.356210,0.471589,0.653748,0.703214,0.883081,0.634860,0.534785
0.571072,0.614242,0.514369,0.573496,0.481234,0.817019,0.752981,0.672681,0.479867,0.294472,0.368333,0.237085,0.580961,0.652820,0.415984,0.726745
0.737628,0.320603,0.280714,0.263961,0.814266,0.312170,0.619844,0.779805,0.600418,0.407524,0.524255,0.768023,0.558428,0.496964,0.322932,0.490347
0.281606,0.755719,0.444624,0.746889,0.301728,0.537946,0.478782,0.270301,0.777448,0.610468,0.324661,0.718892,0.761038,0.756453,0.754251,0.253324
0.227388,0.495767,0.834556,0.576521,0.320460,0.488576,0.105997,0.504552,0.233147,0.638345,0.512026,0.681207,0.809900,0.291072,0.532372,0.364953
0.645816,0.625858,0.160575,0.450197,0.466819,0.723255,0.310442,0.729984,0.286950,0.763598,0.039874,0.238564,0.477600,0.589376,0.408863,0.157098
0.582882,0.504966,0.440165,0.365587,0.528479,0.664392,0.936870,0.534872,0.352448,0.500293,0.489757,0.579224,0.774470,0.819294,0.656296,0.492311
0.705677,0.340140,0.232120,0.297587,0.842127,0.200681,0.600033,0.807989,0.606598,0.501833,0.470026,0.652061,0.457431,0.562045,0.185177,0.537733
0.583051,0.692426,0.253497,0.424805,0.354432,0.766991,0.343053,0.784075,0.434455,0.716052,0.033265,0.156797,0.498660,0.572719,0.314354,0.408541
0.570946,0.860241,0.444581,0.185166,0.162127,0.267131,0.571547,0.592885,0.371705,0.398928,0.522823,0.578162,0.128053,0.334150,0.267845,0.885070
0.489629,0.198126,0.898069,0.732075,0.635210,0.569787,0.657313,0.472147,0.268575,0.637100,0.377017,0.648036,0.680676,0.360604,0.409198,0.487886
0.551320,0.328410,0.285270,0.570465,0.686718,0.234672,0.491605,0.777558,0.494198,0.416774,0.386439,0.332448,0.395188,0.388508,0.139790,0.639478
0.448633,0.266195,0.863077,0.834508,0.605408,0.566479,0.729252,0.359345,0.290255,0.488194,0.403399,0.535813,0.692447,0.440753,0.315102,0.525443
0.245915,0.794940,0.362178,0.669428,0.371668,0.514117,0.400224,0.160779,0.811541,0.732639,0.342706,0.744800,0.700059,0.675707,0.751470,0.109932
0.116589,0.509223,0.644149,0.511391,0.022273,0.433287,0.248278,0.510355,0.297368,0.680917,0.523079,0.647039,0.804395,0.317920,0.594412,0.299249
0.574410,0.475102,0.572452,0.608008,0.336831,0.768028,0.791267,0.703787,0.522006,0.163737,0.289126,0.217164,0.588946,0.546855,0.432719,0.835275
0.603678,0.759456,0.287626,0.413380,0.255886,0.706653,0.366439,0.644651,0.281501,0.733428,0.193118,0.308026,0.549272,0.583793,0.368735,0.253922
0.749799,0.559423,0.247260,0.428737,0.323521,0.746491,0.297033,0.612038,0.370475,0.725059,0.193248,0.267073,0.543970,0.589880,0.318271,0.310737
0.204009,0.729296,0.618514,0.338743,0.348008,0.299582,0.710142,0.384138,0.655366,0.654467,0.607964,0.422647,0.646415,0.809458,0.605408,0.420717
0.376017,0.729479,0.310454,0.417824,0.320467,0.476648,0.494078,0.022842,0.774825,0.758611,0.276714,0.725907,0.828584,0.625180,0.699866,0.254641
0.564711,0.336493,0.557134,0.249827,0.267740,0.697728,0.723715,0.730851,0.256036,0.338199,0.304472,0.372130,0.215108,0.187745,0.706072,0.514779
0.699522,0.516561,0.392635,0.691971,0.373048,0.828655,0.252699,0.391237,0.764443,0.499107,0.572735,0.341048,0.734200,0.306685,0.218355,0.233541
0.365686,0.223315,0.354337,0.401174,0.665867,0.159604,0.340709,0.711850,0.565253,0.443976,0.264617,0.209558,0.194089,0.530068,0.134554,0.612520
0.615662,0.566910,0.290581,0.425993,0.386033,0.639406,0.289413,0.804080,0.303074,0.705057,0.252090,0.343100,0.624740,0.609602,0.320770,0.268958
0.487822,0.200680,0.801269,0.742252,0.706653,0.544215,0.630117,0.386476,0.086245,0.441566,0.413255,0.602662,0.659792,0.370069,0.382691,0.568794
0.819372,0.687272,0.775932,0.377301,0.250234,0.476626,0.215817,0.771060,0.494202,0.587067,0.543604,0.242294,0.699710,0.707071,0.838699,0.234462
0.708017,0.529042,0.408232,0.620185,0.462790,0.829580,0.360643,0.510068,0.743573,0.458503,0.530777,0.211971,0.652277,0.429733,0.057298,0.296097
0.203994,0.441050,0.676401,0.620943,0.114012,0.447367,0.259772,0.525589,0.302236,0.682447,0.513326,0.786231,0.918675,0.312902,0.492943,0.476090
0.395052,0.375789,0.829223,0.770692,0.553625,0.464025,0.771647,0.356721,0.198882,0.632939,0.408541,0.651651,0.565524,0.367077,0.419499,0.598854
0.656506,0.249840,0.443935,0.185550,0.295491,0.643621,0.626331,0.680309,0.215639,0.318209,0.231584,0.408968,0.264087,0.304157,0.751152,0.526661
0.519587,0.887984,0.473389,0.265327,0.273521,0.186766,0.532286,0.452934,0.547505,0.265857,0.588836,0.645822,0.285469,0.343555,0.368686,0.815794
0.725222,0.502909,0.659405,0.488817,0.336280,0.808109,0.919568,0.677954,0.576676,0.358707,0.216777,0.103606,0.565263,0.607979,0.452834,0.841038
0.387267,0.119351,0.279808,0.425180,0.689096,0.175069,0.395191,0.858517,0.478712,0.437391,0.365203,0.249678,0.338351,0.468800,0.226172,0.703633
0.582626,0.474476,0.309963,0.384820,0.753418,0.613487,0.180788,0.206498,0.172271,0.215588,0.500553,0.240771,0.358794,0.479247,0.673665,0.809959
0.267246,0.300008,0.807448,0.872874,0.635087,0.570530,0.785061,0.349141,0.076251,0.376242,0.298977,0.517282,0.649814,0.374938,0.504102,0.582422
0.677320,0.255566,0.163320,0.270256,0.773845,0.332544,0.573902,0.764936,0.547959,0.382625,0.567320,0.616154,0.556718,0.459693,0.276545,0.461684
0.688686,0.657475,0.473992,0.700565,0.373571,0.761831,0.224476,0.438037,0.786507,0.528347,0.487168,0.227449,0.767464,0.353281,0.174012,0.331518
0.883014,0.362116,0.501100,0.689987,0.585290,0.778358,0.551334,0.181038,0.310184,0.150896,0.674090,0.698513,0.527575,0.518780,0.615717,0.789005
0.538731,0.587306,0.358898,0.262173,0.287750,0.641229,0.655845,0.683739,0.337856,0.419258,0.350358,0.659533,0.719499,0.700670,0.728700,0.378618
0.506276,0.532923,0.613595,0.606879,0.537036,0.678172,0.843333,0.698853,0.594157,0.359923,0.295589,0.329311,0.571352,0.651257,0.476931,0.709366
0.652879,0.232244,0.504099,0.257197,0.266392,0.506385,0.840635,0.726660,0.187116,0.383839,0.328225,0.342390,0.249125,0.247183,0.596448,0.372555
0.255689,0.723395,0.534547,0.263157,0.438777,0.220893,0.691008,0.474026,0.457199,0.618786,0.595216,0.349554,0.830177,0.713193,0.722679,0.295523
0.857416,0.527110,0.536949,0.485632,0.383908,0.882565,0.837311,0.799858,0.482775,0.245365,0.234195,0.158776,0.557354,0.636379,0.406646,0.739585
0.220496,0.499082,0.717781,0.693540,0.171331,0.650909,0.265543,0.452989,0.265405,0.634443,0.478670,0.885719,0.918508,0.303711,0.488945,0.418733
0.764156,0.426403,0.410210,0.619409,0.637382,0.812635,0.557141,0.249930,0.422803,0.203940,0.623103,0.810892,0.563097,0.522043,0.623336,0.793874
0.565982,0.390743,0.348926,0.316623,0.726856,0.581876,0.167584,0.186966,0.159616,0.302398,0.362666,0.307690,0.396368,0.516044,0.559621,0.645961
0.304726,0.677145,0.527784,0.291860,0.359436,0.254948,0.656228,0.560572,0.421965,0.714617,0.680686,0.268805,0.783653,0.609856,0.578186,0.335781
0.398810,0.265684,0.842982,0.786941,0.534499,0.569168,0.672526,0.345942,0.318814,0.532135,0.399365,0.588896,0.692294,0.348087,0.283673,0.563150
0.528113,0.540206,0.287266,0.309202,0.772602,0.559796,0.295956,0.221733,0.075685,0.229842,0.493330,0.118612,0.408531,0.638619,0.740537,0.688256
0.465675,0.303542,0.257877,0.515938,0.694897,0.215642,0.366714,0.801686,0.579752,0.529664,0.340242,0.291875,0.315987,0.521360,0.142019,0.600595
0.526242,0.795794,0.577505,0.222453,0.134630,0.266114,0.467896,0.457725,0.597368,0.269731,0.558899,0.696619,0.052676,0.280360,0.298379,0.766849
0.420190,0.300855,0.772666,0.865470,0.608122,0.600356,0.617229,0.412417,0.109330,0.423417,0.325977,0.673814,0.618621,0.373939,0.466334,0.600397
0.607102,0.459980,0.574426,0.478207,0.471561,0.706059,0.903646,0.716410,0.632478,0.277339,0.439844,0.344956,0.592259,0.622965,0.363001,0.757882
0.537048,0.569111,0.352114,0.421928,0.756617,0.488339,0.243958,0.109540,0.161435,0.327582,0.430397,0.218389,0.414502,0.673723,0.656539,0.617071
0.255110,0.641445,0.791454,0.574312,0.285258,0.462095,0.202666,0.487864,0.244181,0.674465,0.536217,0.865234,0.739721,0.221267,0.524778,0.377340
0.717390,0.199504,0.493157,0.166621,0.234345,0.425856,0.757194,0.684620,0.317842,0.463331,0.324836,0.307262,0.351224,0.221736,0.719768,0.429504
0.713302,0.313735,0.300132,0.236862,0.802231,0.296705,0.479434,0.749728,0.604041,0.516641,0.495081,0.827640,0.642389,0.600185,0.269659,0.505999
0.425537,0.757284,0.329375,0.456042,0.273098,0.405155,0.450507,0.158386,0.788646,0.630810,0.207780,0.800298,0.762037,0.786039,0.753603,0.145606
0.382369,0.194624,0.856239,0.855052,0.611789,0.438449,0.804362,0.398292,0.238506,0.502424,0.462275,0.535805,0.767400,0.389985,0.344607,0.588895
0.414071,0.290029,0.932639,0.728438,0.605529,0.604341,0.640544,0.220981,0.171206,0.458987,0.451483,0.651304,0.710782,0.402895,0.407622,0.522124
0.614294,0.864712,0.386377,0.298106,0.233654,0.236741,0.542813,0.433866,0.489314,0.389158,0.619920,0.715654,0.031901,0.338651,0.148563,0.888201
0.912334,0.468875,0.597284,0.598558,0.563982,0.722597,0.512159,0.161582,0.452129,0.206680,0.648198,0.598084,0.580731,0.424506,0.569515,0.719518
0.437176,0.354837,0.772896,0.847714,0.591737,0.462874,0.616115,0.471230,0.269774,0.527228,0.483476,0.580147,0.674770,0.386223,0.424977,0.570700
0.604180,0.634387,0.178861,0.379929,0.332646,0.745330,0.407771,0.737063,0.403368,0.763354,0.321827,0.306905,0.745503,0.670943,0.444946,0.137081
0.507078,0.310963,0.161002,0.535737,0.637374,0.213797,0.445503,0.762124,0.445990,0.468117,0.271540,0.251822,0.232355,0.418163,0.104435,0.722844
0.653430,0.246898,0.529603,0.341557,0.244173,0.517980,0.836866,0.794726,0.271788,0.430241,0.196412,0.384867,0.284793,0.139094,0.660944,0.494493
0.588047,0.388821,0.411356,0.275317,0.749598,0.526410,0.116043,0.129499,0.132688,0.292682,0.412977,0.138428,0.301844,0.525224,0.709979,0.683944
0.329117,0.697480,0.574469,0.351010,0.398539,0.333295,0.544140,0.468441,0.530718,0.602261,0.633834,0.380878,0.779255,0.591952,0.622903,0.363388
0.417000,0.278128,0.212567,0.441838,0.807472,0.234853,0.597061,0.733734,0.465417,0.521008,0.170264,0.193460,0.407352,0.341633,0.258035,0.637239
0.508319,0.591899,0.209983,0.403839,0.482473,0.668430,0.264253,0.552166,0.520038,0.708417,0.137715,0.156784,0.535468,0.589493,0.409072,0.252998
0.530400,0.570737,0.328567,0.259582,0.396911,0.684893,0.681367,0.589784,0.290368,0.508154,0.455450,0.697639,0.616550,0.679728,0.782279,0.512977
0.702325,0.589372,0.489861,0.464236,0.441409,0.797774,0.835312,0.712315,0.612488,0.245188,0.210798,0.174096,0.558189,0.580244,0.367553,0.850421
0.218880,0.603088,0.686310,0.474200,0.250073,0.385082,0.236882,0.539444,0.248534,0.782672,0.475224,0.663125,0.871086,0.362474,0.495600,0.474989
0.272103,0.732922,0.400198,0.563167,0.174684,0.437329,0.384263,0.164103,0.696770,0.710448,0.244022,0.719725,0.692045,0.730691,0.837926,0.245672
0.217350,0.647157,0.674821,0.400452,0.314954,0.364210,0.512016,0.468894,0.542446,0.821296,0.709226,0.432165,0.726580,0.649924,0.679402,0.423762
0.468820,0.327298,0.249454,0.412087,0.500088,0.191853,0.553761,0.829108,0.549049,0.497783,0.396003,0.409752,0.296827,0.443136,0.199949,0.632905
0.590589,0.544666,0.227091,0.357126,0.366583,0.638177,0.644119,0.703673,0.374862,0.327921,0.520964,0.658130,0.762626,0.809268,0.666817,0.379888
0.369609,0.251954,0.792249,0.890178,0.561076,0.511926,0.675500,0.392708,0.144514,0.498905,0.401251,0.498263,0.588083,0.339220,0.474352,0.587139
0.683200,0.262831,0.243072,0.321904,0.800583,0.189046,0.670454,0.816393,0.554120,0.343765,0.601312,0.717972,0.539279,0.573778,0.270375,0.459468
0.280208,0.403995,0.765026,0.339222,0.879147,0.518110,0.605509,0.606458,0.412697,0.263136,0.333994,0.298642,0.632499,0.681240,0.507808,0.506221
0.481179,0.747799,0.558677,0.170431,0.198388,0.289274,0.376739,0.593468,0.482711,0.346109,0.530514,0.509031,0.203612,0.204388,0.249840,0.873502
0.341390,0.885199,0.380202,0.496299,0.340337,0.543606,0.408372,0.117272,0.836692,0.784362,0.405563,0.699609,0.797402,0.666085,0.743497,0.134978
0.447403,0.316990,0.214052,0.414244,0.780899,0.164266,0.442085,0.763336,0.504370,0.580946,0.416043,0.209364,0.367170,0.363837,0.089941,0.524422
0.868003,0.636798,0.574746,0.186833,0.101577,0.504731,0.370622,0.716210,0.496309,0.645453,0.499994,0.148927,0.671606,0.778263,0.768130,0.240758
0.276908,0.534065,0.485915,0.169827,0.717705,0.466120,0.484000,0.741646,0.390192,0.279661,0.305233,0.427390,0.686762,0.724248,0.318968,0.576991
0.618216,0.689512,0.305728,0.692703,0.485640,0.904944,0.267043,0.543763,0.866430,0.383929,0.446553,0.186364,0.754562,0.517315,0.171822,0.348675
0.663590,0.270043,0.505515,0.475185,0.688653,0.644988,0.485486,0.278453,0.432327,0.049209,0.650318,0.850196,0.519399,0.436543,0.694902,0.699987
0.757509,0.580308,0.657428,0.291585,0.119823,0.542628,0.348328,0.658616,0.374353,0.766909,0.467304,0.141625,0.720283,0.729145,0.735507,0.305260
0.459255,0.535503,0.360128,0.340212,0.719933,0.528687,0.129412,0.177235,0.100735,0.246501,0.486631,0.153814,0.275109,0.551402,0.556342,0.722673
0.608892,0.552988,0.480343,0.530032,0.473234,0.795211,0.839019,0.730060,0.457787,0.298725,0.331610,0.202083,0.549722,0.615850,0.359303,0.686623
0.255150,0.401967,0.506485,0.224735,0.756417,0.488238,0.216819,0.795944,0.346961,0.132581,0.393852,0.307956,0.696714,0.554472,0.430510,0.460098
0.566887,0.426654,0.679227,0.373204,0.469570,0.857810,0.880339,0.815521,0.562185,0.188890,0.372221,0.176429,0.514907,0.725853,0.437641,0.828180
0.366542,0.351165,0.171880,0.480287,0.555328,0.201304,0.403640,0.783790,0.473542,0.467383,0.184950,0.264997,0.295862,0.297886,0.144108,0.713922
0.615060,0.836317,0.430013,0.175493,0.176259,0.400271,0.448199,0.564631,0.467279,0.248111,0.608847,0.750782,0.058442,0.327315,0.260758,0.771924
0.614219,0.253088,0.138332,0.290865,0.873764,0.234580,0.501919,0.681085,0.712799,0.486248,0.701448,0.811971,0.657670,0.464971,0.325769,0.438541
0.241666,0.780095,0.607926,0.385012,0.343751,0.254421,0.727298,0.458812,0.524533,0.666158,0.737520,0.450556,0.538755,0.683538,0.649190,0.466945
0.489270,0.773479,0.408830,0.063026,0.337659,0.299675,0.538815,0.683485,0.533389,0.331372,0.541171,0.694509,0.222834,0.330845,0.279779,0.854648
0.244936,0.752291,0.631934,0.330077,0.337891,0.326346,0.548340,0.367254,0.358748,0.815368,0.712038,0.457362,0.718706,0.716939,0.545828,0.490640
0.219408,0.383217,0.642608,0.165606,0.657298,0.515858,0.425457,0.702398,0.285118,0.170854,0.380965,0.453504,0.680187,0.607983,0.449677,0.573914
0.754075,0.553681,0.563148,0.643547,0.408392,0.827754,0.813489,0.795033,0.541335,0.295125,0.425099,0.216673,0.623792,0.606804,0.511086,0.910819
0.360954,0.800966,0.314586,0.510778,0.339454,0.445620,0.397093,0.297835,0.762795,0.612864,0.240543,0.780384,0.603623,0.776569,0.748964,0.357949
0.195148,0.875680,0.384436,0.549580,0.249279,0.501971,0.447178,0.283969,0.932219,0.660267,0.081791,0.715441,0.605830,0.638191,0.595962,0.258462
0.665414,0.452595,0.597677,0.384446,0.459248,0.739329,0.726220,0.663708,0.486884,0.252466,0.339340,0.157857,0.539441,0.626582,0.393897,0.821192
0.929315,0.432114,0.533132,0.602045,0.485048,0.720884,0.583841,0.171815,0.437009,0.297587,0.444826,0.706635,0.456832,0.568914,0.688030,0.977965
0.692988,0.658246,0.710648,0.340961,0.138273,0.506132,0.367857,0.686290,0.411050,0.663838,0.520447,0.219268,0.600610,0.776284,0.857953,0.185264
0.387265,0.500253,0.589886,0.117529,0.773365,0.486209,0.541578,0.766245,0.349269,0.271672,0.410870,0.383701,0.674803,0.658662,0.312892,0.530650
0.703348,0.797357,0.557608,0.312039,0.124369,0.591392,0.256165,0.687788,0.485282,0.602509,0.465159,0.162567,0.816062,0.735098,0.864789,0.234779
0.900629,0.445044,0.490179,0.708670,0.572686,0.691393,0.469778,0.253513,0.385834,0.237988,0.504614,0.760691,0.582343,0.540590,0.710158,0.799387
0.826707,0.795327,0.437288,0.300898,0.377180,0.580299,0.339261,0.729904,0.459266,0.541660,0.410387,0.228273,0.623421,0.763285,0.828245,0.358103
0.329268,0.795978,0.319788,0.617180,0.421136,0.462876,0.419635,0.235213,0.861824,0.681045,0.273638,0.697664,0.719217,0.795495,0.759859,0.271732
0.480041,0.400365,0.865896,0.691134,0.541565,0.638931,0.646823,0.459539,0.131947,0.547439,0.484114,0.673803,0.555007,0.468711,0.482690,0.474648
0.636808,0.275965,0.549929,0.286041,0.198882,0.612916,0.823738,0.801807,0.158064,0.277996,0.319984,0.325180,0.322554,0.293204,0.812613,0.450980
0.321287,0.406235,0.603971,0.586026,0.100150,0.540286,0.203480,0.541550,0.118940,0.725795,0.606962,0.662974,0.799496,0.366600,0.572850,0.398473
0.442503,0.507158,0.340797,0.292767,0.702584,0.463706,0.121829,0.254635,0.128447,0.237641,0.478093,0.133455,0.247619,0.529067,0.731386,0.743823
0.359563,0.462047,0.686639,0.155281,0.798005,0.505376,0.441893,0.819414,0.415996,0.275948,0.283207,0.315709,0.604520,0.703357,0.367905,0.469757
0.664730,0.479144,0.667452,0.427998,0.635089,0.810593,0.855175,0.806050,0.618601,0.321583,0.246724,0.124239,0.486174,0.545197,0.319412,0.792840
0.743598,0.575471,0.238690,0.822530,0.518893,0.853307,0.187446,0.541971,0.871132,0.366695,0.393311,0.145294,0.811038,0.300767,0.029550,0.306850
0.622473,0.446885,0.637792,0.342714,0.440370,0.833947,0.773767,0.663066,0.587517,0.302872,0.418973,0.288183,0.653829,0.693948,0.465268,0.787060
0.745338,0.690892,0.680162,0.368305,0.292642,0.480587,0.350037,0.667762,0.478878,0.628688,0.431092,0.289537,0.611679,0.905384,0.911550,0.114295
0.766319,0.348016,0.408271,0.587647,0.667202,0.681535,0.496218,0.290224,0.351300,0.160802,0.599481,0.762012,0.559582,0.654527,0.664941,0.792415
0.533307,0.516170,0.438773,0.399878,0.641291,0.661173,0.172552,0.137121,0.204183,0.337001,0.347712,0.316396,0.397566,0.568559,0.682956,0.703975
0.660130,0.333513,0.239447,0.364635,0.725062,0.108651,0.585341,0.775533,0.718197,0.526594,0.522112,0.676961,0.400016,0.550706,0.301969,0.506088
0.575653,0.512680,0.395621,0.328891,0.746944,0.549219,0.142386,0.197240,0.194142,0.216451,0.457350,0.248554,0.354062,0.703659,0.718542,0.679184
0.214581,0.867431,0.364125,0.525233,0.301957,0.550169,0.367256,0.115443,0.774682,0.686000,0.222626,0.629081,0.709840,0.706392,0.751877,0.112393
0.575646,0.596834,0.374204,0.284853,0.238156,0.688440,0.682996,0.578500,0.356395,0.488371,0.336338,0.528155,0.675551,0.719112,0.734028,0.418294
0.597131,0.539724,0.567422,0.464583,0.439817,0.741731,0.707207,0.782777,0.553878,0.399592,0.339560,0.252097,0.607744,0.734337,0.379553,0.850917
0.554707,0.297648,0.332260,0.347175,0.632476,0.612128,0.173956,0.278813,0.154296,0.407342,0.355582,0.166398,0.330009,0.645253,0.595682,0.707032
0.349438,0.394758,0.294846,0.302542,0.620368,0.147424,0.359629,0.703437,0.486774,0.330116,0.236673,0.276522,0.358556,0.490566,0.032389,0.534023
0.772138,0.822859,0.618326,0.293220,0.221728,0.595375,0.376958,0.683382,0.585155,0.536158,0.320852,0.182642,0.801645,0.771015,0.694092,0.229815
0.253414,0.746503,0.306161,0.405297,0.403542,0.599142,0.345354,0.076154,0.847670,0.801958,0.279366,0.660682,0.715461,0.796448,0.746521,0.252829
0.404502,0.435483,0.625412,0.283168,0.782050,0.419604,0.481316,0.753173,0.325593,0.335542,0.345247,0.254291,0.742251,0.744543,0.330040,0.556983
0.454015,0.304298,0.323005,0.245947,0.787175,0.094071,0.553953,0.782335,0.494159,0.454059,0.370602,0.704023,0.565643,0.580057,0.207848,0.569436
0.588801,0.840628,0.553374,0.226346,0.255667,0.298048,0.417377,0.452710,0.598371,0.501002,0.495590,0.482290,0.325209,0.210195,0.111940,0.641928
0.365778,0.531233,0.754800,0.301331,0.863909,0.514434,0.373622,0.653201,0.329630,0.307885,0.331121,0.383206,0.674183,0.556706,0.361698,0.514180
0.530581,0.392772,0.352869,0.390600,0.850400,0.186146,0.556950,0.790744,0.631795,0.354469,0.631916,0.878278,0.588472,0.712103,0.279960,0.538688
0.333209,0.267927,0.260516,0.453354,0.659512,0.305072,0.407743,0.630996,0.423176,0.451673,0.268310,0.328214,0.228052,0.545964,0.158336,0.524236
0.269124,0.437470,0.755071,0.474138,0.230383,0.500804,0.313325,0.405167,0.220636,0.716524,0.484038,0.614104,0.847479,0.459507,0.463090,0.311944
0.635953,0.450385,0.601694,0.619562,0.593536,0.770706,0.917661,0.695349,0.519099,0.313497,0.279663,0.266102,0.593404,0.649794,0.455095,0.871112
0.563960,0.395951,0.337552,0.277822,0.855563,0.132884,0.563200,0.796225,0.454562,0.443333,0.676326,0.664313,0.578660,0.493110,0.238465,0.592215
0.614548,0.492190,0.600425,0.606424,0.449744,0.872823,0.812360,0.727035,0.465522,0.300620,0.329316,0.231384,0.589799,0.679526,0.487218,0.818396
0.591727,0.478220,0.312394,0.284935,0.716230,0.643274,0.143746,0.294298,0.103714,0.080337,0.504287,0.150957,0.426068,0.569021,0.680031,0.702901
0.226529,0.782275,0.577239,0.425546,0.374528,0.347419,0.630775,0.302029,0.400918,0.656139,0.633455,0.368362,0.665315,0.609114,0.619232,0.472956
0.330192,0.402271,0.556831,0.261708,0.727031,0.410047,0.510251,0.728274,0.343082,0.157719,0.361546,0.289021,0.673925,0.605627,0.424853,0.570440
0.314650,0.671964,0.312769,0.523035,0.298170,0.508052,0.395708,0.287041,0.730630,0.738948,0.211363,0.713994,0.690129,0.622587,0.829181,0.337487
0.219431,0.749226,0.442292,0.527021,0.319675,0.566664,0.406526,0.135866,0.798809,0.709834,0.158135,0.707461,0.773879,0.660273,0.798658,0.244182
0.609978,0.501069,0.404482,0.302728,0.327793,0.699038,0.706197,0.557340,0.397221,0.500683,0.388206,0.644462,0.592504,0.830781,0.765987,0.421406
0.348549,0.606233,0.482368,0.315800,0.629168,0.506363,0.385373,0.644694,0.320198,0.340301,0.377199,0.404265,0.704987,0.688601,0.307646,0.528336
0.184457,0.716820,0.563545,0.256546,0.381471,0.310914,0.831367,0.397919,0.631929,0.823028,0.674335,0.389220,0.775042,0.713598,0.624612,0.350717
0.634387,0.153602,0.499415,0.171571,0.305734,0.603439,0.752402,0.897951,0.308194,0.376869,0.517032,0.293498,0.285682,0.208441,0.762292,0.489156
