0.078472,0.319558,0.708002,0.187161,0.404339,0.205338,0.131098,0.155525,0.511602,0.769560,0.537453,0.272858,0.328288,0.253940,0.404794,0.547352
0.628980,0.540814,0.546126,0.530096,0.145550,0.864452,0.674769,0.370137,0.499621,0.602560,0.785358,0.433110,0.278919,0.277124,0.495104,0.553367
0.621040,0.650816,0.536791,0.348214,0.168423,0.670177,0.149816,0.163853,0.296339,0.376549,0.118758,0.467745,0.383645,0.803623,0.383270,0.354109
0.638306,0.856990,0.615118,0.480905,0.240216,0.476855,0.341107,0.734381,0.565624,0.640975,0.614456,0.202467,0.374199,0.241665,0.594738,0.409064
0.691561,0.736603,0.645530,0.514541,0.229865,0.502919,0.280794,0.655045,0.573923,0.390043,0.542592,0.081959,0.465044,0.286086,0.632880,0.304063
0.268703,0.563779,0.449506,0.454474,0.707541,0.348665,0.534153,0.602154,0.394557,0.765407,0.135562,0.777751,0.594667,0.686897,0.762426,0.704144
0.557597,0.781857,0.528895,0.441700,0.284178,0.385912,0.468265,0.646305,0.639009,0.582813,0.575948,0.305699,0.490725,0.263239,0.562978,0.332571
0.357348,0.158265,0.167656,0.648107,0.511452,0.539161,0.472765,0.636026,0.183685,0.276510,0.644011,0.717340,0.436698,0.128855,0.330567,0.331523
0.630580,0.808116,0.566563,0.545457,0.247509,0.502474,0.400217,0.686984,0.612127,0.604895,0.512494,0.188976,0.332068,0.382714,0.548596,0.316468
0.457081,0.466800,0.650161,0.586748,0.584009,0.419121,0.455103,0.177410,0.656001,0.677110,0.482253,0.230283,0.211290,0.505559,0.677290,0.249819
0.517994,0.545853,0.170258,0.606249,0.589698,0.186985,0.557805,0.537376,0.170413,0.734263,0.743037,0.757483,0.700665,0.595769,0.386431,0.641567
0.425740,0.553700,0.219743,0.632765,0.493473,0.282489,0.559488,0.667305,0.207703,0.712552,0.735738,0.641862,0.722131,0.585438,0.329983,0.621503
0.401456,0.268546,0.397540,0.672756,0.239640,0.284593,0.561580,0.519397,0.707292,0.508169,0.439627,0.311903,0.627828,0.192394,0.568723,0.692108
0.644513,0.299441,0.310154,0.763126,0.292563,0.215385,0.223931,0.381486,0.609464,0.337963,0.669842,0.523542,0.450475,0.368837,0.175431,0.295999
0.751660,0.510238,0.536642,0.401632,0.114020,0.581899,0.244023,0.306072,0.329777,0.389569,0.207340,0.531425,0.273505,0.714853,0.450193,0.490499
0.405164,0.544141,0.676495,0.607761,0.571020,0.615260,0.412434,0.277809,0.518598,0.730000,0.463747,0.192513,0.230186,0.475965,0.723535,0.243234
0.196383,0.622400,0.413910,0.352536,0.783022,0.404525,0.513186,0.568026,0.351967,0.716153,0.135660,0.846606,0.484594,0.745100,0.720854,0.718437
0.163205,0.350152,0.696250,0.241628,0.504874,0.186912,0.299761,0.183300,0.441620,0.680073,0.478133,0.342602,0.367579,0.216020,0.463901,0.505938
0.165177,0.254082,0.754837,0.526839,0.680292,0.310258,0.565081,0.704682,0.519245,0.534424,0.402457,0.751771,0.569853,0.501107,0.304182,0.255605
0.349070,0.447955,0.408981,0.414240,0.679042,0.352017,0.297939,0.422677,0.490446,0.459698,0.540146,0.466901,0.372941,0.712357,0.494293,0.637793
0.245470,0.275508,0.786410,0.106649,0.546068,0.230320,0.445279,0.168756,0.381364,0.706345,0.403463,0.194371,0.200792,0.134495,0.521230,0.482843
0.792890,0.568779,0.489118,0.486310,0.205010,0.634676,0.218879,0.202642,0.392061,0.364803,0.186956,0.491158,0.345808,0.689524,0.422900,0.340625
0.804004,0.613328,0.323427,0.445611,0.220850,0.736504,0.343310,0.122645,0.312010,0.359772,0.349464,0.571993,0.384673,0.704311,0.489712,0.455046
0.641007,0.467115,0.660295,0.390858,0.360086,0.146615,0.269534,0.208342,0.395934,0.658794,0.527570,0.426456,0.477246,0.487803,0.644369,0.578687
0.408535,0.284494,0.421617,0.628031,0.179291,0.238027,0.678973,0.542270,0.793650,0.537206,0.505522,0.573975,0.718732,0.086185,0.506953,0.690830
0.445749,0.690647,0.105208,0.597062,0.461863,0.068063,0.513106,0.606179,0.243423,0.719226,0.891024,0.525572,0.623731,0.627824,0.397707,0.622947
0.747719,0.696425,0.538673,0.407836,0.510896,0.174907,0.303401,0.143151,0.386664,0.761294,0.488005,0.243841,0.421246,0.534915,0.674002,0.552151
0.567381,0.579985,0.560596,0.462876,0.437410,0.157665,0.210840,0.113972,0.364406,0.795642,0.453764,0.180017,0.216311,0.508025,0.628477,0.443090
0.120380,0.344583,0.629256,0.066712,0.551507,0.127589,0.470511,0.207105,0.474666,0.596895,0.467988,0.395194,0.361202,0.202035,0.455648,0.564683
0.599126,0.534411,0.580852,0.325884,0.509042,0.248208,0.373935,0.254520,0.351458,0.724841,0.509296,0.373202,0.272113,0.505241,0.738759,0.470660
0.586625,0.266331,0.270193,0.662514,0.281468,0.271363,0.279051,0.275427,0.692016,0.413442,0.750265,0.510659,0.368036,0.284415,0.231026,0.399332
0.522586,0.258615,0.159589,0.611157,0.475833,0.603117,0.474782,0.669862,0.172129,0.248962,0.682309,0.736278,0.509564,0.181373,0.375977,0.378514
0.645240,0.580380,0.592434,0.464889,0.290211,0.229156,0.285228,0.185271,0.337639,0.656192,0.430325,0.258012,0.173556,0.454553,0.557469,0.435692
0.536214,0.357237,0.481157,0.576955,0.272462,0.329407,0.579957,0.369301,0.701618,0.567388,0.394296,0.449418,0.610790,0.181170,0.614471,0.834912
0.249277,0.247534,0.691020,0.597693,0.607500,0.438041,0.494871,0.764917,0.537641,0.598255,0.277736,0.654151,0.683629,0.609298,0.148873,0.258218
0.507969,0.220186,0.113183,0.528877,0.596558,0.481532,0.490623,0.716204,0.348777,0.329149,0.658538,0.813529,0.383781,0.240575,0.576544,0.453263
0.589736,0.651876,0.585788,0.345520,0.398504,0.267210,0.193231,0.222463,0.397577,0.690901,0.546515,0.338932,0.410891,0.505215,0.580458,0.386830
0.817831,0.757624,0.451546,0.376909,0.110925,0.606926,0.261392,0.083434,0.441418,0.357789,0.301649,0.587420,0.352552,0.726638,0.451438,0.409409
0.256515,0.258551,0.696604,0.513497,0.638351,0.566028,0.420514,0.638027,0.522786,0.604568,0.322982,0.587729,0.582128,0.512719,0.328546,0.288891
0.623176,0.299373,0.297547,0.621024,0.368070,0.184850,0.416919,0.234593,0.592728,0.274966,0.725612,0.622984,0.460102,0.381447,0.311838,0.350377
0.724093,0.677201,0.555314,0.487347,0.094107,0.679423,0.209344,0.171233,0.352671,0.352692,0.180472,0.551819,0.251861,0.726815,0.463537,0.397393
0.801505,0.617804,0.668260,0.366804,0.186352,0.656698,0.200634,0.016194,0.370444,0.332399,0.183153,0.705514,0.348071,0.702674,0.464384,0.351753
0.756052,0.737439,0.573708,0.744973,0.069629,0.832573,0.711408,0.371774,0.538546,0.582424,0.730220,0.279203,0.355081,0.341193,0.552152,0.536811
0.249727,0.650539,0.377823,0.425994,0.699496,0.410319,0.556481,0.667911,0.384617,0.819775,0.155738,0.831828,0.661684,0.589787,0.807764,0.827131
0.443122,0.508111,0.294686,0.624149,0.621977,0.298990,0.564294,0.605149,0.298664,0.694260,0.789548,0.704063,0.599154,0.494399,0.366049,0.795965
0.364262,0.366848,0.492670,0.537977,0.792869,0.396926,0.209940,0.653909,0.550139,0.320209,0.530605,0.422582,0.313692,0.596781,0.440530,0.587913
0.200467,0.481201,0.675503,0.197979,0.517765,0.169628,0.265936,0.035975,0.416842,0.671458,0.555999,0.338904,0.406372,0.066082,0.422836,0.458399
0.254148,0.227549,0.670573,0.487506,0.593442,0.353182,0.443830,0.678605,0.450669,0.603690,0.321397,0.624005,0.548706,0.507081,0.258992,0.320146
0.443519,0.235994,0.213585,0.522170,0.523856,0.581089,0.516470,0.616494,0.200180,0.316232,0.772637,0.700151,0.563856,0.165715,0.378590,0.389219
0.536398,0.196332,0.735306,0.149600,0.399180,0.582554,0.578964,0.355877,0.270051,0.284166,0.178686,0.561172,0.502387,0.643126,0.333277,0.573012
0.620125,0.503284,0.651608,0.587620,0.537074,0.576664,0.430834,0.192593,0.599367,0.658509,0.540363,0.277319,0.186948,0.450297,0.661223,0.193815
0.480743,0.350849,0.372780,0.570678,0.252578,0.312390,0.531318,0.358343,0.775325,0.499983,0.427045,0.398561,0.513367,0.139630,0.549375,0.824734
0.259334,0.373601,0.605286,0.425605,0.659169,0.304711,0.443484,0.655012,0.515165,0.588718,0.277912,0.599728,0.464845,0.507871,0.124303,0.298268
0.515777,0.266626,0.194687,0.665116,0.463709,0.536025,0.435029,0.757473,0.286080,0.212368,0.713535,0.623567,0.517676,0.297209,0.337681,0.389760
0.423302,0.317356,0.098071,0.555143,0.380969,0.548636,0.593526,0.657305,0.153676,0.250064,0.670675,0.759556,0.447317,0.379121,0.449932,0.304933
0.597423,0.595359,0.476004,0.556071,0.044677,0.826497,0.730449,0.302049,0.586522,0.667268,0.695604,0.338857,0.384905,0.241647,0.468822,0.547858
0.274717,0.382432,0.472478,0.430976,0.777328,0.428250,0.369102,0.490445,0.488368,0.412109,0.375558,0.461932,0.318439,0.549453,0.470027,0.718358
0.295560,0.262478,0.645945,0.559767,0.590517,0.284834,0.460391,0.610617,0.459631,0.580422,0.305439,0.665858,0.566838,0.524877,0.209457,0.164960
0.510855,0.629761,0.171408,0.589615,0.478758,0.148788,0.503585,0.561442,0.148979,0.814516,0.759131,0.683217,0.600635,0.592946,0.354818,0.627497
0.244867,0.616853,0.393988,0.472243,0.662585,0.305014,0.510694,0.599407,0.338853,0.635969,0.122752,0.786195,0.708973,0.613142,0.793297,0.764298
0.514936,0.347546,0.372701,0.592896,0.283992,0.338074,0.545838,0.436945,0.667866,0.559142,0.492713,0.344105,0.582466,0.206463,0.478328,0.718805
0.109064,0.191722,0.739237,0.503284,0.606181,0.312862,0.448091,0.776233,0.538875,0.649722,0.259784,0.553043,0.523262,0.580868,0.252983,0.347053
0.177018,0.322865,0.672357,0.287278,0.500360,0.200000,0.370606,0.073804,0.416484,0.738483,0.531024,0.281444,0.333384,0.269970,0.422475,0.438860
0.351378,0.401823,0.662035,0.504178,0.679776,0.481183,0.484888,0.232666,0.199633,0.742581,0.309381,0.333339,0.517882,0.266968,0.374819,0.313660
0.389699,0.613325,0.594730,0.600265,0.677150,0.514547,0.382788,0.229163,0.593373,0.747353,0.459411,0.249545,0.114365,0.481850,0.652095,0.229743
0.177128,0.328167,0.708417,0.263446,0.471449,0.201188,0.353171,0.124864,0.433111,0.672884,0.475509,0.265496,0.279963,0.234989,0.478794,0.409301
0.639453,0.697475,0.270564,0.310686,0.372117,0.480905,0.779101,0.588398,0.691523,0.420552,0.795958,0.351682,0.316006,0.577546,0.582554,0.488641
0.426634,0.376393,0.450969,0.616403,0.326799,0.338035,0.524014,0.469555,0.633083,0.597988,0.392028,0.329303,0.558914,0.246884,0.530061,0.714379
0.299311,0.632683,0.420809,0.483417,0.706590,0.297371,0.504260,0.694620,0.370243,0.719377,0.135185,0.790933,0.539002,0.690365,0.641286,0.753820
0.611027,0.746269,0.343450,0.215334,0.204717,0.537328,0.846004,0.576120,0.876666,0.297505,0.556324,0.314088,0.333439,0.508255,0.560165,0.358914
0.264082,0.375630,0.595786,0.661952,0.718916,0.465313,0.500583,0.261710,0.122951,0.772583,0.302383,0.124757,0.548200,0.166515,0.204050,0.368276
0.374950,0.476529,0.734085,0.691136,0.626464,0.609949,0.435713,0.275523,0.613805,0.656848,0.470210,0.253218,0.178918,0.534648,0.726351,0.205391
0.579424,0.735647,0.131673,0.088682,0.336471,0.473245,0.798965,0.536415,0.795482,0.364230,0.774637,0.409985,0.320756,0.430395,0.592063,0.437512
0.587403,0.149357,0.417608,0.682385,0.275038,0.256563,0.614066,0.436987,0.698127,0.628078,0.412974,0.228247,0.667912,0.151936,0.538273,0.761517
0.876897,0.682071,0.455780,0.318837,0.270570,0.602236,0.199239,0.070161,0.320344,0.264661,0.171731,0.608687,0.352450,0.731359,0.375078,0.359628
0.368601,0.563454,0.030498,0.579712,0.390055,0.157246,0.562021,0.522033,0.106745,0.706141,0.767286,0.726114,0.664392,0.572473,0.350319,0.638537
0.444214,0.620956,0.171888,0.481315,0.347049,0.223050,0.514366,0.455639,0.230524,0.774847,0.778262,0.685356,0.528954,0.501705,0.390014,0.689538
0.155971,0.338785,0.654570,0.265108,0.322588,0.158066,0.352496,0.193620,0.457317,0.599318,0.539668,0.379833,0.346561,0.277628,0.506565,0.452085
0.486994,0.254225,0.164962,0.554045,0.347408,0.443337,0.572639,0.598346,0.272377,0.215091,0.688990,0.745985,0.477601,0.189824,0.358934,0.427995
0.395015,0.328847,0.498150,0.592566,0.683193,0.482255,0.410527,0.190798,0.210034,0.685943,0.234567,0.148747,0.589430,0.166236,0.319133,0.347809
0.421628,0.689273,0.177758,0.468215,0.596619,0.350822,0.512919,0.682895,0.392803,0.740486,0.124801,0.648551,0.511712,0.709201,0.595571,0.660503
0.121460,0.390410,0.626832,0.298504,0.529986,0.206583,0.330787,0.136662,0.555823,0.636508,0.470718,0.286352,0.438835,0.102568,0.355686,0.343295
0.606505,0.330984,0.374711,0.703368,0.396672,0.306870,0.297058,0.234304,0.631610,0.436757,0.572296,0.497604,0.457120,0.254284,0.292019,0.269405
0.434730,0.672386,0.182303,0.642610,0.491884,0.089135,0.627499,0.625823,0.271913,0.761440,0.831406,0.668944,0.506939,0.441971,0.337104,0.746886
0.166345,0.311643,0.665559,0.489683,0.691398,0.397228,0.383880,0.714538,0.509672,0.621802,0.441753,0.677850,0.609697,0.497993,0.213180,0.356338
0.596110,0.338703,0.247808,0.655534,0.420984,0.215846,0.264483,0.394584,0.508119,0.473928,0.740115,0.489954,0.486147,0.356272,0.343402,0.404304
0.600933,0.797229,0.232332,0.347549,0.344887,0.305588,0.814632,0.632712,0.763703,0.413613,0.620589,0.351533,0.396564,0.574044,0.478976,0.474525
0.526501,0.272213,0.270456,0.717822,0.424456,0.228526,0.381136,0.316789,0.715714,0.380322,0.693707,0.644483,0.504276,0.297639,0.164553,0.279652
0.556296,0.549386,0.571999,0.418784,0.477768,0.273570,0.186785,0.186982,0.320404,0.740367,0.563354,0.386979,0.363747,0.479749,0.619667,0.490527
0.405796,0.246811,0.395842,0.707487,0.260730,0.221042,0.625197,0.431494,0.722345,0.589321,0.481244,0.431402,0.647358,0.057453,0.371832,0.745985
0.805212,0.622408,0.464323,0.457871,0.190876,0.639154,0.163870,0.184226,0.242734,0.421627,0.316208,0.604404,0.348900,0.813270,0.390764,0.364707
0.776523,0.580016,0.558520,0.371982,0.068124,0.591741,0.178075,0.192580,0.244096,0.414755,0.166429,0.587328,0.419230,0.744864,0.424081,0.442209
0.367440,0.242594,0.463111,0.709500,0.167511,0.329858,0.451902,0.504704,0.612136,0.529333,0.413144,0.455203,0.616025,0.079666,0.637775,0.760905
0.571114,0.361752,0.428490,0.494185,0.242303,0.181570,0.585510,0.509237,0.679537,0.484967,0.419937,0.338175,0.591869,0.170180,0.527918,0.671342
0.566871,0.234048,0.211461,0.718131,0.363683,0.243022,0.340700,0.342039,0.516758,0.382682,0.711967,0.502559,0.537028,0.267446,0.219108,0.294648
0.288624,0.214040,0.687094,0.546434,0.585471,0.420976,0.527713,0.697086,0.575922,0.539959,0.372611,0.648009,0.476043,0.488891,0.109377,0.301770
0.553073,0.412508,0.445107,0.493775,0.344144,0.249839,0.570280,0.394496,0.766515,0.563029,0.473566,0.323091,0.697534,0.260587,0.432570,0.823344
0.655582,0.766357,0.671537,0.440631,0.156799,0.560536,0.341362,0.521096,0.663903,0.467853,0.624552,0.208565,0.348606,0.347982,0.558387,0.341509
0.265751,0.170425,0.562416,0.163572,0.468755,0.099528,0.332814,0.154669,0.448294,0.738307,0.547177,0.372908,0.287677,0.168099,0.525962,0.452282
0.600669,0.732766,0.566991,0.530368,0.173931,0.511958,0.382444,0.702607,0.693596,0.586967,0.588819,0.247462,0.467766,0.174556,0.766640,0.406083
0.387083,0.305137,0.386532,0.678636,0.141257,0.376760,0.531799,0.419881,0.806102,0.550486,0.451464,0.293535,0.594847,0.179912,0.680587,0.836444
0.460815,0.660049,0.212865,0.555442,0.421519,0.123488,0.410889,0.668127,0.215493,0.880804,0.818785,0.568248,0.593459,0.566008,0.275544,0.645157
0.413270,0.231997,0.204523,0.573679,0.537059,0.616422,0.538092,0.640988,0.256405,0.179670,0.746281,0.746373,0.508382,0.216651,0.415736,0.385235
0.545639,0.669070,0.238834,0.308727,0.319444,0.354809,0.763583,0.461581,0.680504,0.324472,0.769216,0.421551,0.326324,0.454628,0.556304,0.370910
0.698192,0.359557,0.399564,0.815221,0.364502,0.165448,0.276661,0.361169,0.522412,0.403920,0.791408,0.587809,0.528788,0.202027,0.098388,0.350869
0.734104,0.507053,0.424713,0.501408,0.480861,0.225528,0.301005,0.287207,0.271199,0.757245,0.525226,0.207657,0.418009,0.525871,0.718433,0.588234
0.490490,0.674925,0.000000,0.591860,0.456712,0.291340,0.554435,0.637727,0.194419,0.632516,0.774559,0.550443,0.622776,0.596932,0.252301,0.681515
0.589716,0.599945,0.528007,0.538893,0.171473,0.720343,0.703919,0.398161,0.746885,0.582623,0.806660,0.443233,0.422345,0.368337,0.603695,0.640525
0.500251,0.190702,0.667879,0.143864,0.474111,0.486318,0.620364,0.531716,0.344642,0.330840,0.143574,0.662342,0.403172,0.717809,0.436997,0.527881
0.211820,0.362726,0.668246,0.195308,0.452538,0.197366,0.389130,0.091738,0.435859,0.718902,0.495044,0.214579,0.382339,0.235569,0.551013,0.534660
0.424462,0.438858,0.531649,0.609710,0.750486,0.412855,0.337109,0.517279,0.541570,0.302247,0.407381,0.348347,0.399331,0.828270,0.474875,0.596935
0.411459,0.573649,0.081235,0.696646,0.602690,0.210864,0.549702,0.605837,0.220836,0.861458,0.717317,0.615437,0.555217,0.557892,0.283675,0.679083
0.475304,0.376252,0.158457,0.417962,0.560622,0.540395,0.461113,0.659366,0.304824,0.219387,0.516697,0.733760,0.488609,0.159204,0.413085,0.249850
0.214044,0.600269,0.453593,0.446336,0.683047,0.416767,0.645514,0.605130,0.327134,0.732423,0.130342,0.660909,0.607755,0.584977,0.638418,0.749787
0.677478,0.760958,0.256877,0.302163,0.341686,0.427836,0.730716,0.500633,0.577065,0.310989,0.596699,0.304396,0.401671,0.367495,0.526437,0.531067
0.412420,0.196522,0.258966,0.636402,0.437645,0.546945,0.399662,0.559496,0.303798,0.126185,0.747380,0.706204,0.473544,0.225166,0.348515,0.281628
0.611800,0.888951,0.225336,0.328652,0.324593,0.427520,0.751292,0.480105,0.751112,0.414661,0.724359,0.438029,0.425556,0.530141,0.567657,0.479146
0.350884,0.634432,0.536541,0.465603,0.716742,0.334549,0.215483,0.573760,0.593613,0.372635,0.540256,0.498269,0.235112,0.655296,0.442148,0.604331
0.546960,0.610301,0.625291,0.509879,0.074447,0.747187,0.733001,0.302807,0.531307,0.660549,0.842146,0.331618,0.369319,0.309134,0.632381,0.607964
0.354646,0.546058,0.422043,0.320173,0.717502,0.292980,0.552701,0.756953,0.301586,0.852361,0.160123,0.852770,0.576220,0.585397,0.795227,0.825935
0.618125,0.747880,0.142202,0.161813,0.242691,0.369051,0.733548,0.614622,0.743026,0.242899,0.657566,0.415016,0.384227,0.512581,0.505698,0.428234
0.456868,0.448447,0.589177,0.509576,0.494540,0.399335,0.519471,0.255492,0.584422,0.743802,0.520184,0.313483,0.129711,0.581004,0.582112,0.304768
0.453447,0.462004,0.477538,0.322108,0.789689,0.338447,0.348349,0.590024,0.565810,0.306222,0.513572,0.448993,0.312108,0.652339,0.440016,0.635244
0.533981,0.057466,0.697190,0.227355,0.517696,0.505089,0.532765,0.385100,0.311701,0.479805,0.112484,0.635520,0.468811,0.544517,0.407775,0.530660
0.216226,0.164186,0.798615,0.643663,0.694889,0.355714,0.430263,0.796012,0.583609,0.776189,0.416048,0.564843,0.608102,0.370440,0.252541,0.273488
0.275741,0.429545,0.550340,0.624802,0.607317,0.535337,0.346192,0.187186,0.177709,0.821622,0.203881,0.199296,0.555855,0.223711,0.334524,0.201364
0.382570,0.430785,0.426775,0.564475,0.521526,0.492136,0.481491,0.105057,0.155828,0.786028,0.167758,0.253534,0.521555,0.351664,0.368369,0.390880
0.357036,0.275321,0.183828,0.552727,0.515349,0.444377,0.636395,0.659217,0.259881,0.173219,0.754621,0.712796,0.482125,0.256319,0.383674,0.371166
0.601440,0.761706,0.540842,0.406686,0.288050,0.445905,0.464637,0.584522,0.670087,0.587652,0.557968,0.222399,0.542817,0.252249,0.607698,0.283989
0.421685,0.277055,0.200861,0.673127,0.563347,0.595537,0.474567,0.669209,0.347675,0.253583,0.669338,0.723879,0.473043,0.387538,0.345180,0.394826
0.202563,0.391004,0.670253,0.086521,0.546248,0.108354,0.311724,0.183154,0.368089,0.808257,0.450161,0.429327,0.365854,0.128874,0.602555,0.537676
0.648195,0.658445,0.534846,0.524787,0.161661,0.730370,0.749352,0.372014,0.642657,0.540240,0.706055,0.370985,0.472050,0.368835,0.546254,0.558538
0.458115,0.643510,0.178636,0.619945,0.443457,0.162683,0.610877,0.568318,0.155975,0.826298,0.716003,0.683441,0.522297,0.613800,0.159900,0.737886
0.456207,0.418698,0.531131,0.518597,0.851153,0.428822,0.318507,0.531434,0.557323,0.347832,0.431786,0.351362,0.216804,0.773054,0.501008,0.436567
0.527170,0.632964,0.662035,0.589634,0.176952,0.807534,0.662496,0.442304,0.497015,0.583961,0.664805,0.391875,0.300950,0.287361,0.608042,0.542220
0.244653,0.482537,0.654035,0.296916,0.502271,0.284271,0.304595,0.125275,0.462204,0.735834,0.477598,0.287518,0.437278,0.220195,0.570114,0.436386
0.611815,0.506823,0.567180,0.540320,0.078638,0.831824,0.691485,0.495316,0.626279,0.692784,0.728668,0.318848,0.305495,0.322567,0.551823,0.609533
0.403509,0.743684,0.432747,0.436820,0.744309,0.247109,0.523796,0.660623,0.297780,0.772128,0.269850,0.774515,0.484048,0.687920,0.721596,0.767744
0.724335,0.760051,0.222901,0.177760,0.281258,0.409067,0.726574,0.412997,0.726664,0.361619,0.747723,0.384215,0.377756,0.493168,0.505341,0.493283
0.574420,0.645206,0.617818,0.304048,0.525946,0.265100,0.238539,0.234016,0.428694,0.774680,0.515165,0.208833,0.274140,0.407247,0.613979,0.353099
0.706234,0.571759,0.662780,0.365230,0.424436,0.262810,0.299367,0.144609,0.370481,0.774351,0.482861,0.398891,0.403432,0.435157,0.583717,0.451891
0.761660,0.557190,0.504669,0.330196,0.078768,0.541934,0.040023,0.307765,0.304126,0.230574,0.138542,0.446695,0.473784,0.649272,0.401981,0.292451
0.587997,0.759792,0.647420,0.437816,0.273250,0.448828,0.403656,0.695280,0.506229,0.552475,0.680502,0.162002,0.489887,0.182184,0.696638,0.302070
0.141810,0.321230,0.702898,0.192666,0.457233,0.140165,0.451812,0.131472,0.466616,0.685670,0.554289,0.261151,0.341161,0.096636,0.375990,0.508596
0.389204,0.325475,0.358561,0.509409,0.834570,0.476509,0.318915,0.455074,0.416087,0.430703,0.442551,0.514399,0.263283,0.747043,0.549147,0.686741
0.421269,0.323512,0.516175,0.365769,0.551461,0.479327,0.299011,0.551283,0.416385,0.440810,0.487347,0.444596,0.170324,0.714198,0.377360,0.641555
0.375825,0.640124,0.092880,0.647597,0.447635,0.250245,0.646432,0.608630,0.261500,0.823830,0.816788,0.655047,0.529597,0.588824,0.162361,0.602100
0.683483,0.094467,0.367326,0.803818,0.388098,0.202452,0.311821,0.365102,0.625722,0.410970,0.722688,0.595914,0.575420,0.225243,0.289016,0.286902
0.436519,0.241540,0.508629,0.541987,0.380218,0.227895,0.578749,0.309593,0.835289,0.543115,0.512674,0.443165,0.595515,0.243563,0.497059,0.831219
0.387839,0.376642,0.417428,0.427081,0.802081,0.403691,0.259097,0.437368,0.474472,0.345736,0.577775,0.362482,0.401699,0.815228,0.362767,0.514395
0.479118,0.529172,0.584493,0.660345,0.536837,0.513804,0.413718,0.343894,0.507634,0.633444,0.485888,0.154987,0.165252,0.434302,0.644911,0.199105
0.418986,0.147594,0.210554,0.527884,0.526595,0.498586,0.419064,0.675941,0.308590,0.123260,0.632969,0.753923,0.395637,0.153489,0.474425,0.310771
0.746304,0.716890,0.551612,0.422370,0.254024,0.523871,0.458017,0.603262,0.742445,0.487303,0.678138,0.162318,0.414687,0.265766,0.530460,0.353980
0.671884,0.547027,0.578938,0.296964,0.529791,0.277901,0.278662,0.252034,0.323080,0.750163,0.497405,0.299429,0.336740,0.598217,0.595061,0.455550
0.637775,0.661283,0.625376,0.419609,0.089237,0.466626,0.360981,0.644802,0.611881,0.481525,0.650864,0.163074,0.464529,0.310625,0.685054,0.255486
0.492136,0.239542,0.501858,0.568053,0.315276,0.226211,0.694612,0.515654,0.716143,0.545719,0.406995,0.312500,0.537844,0.153752,0.515182,0.866075
0.713053,0.758830,0.629379,0.443650,0.186803,0.435347,0.381555,0.739570,0.635164,0.540190,0.585384,0.113384,0.462182,0.379512,0.546235,0.435680
0.277274,0.128244,0.738130,0.502765,0.590535,0.407474,0.432333,0.817204,0.512956,0.560064,0.344112,0.570801,0.518467,0.516919,0.127181,0.238297
0.558545,0.706483,0.261908,0.221335,0.350328,0.436067,0.839400,0.625734,0.747766,0.397540,0.648161,0.379317,0.486556,0.532074,0.514334,0.469272
0.431044,0.188189,0.182999,0.671529,0.647476,0.617829,0.503136,0.567676,0.243163,0.235234,0.780964,0.710913,0.378368,0.219840,0.256923,0.352333
0.320165,0.404437,0.474311,0.463316,0.710549,0.389240,0.294246,0.523023,0.485666,0.368828,0.484558,0.634021,0.190747,0.689448,0.427474,0.563730
0.705862,0.818795,0.755428,0.473717,0.303581,0.322530,0.333277,0.612910,0.677261,0.549657,0.587764,0.115632,0.396325,0.227804,0.518321,0.272625
0.289072,0.380282,0.538355,0.247427,0.451545,0.247634,0.400357,0.209930,0.352324,0.764090,0.360992,0.297967,0.322354,0.190220,0.533425,0.388689
0.695015,0.659961,0.621714,0.467717,0.043588,0.805724,0.650184,0.394021,0.680590,0.678896,0.760467,0.372705,0.319419,0.351210,0.510913,0.617853
0.676458,0.742986,0.561102,0.494298,0.185969,0.779428,0.811468,0.360687,0.514634,0.547280,0.739618,0.309852,0.347972,0.299662,0.484618,0.472443
0.579368,0.769172,0.214959,0.300270,0.427365,0.430261,0.768553,0.524656,0.833924,0.430798,0.822942,0.380428,0.529477,0.529792,0.490150,0.450961
0.427622,0.577656,0.569049,0.750036,0.678723,0.520975,0.504972,0.240146,0.607194,0.796834,0.482641,0.320396,0.286308,0.460475,0.612512,0.195998
0.576179,0.757291,0.578717,0.404489,0.303719,0.517556,0.405278,0.793996,0.719373,0.539376,0.506275,0.186794,0.395287,0.306044,0.517803,0.275765
0.363016,0.347754,0.527047,0.498395,0.697785,0.431641,0.441480,0.615269,0.414733,0.371940,0.544947,0.437499,0.245012,0.726096,0.495696,0.617642
0.379286,0.532926,0.299313,0.360956,0.735691,0.304835,0.348858,0.576062,0.196885,0.774997,0.268161,0.632620,0.490962,0.595197,0.772280,0.684071
0.560468,0.355835,0.246857,0.714794,0.316157,0.159461,0.288861,0.390770,0.575113,0.334778,0.779928,0.511260,0.519680,0.327269,0.188401,0.299161
0.454100,0.430900,0.606837,0.622581,0.594455,0.396043,0.601430,0.226678,0.583217,0.668867,0.519440,0.366271,0.253784,0.592297,0.665815,0.195938
0.785245,0.637131,0.513206,0.420516,0.129880,0.716909,0.211942,0.181808,0.284337,0.333917,0.163693,0.540362,0.482913,0.738414,0.390795,0.437935
0.839290,0.673518,0.490997,0.443940,0.150331,0.754581,0.154905,0.235634,0.268045,0.263648,0.163300,0.576975,0.262097,0.710872,0.500433,0.531322
0.455146,0.143000,0.159983,0.641754,0.484747,0.431880,0.585874,0.625197,0.311793,0.163153,0.664769,0.804217,0.489840,0.131930,0.275021,0.389728
0.131631,0.326263,0.735161,0.575897,0.683151,0.314237,0.397520,0.696714,0.454688,0.719150,0.339148,0.607190,0.558306,0.490793,0.138303,0.250565
0.391617,0.197096,0.143389,0.575514,0.476810,0.480872,0.477887,0.520979,0.363737,0.183684,0.717373,0.671423,0.514057,0.227424,0.376821,0.388525
0.521768,0.134337,0.854384,0.159350,0.343602,0.484689,0.710090,0.509370,0.384648,0.122399,0.230017,0.635359,0.500349,0.650420,0.341307,0.607645
0.339629,0.475142,0.591463,0.477800,0.701157,0.394412,0.265632,0.643788,0.415661,0.355097,0.472011,0.394481,0.271986,0.580405,0.395191,0.487456
0.714353,0.354662,0.194629,0.738979,0.341553,0.329717,0.171027,0.284201,0.620852,0.394020,0.728596,0.490407,0.683756,0.295091,0.273515,0.323283
0.417442,0.209079,0.177444,0.690697,0.614455,0.543491,0.579421,0.578815,0.193780,0.180588,0.728193,0.753014,0.482094,0.204949,0.418443,0.321746
0.284249,0.618381,0.267727,0.267471,0.728630,0.462301,0.655471,0.611414,0.365160,0.653406,0.147158,0.752327,0.561739,0.543242,0.594058,0.738355
0.495787,0.652379,0.079272,0.668183,0.502358,0.185539,0.608584,0.544442,0.131092,0.675071,0.727776,0.576422,0.650608,0.652522,0.366050,0.701273
0.440050,0.233440,0.479791,0.624153,0.368883,0.437394,0.554437,0.516513,0.694946,0.604975,0.559906,0.344397,0.755702,0.244234,0.437556,0.714203
0.633532,0.793361,0.705291,0.451453,0.266293,0.510000,0.330028,0.651888,0.631052,0.535290,0.622741,0.160102,0.455867,0.253694,0.612452,0.257538
0.276437,0.415355,0.379834,0.399028,0.778035,0.346283,0.376127,0.415237,0.477916,0.282382,0.453996,0.306731,0.344493,0.767715,0.449898,0.454270
0.549132,0.763423,0.247148,0.276517,0.244530,0.400003,0.917007,0.679651,0.748260,0.352347,0.626979,0.423303,0.316831,0.322372,0.623177,0.427358
0.144379,0.392606,0.696968,0.186398,0.549378,0.193197,0.279141,0.147788,0.444635,0.719127,0.565363,0.339252,0.383942,0.092822,0.539773,0.416627
0.310408,0.662952,0.379737,0.369033,0.677724,0.457750,0.399332,0.683953,0.293679,0.632503,0.080770,0.751474,0.531370,0.635547,0.690817,0.645800
0.421993,0.518567,0.125341,0.760945,0.487511,0.158704,0.631663,0.463310,0.237634,0.879196,0.780562,0.717722,0.567349,0.550087,0.252665,0.668785
0.465747,0.639774,0.159249,0.684200,0.514742,0.275745,0.415628,0.629136,0.133793,0.803422,0.781277,0.680961,0.693924,0.575310,0.224943,0.671781
0.602263,0.251419,0.290704,0.707580,0.463825,0.295587,0.306109,0.399045,0.559891,0.377910,0.663219,0.493428,0.480198,0.420794,0.323789,0.307841
0.497223,0.425300,0.599707,0.445939,0.623467,0.492115,0.348372,0.444794,0.462460,0.167549,0.585702,0.432048,0.255272,0.847370,0.381740,0.572406
0.725686,0.609853,0.412897,0.400110,0.103545,0.715910,0.285313,0.084620,0.173212,0.305561,0.198766,0.587241,0.321482,0.809592,0.386501,0.424186
0.432433,0.261121,0.132189,0.674586,0.615881,0.406143,0.559080,0.669332,0.255300,0.114455,0.681875,0.686234,0.456735,0.172560,0.410563,0.407731
0.651120,0.292380,0.325256,0.796268,0.218618,0.209277,0.415021,0.417892,0.713757,0.337977,0.764688,0.560602,0.466413,0.283763,0.252523,0.325379
0.527040,0.672441,0.259268,0.634897,0.535785,0.311184,0.523253,0.494189,0.167995,0.765611,0.729064,0.690385,0.559542,0.557235,0.352644,0.628792
0.585162,0.387750,0.258196,0.728940,0.293547,0.111894,0.270274,0.255467,0.548549,0.365828,0.671471,0.619548,0.472280,0.353319,0.249283,0.305753
0.717872,0.605633,0.658504,0.372142,0.227688,0.381613,0.475822,0.591237,0.576894,0.594389,0.712145,0.237216,0.458748,0.259713,0.463987,0.360361
0.761981,0.600930,0.669962,0.326227,0.453327,0.283465,0.175383,0.230703,0.361670,0.681166,0.472100,0.342434,0.297343,0.548345,0.572120,0.423456
0.743678,0.713689,0.381688,0.537515,0.052595,0.636717,0.148516,0.171637,0.242926,0.329582,0.212236,0.590681,0.405758,0.693540,0.511905,0.473738
0.765136,0.799882,0.621048,0.458834,0.318513,0.413227,0.380901,0.573337,0.633473,0.544780,0.679692,0.254417,0.364204,0.323105,0.633296,0.345960
0.669733,0.764147,0.641865,0.564043,0.059033,0.764566,0.696789,0.302408,0.667653,0.512279,0.788770,0.340513,0.348359,0.299011,0.477472,0.574216
0.587159,0.491760,0.541003,0.221841,0.446945,0.291294,0.266091,0.271133,0.191315,0.649825,0.393742,0.358303,0.418542,0.543798,0.686653,0.314703
0.519244,0.220817,0.742023,0.196488,0.381747,0.507629,0.596869,0.447546,0.352032,0.248518,0.196934,0.618889,0.456074,0.541012,0.341723,0.513483
0.638728,0.815632,0.234290,0.380663,0.257246,0.431871,0.700717,0.467221,0.671827,0.372075,0.758085,0.541800,0.458615,0.494219,0.624278,0.400763
0.499813,0.547952,0.559864,0.285893,0.562655,0.289363,0.378782,0.215235,0.401360,0.711430,0.543446,0.305743,0.366011,0.582207,0.440059,0.500761
0.648224,0.702961,0.670248,0.509427,0.359136,0.380202,0.286733,0.616689,0.552801,0.506447,0.699054,0.163637,0.503450,0.299957,0.565504,0.330117
0.236469,0.293997,0.741870,0.448256,0.733308,0.358289,0.406239,0.748534,0.581026,0.535200,0.297104,0.673666,0.532014,0.469118,0.202753,0.297810
0.679093,0.517250,0.607760,0.401133,0.255901,0.705086,0.239982,0.081627,0.346062,0.324109,0.192188,0.492314,0.407501,0.755036,0.432140,0.427458
0.470547,0.534557,0.728032,0.641392,0.500638,0.394491,0.465325,0.276127,0.574966,0.751792,0.453276,0.327019,0.238958,0.587380,0.617321,0.161168
0.512593,0.683419,0.526901,0.637394,0.123573,0.834810,0.709250,0.340607,0.607304,0.630687,0.865893,0.428357,0.371543,0.337109,0.399069,0.504852
0.595673,0.478873,0.202111,0.591274,0.551059,0.165969,0.606827,0.632941,0.239997,0.697396,0.865584,0.622465,0.510080,0.503102,0.337799,0.580152
0.672406,0.832170,0.113185,0.396421,0.265043,0.336860,0.745700,0.620050,0.710015,0.362333,0.672853,0.376907,0.428969,0.512183,0.498814,0.433229
0.622428,0.260153,0.238792,0.696588,0.412005,0.405787,0.187385,0.303426,0.687031,0.400374,0.610712,0.517800,0.416946,0.335017,0.253553,0.305383
0.611030,0.224752,0.744954,0.221313,0.445817,0.604856,0.751106,0.554129,0.341952,0.243598,0.267023,0.654779,0.357392,0.553877,0.239404,0.564660
0.538904,0.543044,0.570369,0.574970,0.117063,0.791894,0.747839,0.426765,0.589632,0.637832,0.739847,0.352232,0.280169,0.368837,0.470138,0.651138
0.564500,0.264630,0.431713,0.618696,0.344902,0.257469,0.549769,0.445030,0.614299,0.575925,0.427907,0.389596,0.643872,0.097624,0.501729,0.697544
0.801669,0.541688,0.526552,0.321441,0.253437,0.278216,0.202323,0.226658,0.397997,0.564863,0.468867,0.274146,0.340464,0.560241,0.612640,0.507446
0.769798,0.659050,0.481138,0.405339,0.145827,0.628024,0.116575,0.152655,0.269314,0.341785,0.205384,0.600387,0.347023,0.731000,0.468941,0.495450
0.746841,0.618812,0.570596,0.586761,0.013170,0.749788,0.607698,0.416481,0.586912,0.711033,0.837965,0.337043,0.427893,0.366483,0.445914,0.548246
0.438974,0.435345,0.563291,0.704201,0.641320,0.465775,0.303683,0.180614,0.143959,0.717371,0.211258,0.191958,0.532404,0.282931,0.169409,0.230956
0.392105,0.480799,0.518621,0.614764,0.560597,0.313046,0.446096,0.202365,0.533972,0.827292,0.555446,0.302696,0.192926,0.525300,0.740560,0.196120
0.538208,0.792625,0.279411,0.301392,0.266900,0.433246,0.731197,0.514435,0.732811,0.408474,0.688282,0.388459,0.482636,0.395463,0.569725,0.353580
0.158715,0.287337,0.611762,0.219546,0.487692,0.239833,0.321434,0.202088,0.438295,0.777668,0.384127,0.217055,0.303738,0.043316,0.610679,0.529200
0.658381,0.830107,0.309131,0.334611,0.241895,0.397358,0.764282,0.608347,0.714230,0.382243,0.825923,0.399294,0.531757,0.475139,0.470547,0.403785
0.634476,0.697741,0.099991,0.231388,0.390322,0.458503,0.729949,0.494476,0.613123,0.413295,0.577222,0.335056,0.468044,0.514690,0.507681,0.461750
0.506320,0.600990,0.627460,0.619565,0.588044,0.435851,0.506613,0.252770,0.686110,0.752410,0.586352,0.258936,0.193697,0.439545,0.647413,0.216592
0.606356,0.632016,0.646115,0.340156,0.432257,0.266583,0.210132,0.189773,0.256960,0.679963,0.546767,0.166727,0.361438,0.638149,0.726236,0.445470
0.627976,0.366368,0.271124,0.658811,0.420296,0.315062,0.260615,0.353509,0.595559,0.463471,0.568646,0.530277,0.410492,0.252071,0.313156,0.385114
0.118676,0.419573,0.740595,0.173663,0.442788,0.149175,0.221655,0.255479,0.424839,0.696570,0.681130,0.341310,0.274336,0.125963,0.601183,0.519073
0.277226,0.158884,0.776814,0.478832,0.554457,0.452817,0.389507,0.910462,0.511568,0.603808,0.188638,0.795709,0.586446,0.375922,0.233375,0.315645
0.268300,0.408618,0.468538,0.361358,0.693458,0.416841,0.369839,0.499527,0.538997,0.278649,0.447169,0.433617,0.315032,0.711243,0.340114,0.634813
0.587882,0.763432,0.161056,0.205278,0.443291,0.306844,0.741358,0.598462,0.649828,0.407435,0.713502,0.385031,0.490222,0.552785,0.562449,0.455723
0.587047,0.484011,0.624666,0.584968,0.469614,0.510569,0.413360,0.195465,0.448382,0.601321,0.523392,0.343250,0.189295,0.533909,0.576613,0.231777
0.458856,0.319503,0.059751,0.570634,0.447500,0.489133,0.550414,0.574027,0.198013,0.240345,0.693543,0.595931,0.472556,0.180439,0.285113,0.359277
0.457157,0.183914,0.193577,0.603709,0.596788,0.387158,0.470194,0.662701,0.275582,0.195527,0.732120,0.627227,0.471711,0.275055,0.361622,0.391005
0.409591,0.228654,0.192912,0.630892,0.510294,0.492472,0.534816,0.638369,0.297942,0.290131,0.573144,0.686031,0.469362,0.183864,0.367999,0.336865
0.874217,0.614275,0.537623,0.483142,0.236545,0.626125,0.162660,0.209991,0.141614,0.353468,0.208649,0.543398,0.393038,0.746385,0.419140,0.449750
0.592490,0.755645,0.557771,0.421884,0.234967,0.338396,0.398383,0.626629,0.667636,0.537888,0.609619,0.284359,0.370764,0.277767,0.607149,0.318858
0.285608,0.395455,0.534620,0.626081,0.697515,0.425086,0.398670,0.226787,0.179888,0.735487,0.190654,0.300146,0.551530,0.144875,0.293516,0.280095
0.783468,0.578362,0.520075,0.409575,0.484163,0.208437,0.169212,0.304219,0.410561,0.696463,0.485439,0.343331,0.332686,0.437501,0.701846,0.421561
0.521551,0.481030,0.609805,0.610862,0.573338,0.555554,0.576854,0.290956,0.628497,0.736802,0.522259,0.180387,0.186207,0.532569,0.691376,0.326799
0.709055,0.800765,0.659918,0.442832,0.264211,0.486450,0.447580,0.701624,0.658895,0.547601,0.582548,0.155791,0.538600,0.339718,0.584587,0.302835
0.355770,0.416882,0.390939,0.546534,0.771543,0.476539,0.403379,0.490537,0.419220,0.237484,0.535562,0.431618,0.275861,0.791116,0.496730,0.520108
0.701288,0.677537,0.604919,0.535121,0.194950,0.789417,0.858405,0.374948,0.615656,0.634711,0.760029,0.391841,0.317699,0.294431,0.475495,0.587227
0.487712,0.189890,0.748871,0.170678,0.434554,0.537510,0.683847,0.364038,0.257790,0.340024,0.142456,0.625009,0.474150,0.859410,0.340599,0.580751
0.622477,0.779515,0.231285,0.277034,0.301661,0.466160,0.737144,0.569387,0.816037,0.322960,0.708302,0.491225,0.437810,0.505162,0.626257,0.418343
0.227462,0.150730,0.785124,0.525167,0.562749,0.359303,0.305365,0.670993,0.450659,0.708451,0.320089,0.742395,0.621032,0.471351,0.253349,0.232138
0.570127,0.747566,0.278955,0.218521,0.285318,0.501922,0.852671,0.642281,0.730243,0.313740,0.699935,0.472997,0.471080,0.432980,0.609751,0.448724
0.605703,0.723719,0.612760,0.407017,0.146169,0.520583,0.417700,0.543367,0.515405,0.548561,0.618273,0.269792,0.453985,0.295359,0.584771,0.290504
0.324755,0.458962,0.539759,0.664732,0.601048,0.431549,0.394281,0.205329,0.292897,0.734382,0.331928,0.225890,0.619418,0.398163,0.306298,0.282856
0.451324,0.211778,0.772362,0.235239,0.496950,0.622950,0.660579,0.322645,0.212147,0.207836,0.115985,0.692385,0.382724,0.580005,0.293842,0.472679
0.667791,0.768737,0.537596,0.465248,0.126284,0.497255,0.438358,0.638114,0.515148,0.595940,0.566321,0.233585,0.407247,0.300152,0.647994,0.282785
0.536316,0.574364,0.649389,0.600305,0.157002,0.685669,0.648899,0.438546,0.654427,0.556152,0.728867,0.409303,0.324852,0.307308,0.567545,0.515510
0.109017,0.254542,0.722104,0.068470,0.412573,0.151085,0.237076,0.217922,0.339621,0.625542,0.481418,0.384450,0.284582,0.191347,0.527016,0.370237
0.553149,0.445147,0.615386,0.739335,0.531627,0.490525,0.557252,0.265393,0.497347,0.750968,0.496004,0.280198,0.114599,0.582948,0.625043,0.276458
0.580524,0.637694,0.041617,0.680591,0.415725,0.261336,0.585676,0.570562,0.201156,0.827588,0.750733,0.526203,0.579361,0.639026,0.294418,0.719052
0.278173,0.430719,0.425479,0.425532,0.792334,0.453008,0.364118,0.542959,0.426951,0.413642,0.631085,0.385570,0.255524,0.725902,0.438981,0.546925
0.522681,0.324825,0.417872,0.641254,0.271543,0.422151,0.346586,0.552572,0.828381,0.558622,0.353182,0.295732,0.615114,0.239846,0.465418,0.835982
0.473697,0.499151,0.576681,0.713130,0.787085,0.402725,0.527277,0.310331,0.552674,0.617859,0.506032,0.205647,0.188186,0.624923,0.811344,0.179457
0.404369,0.300924,0.754264,0.516686,0.651720,0.372343,0.424854,0.799869,0.488547,0.542343,0.273095,0.628090,0.507786,0.486017,0.222372,0.292746
0.615728,0.816907,0.693768,0.477782,0.138186,0.454660,0.401532,0.719239,0.644405,0.532721,0.643903,0.164892,0.348783,0.455592,0.650263,0.279486
0.267771,0.353502,0.592922,0.650036,0.662827,0.576366,0.424146,0.239737,0.166830,0.767092,0.277292,0.280727,0.465630,0.378665,0.345364,0.331648
0.683009,0.293342,0.342321,0.607535,0.425978,0.045983,0.225008,0.260737,0.676544,0.376253,0.683123,0.547651,0.489181,0.306002,0.220134,0.256057
0.679497,0.504150,0.398976,0.349574,0.623165,0.311609,0.158835,0.259219,0.422736,0.653360,0.490196,0.255419,0.359593,0.587958,0.620128,0.449301
0.535095,0.241891,0.297825,0.798788,0.319667,0.300551,0.208280,0.258074,0.584259,0.425768,0.715843,0.598870,0.520400,0.402329,0.227437,0.447730
0.548209,0.252477,0.282539,0.691781,0.364160,0.226859,0.313967,0.293474,0.635849,0.383758,0.748377,0.556726,0.378836,0.417066,0.109788,0.310352
0.635744,0.655344,0.503541,0.534393,0.132727,0.722948,0.693321,0.255564,0.558533,0.712772,0.739620,0.343112,0.289792,0.209246,0.500057,0.536760
0.157818,0.388240,0.742432,0.086451,0.512380,0.169947,0.244497,0.064751,0.594651,0.582492,0.511947,0.301139,0.370885,0.199665,0.486378,0.368466
0.365188,0.504467,0.309554,0.432696,0.645027,0.391304,0.515041,0.597276,0.404071,0.804883,0.125185,0.829407,0.507626,0.649985,0.684521,0.718061
0.646279,0.210422,0.806967,0.165173,0.329538,0.621830,0.665890,0.477627,0.410312,0.318270,0.173351,0.635035,0.464683,0.548830,0.344235,0.514490
0.132763,0.245430,0.813769,0.195161,0.599898,0.114711,0.402101,0.113065,0.371364,0.678503,0.517944,0.285389,0.282598,0.272749,0.496789,0.635067
0.211562,0.327532,0.657717,0.078848,0.431233,0.196292,0.388201,0.120356,0.442010,0.652461,0.473467,0.382088,0.375201,0.229124,0.489889,0.459568
0.637324,0.628657,0.539450,0.472167,0.234998,0.705906,0.627379,0.257391,0.669666,0.623161,0.846107,0.304139,0.260954,0.256243,0.496660,0.425869
0.769474,0.563573,0.506698,0.397411,0.116313,0.683164,0.192604,0.176813,0.308029,0.314460,0.176946,0.576223,0.404503,0.732794,0.418105,0.406165
0.714628,0.420233,0.527267,0.401766,0.344496,0.304107,0.234675,0.272488,0.397859,0.685019,0.540222,0.268465,0.387028,0.515416,0.679438,0.511198
0.353334,0.569559,0.347179,0.440740,0.657514,0.305683,0.503296,0.842259,0.440008,0.699011,0.085227,0.749658,0.572462,0.678162,0.726409,0.679317
0.636758,0.793829,0.547840,0.507281,0.279892,0.509972,0.280734,0.672366,0.641816,0.413153,0.697653,0.167558,0.483616,0.190217,0.669335,0.291424
0.478429,0.488449,0.734634,0.730982,0.482709,0.440582,0.356381,0.273544,0.598517,0.736511,0.382723,0.292806,0.268905,0.487291,0.669631,0.208447
0.147545,0.325587,0.616993,0.179475,0.457647,0.097974,0.330976,0.128508,0.362718,0.658356,0.523187,0.326442,0.413080,0.095703,0.381017,0.464715
0.236175,0.247148,0.638800,0.420840,0.625041,0.219234,0.472745,0.773660,0.535226,0.631510,0.388334,0.647756,0.493759,0.445291,0.153002,0.143672
0.468828,0.352506,0.455938,0.584281,0.654764,0.600809,0.299349,0.260682,0.310239,0.817684,0.225896,0.176251,0.559817,0.221981,0.313447,0.318119
0.480992,0.627583,0.515423,0.333936,0.487819,0.420790,0.111440,0.185873,0.389990,0.757141,0.516097,0.245701,0.421054,0.502086,0.635470,0.434928
0.152024,0.402389,0.558321,0.078475,0.563442,0.163774,0.346336,0.181208,0.394755,0.723758,0.563157,0.346287,0.351531,0.118328,0.506180,0.524488
0.303709,0.478507,0.428003,0.407932,0.773337,0.363674,0.265176,0.523288,0.489270,0.374199,0.524249,0.379390,0.215602,0.718209,0.485318,0.393072
0.569608,0.263396,0.327594,0.706898,0.348257,0.125285,0.223681,0.284348,0.664777,0.324959,0.720159,0.498144,0.396583,0.490099,0.405533,0.329516
0.558243,0.823446,0.512425,0.457023,0.337429,0.471824,0.445041,0.587400,0.585350,0.515681,0.605216,0.241962,0.294912,0.336470,0.635625,0.322610
0.483901,0.318277,0.477581,0.548699,0.211579,0.231602,0.642990,0.411282,0.717505,0.487871,0.455365,0.180612,0.635979,0.137539,0.566588,0.872125
0.419861,0.214455,0.779998,0.112872,0.336225,0.412001,0.701759,0.471328,0.225828,0.263662,0.110551,0.560820,0.430827,0.506206,0.268753,0.534637
0.527953,0.764372,0.334634,0.709337,0.400500,0.296514,0.593045,0.504354,0.183248,0.910260,0.638157,0.581330,0.639303,0.485585,0.390880,0.781807
0.679781,0.380504,0.284452,0.764245,0.402117,0.221343,0.150373,0.381952,0.610752,0.404422,0.562176,0.554136,0.519595,0.359980,0.351289,0.271105
0.279993,0.245961,0.745592,0.609299,0.645306,0.317497,0.436613,0.760679,0.489999,0.702582,0.360686,0.596128,0.556568,0.535064,0.193565,0.327606
0.566527,0.706373,0.664140,0.507394,0.181225,0.465637,0.444712,0.696594,0.626420,0.586624,0.640121,0.153246,0.473680,0.292021,0.516165,0.252440
0.364836,0.407645,0.576397,0.524577,0.682176,0.581620,0.557551,0.244584,0.164608,0.767941,0.181599,0.147424,0.533848,0.164922,0.341173,0.264054
0.472328,0.217200,0.779795,0.139745,0.475431,0.477585,0.701887,0.398927,0.237356,0.250644,0.239237,0.623121,0.453017,0.584989,0.390469,0.528726
0.689485,0.263867,0.281310,0.728187,0.420125,0.281941,0.250386,0.250513,0.545958,0.363712,0.749662,0.472749,0.373119,0.329558,0.290709,0.372500
0.355631,0.227838,0.111135,0.655114,0.379228,0.467712,0.641673,0.524614,0.258347,0.214569,0.726882,0.826745,0.489389,0.186122,0.511194,0.337173
0.316152,0.442140,0.491378,0.451525,0.708856,0.345564,0.335330,0.602401,0.374956,0.448101,0.576011,0.327223,0.288068,0.830400,0.364975,0.496772
0.616425,0.606423,0.605224,0.503333,0.132488,0.695178,0.723880,0.317315,0.716850,0.627605,0.639843,0.371652,0.294190,0.293108,0.566758,0.491926
0.278795,0.318806,0.573718,0.390167,0.689449,0.512633,0.303369,0.492771,0.511370,0.318595,0.499425,0.349380,0.323574,0.703899,0.381229,0.506918
0.223085,0.170309,0.605416,0.611332,0.659630,0.605368,0.401698,0.150406,0.231364,0.734151,0.360094,0.310097,0.446737,0.241780,0.332042,0.215652
0.252122,0.260623,0.681519,0.509647,0.558354,0.383941,0.525375,0.845182,0.503165,0.606281,0.435285,0.638739,0.447516,0.421843,0.300583,0.328763
0.524566,0.204373,0.784492,0.336236,0.288678,0.495953,0.624878,0.499571,0.243442,0.399563,0.160020,0.614341,0.535136,0.590192,0.307203,0.572886
0.488952,0.511758,0.673574,0.741834,0.407475,0.540056,0.525826,0.294400,0.524353,0.685640,0.448855,0.296750,0.107765,0.506775,0.634847,0.251159
0.174773,0.288710,0.729919,0.481147,0.723651,0.420109,0.375161,0.768636,0.498567,0.596327,0.302148,0.543931,0.605115,0.488577,0.228024,0.148190
0.686997,0.610530,0.516902,0.568858,0.135928,0.899052,0.636646,0.293029,0.573430,0.671863,0.802148,0.396068,0.282419,0.332063,0.489127,0.553757
0.466998,0.471664,0.254124,0.558364,0.531451,0.287565,0.465340,0.549323,0.148296,0.826985,0.706818,0.619714,0.558374,0.537043,0.360516,0.694487
0.542156,0.185850,0.722640,0.280279,0.475012,0.454379,0.522643,0.427194,0.312491,0.403191,0.194038,0.603699,0.561602,0.548148,0.405360,0.408092
0.132823,0.297361,0.721274,0.266580,0.560860,0.157878,0.295962,0.180347,0.432218,0.740815,0.467428,0.274781,0.314552,0.140148,0.454791,0.498932
0.253334,0.343554,0.694904,0.623725,0.539192,0.324762,0.448816,0.709623,0.511276,0.553453,0.332333,0.532373,0.637774,0.551646,0.194362,0.224491
0.799576,0.506100,0.613868,0.519663,0.440466,0.265417,0.258610,0.178526,0.254733,0.562515,0.346040,0.302431,0.325885,0.433207,0.604843,0.417856
0.450839,0.615086,0.176273,0.544131,0.421452,0.259979,0.520082,0.530298,0.180437,0.857705,0.728433,0.587071,0.594573,0.587292,0.397736,0.610119
0.683393,0.255419,0.792360,0.211267,0.377330,0.463250,0.664553,0.354111,0.107827,0.289057,0.207176,0.607407,0.457569,0.707432,0.477054,0.474518
0.686102,0.300397,0.299063,0.760436,0.485084,0.180057,0.345577,0.372543,0.636623,0.520373,0.768309,0.632896,0.401289,0.327918,0.243191,0.339582
0.524164,0.125932,0.709163,0.158555,0.493135,0.522471,0.682905,0.349679,0.391451,0.237302,0.111104,0.691233,0.416136,0.653885,0.364634,0.500238
0.360749,0.546041,0.137439,0.697010,0.477550,0.160711,0.511364,0.677809,0.224550,0.761664,0.665170,0.622739,0.608862,0.544746,0.166598,0.703505
0.303595,0.496559,0.494941,0.344940,0.601550,0.323263,0.425175,0.650408,0.315625,0.882917,0.136405,0.776107,0.513813,0.653937,0.700666,0.682594
0.776756,0.577232,0.467824,0.454596,0.067788,0.821165,0.166582,0.208764,0.193278,0.462952,0.231293,0.598386,0.325963,0.815993,0.421629,0.376645
0.625218,0.694362,0.713403,0.354238,0.251090,0.369782,0.323675,0.656476,0.528277,0.482157,0.689421,0.263153,0.394922,0.190038,0.474274,0.337051
0.349350,0.502531,0.187140,0.465613,0.491224,0.227934,0.500147,0.495464,0.233620,0.771018,0.770735,0.669220,0.630471,0.609615,0.358483,0.657899
0.354701,0.269674,0.727643,0.486429,0.536758,0.365546,0.496437,0.836972,0.454679,0.613736,0.285004,0.567399,0.646229,0.496370,0.272710,0.216650
0.665580,0.300433,0.372601,0.652949,0.473378,0.224247,0.253986,0.354943,0.542283,0.408733,0.747752,0.512470,0.587801,0.319831,0.328521,0.247085
0.276360,0.638965,0.476536,0.375707,0.671623,0.358067,0.618616,0.692012,0.263260,0.840454,0.153310,0.887166,0.457381,0.687084,0.714319,0.650399
0.647857,0.575751,0.613958,0.363602,0.469578,0.196446,0.206279,0.207467,0.288533,0.717768,0.442214,0.200134,0.247995,0.506986,0.645360,0.409328
0.773899,0.183307,0.291022,0.771536,0.304487,0.323256,0.370133,0.344082,0.635406,0.335627,0.600576,0.498463,0.416832,0.249725,0.251151,0.295405
0.679443,0.757669,0.566642,0.433991,0.221715,0.459089,0.435284,0.726933,0.712279,0.544772,0.695538,0.178546,0.426763,0.286189,0.523080,0.298250
0.355837,0.351002,0.424596,0.323437,0.718428,0.395142,0.319975,0.598426,0.520043,0.306822,0.552259,0.504415,0.234375,0.775722,0.389365,0.583472
0.396498,0.392355,0.536495,0.525168,0.494879,0.322046,0.416790,0.242420,0.150932,0.764727,0.217759,0.271083,0.585465,0.212674,0.302867,0.233972
0.783855,0.620502,0.572254,0.503099,0.071981,0.752325,0.116409,0.238732,0.239169,0.426931,0.216735,0.597699,0.234626,0.795259,0.248687,0.440997
0.307001,0.631581,0.437128,0.500664,0.761907,0.349077,0.492898,0.633794,0.451663,0.761006,0.109259,0.683309,0.559008,0.719544,0.740821,0.717037
0.344532,0.516133,0.403186,0.408085,0.783384,0.353579,0.536875,0.702945,0.469232,0.754021,0.130072,0.771189,0.540901,0.679214,0.689791,0.754217
0.217170,0.390601,0.661475,0.509871,0.608669,0.270271,0.388153,0.730150,0.526184,0.565205,0.328247,0.683370,0.571372,0.494855,0.186308,0.337398
0.527849,0.620758,0.625107,0.656440,0.025522,0.864576,0.639520,0.360437,0.659943,0.612730,0.854072,0.343996,0.300224,0.340432,0.546507,0.467194
0.312244,0.426390,0.624253,0.677816,0.694645,0.444336,0.431777,0.334892,0.253022,0.707995,0.327942,0.269773,0.502755,0.232418,0.318009,0.257910
0.554182,0.249631,0.312182,0.735045,0.350666,0.311902,0.333377,0.313543,0.723329,0.352465,0.592307,0.497248,0.544975,0.274796,0.108187,0.395563
0.269585,0.188094,0.179057,0.609272,0.501394,0.524331,0.588125,0.638384,0.232073,0.169423,0.679764,0.780465,0.469320,0.186704,0.293223,0.353261
0.635991,0.287922,0.456008,0.627412,0.181820,0.108625,0.579905,0.445128,0.770592,0.505688,0.414377,0.453182,0.692111,0.116004,0.611917,0.772822
0.331986,0.320727,0.808377,0.498209,0.709234,0.363828,0.412077,0.820354,0.403879,0.583765,0.406552,0.540932,0.604599,0.421174,0.236226,0.293040
0.465847,0.449258,0.456980,0.392120,0.747794,0.406377,0.470088,0.468405,0.607941,0.372772,0.487313,0.441502,0.284631,0.780461,0.441807,0.548994
0.339594,0.276927,0.538509,0.661893,0.368856,0.331815,0.510765,0.487831,0.634156,0.714918,0.406618,0.365665,0.619312,0.085423,0.559386,0.721963
0.461144,0.314970,0.113484,0.584851,0.581661,0.486249,0.441483,0.589632,0.221127,0.225586,0.701077,0.722399,0.487064,0.268125,0.366917,0.373155
0.528842,0.103145,0.647538,0.192440,0.442556,0.605077,0.627401,0.416993,0.263547,0.308580,0.062909,0.676661,0.514982,0.614511,0.274464,0.498003
0.492281,0.418510,0.478930,0.643889,0.245654,0.321177,0.508119,0.408707,0.639512,0.510214,0.408691,0.482213,0.648560,0.102310,0.552533,0.761492
0.346593,0.439734,0.562304,0.628852,0.622144,0.562827,0.424377,0.054696,0.199518,0.777958,0.255666,0.122703,0.519191,0.188697,0.193829,0.256923
0.666104,0.745295,0.264043,0.290320,0.363155,0.369593,0.828613,0.445074,0.645754,0.385818,0.660310,0.357902,0.437198,0.475724,0.526271,0.463996
0.646775,0.742864,0.678824,0.380032,0.322391,0.430590,0.361654,0.553645,0.547866,0.557457,0.683369,0.361632,0.446459,0.209637,0.552317,0.325034
0.455478,0.604674,0.798581,0.671819,0.581392,0.396002,0.542385,0.248643,0.618683,0.834130,0.391095,0.336239,0.242087,0.516661,0.643054,0.241969
0.623954,0.563909,0.539423,0.548024,0.060468,0.710458,0.589935,0.372776,0.655458,0.565899,0.696927,0.383690,0.216201,0.274601,0.406051,0.513303
0.786253,0.739410,0.710223,0.365257,0.211575,0.443647,0.438196,0.705264,0.663301,0.535306,0.587849,0.177034,0.489336,0.316750,0.572521,0.256516
0.581424,0.764553,0.268910,0.309158,0.323511,0.409129,0.787548,0.564788,0.673813,0.428877,0.623825,0.395649,0.444557,0.419433,0.535213,0.439167
0.387192,0.429395,0.523076,0.551068,0.807611,0.452141,0.407482,0.244558,0.125024,0.810335,0.239681,0.251692,0.515195,0.165429,0.274652,0.183540
0.605480,0.774851,0.552518,0.497401,0.285508,0.426700,0.428990,0.623530,0.696064,0.551967,0.531619,0.176358,0.492739,0.220902,0.644801,0.337478
0.474883,0.300124,0.145391,0.705232,0.425517,0.495565,0.535907,0.541437,0.389818,0.265719,0.641511,0.588979,0.452054,0.161338,0.323811,0.357564
0.284161,0.481823,0.667822,0.225289,0.555444,0.177471,0.301750,0.068444,0.561773,0.756858,0.530362,0.353137,0.315821,0.254530,0.519206,0.403168
0.661447,0.466294,0.636027,0.640263,0.510532,0.280614,0.530776,0.248401,0.628114,0.810500,0.488014,0.331974,0.164619,0.570583,0.646162,0.303619
0.492796,0.294033,0.107409,0.624906,0.410158,0.480783,0.436197,0.525817,0.316805,0.229929,0.626587,0.737045,0.434455,0.268054,0.377839,0.317639
0.419420,0.432402,0.626063,0.584826,0.556110,0.355597,0.546417,0.246671,0.507149,0.756634,0.581139,0.253557,0.217779,0.423398,0.592127,0.407910
0.226016,0.296848,0.713568,0.491644,0.596843,0.294155,0.602645,0.847606,0.515832,0.593698,0.310246,0.622309,0.548393,0.464125,0.166612,0.198701
0.479318,0.240793,0.419096,0.641093,0.243297,0.239274,0.633495,0.401594,0.670384,0.660822,0.332969,0.366012,0.723608,0.234815,0.576431,0.764016
0.273943,0.626525,0.514283,0.270970,0.602490,0.514616,0.776557,0.566998,0.354726,0.757125,0.200695,0.809900,0.419520,0.728133,0.718463,0.801342
0.626762,0.660443,0.595211,0.540858,0.170149,0.755112,0.636385,0.274701,0.639679,0.692079,0.720291,0.418099,0.344995,0.322161,0.531813,0.553036
0.679481,0.829480,0.683767,0.521126,0.173514,0.372363,0.521272,0.656245,0.550440,0.548806,0.552991,0.273031,0.430540,0.327859,0.558467,0.371389
0.475353,0.610303,0.258983,0.780554,0.471303,0.252942,0.606659,0.546034,0.239639,0.731105,0.809113,0.631168,0.666333,0.458048,0.339486,0.481149
0.718593,0.279285,0.328032,0.768358,0.327411,0.262836,0.220831,0.405788,0.714896,0.360398,0.693413,0.633167,0.553563,0.338222,0.152688,0.305523
0.353805,0.629937,0.086806,0.599733,0.507887,0.243527,0.571522,0.671853,0.194460,0.815360,0.849264,0.698062,0.588859,0.628927,0.303536,0.634111
0.509786,0.689705,0.563967,0.793773,0.429433,0.524812,0.570780,0.160603,0.565356,0.734453,0.402847,0.228582,0.273777,0.576818,0.584771,0.216161
0.714558,0.193703,0.632992,0.277317,0.228472,0.483332,0.684324,0.520603,0.352630,0.186254,0.217333,0.560320,0.483946,0.682819,0.302283,0.507031
0.635311,0.618763,0.416947,0.359848,0.406330,0.227796,0.208875,0.051228,0.279387,0.648346,0.470887,0.336480,0.284136,0.474821,0.468973,0.480745
0.399033,0.281659,0.135519,0.634624,0.561199,0.508823,0.527264,0.720287,0.309443,0.236678,0.654560,0.744931,0.472117,0.201584,0.346339,0.380434
0.573851,0.448015,0.631429,0.603016,0.602313,0.538248,0.531609,0.116426,0.546727,0.752199,0.616909,0.318137,0.265756,0.393345,0.695909,0.169796
0.311810,0.306728,0.590183,0.701618,0.489964,0.432391,0.494272,0.181739,0.116623,0.764944,0.333150,0.262342,0.571683,0.263989,0.196709,0.259571
0.691632,0.893607,0.337743,0.299738,0.514101,0.372755,0.843525,0.500882,0.786114,0.445660,0.704775,0.348642,0.456596,0.564581,0.434070,0.452903
0.185489,0.322571,0.690089,0.293718,0.374222,0.264432,0.438520,0.111976,0.315779,0.675757,0.501638,0.278503,0.357276,0.119694,0.479406,0.456895
0.219584,0.625137,0.379495,0.357638,0.719497,0.340778,0.695164,0.605358,0.327253,0.612385,0.108494,0.838142,0.522419,0.574589,0.768475,0.672148
0.491264,0.201469,0.184923,0.676725,0.475247,0.565870,0.525701,0.695055,0.271498,0.150753,0.611197,0.751380,0.505381,0.249576,0.383403,0.328868
0.738831,0.228544,0.167882,0.724166,0.361445,0.218382,0.410216,0.307075,0.615798,0.338897,0.704521,0.489815,0.399786,0.245725,0.144950,0.375337
0.477849,0.639859,0.162859,0.521039,0.397084,0.160365,0.504059,0.574476,0.118331,0.843380,0.723348,0.520376,0.596578,0.635784,0.253206,0.528722
0.313745,0.425691,0.479513,0.355903,0.797006,0.564226,0.355176,0.384081,0.606006,0.318635,0.426699,0.455920,0.229374,0.776097,0.498325,0.555641
0.862644,0.700524,0.485085,0.351965,0.138913,0.565882,0.140538,0.361711,0.356541,0.327382,0.171967,0.383476,0.349088,0.757340,0.431669,0.340788
0.471150,0.598851,0.337395,0.404752,0.629569,0.358095,0.510713,0.726546,0.312266,0.878595,0.208363,0.789281,0.487322,0.702312,0.845852,0.627997
0.190280,0.356432,0.462373,0.454216,0.822678,0.356448,0.377064,0.549440,0.495350,0.295946,0.492558,0.457981,0.327393,0.743837,0.400285,0.498155
0.635195,0.694889,0.534189,0.530271,0.174851,0.603913,0.739099,0.339793,0.677869,0.729458,0.686031,0.295733,0.294365,0.462324,0.506935,0.640656
0.146168,0.301146,0.766240,0.039272,0.498699,0.263077,0.468433,0.095956,0.559958,0.713116,0.470042,0.346885,0.339648,0.267459,0.520437,0.493209
0.376884,0.253598,0.710104,0.540064,0.765229,0.293060,0.551302,0.688589,0.484636,0.713881,0.249980,0.573608,0.566305,0.387315,0.168809,0.204048
0.556678,0.531397,0.556799,0.331637,0.553392,0.268035,0.263662,0.271338,0.299655,0.692413,0.597538,0.235861,0.264496,0.505958,0.568975,0.327342
0.752268,0.629941,0.492400,0.437443,0.146096,0.675916,0.260540,0.215093,0.322690,0.371999,0.200410,0.568642,0.304141,0.806902,0.517293,0.512013
0.195575,0.277677,0.732120,0.525673,0.598808,0.450651,0.432117,0.713553,0.536319,0.590612,0.348024,0.710092,0.577306,0.417240,0.334704,0.382981
0.357449,0.162633,0.201202,0.551431,0.656147,0.456594,0.470109,0.634884,0.231055,0.176818,0.778525,0.784259,0.443167,0.189590,0.399463,0.397200
0.663468,0.313465,0.207815,0.734211,0.352870,0.261529,0.260951,0.268760,0.570559,0.379385,0.633565,0.541964,0.372979,0.396725,0.275530,0.374963
0.461334,0.205650,0.802230,0.161357,0.414329,0.466430,0.569846,0.442442,0.374596,0.251159,0.130784,0.671407,0.517623,0.624953,0.380596,0.383231
0.493041,0.547509,0.096142,0.601502,0.627397,0.273811,0.539158,0.391181,0.187925,0.658030,0.898244,0.564732,0.674437,0.578885,0.301463,0.608107
0.352180,0.451926,0.583999,0.571754,0.619509,0.521791,0.301417,0.251839,0.152527,0.730694,0.255056,0.364495,0.431842,0.426613,0.464783,0.352845
0.632510,0.618632,0.539239,0.263283,0.471562,0.211647,0.205193,0.103362,0.358594,0.674348,0.446456,0.352149,0.414416,0.391896,0.628690,0.440154
0.324590,0.625327,0.394509,0.394241,0.608673,0.385930,0.508441,0.689325,0.410041,0.809125,0.058608,0.780178,0.565856,0.499866,0.604546,0.763621
0.310236,0.691861,0.394145,0.574018,0.641411,0.336363,0.551426,0.585655,0.298872,0.818192,0.100503,0.719500,0.500910,0.612439,0.740763,0.678526
0.591824,0.661736,0.519450,0.599920,0.166187,0.681152,0.774289,0.455022,0.674919,0.638085,0.837447,0.263660,0.418913,0.230999,0.497692,0.562055
0.341092,0.249892,0.674979,0.424860,0.588753,0.337273,0.518990,0.670922,0.525329,0.520358,0.325458,0.575895,0.617318,0.586779,0.410298,0.258074
0.482930,0.171901,0.142273,0.712145,0.423240,0.489404,0.462855,0.599601,0.198050,0.113154,0.736160,0.710051,0.586036,0.086062,0.270361,0.407586
0.611663,0.236796,0.720255,0.106066,0.275236,0.602509,0.589768,0.427343,0.328350,0.347364,0.204408,0.585388,0.366475,0.598139,0.288064,0.601491
0.658858,0.530505,0.548008,0.375082,0.502280,0.372193,0.231007,0.145386,0.417456,0.811174,0.410541,0.262463,0.364724,0.417634,0.593235,0.410851
0.815475,0.572030,0.495053,0.406735,0.209352,0.598307,0.222013,0.252762,0.306947,0.464663,0.209502,0.620377,0.276704,0.790777,0.471815,0.302345
0.676459,0.678489,0.495970,0.635183,0.228445,0.763947,0.603714,0.309426,0.608666,0.692965,0.858181,0.431216,0.298766,0.380860,0.601667,0.560050
0.205174,0.248223,0.714226,0.258624,0.593095,0.162524,0.293012,0.079963,0.514102,0.671785,0.478603,0.254844,0.321873,0.240216,0.367332,0.350943
0.403963,0.510600,0.409432,0.389942,0.722780,0.408855,0.553324,0.578006,0.475724,0.690427,0.247437,0.751636,0.510162,0.724777,0.717113,0.743568
0.530909,0.660021,0.109289,0.631229,0.356290,0.224056,0.472470,0.566728,0.215854,0.797645,0.849213,0.714218,0.570399,0.583885,0.332961,0.683601
0.656927,0.584216,0.480088,0.321688,0.454880,0.258741,0.246797,0.166952,0.378036,0.680537,0.490620,0.219819,0.461506,0.546983,0.598581,0.385719
0.290194,0.519119,0.452891,0.228546,0.670972,0.282456,0.596180,0.565952,0.325565,0.665697,0.141155,0.636925,0.507183,0.727824,0.771465,0.744941
0.461941,0.501108,0.801397,0.603136,0.521352,0.528057,0.434464,0.224514,0.362924,0.773547,0.544283,0.251986,0.254247,0.479491,0.627394,0.314922
0.555590,0.794450,0.233954,0.311336,0.314324,0.337317,0.774058,0.499909,0.776384,0.359137,0.654876,0.423526,0.455077,0.591155,0.705366,0.482749
0.529660,0.252222,0.462840,0.626603,0.213016,0.176351,0.528358,0.402552,0.705333,0.551316,0.405331,0.395954,0.521436,0.202128,0.454569,0.729777
0.278244,0.340938,0.568831,0.587185,0.612725,0.446873,0.392262,0.200580,0.175096,0.775423,0.258702,0.220633,0.621373,0.288421,0.279425,0.314798
0.689901,0.501198,0.656756,0.299446,0.499247,0.294407,0.251934,0.290695,0.363322,0.709609,0.473175,0.308487,0.269043,0.592232,0.612709,0.425124
0.596681,0.545763,0.687205,0.501929,0.475892,0.501324,0.514726,0.173643,0.628877,0.791682,0.602343,0.235210,0.135563,0.392617,0.808712,0.250556
0.619534,0.564165,0.670828,0.597806,0.232238,0.797631,0.698756,0.277462,0.614553,0.540402,0.764742,0.490307,0.392757,0.308971,0.536024,0.527610
0.638752,0.701379,0.613313,0.622397,0.111223,0.661775,0.741733,0.364113,0.597388,0.546575,0.888125,0.284187,0.324056,0.311449,0.533142,0.569806
0.594898,0.689632,0.710398,0.610986,0.060796,0.812517,0.629078,0.427331,0.620484,0.791736,0.813815,0.357765,0.292682,0.194333,0.516787,0.518566
0.140370,0.361881,0.643639,0.091668,0.483034,0.214668,0.278247,0.228479,0.350023,0.641075,0.563823,0.311148,0.436409,0.228179,0.434104,0.404809
0.491880,0.387032,0.396448,0.760784,0.344619,0.230887,0.316644,0.437427,0.644907,0.359337,0.714265,0.515019,0.344173,0.331396,0.368405,0.390869
0.750574,0.769113,0.414604,0.372290,0.156261,0.717518,0.202381,0.078423,0.266779,0.366004,0.162819,0.491337,0.357850,0.700577,0.425122,0.398907
0.380470,0.370808,0.710621,0.557788,0.676906,0.351936,0.335233,0.617345,0.529847,0.692961,0.446830,0.740107,0.558061,0.527615,0.325691,0.243275
0.272022,0.465556,0.427999,0.557277,0.677347,0.551792,0.451307,0.202053,0.215614,0.750363,0.324579,0.139140,0.559330,0.264290,0.404368,0.296886
0.595430,0.820481,0.185242,0.225820,0.331463,0.420292,0.860900,0.437264,0.644302,0.407323,0.704093,0.430765,0.400939,0.511884,0.578430,0.479747
0.405646,0.270850,0.157285,0.621206,0.544268,0.481345,0.553300,0.635527,0.248667,0.185534,0.643973,0.633544,0.495019,0.282945,0.399938,0.368574
0.495986,0.434684,0.609481,0.621038,0.468581,0.479500,0.531336,0.253910,0.633639,0.730826,0.559215,0.214188,0.208742,0.450267,0.711642,0.173355
0.270697,0.243774,0.852537,0.488316,0.692438,0.422037,0.504422,0.700604,0.548124,0.517638,0.480928,0.586632,0.450701,0.417771,0.235034,0.394081
0.436644,0.210973,0.104319,0.560968,0.487522,0.418390,0.523093,0.634226,0.218961,0.236933,0.726196,0.619697,0.406061,0.202597,0.434344,0.463114
0.428450,0.175228,0.115507,0.591501,0.506110,0.560809,0.478063,0.633679,0.289638,0.177447,0.610775,0.767882,0.380590,0.167556,0.370405,0.447446
0.494693,0.332615,0.530620,0.641561,0.706548,0.554400,0.371288,0.177692,0.162344,0.792475,0.323026,0.267631,0.550482,0.267195,0.326782,0.215013
0.639009,0.325909,0.219462,0.728257,0.450221,0.104348,0.382416,0.245281,0.574944,0.450534,0.709628,0.568202,0.464927,0.409513,0.306264,0.382907
0.448849,0.257401,0.128805,0.612442,0.533500,0.515922,0.428219,0.545394,0.252007,0.183491,0.800387,0.702729,0.376227,0.243019,0.348274,0.394517
0.577492,0.652500,0.692461,0.402850,0.474585,0.293496,0.336747,0.205501,0.386371,0.825291,0.596805,0.376223,0.296538,0.583434,0.713253,0.499008
0.221090,0.188321,0.714753,0.600411,0.562405,0.490509,0.459507,0.704863,0.476722,0.549954,0.443383,0.582415,0.454090,0.540147,0.240262,0.240252
0.526469,0.760006,0.700641,0.495704,0.186784,0.421903,0.490477,0.588595,0.698094,0.562360,0.603155,0.122657,0.441420,0.231899,0.491174,0.306990
0.350073,0.527908,0.379186,0.453568,0.686492,0.389663,0.682104,0.592363,0.332278,0.721374,0.042420,0.765027,0.444158,0.787314,0.640979,0.826800
0.559343,0.714880,0.662508,0.503209,0.310866,0.426459,0.274740,0.762935,0.651689,0.469667,0.564030,0.231540,0.344261,0.288362,0.600590,0.223943
0.752661,0.583103,0.365645,0.535688,0.226657,0.722391,0.163790,0.217509,0.347703,0.367768,0.111156,0.415930,0.403178,0.691097,0.330047,0.535744
0.643268,0.739451,0.201682,0.246145,0.304734,0.522804,0.849062,0.482057,0.664218,0.343616,0.697953,0.398996,0.377217,0.432604,0.607896,0.444335
0.427990,0.537907,0.719945,0.667352,0.539176,0.299507,0.558584,0.318979,0.669634,0.636380,0.445618,0.207180,0.144566,0.363714,0.671209,0.250513
0.652766,0.691473,0.431038,0.478695,0.160458,0.781844,0.130911,0.214570,0.182633,0.407590,0.178562,0.647099,0.391857,0.799325,0.457059,0.328586
0.534320,0.080435,0.704442,0.249384,0.356841,0.454696,0.611190,0.459133,0.361434,0.236779,0.164412,0.521537,0.406455,0.647697,0.462401,0.515925
0.308410,0.487668,0.629635,0.522039,0.676269,0.418730,0.323162,0.146417,0.228780,0.799127,0.243875,0.232522,0.531975,0.234774,0.286404,0.303169
0.639013,0.603156,0.652863,0.539449,0.173246,0.764809,0.698436,0.448812,0.658595,0.637291,0.875723,0.303157,0.340133,0.261982,0.475143,0.659535
0.786370,0.612245,0.504030,0.275630,0.202220,0.683852,0.146323,0.197802,0.243168,0.404743,0.332469,0.504567,0.361487,0.675643,0.327093,0.402580
0.349714,0.253955,0.548587,0.614790,0.735026,0.467504,0.394023,0.149231,0.147528,0.805345,0.304434,0.250642,0.599288,0.180577,0.447399,0.298785
0.122192,0.290899,0.674103,0.554912,0.651315,0.367803,0.352492,0.735747,0.537226,0.643623,0.326899,0.680633,0.618952,0.561970,0.120200,0.204251
0.738932,0.603980,0.668415,0.235068,0.443613,0.225578,0.280468,0.237695,0.373364,0.623083,0.584922,0.321549,0.339277,0.421607,0.628620,0.385626
0.623076,0.341415,0.780831,0.283283,0.464330,0.528217,0.608210,0.377273,0.283758,0.171560,0.204751,0.655468,0.488515,0.520087,0.319363,0.532639
0.537337,0.724799,0.123677,0.692740,0.495950,0.135335,0.526269,0.548371,0.303609,0.700358,0.705026,0.598159,0.640986,0.580859,0.256817,0.674701
0.628156,0.620506,0.703399,0.460874,0.209590,0.591182,0.453830,0.706174,0.656227,0.535619,0.622117,0.123777,0.433405,0.197808,0.522384,0.310411
0.451209,0.577916,0.496667,0.622685,0.532601,0.443298,0.518991,0.364016,0.523442,0.658530,0.481228,0.249658,0.242642,0.496176,0.708885,0.395927
0.398734,0.167946,0.091527,0.615841,0.549714,0.536531,0.609765,0.580544,0.279253,0.279085,0.667130,0.767897,0.558674,0.182089,0.323973,0.427203
0.358229,0.364374,0.418475,0.447883,0.810502,0.314686,0.356507,0.586721,0.432614,0.355800,0.467393,0.462940,0.274041,0.693818,0.357628,0.581127
0.082525,0.391282,0.719622,0.158892,0.431658,0.104187,0.284789,0.109367,0.538699,0.661785,0.456297,0.334709,0.249327,0.166623,0.538503,0.440914
0.147897,0.418400,0.684081,0.242203,0.414176,0.169930,0.366405,0.070159,0.490695,0.644737,0.612067,0.342475,0.227556,0.192118,0.477329,0.368200
0.417008,0.399936,0.655130,0.539736,0.490921,0.443114,0.535074,0.194430,0.568971,0.679435,0.364875,0.316064,0.269913,0.521479,0.537919,0.199025
0.231808,0.259956,0.627535,0.442459,0.596663,0.366138,0.433261,0.738932,0.512025,0.665503,0.330216,0.622519,0.502810,0.542928,0.219752,0.323721
0.352068,0.495081,0.575217,0.543004,0.580267,0.542619,0.513709,0.257120,0.472984,0.731389,0.477531,0.203767,0.179091,0.484354,0.696064,0.091246
0.278666,0.302379,0.540118,0.431409,1.000000,0.424040,0.322767,0.628381,0.477794,0.259389,0.480264,0.480880,0.293201,0.747206,0.443831,0.541636
0.498526,0.031627,0.161839,0.558063,0.527524,0.471833,0.567335,0.554952,0.259688,0.191813,0.636732,0.717736,0.400009,0.225077,0.443082,0.374434
0.215255,0.279232,0.692191,0.273130,0.437128,0.101568,0.379629,0.208346,0.348633,0.739866,0.426271,0.286969,0.346315,0.199943,0.545985,0.530333
0.428958,0.241144,0.163072,0.616188,0.509653,0.539658,0.484171,0.581219,0.199024,0.132409,0.777738,0.762802,0.418182,0.181246,0.392098,0.388907
0.639362,0.440920,0.386554,0.677475,0.414136,0.287074,0.321985,0.325939,0.485614,0.456919,0.643229,0.435790,0.518486,0.408739,0.261483,0.291532
0.713508,0.562373,0.510592,0.296679,0.424439,0.254201,0.302678,0.234576,0.351876,0.716617,0.567321,0.194497,0.321354,0.636475,0.581732,0.489383
0.519358,0.193938,0.404286,0.679563,0.269524,0.279545,0.641431,0.389647,0.742189,0.457528,0.345718,0.336951,0.514131,0.046510,0.500740,0.658385
0.233562,0.329801,0.764769,0.178003,0.391819,0.063477,0.217583,0.169565,0.376461,0.646976,0.417297,0.231149,0.356439,0.176533,0.464859,0.449686
0.493011,0.297822,0.176614,0.526556,0.572077,0.626485,0.520530,0.557282,0.377697,0.275237,0.750311,0.704526,0.617651,0.261308,0.367708,0.451979
0.775393,0.808742,0.642121,0.471824,0.244022,0.539112,0.474373,0.690317,0.739135,0.578037,0.634782,0.144865,0.420529,0.329503,0.555493,0.278345
0.110754,0.290392,0.700893,0.138926,0.510464,0.111835,0.406327,0.160121,0.313212,0.757154,0.531407,0.288311,0.280031,0.162445,0.455328,0.543994
0.559455,0.403678,0.439830,0.583372,0.264582,0.249290,0.566686,0.455672,0.677461,0.556248,0.334044,0.219915,0.587629,0.177172,0.597767,0.656544
0.548001,0.802568,0.568586,0.486926,0.232572,0.403746,0.478594,0.656601,0.616111,0.566610,0.651723,0.257191,0.402837,0.280091,0.515585,0.249451
0.548282,0.486236,0.547516,0.293173,0.539478,0.297622,0.341733,0.284182,0.298143,0.803537,0.460515,0.247399,0.438102,0.360330,0.649423,0.524876
0.537056,0.516093,0.586678,0.630281,0.625292,0.438175,0.450172,0.098645,0.633557,0.763491,0.460862,0.262271,0.177313,0.470632,0.611237,0.182294
0.688785,0.864664,0.351064,0.266217,0.315303,0.453885,0.767462,0.600572,0.816663,0.308134,0.734779,0.341258,0.427476,0.462958,0.548141,0.396314
0.455200,0.241404,0.135612,0.577799,0.536817,0.526556,0.430045,0.684268,0.310991,0.126389,0.650002,0.704529,0.547329,0.294214,0.376185,0.387495
0.606922,0.764905,0.258146,0.369082,0.253729,0.354940,0.879314,0.679962,0.775384,0.432946,0.639772,0.381653,0.409580,0.485406,0.625766,0.415874
0.454843,0.329898,0.483230,0.706658,0.309893,0.258527,0.509865,0.421932,0.654235,0.590985,0.425405,0.389945,0.633183,0.179502,0.534062,0.738529
0.556685,0.636406,0.169732,0.676190,0.432666,0.301411,0.618431,0.542787,0.068557,0.798686,0.726886,0.636117,0.707215,0.527033,0.342518,0.623257
0.361989,0.570842,0.350717,0.383243,0.742716,0.340417,0.470644,0.660753,0.331948,0.750826,0.150075,0.759482,0.615483,0.601939,0.734544,0.670348
0.528205,0.452172,0.673969,0.745339,0.558848,0.414465,0.559660,0.320619,0.539655,0.702481,0.474058,0.095083,0.245083,0.511826,0.740662,0.274266
