-20.09506, -22.96394, -23.02422, -31.76023, -35.44536, -20.77588, -25.16723, -18.66710
-22.71683, -18.58170, -23.31807, -34.26246, -30.21973, -18.74087, -20.52315, -13.91258
-25.05895, -17.31166, -21.15926, -26.09382, -32.16383, -18.86690, -21.71116, -13.58839
-22.35917, -16.73293, -16.10109, -24.36528, -18.72003, -21.28973, -23.31750, -14.22500
-20.78839, -14.21521, -16.77017, -27.09990, -23.87622, -21.77977, -20.32502, -16.07056
-22.68335, -15.27136, -17.37164, -26.40192, -23.56207, -22.36174, -18.89638, -17.09917
-20.70918, -22.02100, -23.87667, -30.79399, -33.10263, -21.21985, -23.17030, -19.33776
-24.13735, -18.86824, -21.17392, -33.79218, -31.50638, -18.28811, -19.19850, -13.65785
-21.71338, -20.25701, -21.70303, -31.33435, -31.64859, -20.86206, -22.96423, -20.09470
-21.48217, -18.36128, -14.10633, -27.21279, -23.66208, -20.59723, -20.81311, -15.08676
-22.30869, -14.68338, -17.98441, -23.95922, -24.02686, -21.40916, -20.61852, -17.13770
-27.40740, -22.04709, -22.85754, -33.02945, -31.50529, -19.91350, -18.86921, -19.39538
-23.92240, -19.19864, -24.27017, -23.78941, -37.28783, -16.15679, -19.15828, -14.90625
-26.79934, -19.67212, -19.97356, -32.66196, -31.12253, -18.43055, -19.44727, -14.63916
-23.63445, -21.04838, -22.11091, -25.52115, -32.41570, -15.68276, -18.59673, -15.70703
-22.47107, -22.57525, -20.73580, -27.18267, -29.11103, -20.86504, -25.75604, -20.06609
-21.44412, -17.90234, -15.46899, -25.98480, -20.10768, -20.48275, -21.04043, -16.48016
-22.97443, -18.38719, -23.08587, -29.25920, -34.80015, -17.66444, -21.25650, -13.50632
-21.44272, -17.16792, -14.64204, -24.36134, -23.39731, -22.32987, -20.14702, -16.80589
-27.86439, -25.08901, -21.22801, -39.38097, -38.38104, -20.22002, -18.01799, -19.20912
-24.70400, -26.22453, -22.99996, -38.50196, -35.31927, -20.55555, -20.10058, -17.89045
-26.90893, -18.11816, -17.57295, -21.31483, -23.90434, -19.95012, -22.10632, -18.64886
-28.05422, -18.78343, -22.01803, -28.33578, -31.20293, -18.42179, -20.03468, -14.65004
-21.12497, -21.68955, -21.66626, -29.51491, -30.54905, -20.17639, -23.73664, -20.22828
-19.44463, -20.58532, -21.66308, -28.18595, -30.79863, -22.52593, -23.17992, -19.60620
-21.95285, -14.16670, -17.32941, -25.13199, -24.13221, -20.73001, -18.58578, -17.42242
-25.41359, -18.22521, -18.61143, -21.42304, -22.61428, -20.17912, -24.95967, -18.30362
-20.53765, -16.22729, -15.38117, -24.02188, -19.24457, -21.77457, -28.19443, -15.27972
-27.06305, -18.13919, -22.88499, -22.63925, -33.33303, -15.72569, -18.42094, -15.10323
-19.52733, -16.65121, -15.77732, -25.53131, -19.33024, -21.91266, -22.48667, -13.86010
-26.93594, -16.70013, -18.41268, -19.55423, -23.05088, -21.63657, -24.72829, -18.44083
-20.84710, -25.16223, -21.85896, -35.54241, -37.38172, -19.95831, -22.78969, -20.72133
-25.12699, -18.35412, -23.05555, -29.30722, -31.51429, -18.70818, -21.19544, -13.78173
-20.25086, -20.67509, -20.67254, -28.33631, -26.59658, -21.42352, -23.86312, -21.01054
-23.71159, -13.68195, -19.80545, -24.68341, -23.39388, -25.51780, -21.87314, -18.33504
-26.04292, -20.95208, -22.74213, -24.76370, -34.87077, -15.07057, -18.48247, -15.51526
-25.23299, -15.72682, -17.78698, -25.91207, -25.11259, -19.73389, -18.62549, -17.75770
-26.52383, -23.53028, -20.74897, -32.65267, -41.68105, -19.79679, -17.83031, -18.82673
-21.84669, -22.35755, -25.37215, -29.50604, -33.03030, -19.67142, -25.10044, -21.15301
-29.55062, -18.52824, -20.84118, -29.08807, -28.24079, -18.32043, -18.93777, -15.47657
-26.57090, -18.93750, -21.72394, -29.21088, -29.15082, -18.31948, -21.02769, -14.72839
-23.07838, -15.79748, -14.57688, -23.83492, -23.42269, -24.20536, -20.39722, -15.34514
-21.51303, -17.67258, -14.07592, -27.28375, -23.81057, -21.87787, -20.36738, -14.72164
-23.16670, -18.57180, -22.41819, -24.57384, -30.21459, -15.81326, -17.49749, -15.05009
-28.95730, -17.65008, -17.61606, -21.04703, -23.73103, -19.45997, -22.01347, -20.54094
-26.63160, -18.34570, -18.69090, -20.40217, -22.84637, -19.57758, -23.57849, -19.69538
-26.45194, -18.96721, -21.81951, -30.13133, -30.84613, -19.59185, -21.22313, -15.34241
-22.05867, -18.40487, -23.60401, -23.80309, -39.57007, -15.14328, -18.42115, -15.06064
-24.72726, -20.77783, -21.41667, -38.32395, -33.87450, -19.78877, -16.90449, -17.46453
-28.18561, -23.22861, -23.29044, -24.54219, -34.05019, -14.87374, -18.02429, -15.92279
-21.84982, -14.61260, -17.54645, -25.16025, -23.19941, -22.97366, -23.00946, -18.01086
-23.97712, -15.35670, -18.20529, -26.33210, -22.12415, -22.49868, -22.41847, -18.48916
-23.69234, -14.21459, -18.34228, -24.94959, -22.45839, -21.09677, -19.61946, -17.92635
-28.65150, -22.95119, -24.84373, -38.66127, -35.89341, -19.17378, -18.33161, -18.17639
-31.03982, -20.95168, -22.43728, -31.83184, -34.21919, -19.21828, -17.62689, -18.73994
-23.06702, -13.91283, -18.98909, -24.08258, -23.34425, -23.70749, -21.26443, -18.12933
-21.53443, -17.57983, -16.60706, -28.42408, -19.71884, -21.32684, -24.90472, -15.43720
-28.10393, -24.77932, -21.53651, -37.38428, -33.29872, -19.58547, -18.19749, -19.46897
-29.63840, -24.32318, -20.89133, -31.46478, -46.95331, -21.29455, -20.00854, -18.68474
-20.51098, -17.42072, -14.32178, -26.21081, -25.27071, -20.73915, -20.06223, -15.07308
-24.57008, -17.73300, -22.04307, -28.21909, -37.38481, -18.48537, -20.00478, -13.65430
-21.39502, -16.51043, -14.13543, -25.40544, -25.96615, -21.75106, -20.48050, -14.96202
-25.83967, -21.67640, -21.38610, -38.78199, -37.36685, -20.54757, -20.03071, -17.54895
-24.99250, -18.14571, -22.96157, -27.59121, -31.35652, -18.62173, -21.05709, -14.59577
-24.40557, -25.30061, -24.00922, -28.64596, -30.19210, -20.32225, -22.84621, -20.71301
-27.95508, -22.41056, -27.41391, -26.02930, -34.24579, -15.24960, -17.61563, -15.58520
-21.58143, -20.20671, -25.04459, -25.50157, -33.42824, -15.46204, -19.48120, -13.72072
-24.18983, -15.52809, -18.71144, -24.65224, -24.75834, -20.97826, -20.80812, -18.18253
-21.40484, -17.77823, -14.19941, -24.49517, -24.83954, -19.21343, -18.86413, -16.29083
-24.08698, -17.66813, -23.31912, -28.44315, -28.83795, -19.49298, -22.38523, -14.32473
-22.63701, -18.62319, -22.10647, -32.41655, -30.73476, -19.04406, -22.25665, -13.13713
-20.01351, -22.29225, -23.84185, -28.86101, -37.95661, -21.06857, -24.51874, -19.72286
-20.62406, -18.02317, -17.11967, -27.52516, -20.96715, -20.61848, -22.83264, -14.51626
-24.20024, -18.79197, -20.96319, -29.89628, -33.69083, -18.79991, -21.35937, -13.07573
-27.65721, -21.17090, -21.78378, -32.49243, -35.87824, -19.18629, -17.57438, -18.61636
-34.68849, -18.15771, -19.57245, -19.93984, -22.03432, -19.63395, -23.94804, -20.59083
-27.56573, -19.83498, -21.30824, -31.39874, -36.00195, -19.78554, -17.32152, -17.85848
-25.82541, -18.57615, -18.27841, -21.34564, -22.16409, -20.34265, -22.53801, -18.87543
-23.59656, -15.56915, -17.76616, -27.04349, -22.98091, -20.46595, -19.91047, -17.08375
-24.55124, -20.71441, -20.04525, -22.35901, -24.05331, -19.32346, -24.20204, -19.17610
-20.28823, -21.67071, -22.96319, -32.20726, -29.93893, -20.72236, -24.59740, -19.40179
-24.98825, -17.38378, -17.33167, -21.13208, -21.47425, -21.81109, -22.20223, -17.39998
-25.61232, -22.70663, -22.00438, -39.54273, -35.63062, -19.91214, -18.46888, -20.00134
-24.25213, -19.00985, -21.56010, -25.11108, -27.70251, -15.58109, -18.38075, -14.27615
-22.48668, -19.09002, -14.05092, -26.28495, -23.73088, -21.51106, -20.66135, -15.56700
-20.24960, -21.31945, -23.65573, -31.18592, -30.35399, -21.40344, -24.41068, -19.39663
-28.46052, -17.94463, -19.45785, -20.59988, -22.79806, -19.50859, -22.60331, -19.86010
-20.28682, -22.15505, -23.88742, -29.25530, -27.97867, -20.82565, -25.26398, -18.87662
-21.38341, -16.67177, -15.06072, -28.00048, -19.64750, -20.91546, -22.15386, -15.45214
-21.87312, -23.64957, -23.12313, -30.09316, -32.88058, -21.25502, -24.26601, -20.83589
-28.65939, -14.95295, -17.10333, -24.60463, -23.07538, -22.71844, -19.10558, -19.64733
-32.20345, -23.40643, -21.66021, -36.40184, -33.46161, -19.82907, -17.86160, -19.92741
-24.08910, -19.24282, -23.02366, -30.83083, -34.44942, -18.04729, -21.52695, -13.85393
-22.20711, -19.89258, -22.53145, -30.79628, -29.86927, -16.01329, -19.13586, -14.73624
-21.09492, -16.71245, -15.80376, -26.51944, -20.24452, -20.99076, -23.71876, -14.17508
-21.87952, -21.38146, -24.03530, -27.82585, -31.53605, -21.47166, -23.54169, -20.57726
-22.30143, -24.07044, -21.83048, -32.66338, -30.71973, -19.60734, -23.02204, -20.90854
-22.08428, -22.21186, -22.65722, -32.16280, -28.08356, -20.58426, -22.94382, -20.95317
-23.72271, -18.81376, -23.36826, -25.05404, -28.49265, -15.41308, -18.40790, -14.84942
-29.82152, -21.46437, -22.94919, -29.74086, -45.17300, -20.90738, -18.58543, -17.94161
-24.98016, -18.76378, -20.14837, -32.48107, -27.61693, -18.19939, -20.10130, -14.42609
-25.11655, -19.29281, -22.98901, -30.78634, -31.43986, -18.14937, -20.97310, -13.95393
-20.72834, -17.51785, -13.29221, -25.23866, -22.32751, -21.66313, -19.78671, -15.32700
-20.57017, -21.42865, -24.01837, -31.21930, -29.96919, -21.83900, -25.66249, -19.91235
-21.12349, -14.14148, -19.30018, -25.87319, -25.75617, -25.33101, -23.14227, -17.98643
-25.00831, -21.53561, -23.43622, -26.24806, -34.21677, -15.98665, -18.89604, -14.60250
-22.93658, -15.96927, -14.71018, -26.18262, -19.40615, -22.86393, -23.27537, -15.01154
-20.23215, -23.30676, -25.54771, -34.33051, -32.63809, -21.21253, -24.66715, -19.44142
-24.20268, -20.82003, -23.07082, -27.82462, -31.70029, -16.49535, -19.26101, -15.22263
-26.41334, -17.74011, -19.09781, -21.14080, -24.63796, -20.57223, -24.31293, -19.83459
-23.04255, -21.10396, -25.06850, -27.91472, -32.60236, -20.66673, -24.01701, -23.10200
-25.28862, -18.66885, -23.19159, -23.72395, -30.81669, -15.79419, -18.85175, -14.68194
-21.48748, -19.15385, -14.47022, -25.10996, -23.05298, -20.87874, -18.92038, -15.68268
-21.17734, -16.99257, -15.71736, -26.08446, -19.84475, -20.96818, -22.51651, -15.77474
-20.95719, -23.21585, -23.35689, -31.90427, -29.49619, -20.54512, -24.22151, -19.41147
-32.56544, -24.83893, -23.27033, -38.30066, -35.54359, -20.24919, -17.80819, -21.11987
-25.55965, -20.75549, -18.81790, -22.29464, -22.84291, -20.90747, -32.83580, -19.66214
-26.71929, -17.44804, -20.71390, -27.96781, -28.10472, -18.73306, -19.61221, -14.40481
-21.11914, -23.31069, -23.72168, -31.53658, -33.26954, -20.72520, -24.67141, -20.11576
-23.28138, -15.52079, -18.34265, -26.18313, -24.26692, -22.93014, -20.92497, -18.93972
-26.56439, -18.33747, -14.93198, -24.90208, -24.30013, -20.68672, -20.15600, -15.63592
-29.03354, -22.30080, -21.14615, -34.97953, -38.14179, -20.01793, -17.63588, -17.17635
-24.98661, -19.50956, -22.45945, -24.42103, -30.26052, -16.45606, -20.10701, -15.25689
-24.68883, -19.45582, -19.67718, -33.96673, -30.69022, -18.04536, -21.40346, -14.49694
-24.76886, -19.45189, -21.25195, -31.76872, -31.03756, -19.23591, -21.09430, -13.78459
-24.38521, -16.52079, -13.52567, -23.21442, -22.98010, -20.70034, -18.76285, -16.31666
-21.42848, -14.49033, -16.34034, -26.25095, -22.37039, -21.58905, -20.53453, -15.43485
-21.01188, -21.26759, -20.70679, -26.20065, -32.62721, -19.95216, -21.80585, -18.69737
-20.88933, -17.35039, -16.02437, -26.29648, -19.88682, -20.19250, -22.77703, -14.78648
-22.81432, -18.83828, -14.87590, -26.29404, -25.05627, -21.65819, -20.89837, -15.79790
-26.88196, -17.47526, -18.54637, -20.28025, -21.95090, -21.00241, -23.21604, -18.23183
-29.48889, -18.80960, -23.30996, -22.65592, -30.92745, -16.03821, -17.96519, -14.93485
-23.58743, -17.61795, -23.53304, -30.98673, -32.97122, -19.55529, -21.70172, -13.86816
-21.74175, -17.71784, -17.02412, -26.78365, -20.33765, -21.09611, -21.37932, -16.08385
-20.21542, -17.01360, -14.99418, -25.36731, -19.49733, -21.36452, -26.55492, -14.93234
-30.56889, -23.89512, -21.28485, -32.27532, -34.54023, -19.94376, -19.36887, -17.51531
-22.47424, -23.14842, -23.03363, -28.91297, -32.51722, -21.00186, -26.41025, -20.23202
-24.70916, -17.94056, -18.35263, -21.50828, -23.91871, -20.24153, -22.82478, -18.73910
-24.74730, -14.74861, -16.13347, -24.89406, -24.35603, -21.39257, -18.38031, -16.79213
-20.47951, -23.95078, -22.70682, -34.10868, -33.23792, -20.42287, -25.00645, -18.87422
-32.25679, -24.91799, -26.54934, -35.86963, -36.46697, -19.69961, -19.93211, -18.52088
-20.90799, -14.27452, -17.86388, -24.13827, -23.32988, -21.78212, -21.19568, -16.63052
-22.47485, -17.09365, -14.71900, -24.68859, -19.13883, -21.15960, -22.77380, -15.32440
-24.85479, -19.04310, -24.19565, -24.52869, -31.44566, -15.97244, -18.46489, -14.35672
-29.64839, -25.98594, -20.59870, -36.63370, -29.50158, -19.64528, -18.48232, -19.68145
-28.90895, -26.87977, -21.93117, -38.80635, -39.49849, -18.97169, -19.51048, -18.49456
-22.19276, -17.95928, -13.72159, -23.89887, -23.38219, -21.11280, -20.76924, -16.80961
-20.11282, -16.44038, -15.92579, -25.61059, -19.90521, -21.08900, -25.56461, -14.48615
-22.55065, -14.91964, -17.42843, -26.12501, -24.05965, -23.84275, -20.84152, -18.14541
-27.40976, -24.13876, -21.66919, -36.35719, -35.24952, -21.10235, -19.44806, -17.43025
-27.87576, -19.12000, -23.79198, -28.45804, -31.52464, -18.47543, -21.83054, -15.41100
-21.59191, -14.06662, -17.82297, -26.86549, -23.81179, -24.52611, -22.42729, -17.94975
-22.63883, -24.57620, -23.97898, -31.31984, -33.71999, -20.98022, -25.18625, -20.82966
-22.92172, -16.46840, -16.14461, -24.77493, -19.82965, -20.88173, -21.31301, -15.30181
-26.09415, -20.74369, -21.80826, -25.82485, -30.34173, -15.74827, -18.05697, -14.96213
-26.79275, -18.19850, -16.98252, -20.74811, -21.78989, -19.48311, -21.67185, -19.05806
-18.83050, -15.45614, -17.06545, -26.88968, -22.72755, -21.45220, -20.40955, -16.02443
-21.23047, -17.58396, -14.95611, -27.11517, -19.86389, -20.27671, -22.69064, -14.81251
-23.02701, -16.84560, -15.33836, -24.50012, -24.53070, -23.18981, -21.50744, -16.56727
-24.42120, -17.48579, -19.49979, -20.64417, -21.58254, -20.89440, -25.63386, -19.91413
-23.84711, -15.74595, -17.24196, -26.71539, -22.94469, -20.69689, -20.45436, -18.23616
-21.53401, -14.00578, -17.61709, -24.52282, -23.24585, -21.13758, -19.78357, -17.48833
-21.48016, -22.39865, -24.05582, -31.95330, -27.33334, -21.00239, -24.22419, -21.79061
-23.49664, -15.49036, -17.90274, -26.50438, -24.97781, -21.69806, -18.65863, -18.07316
-24.01677, -19.75942, -22.74098, -33.65161, -35.53239, -19.69432, -20.56503, -13.49514
-27.43887, -23.42562, -20.82903, -37.18757, -31.84396, -20.01275, -18.01821, -18.72572
-23.85712, -21.38982, -22.06211, -36.25527, -36.57791, -20.81925, -17.32872, -18.43895
-27.72093, -17.47217, -22.45545, -25.18051, -32.57924, -19.71784, -21.01468, -14.12713
-22.14375, -21.91812, -25.10320, -28.17428, -33.04355, -15.78711, -18.78096, -15.10504
-28.55638, -20.86129, -18.34060, -21.42355, -22.39031, -19.22541, -24.33916, -19.73479
-20.93245, -18.33120, -15.84463, -26.04250, -19.55985, -20.01078, -23.59911, -15.27343
-20.09156, -21.75833, -24.21315, -31.18394, -31.38482, -20.41983, -24.84558, -20.14250
-19.47591, -16.83403, -16.12943, -26.55253, -20.39757, -20.96222, -24.05228, -15.57483
-24.96920, -17.18705, -14.79526, -24.28860, -19.80869, -21.61829, -23.65214, -16.07193
-27.90370, -16.34203, -19.00571, -19.57421, -24.43493, -21.60100, -26.00544, -20.54177
-20.50785, -15.77930, -15.23638, -24.44929, -18.75223, -21.78314, -25.63883, -14.48930
-23.68780, -19.86417, -14.12346, -25.35493, -24.47227, -20.60539, -21.15803, -16.79720
-26.25073, -17.60531, -18.30813, -21.27636, -22.13499, -21.58694, -26.03605, -18.74430
-22.24356, -17.26932, -15.21157, -24.85939, -19.41055, -21.02681, -22.00478, -15.17787
-18.46539, -21.55661, -25.59730, -33.58854, -38.70206, -20.77215, -25.21302, -19.19388
-20.69095, -18.10241, -14.02572, -26.64033, -22.68299, -22.39297, -20.95312, -15.78569
-23.34417, -15.38373, -18.87004, -25.36043, -22.82976, -21.85217, -22.66104, -18.90128
-25.29779, -19.10543, -19.54103, -22.24312, -24.44985, -19.81946, -22.27453, -19.70214
-23.83916, -16.06093, -16.38580, -26.58041, -22.93001, -22.31399, -20.80623, -19.75636
-28.88666, -22.35498, -20.91314, -33.61365, -38.37844, -19.51628, -18.20860, -17.49312
-20.62341, -14.79970, -18.20938, -26.92851, -23.79324, -22.46473, -22.76485, -16.41462
-22.62362, -15.94447, -16.14403, -24.75848, -21.42034, -21.26860, -21.33420, -15.19432
-28.24143, -20.79092, -21.47337, -25.15962, -29.72966, -14.97298, -16.48410, -16.15235
-26.19484, -17.65420, -23.28815, -21.68011, -31.38872, -15.76800, -18.71396, -14.77540
-24.62514, -20.54642, -25.76152, -23.93435, -33.05560, -15.33618, -20.90040, -15.28151
-19.65255, -23.21450, -24.71984, -36.39808, -35.06805, -20.17235, -24.69902, -18.42581
-21.57739, -16.90409, -14.56486, -25.31929, -24.24265, -23.11420, -20.25999, -16.07931
-21.06553, -23.76014, -24.83705, -33.15263, -35.49151, -19.37188, -24.50782, -19.34458
-21.05577, -21.65193, -22.90287, -30.34135, -28.56994, -23.20355, -26.40437, -19.97620
-23.31832, -17.38568, -24.49831, -23.22485, -36.94395, -14.90968, -18.13092, -13.35459
-33.95510, -24.20685, -24.40003, -32.43128, -39.75961, -20.17766, -18.64163, -19.33970
-21.94215, -17.41657, -18.10590, -21.58683, -22.52998, -20.43989, -25.09253, -18.45599
-28.52285, -19.28889, -18.56901, -21.25515, -22.62084, -19.93540, -22.16933, -18.73913
-26.11484, -18.43714, -21.92516, -24.98466, -29.95432, -16.28161, -18.44558, -15.20580
-24.61735, -18.72755, -22.19268, -32.05745, -30.18511, -19.01117, -19.68437, -14.22583
-21.74836, -15.75422, -17.14416, -28.47303, -24.99600, -22.70552, -20.21441, -16.84003
-23.62987, -17.84873, -22.92878, -24.45327, -31.82457, -15.71824, -17.00315, -14.41189
-20.36437, -25.00557, -27.04046, -30.53714, -35.10978, -19.48605, -25.93925, -18.42407
-27.36470, -18.49959, -18.58738, -20.79110, -22.57433, -20.75414, -24.53291, -20.18440
-27.16997, -19.69198, -21.19509, -32.14220, -30.03772, -16.73571, -17.88626, -13.80159
-24.93961, -19.86818, -21.62968, -32.93230, -35.06505, -17.46645, -19.50212, -13.74131
-24.78815, -14.52577, -18.14014, -23.66898, -23.76765, -21.76725, -19.65576, -18.10132
-32.41930, -22.29958, -20.92090, -35.48251, -39.07215, -19.40607, -18.99961, -19.06077
-25.12433, -19.15428, -22.96050, -24.74086, -29.01037, -15.93675, -19.11770, -14.50989
-21.29061, -19.14142, -14.44317, -28.02810, -26.47028, -21.67577, -20.60033, -17.34361
-24.36029, -23.89127, -24.66713, -27.93084, -30.94674, -19.33327, -26.55154, -21.06224
-23.25977, -19.74872, -15.14422, -27.27919, -19.70315, -20.62949, -24.51406, -15.74838
-29.61859, -16.55483, -17.30374, -20.49260, -22.13397, -22.39256, -23.57830, -17.80088
-23.31340, -19.36894, -26.31010, -25.24616, -34.07205, -16.04909, -19.60683, -14.10954
-24.13050, -18.15398, -22.32750, -31.62998, -29.61265, -18.79040, -19.42190, -13.82844
-25.26636, -20.34970, -23.63428, -24.38969, -32.94888, -15.58314, -18.92227, -14.94449
-23.36220, -19.99861, -21.85587, -38.85582, -32.51253, -18.08260, -20.28130, -13.85974
-29.59200, -16.65075, -17.77562, -19.52563, -23.52776, -21.24057, -22.84364, -18.67242
-19.88764, -22.15380, -24.70632, -32.53666, -28.21948, -21.26734, -29.43285, -21.06269
-20.43021, -16.83353, -16.42344, -24.98399, -19.44922, -20.50759, -22.62344, -14.99606
-23.57764, -18.21119, -15.76497, -25.25342, -26.38389, -19.62587, -20.23531, -15.82297
-24.49036, -17.63136, -21.46753, -28.95794, -29.88877, -19.24896, -20.67677, -12.79275
-24.92335, -17.57943, -17.41766, -22.05072, -21.04967, -20.75703, -24.07504, -19.21654
-21.20611, -18.19437, -13.61099, -25.98994, -24.18711, -21.91707, -19.90266, -15.21842
-21.52325, -16.50572, -13.15359, -24.93383, -23.23610, -21.76538, -20.24446, -14.89332
-27.63894, -21.36409, -22.08795, -37.45742, -35.78323, -19.99090, -18.40700, -18.31422
-28.65384, -18.53820, -18.38743, -20.96668, -22.69297, -20.93154, -23.56291, -19.26135
-27.93485, -19.90515, -19.85830, -22.64168, -23.87441, -19.67499, -22.73366, -20.44077
-27.02447, -18.15010, -19.81693, -20.63285, -23.58929, -20.04013, -24.68195, -17.90082
-24.91495, -18.91011, -21.81195, -23.97923, -31.77402, -15.94439, -18.40574, -14.92101
-24.51916, -17.82556, -20.10827, -34.06443, -33.65438, -20.19342, -19.42329, -14.10508
-25.09393, -22.20216, -22.53913, -26.26685, -34.85415, -15.79368, -17.83161, -14.24677
-27.59582, -21.92839, -22.24627, -33.17772, -35.14242, -20.46670, -19.90875, -18.81073
-28.18064, -19.31131, -24.52684, -23.52716, -32.99500, -16.26448, -18.56860, -15.02951
-26.65612, -18.15692, -19.09685, -28.21455, -30.71837, -19.46021, -19.01823, -14.38362
-19.61413, -22.00256, -23.22760, -31.81885, -31.80337, -20.43887, -23.72294, -20.74163
-36.51081, -23.80865, -23.29769, -33.45903, -38.15381, -19.42809, -18.59138, -18.91308
-20.51141, -14.88935, -16.40120, -27.87173, -22.06707, -22.21615, -21.81345, -16.51704
-21.43253, -17.15050, -15.25233, -26.22376, -19.54052, -20.15373, -21.76150, -14.70899
-23.31511, -17.71956, -15.59620, -26.08926, -19.73961, -20.78759, -24.50844, -14.59110
-23.32272, -18.76223, -22.04174, -26.26935, -27.21326, -15.57392, -18.59653, -15.67286
-22.79916, -15.78696, -16.88482, -26.51794, -23.22509, -21.72012, -18.28557, -17.45667
-22.02034, -17.48274, -15.50750, -25.33825, -19.08581, -20.73846, -22.76501, -15.25610
-22.40152, -17.92373, -23.61627, -29.98799, -32.79310, -18.08872, -21.42498, -12.86240
-22.65359, -14.92478, -17.64821, -25.49793, -23.53428, -23.06568, -21.79297, -17.97071
-21.05147, -21.71488, -20.96635, -30.71700, -27.87599, -19.89889, -21.78871, -19.29142
-26.73078, -20.16825, -22.66677, -28.40151, -34.35500, -17.60022, -20.59175, -13.93606
-23.77016, -19.89120, -25.05059, -23.92304, -33.54796, -15.44246, -20.00395, -14.28357
-23.87583, -19.95608, -24.18206, -25.00510, -36.80690, -14.84326, -17.97740, -15.25473
-20.22154, -17.61452, -15.03287, -26.89736, -25.17164, -22.04750, -21.07007, -15.78489
-24.86043, -18.69511, -18.55770, -21.10537, -24.29555, -20.44734, -23.17188, -17.33892
-21.59237, -13.89156, -17.73150, -25.77443, -22.98629, -23.45042, -19.74528, -18.08871
-19.35744, -23.11590, -22.23073, -34.19511, -26.09417, -21.25951, -25.75667, -19.56674
-20.95089, -21.63916, -21.07163, -29.44107, -29.64201, -20.75404, -25.82973, -19.61602
-24.80826, -18.60168, -21.85587, -32.55329, -28.97005, -19.18445, -20.74951, -14.18472
-22.42948, -24.39421, -26.74915, -35.70743, -32.02684, -21.79953, -26.96024, -21.08900
-25.56530, -18.40644, -16.97043, -21.81625, -23.53217, -19.34052, -22.30710, -16.92031
-23.75908, -16.73169, -14.45718, -23.45924, -24.45159, -19.78883, -19.03367, -17.22435
-24.08190, -20.17990, -21.39577, -34.54942, -33.48512, -19.07219, -20.67910, -13.71515
-25.67510, -21.47700, -27.64518, -24.34524, -31.99461, -15.45995, -19.96686, -14.50534
-23.30013, -14.93334, -17.05448, -27.17950, -22.83043, -22.61555, -19.08638, -17.56120
-24.17531, -17.64416, -19.72296, -21.33415, -22.65906, -20.84561, -23.54077, -17.39935
-22.96373, -16.47226, -16.28352, -24.72772, -19.07731, -21.55165, -25.44953, -14.87476
-19.09673, -23.81756, -23.52716, -34.88650, -32.89897, -19.37289, -22.43784, -19.78207
-21.94553, -17.46270, -14.32492, -25.33284, -25.28347, -21.55228, -18.69867, -15.31572
-20.33412, -19.87154, -22.73590, -28.40775, -30.07816, -21.44849, -23.14856, -20.43253
-30.16456, -19.05183, -21.84769, -28.53745, -34.59600, -19.53330, -20.14073, -15.57148
-20.04212, -22.68362, -25.46532, -29.58082, -37.21567, -20.45735, -23.63945, -20.23087
-22.86511, -15.52495, -17.74449, -27.61679, -24.23442, -23.16740, -19.80175, -17.34485
-21.95399, -18.15210, -16.81145, -27.75269, -19.67867, -21.66922, -24.45879, -14.95746
-29.96547, -17.80619, -18.18706, -20.47826, -22.27886, -19.81819, -22.81996, -18.54847
-21.75356, -18.52855, -18.40929, -22.68512, -23.18830, -19.59296, -23.70192, -17.33225
-26.79173, -19.66324, -24.03324, -24.43502, -37.91663, -15.85131, -18.68600, -15.73904
-32.40874, -25.95551, -22.14744, -33.56146, -39.70612, -19.56233, -18.58575, -17.81108
-23.49682, -18.54648, -19.16007, -22.45771, -23.94681, -20.33368, -24.49399, -19.33069
-22.28554, -18.54864, -21.93931, -24.06679, -33.22100, -16.23797, -19.26767, -13.54831
-27.29881, -20.84691, -23.72431, -24.40951, -36.88090, -14.91174, -16.55607, -14.92683
-22.61051, -13.65030, -16.81501, -25.08743, -22.95315, -22.87830, -21.58046, -16.21819
-25.55082, -19.41256, -19.73286, -32.28751, -31.44837, -17.95527, -19.72362, -13.18970
-23.56264, -15.87340, -18.58345, -27.59337, -22.47925, -20.57465, -21.31975, -17.16325
-24.70859, -20.44217, -21.81170, -32.71130, -29.97558, -17.76418, -20.73800, -14.31253
-23.96068, -20.48952, -23.00436, -32.48699, -33.69949, -19.26443, -22.97348, -13.81383
-24.46354, -17.88301, -21.38087, -28.85101, -28.49653, -18.77251, -21.61381, -13.87906
-29.13348, -22.60930, -22.99366, -30.36704, -39.44423, -19.93757, -18.11142, -18.10826
-22.48979, -15.33145, -18.98492, -27.92456, -24.67665, -21.28217, -18.92840, -18.61933
-22.44833, -14.25726, -17.43623, -26.09778, -23.87288, -23.03017, -20.62059, -16.94643
-26.35045, -21.79952, -22.77388, -37.76339, -35.20385, -20.31285, -19.24049, -18.64818
-24.02971, -20.59774, -19.28760, -21.60233, -22.67539, -19.10366, -24.81801, -18.26040
-25.70995, -18.97668, -18.30197, -21.89075, -22.59816, -20.71332, -26.40163, -19.99041
-25.70250, -17.97593, -19.92979, -21.66620, -22.39249, -21.18981, -24.47852, -20.27605
-20.52684, -16.97073, -14.49326, -26.50851, -18.96337, -21.36038, -20.42371, -15.00411
-22.19057, -15.62703, -17.63083, -25.42630, -22.97285, -21.18052, -19.41076, -16.57916
-28.67626, -24.01962, -22.28899, -38.19985, -39.92643, -21.58515, -18.01863, -18.99773
-22.58279, -19.07996, -13.78578, -26.84623, -23.48385, -22.43729, -20.24550, -16.90928
-21.12592, -18.33099, -17.72085, -27.12162, -20.26934, -21.33529, -25.27774, -15.48630
-21.86494, -19.81409, -20.59132, -25.79844, -29.69501, -15.85618, -19.49430, -14.71677
-22.10160, -17.81530, -14.31942, -24.26893, -25.30526, -21.11426, -20.71624, -15.95611
-23.87442, -19.21250, -23.56385, -34.26180, -31.92485, -19.51988, -22.64897, -13.65654
-27.38633, -27.36464, -23.01190, -39.83913, -37.15251, -18.81176, -17.98857, -18.42421
-21.84885, -15.20305, -18.40868, -26.74486, -23.88940, -24.81723, -22.77281, -17.66947
-22.65782, -19.81798, -14.83341, -26.51203, -24.08021, -21.41121, -20.93506, -16.11910
-29.94009, -16.69391, -19.98936, -20.18496, -22.14911, -21.29967, -23.18748, -20.77518
-26.00986, -17.84006, -19.83750, -27.70779, -28.54762, -17.84610, -20.32372, -13.16791
-22.94140, -14.68377, -17.28066, -26.79998, -25.42208, -22.03796, -19.87402, -16.70196
-22.41357, -18.36878, -14.33707, -24.78414, -25.75109, -21.72019, -19.76046, -14.84114
-22.27525, -16.80661, -14.51942, -23.81654, -25.60244, -21.31448, -20.36245, -16.26522
-20.51885, -16.76345, -15.03670, -26.93691, -19.19050, -23.15510, -23.00751, -14.63345
-22.68448, -18.48723, -19.55709, -33.92253, -29.64032, -17.81423, -20.13934, -13.45875
-28.95848, -22.47046, -23.82458, -33.12879, -40.31928, -20.73693, -19.82087, -18.71282
-20.04774, -18.71446, -20.43170, -42.30843, -30.73926, -18.93258, -21.68098, -13.04999
-22.99358, -16.80715, -14.35265, -24.50949, -24.28935, -21.74204, -19.43476, -15.83761
-22.33732, -22.79675, -26.06848, -32.85138, -32.47346, -20.39676, -22.30895, -19.04607
-26.38902, -16.77673, -17.89003, -20.80533, -21.93243, -21.78428, -23.35297, -19.04736
-23.85547, -17.94489, -18.62573, -20.81245, -24.20188, -19.87815, -23.57669, -17.59992
-29.46797, -17.78451, -19.41854, -19.90260, -23.65242, -20.36509, -23.22662, -20.03176
-27.41545, -19.37416, -21.49853, -24.50909, -32.80899, -15.66843, -17.28555, -14.18823
-22.13358, -16.85386, -14.95476, -24.13145, -22.31927, -22.89157, -21.16002, -16.95813
-31.90737, -22.93087, -21.10324, -33.04179, -30.98304, -20.07561, -18.50694, -18.45332
-24.12418, -15.53400, -17.63365, -25.61474, -23.50432, -22.25001, -21.50688, -16.78577
-23.86419, -18.35580, -20.05520, -33.06814, -30.87573, -20.31722, -21.05031, -13.75736
-46.35392, -24.20845, -21.28143, -33.38923, -32.90061, -19.60382, -16.71879, -19.70444
-21.56785, -17.22514, -13.66833, -25.67667, -23.34045, -21.68217, -20.28405, -16.54052
-27.10532, -18.35533, -23.05699, -31.41389, -31.14131, -18.26239, -19.60941, -14.33184
-20.13148, -23.73055, -24.61735, -30.13240, -33.72923, -20.53585, -24.82236, -20.65753
-22.43345, -18.17262, -13.44031, -25.45638, -24.62098, -21.70065, -20.58947, -15.21533
-24.61422, -18.43160, -21.37903, -29.43526, -30.03895, -17.24742, -19.21839, -12.77347
-23.24041, -22.53283, -22.00390, -38.73668, -36.23805, -20.74509, -19.19436, -17.48387
-21.80872, -24.32326, -22.53872, -29.63863, -29.77086, -20.98376, -29.29149, -20.53266
-25.23978, -19.40475, -21.04817, -33.06309, -29.84626, -19.00823, -20.40298, -14.60314
-22.12454, -17.70302, -15.19143, -25.77956, -19.42031, -20.13771, -24.82358, -14.67602
-28.05543, -23.98721, -20.48108, -36.80302, -33.54932, -19.98231, -19.61987, -16.85795
-29.35727, -22.69899, -22.61743, -34.60637, -35.09598, -20.90321, -18.22724, -19.48536
-23.91939, -15.36811, -17.47896, -25.26282, -22.60277, -23.61252, -21.64846, -18.16525
-21.83413, -24.97195, -24.01822, -32.71715, -34.97067, -20.61590, -25.61066, -20.12157
-22.07492, -20.95729, -24.12522, -29.71825, -31.16190, -20.45067, -26.83878, -21.76323
-24.89406, -15.54352, -18.13254, -25.31294, -24.49945, -22.62296, -20.88581, -18.21477
-25.43138, -20.16016, -24.77484, -24.94709, -30.29271, -16.04526, -19.77230, -17.05351
-19.02679, -22.74631, -23.24053, -29.69715, -28.16474, -21.20406, -26.76255, -20.07697
-20.95266, -24.02195, -23.31146, -34.94580, -36.25161, -20.39061, -25.03119, -19.32997
-21.66220, -14.34554, -18.97932, -24.21035, -22.46516, -22.84453, -21.06456, -17.47442
-23.67557, -13.45354, -17.65392, -22.78518, -23.85012, -24.14903, -20.53694, -18.20015
-24.74686, -17.33802, -23.19996, -30.27557, -31.75155, -20.29885, -21.45179, -14.20037
-22.19336, -14.79209, -17.39792, -25.79513, -22.51315, -24.04677, -22.42050, -18.99066
-26.07098, -19.77403, -23.58857, -30.93680, -32.31649, -18.59410, -20.12991, -14.44565
-21.38434, -17.20523, -14.87479, -26.15227, -25.18086, -21.11063, -19.71842, -16.53312
-20.74570, -16.95418, -14.13773, -24.07652, -23.29399, -20.50517, -21.83781, -16.02748
-24.19843, -18.04182, -20.49972, -34.23063, -30.16539, -18.50704, -19.35599, -14.37883
-26.20427, -18.90356, -22.02156, -23.77950, -35.54367, -15.03820, -17.63547, -15.04877
-26.36267, -18.34532, -19.30942, -20.89079, -23.85450, -19.80662, -23.73168, -18.38466
-25.49472, -22.57764, -24.81104, -38.49290, -35.58386, -21.01963, -19.06181, -19.30983
-20.40927, -17.44783, -13.50643, -25.28675, -22.97312, -21.94279, -20.96766, -16.67253
-21.31845, -17.44311, -22.74894, -23.64004, -30.11868, -16.58009, -19.91339, -14.61057
-22.20799, -17.92751, -15.08608, -26.87904, -20.24053, -20.63118, -22.61156, -14.89881
-24.56813, -19.51613, -23.62421, -34.91428, -30.90546, -18.63164, -20.30026, -14.72475
-21.65107, -17.86402, -15.95057, -26.15932, -25.27208, -22.76085, -20.89915, -15.73316
-20.23915, -20.38656, -24.36248, -29.98284, -27.84886, -21.92869, -24.85846, -20.38365
-23.44510, -18.34659, -14.03718, -25.12806, -25.81418, -20.39110, -20.54776, -16.15646
-26.74867, -20.70698, -23.29748, -25.40648, -32.05119, -15.27354, -17.73233, -14.06578
-24.83899, -14.96824, -17.00137, -24.00516, -24.54025, -21.64247, -18.76058, -19.59120
-25.44712, -20.01911, -21.22139, -29.87081, -29.43022, -18.73012, -21.88125, -13.58275
-24.82585, -17.69492, -17.85686, -20.27515, -21.95647, -18.83490, -24.24379, -19.33029
-22.86139, -18.83781, -20.93598, -41.49880, -27.59928, -19.08962, -21.16929, -14.52631
-34.28298, -22.32919, -23.66081, -34.40288, -38.34176, -20.94040, -18.61736, -18.78474
-22.15679, -23.51423, -21.63361, -29.90586, -32.15795, -20.75001, -25.40770, -20.11769
-22.43013, -16.95187, -15.21069, -24.77763, -18.70442, -20.72678, -25.07351, -15.40433
-23.11535, -17.89299, -13.89090, -24.64578, -23.38133, -21.81949, -20.19357, -16.77393
-21.94784, -18.76824, -16.06580, -27.10337, -19.80059, -21.59683, -23.73215, -16.23806
-21.40241, -17.18870, -14.86862, -25.69550, -18.80405, -21.63704, -24.66533, -14.82155
-29.44135, -22.14368, -20.86592, -37.43873, -38.38511, -20.29514, -17.33555, -17.38705
-21.17181, -21.23546, -23.96820, -29.47147, -36.52844, -19.99582, -23.53024, -20.40739
-21.57367, -16.90421, -13.82178, -25.04934, -25.25163, -20.39680, -18.10391, -15.79937
-22.39461, -19.62511, -21.87408, -27.53656, -30.20303, -15.88069, -17.90870, -15.06726
-33.61700, -19.07404, -18.42710, -21.43750, -22.05453, -19.99873, -24.22208, -20.76132
-26.40673, -21.26343, -21.51137, -25.52280, -31.70373, -15.77751, -17.95214, -15.21086
-18.63002, -22.50403, -22.35164, -34.20655, -29.56184, -22.60356, -25.31283, -19.45656
-22.17396, -17.25839, -14.35231, -25.69610, -19.64758, -20.99130, -21.85539, -14.92379
-33.22563, -22.22354, -19.87372, -31.04542, -32.89803, -20.68510, -18.90749, -18.40098
-23.45201, -14.76174, -18.98407, -24.97121, -23.99168, -22.68321, -21.06423, -17.61057
-20.65904, -17.11761, -15.90562, -27.34024, -19.45105, -20.37971, -20.76118, -15.44064
-26.65426, -19.01564, -21.13048, -30.40385, -29.13356, -18.69490, -20.16397, -13.43395
-32.37647, -23.79874, -19.60091, -36.32980, -37.59973, -20.14267, -17.83554, -17.37905
-22.23162, -14.17712, -18.23930, -25.77443, -22.49699, -23.30259, -20.26983, -18.19191
-26.49446, -16.93469, -19.08360, -20.17090, -22.10029, -20.01962, -24.58630, -17.35109
-20.44983, -17.58600, -16.29242, -26.13320, -19.03020, -22.65970, -26.48598, -14.72084
-20.79398, -14.93545, -16.78191, -27.44176, -23.80799, -23.41020, -20.71299, -17.48265
-21.41995, -17.09613, -14.12335, -27.57179, -23.58223, -21.75173, -20.38645, -16.66486
-23.49005, -20.41086, -23.71882, -25.96727, -31.67522, -15.52122, -18.40418, -14.90867
-19.67846, -18.55248, -24.88587, -24.93759, -35.73688, -15.98353, -18.29007, -13.52591
-19.76357, -21.99198, -22.34152, -33.80662, -26.91100, -22.45650, -24.89568, -21.30905
-32.35722, -18.98690, -17.94314, -21.92172, -21.02908, -19.73806, -22.30250, -19.20161
-29.64105, -23.55097, -24.65811, -34.51026, -38.85258, -19.82304, -19.20286, -20.60811
-25.23856, -19.47878, -21.78095, -25.49343, -32.87214, -15.55071, -18.14970, -14.62712
-18.99495, -15.02025, -15.69619, -24.70385, -19.73124, -21.52461, -20.51136, -13.65733
-30.06850, -20.56715, -17.34531, -21.49983, -23.06190, -20.07264, -23.57209, -19.07459
-22.42800, -20.33871, -22.37677, -26.22883, -31.95940, -15.24708, -18.39472, -13.31805
-26.04281, -17.14804, -18.44302, -20.56752, -23.22371, -19.84855, -25.41124, -18.41839
-24.24064, -14.56131, -17.91234, -24.15272, -24.09953, -21.77184, -19.39640, -17.22076
-23.14637, -17.80398, -20.81836, -29.86515, -29.81842, -19.40342, -21.31749, -13.72293
-24.14407, -14.66104, -18.64822, -24.18424, -25.81334, -20.97344, -19.52069, -19.06252
-19.42950, -20.46845, -24.84563, -28.58365, -31.38138, -20.12883, -28.51669, -22.16529
-22.76832, -17.52499, -13.81388, -25.04590, -23.00282, -21.92000, -22.07295, -16.69338
-26.68727, -18.01179, -19.09116, -21.05729, -22.62790, -19.78897, -25.39291, -18.03397
-22.70960, -18.75880, -22.84585, -24.02257, -31.63663, -16.21504, -19.48412, -13.83609
-27.70356, -24.78123, -24.21544, -33.92270, -39.14244, -18.98879, -18.84755, -19.01873
-21.90011, -17.96508, -13.52510, -26.35065, -23.03154, -21.40803, -19.25412, -15.50142
-23.97125, -17.24243, -18.61824, -20.89122, -21.71564, -21.10779, -24.71858, -19.54848
-26.92504, -22.27139, -25.41294, -34.54856, -34.20310, -18.09192, -20.61375, -14.90682
-19.86731, -21.21365, -24.81163, -32.35749, -29.11774, -21.33478, -28.21814, -20.51514
-23.21629, -15.47587, -16.69206, -26.73459, -25.36252, -22.49482, -19.79039, -17.41473
-31.02846, -20.13513, -18.93446, -20.62076, -22.14151, -20.52902, -25.09772, -18.96573
-23.93267, -19.29406, -22.60224, -23.53126, -30.28066, -15.66888, -19.06128, -14.26236
-25.66021, -20.69447, -22.63918, -24.44903, -37.39993, -14.82075, -16.99133, -14.64919
-21.88497, -23.72202, -23.41593, -30.21914, -29.81644, -21.72823, -24.04803, -19.53820
-23.11488, -16.80099, -14.24132, -23.65620, -25.47147, -20.46683, -19.52553, -16.26958
-21.48357, -15.01721, -19.10182, -26.48795, -24.16636, -21.54597, -20.89263, -17.05246
-30.99955, -22.92868, -22.41187, -35.39265, -38.04613, -19.93448, -19.19103, -18.16800
-24.76823, -18.60802, -14.39402, -24.62022, -25.37692, -21.55864, -19.35927, -17.39895
-20.87184, -17.35101, -15.46808, -25.41380, -18.73065, -22.06546, -24.13009, -15.95791
-21.59180, -17.60728, -15.61312, -25.17040, -19.05038, -20.10360, -23.86933, -14.56351
-23.55664, -17.42984, -22.51955, -28.81233, -30.28660, -19.07854, -21.91475, -13.42389
-31.79756, -22.43420, -22.02927, -33.26170, -37.91358, -20.63603, -18.96519, -17.81602
-19.15832, -16.46130, -15.97331, -26.51011, -19.26478, -21.28298, -29.11400, -14.66319
-24.00477, -21.89328, -23.86388, -26.08247, -35.02162, -15.89155, -19.29135, -15.79640
-24.59848, -16.47394, -15.83931, -25.39886, -21.03715, -21.28037, -22.25463, -15.13078
-19.63074, -23.10344, -26.59607, -35.56118, -28.12618, -20.68377, -26.96888, -19.55490
-21.62088, -21.16767, -22.16564, -30.71765, -27.68340, -22.91421, -24.64873, -21.75170
-31.65039, -20.91744, -23.18973, -31.45999, -40.20534, -20.29804, -18.46937, -17.33390
-21.78114, -16.93139, -20.68353, -29.15293, -30.63437, -19.88423, -22.24610, -13.15764
-25.92430, -18.02086, -18.54626, -21.65617, -24.22849, -19.92036, -24.07641, -17.03857
-29.92683, -23.17962, -23.64440, -37.89470, -36.57790, -22.07932, -20.13772, -19.69660
-18.39028, -21.78631, -24.00633, -31.75395, -47.34632, -20.66797, -24.35866, -17.52702
-20.42786, -21.96728, -22.52992, -31.44752, -30.78905, -21.22368, -24.10227, -21.78375
-22.67952, -13.66299, -17.22810, -24.80163, -22.66333, -23.13431, -20.49837, -18.28920
-22.20148, -16.99954, -13.87662, -25.27622, -24.60420, -20.44839, -19.98414, -16.05185
-20.73686, -21.28282, -24.21498, -31.13634, -29.44242, -20.49429, -23.65163, -18.85302
-25.08730, -21.40042, -20.61474, -37.41690, -37.99070, -20.26919, -18.01134, -17.82855
-21.86191, -17.10745, -15.08451, -25.04767, -19.42155, -20.93545, -21.82017, -15.15893
-24.31900, -19.19147, -21.93717, -34.17919, -33.98819, -18.07998, -18.88004, -14.32398
-23.40087, -15.35332, -17.43552, -25.90275, -23.38183, -20.98088, -19.86418, -16.79218
-21.39897, -23.24882, -24.48975, -30.82841, -32.40801, -21.11010, -28.21750, -20.44976
-27.18582, -19.38603, -21.16316, -31.40193, -29.00455, -18.79804, -20.49769, -15.36321
-26.92685, -19.40164, -18.32517, -22.06785, -22.37639, -20.64233, -25.63920, -19.94299
-29.26782, -23.38296, -22.41851, -38.13064, -35.42774, -20.28740, -17.92370, -19.25877
-22.28738, -17.06439, -15.64860, -26.00648, -19.61836, -21.44853, -23.98191, -14.54586
-25.64905, -20.07763, -22.67864, -32.79573, -30.90051, -18.16026, -19.93962, -12.61255
-23.95038, -17.26950, -18.05041, -20.66649, -22.05663, -20.42332, -22.46494, -18.80319
-22.73276, -18.74735, -14.78570, -24.49463, -24.91881, -22.46329, -21.58585, -16.14549
-24.40442, -19.08644, -21.49481, -28.43252, -31.90195, -18.09142, -22.83444, -13.63568
-25.14079, -22.92504, -25.01228, -27.63889, -32.09478, -14.79257, -17.86988, -14.54490
-22.40077, -17.55462, -18.48692, -21.36922, -22.39478, -21.15892, -25.77271, -20.50938
-23.28085, -17.84160, -21.24276, -27.86366, -30.22568, -18.96194, -20.33687, -13.23110
-23.68230, -17.44528, -14.40606, -24.76707, -24.19182, -23.33847, -20.12614, -17.54321
-23.86480, -18.89299, -14.06900, -24.38005, -22.86952, -21.41943, -20.86750, -16.04288
-23.36587, -17.89081, -13.87713, -24.51252, -23.69772, -19.79257, -18.53646, -15.12923
-23.49332, -18.05642, -20.85700, -37.25020, -29.52740, -19.36395, -19.12128, -14.23749
-28.85860, -24.08412, -23.46471, -33.79807, -40.83368, -19.70217, -19.31635, -19.34645
-21.67106, -18.02992, -13.87711, -26.42591, -17.52660, -20.15755, -21.25523, -14.73057
-28.44915, -15.87726, -18.20208, -24.10088, -23.34341, -23.00986, -22.56398, -18.96869
-31.99492, -18.61156, -17.74288, -20.55106, -22.58591, -19.74825, -21.94459, -21.06230
-26.21923, -18.45906, -22.78197, -24.25880, -32.34650, -15.03325, -17.47761, -14.58120
-23.98670, -16.23394, -17.44381, -25.50804, -25.21496, -21.43983, -20.38700, -18.27078
-19.70544, -17.31325, -16.06737, -27.54554, -20.62112, -20.90478, -24.44819, -14.02911
-22.68323, -15.23048, -16.84923, -25.87568, -22.79004, -22.18024, -21.18265, -17.77838
-22.81797, -18.15468, -15.51169, -26.93704, -20.35864, -19.86943, -23.76959, -15.33061
-19.94183, -21.43584, -27.33888, -30.84492, -31.49675, -21.12592, -24.49975, -19.56384
-21.19056, -16.39780, -14.66270, -23.74571, -18.91993, -21.21566, -21.97568, -14.41500
-20.78403, -16.18055, -15.29880, -25.84557, -19.86185, -22.29341, -22.25072, -15.85852
-21.94696, -17.98160, -14.84743, -25.65336, -26.38448, -20.94027, -19.28915, -15.95882
-29.08203, -23.83980, -23.68434, -36.29771, -38.13231, -19.25513, -18.98324, -19.13296
-22.75915, -14.42654, -16.50241, -23.54494, -22.45905, -22.30103, -21.04613, -17.49775
-24.38748, -17.55558, -20.61165, -22.95093, -30.23587, -15.35538, -17.54288, -13.95791
-21.58670, -17.24294, -14.79055, -24.91915, -23.84611, -22.83230, -21.80150, -14.68976
-21.10814, -16.77894, -15.60545, -25.64026, -19.45284, -20.18825, -22.42950, -14.49852
-20.34430, -16.85164, -14.78084, -25.36966, -19.22228, -21.34388, -22.09789, -14.21653
-24.90506, -18.01363, -23.43240, -29.61189, -33.29048, -19.10944, -19.69813, -14.51147
-21.14424, -15.73052, -15.42958, -25.20467, -20.32335, -21.25591, -22.26905, -13.20595
-25.48600, -16.74152, -15.15946, -24.48729, -19.23132, -20.89851, -21.89445, -14.71845
-23.49734, -15.30845, -17.27315, -24.47663, -23.27362, -21.90572, -20.56774, -16.99022
-23.08771, -21.07652, -29.35930, -26.79467, -31.61552, -15.70681, -19.27765, -15.12489
-27.20931, -14.72109, -16.76074, -24.33174, -23.05584, -21.89181, -19.11327, -17.87576
-25.94825, -20.81027, -23.85242, -25.42809, -33.30152, -15.07902, -18.63448, -14.84843
-28.28074, -18.78013, -19.43388, -21.77901, -23.63949, -20.99882, -22.97636, -19.86522
-21.05046, -16.24958, -16.69593, -28.37592, -19.96612, -21.10063, -23.12263, -14.21075
-22.18689, -19.74494, -22.92370, -24.71490, -36.00759, -15.47068, -17.23177, -14.56666
-20.65453, -21.60256, -24.83211, -34.02351, -34.57915, -21.59933, -24.49076, -18.47194
-24.45612, -16.39297, -18.19460, -20.42992, -22.98648, -20.82502, -23.68252, -18.83150
-24.67367, -18.89632, -23.95400, -23.56175, -32.46658, -15.14354, -19.52530, -15.15063
-20.98250, -23.69156, -24.24534, -34.55669, -30.90411, -20.27098, -27.05867, -20.83519
-20.10922, -21.96870, -24.29790, -33.70636, -33.27689, -20.37537, -24.51579, -20.06752
-21.83797, -18.62839, -24.17914, -24.96954, -29.51446, -16.33220, -19.10630, -14.72252
-25.94083, -20.22143, -22.93630, -33.87538, -29.82173, -21.83500, -20.00768, -18.10594
-22.57219, -14.46512, -17.69735, -25.71375, -23.91015, -22.13508, -18.97411, -17.10711
-21.51474, -16.99464, -14.72303, -25.07744, -24.98641, -22.48826, -19.59349, -15.30589
-22.82377, -17.76804, -14.24456, -24.76436, -23.78807, -23.17999, -21.52982, -16.26853
-27.75533, -17.15511, -19.13531, -19.95795, -22.05636, -20.28022, -24.85451, -20.62361
-20.57035, -23.23437, -25.88432, -31.45187, -30.33668, -21.52070, -26.66188, -18.86766
-24.16315, -18.65607, -18.47856, -21.28144, -22.54310, -21.57728, -24.19948, -20.71415
-22.81417, -19.83942, -13.98397, -26.78047, -23.71467, -20.61923, -19.76399, -16.32773
-24.59940, -17.80959, -14.73307, -25.46994, -24.30738, -21.73657, -20.09505, -15.98471
-20.28619, -23.45513, -24.44598, -32.68929, -30.78852, -22.28690, -26.76553, -20.57866
-23.07590, -17.29244, -18.94544, -22.05714, -24.55188, -19.98189, -22.55470, -17.33720
-19.02727, -17.18617, -13.19976, -26.23178, -26.86236, -20.74588, -18.67521, -15.51507
-22.86589, -14.67188, -18.04676, -25.57554, -22.46923, -22.71359, -20.29770, -18.51166
-20.77257, -16.48162, -15.02027, -26.35570, -19.27792, -23.28273, -24.46910, -14.62417
-27.47544, -19.51527, -23.59505, -30.16652, -33.72671, -19.10824, -21.35982, -14.80731
-24.21461, -16.34838, -13.39162, -23.82959, -24.21930, -21.89005, -20.76268, -17.13309
-24.52975, -19.54760, -23.67219, -23.78884, -43.35868, -15.93788, -18.09698, -14.61132
-21.88308, -15.48621, -17.66286, -26.17238, -23.01599, -23.74594, -22.58269, -17.17871
-27.09951, -22.33051, -24.88352, -34.00936, -33.65344, -20.58579, -19.28601, -19.12591
-25.63139, -19.37928, -21.06241, -31.71275, -30.63201, -17.43918, -20.33462, -13.75442
-21.44654, -22.24212, -23.56185, -30.34520, -34.17138, -20.67477, -24.26715, -20.84601
-22.99597, -17.01864, -13.89862, -24.95536, -22.98889, -22.14478, -19.74656, -16.59376
-25.83479, -18.56799, -18.13849, -22.00596, -23.22372, -19.71925, -23.65151, -17.31984
-23.26907, -19.81973, -22.00547, -24.35552, -35.46256, -14.89633, -16.85496, -13.55419
-23.19581, -17.74485, -20.53592, -29.19317, -25.20721, -19.93670, -22.73832, -14.31584
-20.43607, -21.42039, -22.30675, -29.81154, -27.46104, -20.48053, -24.28991, -18.90069
-21.04601, -15.05865, -17.53543, -27.92893, -24.90452, -22.53268, -20.99598, -16.64007
-27.19983, -20.91027, -24.58284, -24.82127, -33.50075, -15.84162, -19.97751, -14.37978
-27.07151, -21.62658, -21.83216, -36.01841, -36.21168, -21.56768, -19.02273, -18.30938
-24.68150, -14.90388, -17.02722, -25.53615, -24.01128, -22.45926, -19.90668, -18.49877
-22.31632, -17.46915, -14.46117, -24.98298, -25.84819, -21.47497, -19.51047, -16.12317
-26.19706, -18.01947, -22.60147, -23.63858, -30.47245, -16.75600, -18.80773, -16.11979
-21.67831, -22.87540, -23.13546, -29.96749, -31.04188, -15.74553, -18.73371, -14.80073
-21.76339, -14.36304, -17.14460, -27.85792, -22.24522, -21.99409, -19.87838, -17.16194
-28.67120, -24.28913, -20.37483, -39.01597, -34.56471, -19.86300, -18.05536, -17.63995
-33.74631, -24.49077, -24.61336, -39.63395, -36.33006, -20.05417, -19.09447, -18.61825
-21.18115, -14.00540, -16.46685, -25.71388, -23.03041, -23.63342, -19.10993, -18.11371
-22.02805, -16.77008, -14.54720, -26.11099, -20.03846, -20.83934, -22.95387, -16.46233
-22.02117, -17.34836, -14.83817, -25.73991, -19.10045, -21.02556, -23.40794, -14.74256
-25.36404, -15.55585, -17.87392, -25.89560, -22.71399, -21.14728, -20.56785, -17.41362
-22.99252, -21.00356, -22.25251, -28.17542, -30.42097, -21.16614, -23.07524, -20.06280
-21.08797, -19.67606, -23.13907, -29.95373, -35.63339, -20.50887, -25.76480, -18.11509
-28.89654, -17.19267, -19.52729, -19.86532, -24.02676, -20.62399, -24.31345, -18.13238
-25.59627, -18.31603, -21.00363, -32.68212, -29.52817, -18.66660, -19.91777, -14.13959
-23.44680, -22.09376, -24.67393, -27.73380, -35.90067, -19.76627, -23.33730, -18.78269
-21.53174, -16.82699, -13.65516, -23.86827, -23.62897, -22.22590, -20.21226, -15.70879
-30.99882, -23.59312, -23.78375, -33.67714, -31.58411, -20.01851, -19.75022, -19.49532
-24.71447, -18.81882, -22.88179, -27.03944, -34.82003, -18.73595, -21.27448, -14.08292
-24.52580, -20.70728, -22.98947, -27.24211, -29.19746, -15.11708, -17.23804, -15.10264
-26.28402, -14.83841, -17.78065, -25.25986, -23.37079, -21.22057, -20.41470, -17.62552
-26.95527, -21.72467, -21.34784, -25.50184, -29.28696, -14.79505, -18.42256, -14.78914
-23.71146, -20.44780, -22.11698, -24.85426, -34.90248, -15.82346, -18.29564, -14.09841
-22.96992, -15.13683, -16.12210, -22.51916, -20.18745, -19.80962, -20.03819, -15.14803
-20.90884, -19.51088, -24.26144, -25.56361, -39.04091, -15.66875, -17.72582, -14.58228
-27.63264, -24.42904, -23.29938, -36.22140, -32.12373, -18.95356, -19.13421, -18.69736
-23.48587, -19.68985, -24.85932, -32.54297, -30.93232, -17.93902, -20.88018, -15.06424
-21.58979, -17.81778, -15.79975, -26.34379, -19.00084, -20.27471, -24.67644, -15.66012
-25.22908, -18.40932, -18.04402, -22.75534, -23.16309, -21.15951, -23.06774, -18.62636
-25.19461, -19.78695, -24.94542, -26.09276, -33.48062, -15.28563, -17.31547, -14.82097
-22.94069, -18.56588, -16.25538, -25.85019, -19.89952, -21.55374, -22.65125, -15.86334
-24.84442, -20.86212, -25.86064, -24.57384, -31.73333, -14.86351, -19.38341, -14.97999
-22.96414, -13.19279, -17.30088, -23.84338, -23.41776, -21.54084, -19.03659, -17.38008
-25.53957, -14.31423, -18.15002, -22.78058, -25.93789, -20.03120, -18.37811, -18.33924
-24.24882, -18.44428, -24.41926, -33.24090, -29.83764, -19.38747, -20.73331, -13.43416
-22.57138, -17.49633, -16.78766, -24.45900, -20.44966, -20.49525, -22.69954, -16.27055
-21.17308, -14.87333, -17.66864, -26.20797, -22.23516, -22.89080, -20.76055, -18.32147
-26.92987, -21.43003, -22.89689, -24.51478, -34.76543, -14.87980, -17.75098, -14.37419
-21.10141, -17.70145, -16.02332, -26.07049, -20.20404, -19.96786, -25.22399, -14.74966
-21.62526, -22.32160, -21.61895, -30.32374, -28.45663, -21.32375, -24.24008, -21.84647
-21.30604, -22.35171, -21.00433, -28.28873, -27.82681, -21.42607, -23.48493, -19.46159
-24.54413, -18.78223, -17.47110, -21.85362, -21.79009, -20.80068, -24.51262, -16.78909
-20.06995, -22.96012, -23.46618, -35.69351, -31.46947, -22.78654, -27.03547, -20.08482
-22.97404, -20.49488, -22.74225, -26.95064, -35.01729, -15.45474, -18.52421, -13.90869
-22.08204, -16.62260, -15.03424, -24.54072, -19.31948, -21.99798, -23.32877, -16.02337
-20.59086, -17.11003, -15.01294, -25.41462, -18.02428, -21.74773, -24.64082, -14.58654
-24.07960, -19.16261, -21.68988, -31.45791, -35.50104, -18.01460, -21.31213, -13.35801
-23.33047, -19.31875, -21.89102, -25.56027, -34.72738, -15.59320, -17.87053, -14.11597
-25.95701, -19.17051, -22.15372, -29.92681, -30.83869, -19.54524, -21.73909, -15.40569
-25.18568, -25.66791, -22.04396, -40.91881, -37.31131, -19.55745, -18.72785, -18.19002
-24.33935, -18.84687, -19.28634, -21.89094, -23.73624, -20.01745, -24.15589, -18.32797
-21.87307, -15.38918, -17.82442, -27.07819, -22.87216, -21.37192, -21.83043, -16.98403
-22.45473, -17.95590, -15.77761, -26.93246, -19.96531, -20.97243, -22.50051, -15.90470
-24.71389, -19.59975, -27.41974, -23.58287, -38.60486, -15.24967, -18.86856, -14.48351
-23.97575, -20.07733, -23.84997, -27.05474, -31.71409, -15.83015, -18.48358, -15.30594
-24.70757, -14.42431, -17.48680, -23.79723, -24.36494, -22.43218, -19.99795, -18.27851
-21.04733, -17.10653, -14.85834, -25.29174, -19.46195, -22.34556, -24.48241, -14.31111
-25.31485, -17.89157, -20.57237, -28.12599, -31.78761, -18.51097, -19.55038, -13.22558
-25.80800, -17.71968, -13.37899, -23.92991, -24.63736, -21.47003, -19.74606, -17.18335
-26.73328, -16.90107, -17.85992, -20.49680, -22.47569, -20.39986, -21.75862, -18.59014
-26.95153, -18.89275, -19.85980, -21.91174, -24.14470, -19.78158, -22.59518, -20.06205
-22.28096, -16.01226, -18.31667, -27.14309, -24.15132, -21.06006, -19.55469, -18.98242
-28.88045, -17.91108, -17.98891, -20.59475, -22.12074, -20.76984, -24.41418, -19.47437
-23.07369, -18.48785, -23.97466, -23.71806, -31.40205, -15.96771, -17.95306, -13.75166
-22.93619, -18.59925, -14.30471, -25.26935, -24.93423, -20.92162, -21.60101, -14.97376
-22.30123, -17.06782, -15.30863, -24.46627, -24.64616, -21.88325, -22.25623, -16.05588
-21.90667, -16.84781, -15.98363, -24.81676, -18.31123, -21.86903, -24.87625, -14.94999
-23.66820, -17.04272, -13.54526, -23.83320, -23.08784, -21.16814, -19.04576, -16.58999
-26.07248, -16.52268, -17.81691, -19.82644, -21.71352, -20.91149, -24.85647, -19.47800
-28.00832, -25.51754, -23.97940, -38.19457, -34.57141, -18.51327, -18.43999, -18.62769
-20.72188, -18.21266, -14.45287, -26.12437, -25.32187, -22.93654, -18.77132, -16.08183
-25.54250, -16.20847, -18.24451, -20.73204, -23.59092, -20.45797, -23.35514, -18.15030
-23.68971, -14.88480, -18.25935, -25.58721, -24.61242, -22.50262, -19.98833, -19.23157
-21.79821, -14.71919, -16.93890, -25.47558, -22.93131, -23.55527, -21.23470, -16.64795
-27.01003, -19.18542, -17.72969, -22.57091, -22.80262, -21.99083, -24.73895, -18.92254
-19.69233, -17.62678, -14.44545, -25.13547, -25.62856, -21.74391, -20.50070, -15.50442
-22.10199, -14.93074, -18.08630, -26.04304, -24.77477, -22.16816, -20.08734, -18.09005
-21.79952, -17.11500, -15.97664, -26.03902, -20.22512, -21.31830, -21.69412, -14.35247
-31.30886, -17.59735, -18.85068, -19.81920, -23.07200, -21.25919, -26.45068, -20.28408
-22.44763, -13.98676, -17.47523, -25.32112, -23.75289, -21.23566, -20.92187, -16.96061
-26.18309, -18.09330, -17.58840, -21.86763, -21.12702, -20.76180, -24.18880, -17.47445
-21.36748, -18.03881, -14.81501, -28.18888, -20.27789, -19.78452, -21.99601, -15.35030
-24.41480, -17.29333, -23.49763, -23.37439, -32.71597, -16.15525, -18.70138, -14.02830
-25.11409, -17.75937, -13.87839, -25.16905, -23.94192, -22.80007, -20.90161, -16.38174
-21.29304, -17.01999, -13.57618, -25.61053, -24.28235, -23.56802, -19.68561, -15.99988
-21.22992, -21.55293, -22.78515, -28.44604, -27.89994, -20.45981, -25.16819, -19.83178
-19.87045, -22.38074, -27.70362, -29.79689, -31.82576, -21.10264, -25.56334, -20.04442
-20.96955, -20.92581, -25.55118, -29.16831, -29.80868, -20.19942, -24.46057, -18.30497
-26.06500, -20.27531, -23.82519, -23.85310, -36.31460, -14.75815, -18.50557, -13.71321
-25.17544, -17.01643, -21.08707, -25.31953, -35.65294, -18.49636, -21.78462, -13.24297
-22.29636, -19.83447, -24.84456, -26.31227, -31.85120, -15.88854, -18.87826, -14.34412
-23.44517, -13.74052, -17.22678, -23.08953, -25.00902, -22.82490, -20.94449, -15.75635
-24.78873, -18.18550, -21.40669, -29.91193, -30.55735, -18.63400, -21.49171, -14.22400
-23.95547, -17.40202, -13.55070, -24.27142, -24.05361, -21.24878, -19.85442, -16.16728
-24.99421, -21.14235, -26.98816, -25.27013, -35.97729, -14.52342, -19.32489, -14.54627
-22.34330, -18.80616, -15.45855, -26.63108, -20.95708, -19.24746, -23.81048, -14.39572
-22.27020, -14.89693, -19.12621, -26.29929, -24.91313, -22.21606, -21.94627, -18.58950
-28.10414, -20.71177, -21.01135, -31.49987, -30.72772, -18.16125, -18.52715, -15.00306
-22.42564, -18.21361, -15.09999, -27.80469, -19.03468, -20.88510, -22.38921, -16.14641
-18.10377, -20.90155, -23.81695, -32.41962, -28.64163, -22.27421, -25.12177, -18.85803
-22.44420, -17.03977, -14.59854, -25.41987, -25.25951, -23.18309, -21.80504, -15.16698
-23.04583, -22.07222, -22.12243, -28.05840, -30.83136, -20.13766, -24.63865, -18.89942
-25.20603, -20.81862, -21.78700, -24.94972, -29.41777, -15.37232, -18.17186, -15.14827
-25.89128, -20.17085, -23.12442, -24.06286, -38.70350, -14.58240, -16.96157, -14.21779
-22.76898, -16.36915, -14.38148, -24.86255, -19.50526, -20.38304, -21.99384, -15.17520
-28.78042, -23.78843, -20.63745, -37.54870, -33.47180, -19.91986, -19.06627, -17.45691
-27.26063, -18.46872, -22.13244, -27.86615, -34.88236, -18.00551, -20.10806, -14.57323
-22.86806, -16.58526, -14.25524, -24.79564, -25.18443, -21.41145, -19.19796, -16.24638
-22.22641, -16.56073, -14.90460, -25.15515, -23.65620, -23.70464, -21.02991, -16.68104
-24.99300, -17.25282, -18.62949, -20.67186, -22.20350, -21.56322, -24.13025, -19.26446
-23.68765, -18.11527, -22.80222, -23.99353, -32.13016, -16.20943, -18.29533, -13.81293
-19.58796, -23.57794, -21.22680, -31.54938, -29.02361, -20.57220, -25.15044, -20.78309
-22.91380, -17.35575, -15.04382, -25.18016, -20.15805, -20.23586, -23.77810, -14.47722
-21.34349, -17.77883, -14.51936, -25.28974, -23.27828, -22.38453, -20.00585, -14.93560
-20.91946, -17.35486, -14.19132, -25.99893, -25.67545, -21.78951, -18.51474, -15.57568
-20.91082, -24.19335, -24.83882, -35.03623, -31.76333, -19.71116, -26.83928, -20.09229
-21.82576, -23.19092, -22.78601, -32.89444, -30.28473, -20.76266, -24.60120, -18.53648
-24.92186, -17.69960, -19.53756, -20.87922, -23.43523, -19.76189, -23.57445, -19.34496
-30.20212, -22.89942, -19.71006, -31.55042, -38.33034, -20.22214, -18.35659, -17.73017
-21.43144, -16.97520, -15.00017, -26.09613, -19.20083, -21.94805, -21.68056, -14.56155
-24.85675, -18.10039, -18.05209, -20.92883, -23.82649, -19.45687, -24.87002, -18.58187
