Theta=[
2.007620918
2.651770241
3.552966955
0.176555742
3.263402509
1.416628094
0.359575491
2.616509092
1.534031205
2.784954448
2.485989910
3.172273171
1.497740917
1.414668791
6.264588836
0.829558192
0.296072525
2.429113888
1.262738618
1.540367824
1.216174486
1.520074969
1.286155337
0.357302457
2.990427203
0.876979100
5.678768810
0.360202781
3.276575110
1.709620314
2.515930238
0.232953363
1.348006624
1.310476239
1.895949436
0.449061517
4.161854896
1.121512147
1.416115401
4.052479233
2.742035096
0.072505688
0.616387615
1.786439312
3.722872632
3.065594589
0.322902043
0.578249821
2.243824730
1.322683004
1.090052111
5.961413812
0.937488785
2.560419829
2.269863232
2.386181606
2.624807092
1.769392128
1.188072288
0.392560247
2.276244845
6.004296860
2.873029103
3.166697613
1.542778534
1.804026426
1.921687358
0.928492472
2.408416055
1.529791351
2.346210245
1.634490104
1.200090317
1.655115754
1.244346483
0.597501884
2.572323450
2.127826051
0.986073940
2.431143421
2.598689457
2.545409584
0.621241285
0.553923285
3.222027663
2.045306465
2.809143815
1.095079857
0.802020604
2.704210271
6.065716059
2.027558882
2.905704407
1.091961032
0.596084344
0.096851098
2.063155180
0.859179598
1.614117975
1.335584339
2.456601269
6.150065246
1.504261870
2.638281603
1.947171437
1.020562630
2.038859390
2.669407951
0.581339537
0.584999276
2.304284877
6.204012755
1.341648938
1.511439163
6.107983480
0.088811180
0.786085592
2.814141214
0.984618017
2.814812460
2.431686841
2.963515225
1.770391672
0.696515001
3.553838794
4.837028321
1.306545563
0.408508108
1.798885170
6.040273785
0.316708700
0.185489348
3.782922658
1.420029738
1.991146924
1.538999357
2.406995799
1.248113305
1.355851018
3.004552144
0.419512841
2.151355833
1.906627795
0.724722927
2.302789718
2.834140402
1.000966523
1.769849137
2.247876243
2.347040621
2.166715827
0.123512225
2.301975804
3.090138948
2.807326291
0.049983221
2.107118895
0.967426729
1.145163147
1.177117332
1.876323663
1.981700282];

Phi=[
3.668662215
0.734721865
3.663220849
1.378635649
1.230414699
1.564519079
4.542614523
5.397663397
0.562890027
1.259185831
3.120637188
2.093925417
5.363324654
5.319011302
2.311120947
1.932146050
5.882668959
4.514802549
3.524494627
4.085441008
0.488121888
2.162478618
2.378299682
5.163259979
1.044953283
5.038813155
2.373173763
0.194896981
0.197036530
0.265363993
2.857027759
4.730190700
0.405583241
4.931524124
0.707213723
6.086969118
1.627433205
4.514414960
3.466147991
5.700588434
2.219227083
1.901488319
1.667378297
3.286926023
3.964580115
1.367970431
2.891304646
2.429971399
2.413944285
3.498345510
5.885562953
4.021220669
4.434859064
2.908544393
3.256522654
3.217083102
0.987136339
0.391850510
5.015553352
1.276519927
0.796432076
0.356530478
5.176693625
1.004730111
5.870249300
2.593228662
2.585617735
0.836204785
0.152162559
0.511766697
5.942778127
5.379651212
2.262297350
5.902874956
5.804907111
3.123950742
0.914856492
5.473628035
3.811940261
0.484997656
5.417692200
1.912035991
0.929103542
6.239359409
3.389319751
2.968547831
5.118547927
2.277053004
1.732390605
4.159707501
4.956702619
4.489946854
4.789318768
3.736826228
1.644161885
5.496406419
2.990430454
0.256917146
2.750737415
6.227923335
3.540838412
3.368453930
5.753352248
6.087800548
5.205563990
2.753269583
2.815572660
2.527438349
5.568706542
3.147571962
3.743811719
1.344681409
5.195406724
3.176344744
1.282780177
0.717843747
0.018578576
0.614524695
4.693765672
0.259418271
0.658392787
6.269411298
2.882556099
5.511925929
2.245082271
6.125787222
2.537847328
4.812287290
3.387961442
3.678864938
0.113674034
2.347974484
3.353559875
1.022739225
2.141655702
5.540821346
5.723499373
1.030826368
1.780618942
0.162959373
2.717489488
5.825505354
2.040569695
3.482031230
0.910791372
5.258249998
4.556511675
5.145930734
2.381458593
1.144120667
5.712639402
0.826457657
5.087560067
4.942243572
4.777225348
4.387905735
0.079881982
5.874369740
4.672787167
1.473019785
4.670782177
0.392459450];